#!ascii label  , from subject fsaverage vox2ras=TkReg
666
58  -34.464  35.725  12.220 0.0000000000
266  -44.462  34.844  5.623 0.0000000000
525  -42.822  26.629  12.559 0.0000000000
1155  -38.151  32.452  17.720 0.0000000000
1156  -39.141  28.069  17.384 0.0000000000
1157  -36.470  30.627  12.870 0.0000000000
1158  -49.395  32.541  1.269 0.0000000000
1159  -50.090  31.834  6.698 0.0000000000
2217  -39.575  25.502  19.857 0.0000000000
2218  -44.082  24.260  17.490 0.0000000000
2220  -42.786  31.870  9.507 0.0000000000
2221  -49.325  27.773  9.536 0.0000000000
3075  -35.491  33.531  15.374 0.0000000000
3076  -36.009  31.154  15.534 0.0000000000
3077  -34.636  32.701  12.580 0.0000000000
4908  -39.990  26.765  14.681 0.0000000000
4909  -41.018  25.645  16.754 0.0000000000
4910  -43.430  25.025  14.837 0.0000000000
4912  -46.419  25.164  13.036 0.0000000000
4914  -39.788  33.066  8.671 0.0000000000
4915  -43.672  33.514  7.827 0.0000000000
4916  -52.009  29.648  6.489 0.0000000000
4917  -49.651  30.592  8.655 0.0000000000
4918  -51.747  27.778  7.951 0.0000000000
6688  -40.549  29.616  19.288 0.0000000000
6689  -38.758  30.545  17.774 0.0000000000
6690  -37.675  29.207  15.285 0.0000000000
6691  -39.430  28.725  12.886 0.0000000000
6692  -46.821  33.364  3.366 0.0000000000
6693  -47.226  33.259  6.674 0.0000000000
6694  -49.915  31.982  4.127 0.0000000000
7642  -35.068  35.158  9.376 0.0000000000
9216  -39.743  26.988  18.880 0.0000000000
9217  -41.554  24.395  18.512 0.0000000000
9222  -36.515  32.722  10.213 0.0000000000
9223  -39.150  31.236  10.799 0.0000000000
9224  -42.647  29.310  11.155 0.0000000000
9225  -46.672  32.306  8.505 0.0000000000
9226  -46.219  30.061  10.031 0.0000000000
9227  -46.246  27.154  10.997 0.0000000000
9228  -49.202  25.701  11.707 0.0000000000
10755  -34.694  34.497  13.864 0.0000000000
10756  -34.723  33.005  14.026 0.0000000000
10757  -34.291  34.087  12.376 0.0000000000
12588  -41.312  26.610  13.557 0.0000000000
12589  -41.600  25.804  14.599 0.0000000000
12590  -43.096  25.716  13.583 0.0000000000
12591  -44.871  25.001  13.944 0.0000000000
12592  -44.656  25.811  12.722 0.0000000000
12595  -44.117  34.308  6.849 0.0000000000
12597  -51.778  28.928  7.277 0.0000000000
14985  -39.634  32.036  18.555 0.0000000000
14986  -39.882  31.138  18.575 0.0000000000
14987  -38.404  31.467  17.780 0.0000000000
14988  -35.911  30.682  14.124 0.0000000000
14989  -36.669  30.202  15.493 0.0000000000
14990  -36.963  29.859  14.100 0.0000000000
14991  -38.297  28.805  13.947 0.0000000000
14992  -37.926  29.816  12.927 0.0000000000
14993  -48.215  32.925  2.276 0.0000000000
14994  -48.343  32.680  3.883 0.0000000000
14995  -49.675  32.087  2.746 0.0000000000
20478  -39.267  26.308  20.768 0.0000000000
20482  -40.274  24.046  19.625 0.0000000000
20483  -39.697  28.956  18.491 0.0000000000
20484  -39.944  28.459  19.246 0.0000000000
20485  -39.686  27.563  18.320 0.0000000000
20486  -42.571  24.888  17.004 0.0000000000
20487  -41.480  25.169  17.756 0.0000000000
20488  -42.814  24.224  18.033 0.0000000000
20489  -42.680  23.464  18.793 0.0000000000
20498  -36.332  34.981  8.359 0.0000000000
20499  -35.539  33.846  9.875 0.0000000000
20500  -36.948  33.781  8.956 0.0000000000
20501  -41.220  32.498  9.060 0.0000000000
20502  -39.341  32.230  9.670 0.0000000000
20503  -40.931  31.631  10.076 0.0000000000
20504  -40.884  30.336  11.099 0.0000000000
20505  -42.649  30.660  10.487 0.0000000000
20506  -48.684  32.524  6.673 0.0000000000
20507  -47.035  32.858  7.816 0.0000000000
20508  -48.479  32.209  7.801 0.0000000000
20509  -49.456  29.235  9.061 0.0000000000
20510  -47.957  30.425  9.443 0.0000000000
20511  -47.843  28.964  9.735 0.0000000000
20512  -46.181  28.598  10.319 0.0000000000
20513  -47.783  27.493  10.242 0.0000000000
20514  -47.738  26.346  11.085 0.0000000000
20515  -49.157  26.567  10.365 0.0000000000
23967  -36.667  32.813  16.665 0.0000000000
23968  -36.889  31.790  16.797 0.0000000000
23969  -35.608  32.259  15.471 0.0000000000
23970  -35.148  31.717  14.080 0.0000000000
23971  -35.460  31.484  12.713 0.0000000000
23973  -50.562  31.580  1.655 0.0000000000
27265  -39.558  27.090  20.285 0.0000000000
27266  -39.255  27.206  15.958 0.0000000000
27267  -39.793  26.653  16.933 0.0000000000
27268  -40.470  26.064  15.672 0.0000000000
27269  -42.099  25.264  15.767 0.0000000000
27270  -43.736  24.708  16.194 0.0000000000
27272  -45.129  24.572  15.365 0.0000000000
27273  -46.671  24.563  14.604 0.0000000000
27274  -48.188  24.792  13.936 0.0000000000
27278  -41.716  33.325  8.234 0.0000000000
27279  -43.208  32.810  8.614 0.0000000000
27280  -51.156  30.880  6.684 0.0000000000
27281  -49.830  31.397  7.773 0.0000000000
27282  -50.908  30.274  7.620 0.0000000000
27283  -50.738  29.185  8.249 0.0000000000
27284  -50.598  27.843  8.730 0.0000000000
27285  -50.589  26.660  9.538 0.0000000000
27286  -51.750  26.663  8.672 0.0000000000
30965  -40.972  30.629  19.344 0.0000000000
30966  -39.928  30.123  18.527 0.0000000000
30967  -38.947  29.392  17.597 0.0000000000
30968  -37.297  30.816  16.792 0.0000000000
30969  -37.806  29.850  16.699 0.0000000000
30970  -38.413  28.548  16.386 0.0000000000
30971  -38.737  27.889  15.007 0.0000000000
30972  -39.659  27.695  13.780 0.0000000000
30973  -41.038  27.704  12.688 0.0000000000
30974  -45.584  34.136  4.588 0.0000000000
30975  -45.729  34.001  6.233 0.0000000000
30976  -47.012  33.280  5.026 0.0000000000
30977  -48.581  32.644  5.352 0.0000000000
30978  -50.146  32.010  5.379 0.0000000000
30979  -50.861  31.322  3.018 0.0000000000
30980  -51.121  31.261  4.334 0.0000000000
30981  -51.232  31.207  5.590 0.0000000000
30982  -52.024  30.207  5.663 0.0000000000
33357  -34.599  36.865  10.526 0.0000000000
33358  -34.416  35.455  10.670 0.0000000000
33377  -45.513  34.485  2.994 0.0000000000
33379  -48.254  33.727  0.877 0.0000000000
35043  -36.548  33.842  16.545 0.0000000000
35044  -35.531  34.736  15.274 0.0000000000
35045  -34.964  35.800  13.685 0.0000000000
35072  -34.786  37.055  11.946 0.0000000000
37891  -39.707  27.821  19.810 0.0000000000
37892  -39.680  26.236  19.329 0.0000000000
37893  -40.249  26.219  17.885 0.0000000000
37894  -40.434  25.539  18.483 0.0000000000
37895  -40.412  24.810  19.081 0.0000000000
37896  -41.424  23.646  19.181 0.0000000000
37908  -34.570  33.963  10.985 0.0000000000
37909  -35.291  32.634  11.309 0.0000000000
37910  -36.322  31.637  11.553 0.0000000000
37911  -37.948  32.905  9.393 0.0000000000
37912  -37.638  31.918  10.530 0.0000000000
37913  -37.654  30.847  11.771 0.0000000000
37914  -39.272  30.063  11.871 0.0000000000
37915  -40.970  28.956  11.880 0.0000000000
37916  -42.738  27.870  11.796 0.0000000000
37917  -45.599  33.573  7.504 0.0000000000
37918  -45.213  32.973  8.266 0.0000000000
37919  -44.652  32.146  9.023 0.0000000000
37920  -48.158  31.521  8.704 0.0000000000
37921  -46.386  31.433  9.445 0.0000000000
37922  -44.531  31.028  9.956 0.0000000000
37923  -44.420  29.703  10.511 0.0000000000
37924  -44.420  28.202  11.056 0.0000000000
37925  -44.572  26.841  11.768 0.0000000000
37926  -46.285  26.055  11.849 0.0000000000
37927  -47.920  25.413  12.357 0.0000000000
37928  -49.463  25.048  13.198 0.0000000000
37929  -50.539  25.827  10.835 0.0000000000
37930  -50.672  25.198  12.359 0.0000000000
41475  -34.510  35.079  13.048 0.0000000000
41476  -34.417  34.295  13.121 0.0000000000
41477  -34.325  34.898  12.300 0.0000000000
43308  -42.051  26.592  13.057 0.0000000000
43309  -42.189  26.136  13.538 0.0000000000
43310  -42.921  26.141  13.058 0.0000000000
43311  -43.845  25.761  13.125 0.0000000000
43312  -43.738  26.198  12.598 0.0000000000
43314  -43.468  34.690  6.494 0.0000000000
43315  -44.385  34.625  6.316 0.0000000000
45705  -38.888  32.233  18.139 0.0000000000
45706  -39.007  31.767  18.182 0.0000000000
45707  -38.245  31.953  17.756 0.0000000000
45708  -36.136  30.590  13.473 0.0000000000
45709  -36.391  30.256  14.122 0.0000000000
45710  -36.669  30.202  13.465 0.0000000000
45711  -37.353  29.817  13.469 0.0000000000
45712  -37.148  30.241  12.902 0.0000000000
45713  -48.847  32.762  1.776 0.0000000000
45714  -48.976  32.509  2.564 0.0000000000
45715  -49.523  32.299  2.023 0.0000000000
51198  -39.353  25.911  20.317 0.0000000000
51202  -39.850  24.758  19.680 0.0000000000
51203  -39.384  28.545  17.982 0.0000000000
51204  -39.703  28.334  18.464 0.0000000000
51205  -39.475  27.841  17.860 0.0000000000
51206  -43.323  24.570  17.229 0.0000000000
51207  -42.734  24.611  17.571 0.0000000000
51208  -43.448  24.248  17.759 0.0000000000
51209  -43.436  23.841  18.192 0.0000000000
51219  -36.581  34.361  8.686 0.0000000000
51221  -42.006  32.226  9.271 0.0000000000
51222  -41.020  32.091  9.556 0.0000000000
51223  -41.835  31.730  9.763 0.0000000000
51224  -41.762  31.154  10.314 0.0000000000
51225  -42.690  31.312  10.021 0.0000000000
51226  -49.410  32.225  6.708 0.0000000000
51227  -48.642  32.386  7.266 0.0000000000
51228  -49.316  32.063  7.284 0.0000000000
51229  -49.359  28.483  9.267 0.0000000000
51230  -48.657  29.098  9.414 0.0000000000
51231  -48.585  28.356  9.611 0.0000000000
51232  -47.798  28.239  9.920 0.0000000000
51233  -48.558  27.637  9.896 0.0000000000
51234  -48.473  27.003  10.331 0.0000000000
51235  -49.222  27.113  9.917 0.0000000000
55305  -36.035  33.148  16.046 0.0000000000
55306  -36.105  32.556  16.097 0.0000000000
55307  -35.519  32.898  15.431 0.0000000000
55308  -34.585  32.808  13.290 0.0000000000
55309  -34.882  32.335  14.061 0.0000000000
55310  -34.868  32.161  13.337 0.0000000000
55311  -35.223  31.577  13.387 0.0000000000
55312  -35.006  32.057  12.670 0.0000000000
60801  -39.725  27.403  20.802 0.0000000000
60802  -39.855  27.775  20.559 0.0000000000
60803  -39.582  26.924  15.293 0.0000000000
60804  -39.818  26.572  15.763 0.0000000000
60805  -40.237  26.374  15.158 0.0000000000
60806  -42.515  25.382  14.674 0.0000000000
60807  -41.838  25.492  15.175 0.0000000000
60808  -42.738  25.118  15.281 0.0000000000
60809  -42.933  24.957  15.933 0.0000000000
60810  -43.595  24.847  15.509 0.0000000000
60811  -44.420  24.630  15.788 0.0000000000
60812  -44.306  24.754  15.067 0.0000000000
60813  -45.632  25.076  13.481 0.0000000000
60814  -45.792  24.753  14.193 0.0000000000
60815  -46.546  24.852  13.783 0.0000000000
60816  -47.447  24.675  14.210 0.0000000000
60817  -47.317  24.955  13.420 0.0000000000
60821  -42.954  33.819  7.570 0.0000000000
60822  -42.020  33.737  7.765 0.0000000000
60823  -42.639  33.441  7.986 0.0000000000
60824  -42.452  33.071  8.437 0.0000000000
60825  -43.413  33.167  8.239 0.0000000000
60826  -51.623  30.272  6.611 0.0000000000
60827  -51.082  30.591  7.175 0.0000000000
60828  -51.532  29.985  7.059 0.0000000000
60829  -51.750  28.346  7.626 0.0000000000
60830  -51.330  29.043  7.781 0.0000000000
60831  -51.264  28.476  8.079 0.0000000000
60832  -50.645  28.578  8.501 0.0000000000
60833  -51.221  27.894  8.359 0.0000000000
60834  -51.199  27.255  8.658 0.0000000000
60835  -51.758  27.217  8.250 0.0000000000
67997  -40.982  31.109  19.380 0.0000000000
67998  -39.327  30.856  18.193 0.0000000000
67999  -39.959  30.660  18.567 0.0000000000
68000  -39.409  30.354  18.201 0.0000000000
68001  -39.398  29.786  18.089 0.0000000000
68002  -38.868  30.010  17.719 0.0000000000
68003  -36.389  31.469  16.194 0.0000000000
68004  -37.082  31.271  16.821 0.0000000000
68005  -36.620  30.955  16.206 0.0000000000
68006  -37.158  29.736  15.418 0.0000000000
68007  -37.205  30.025  16.141 0.0000000000
68008  -37.657  29.535  16.020 0.0000000000
68009  -38.136  29.235  16.563 0.0000000000
68010  -38.046  28.850  15.846 0.0000000000
68011  -38.507  28.170  15.684 0.0000000000
68012  -38.187  28.522  15.140 0.0000000000
68013  -38.810  28.711  13.389 0.0000000000
68014  -38.958  28.199  13.880 0.0000000000
68015  -39.547  28.170  13.318 0.0000000000
68016  -40.338  27.657  13.197 0.0000000000
68017  -40.246  28.205  12.803 0.0000000000
68018  -46.194  33.693  3.975 0.0000000000
68019  -46.267  33.688  4.822 0.0000000000
68020  -46.832  33.280  4.216 0.0000000000
68021  -49.173  32.312  4.044 0.0000000000
68022  -48.473  32.639  4.622 0.0000000000
68023  -49.277  32.319  4.708 0.0000000000
68024  -49.366  32.358  5.324 0.0000000000
68025  -50.026  32.015  4.772 0.0000000000
68026  -50.947  31.119  1.816 0.0000000000
68027  -50.696  31.424  2.356 0.0000000000
68028  -51.111  30.978  2.475 0.0000000000
68030  -51.424  30.779  3.829 0.0000000000
68031  -51.539  30.832  4.413 0.0000000000
68032  -51.240  31.260  4.946 0.0000000000
68033  -51.612  30.819  5.041 0.0000000000
68034  -51.643  30.702  5.642 0.0000000000
68035  -51.957  30.340  5.105 0.0000000000
73395  -34.912  37.439  9.750 0.0000000000
73396  -34.699  36.721  9.795 0.0000000000
73446  -47.577  33.840  1.358 0.0000000000
77441  -36.008  34.858  15.842 0.0000000000
77442  -35.600  35.365  15.118 0.0000000000
77443  -35.173  35.246  14.498 0.0000000000
77444  -35.336  35.905  14.357 0.0000000000
77511  -35.038  37.123  12.649 0.0000000000
77512  -35.045  37.699  11.833 0.0000000000
77513  -34.860  37.620  11.137 0.0000000000
84491  -39.724  27.723  19.087 0.0000000000
84492  -39.867  28.117  19.530 0.0000000000
84493  -39.671  27.376  19.321 0.0000000000
84494  -39.606  27.028  19.558 0.0000000000
84495  -39.725  26.612  19.077 0.0000000000
84496  -40.324  26.095  16.755 0.0000000000
84497  -40.044  26.419  17.394 0.0000000000
84498  -40.602  25.887  17.280 0.0000000000
84499  -41.553  24.771  18.140 0.0000000000
84500  -40.957  25.297  18.073 0.0000000000
84501  -40.981  24.943  18.446 0.0000000000
84502  -40.451  25.196  18.761 0.0000000000
84503  -40.930  24.558  18.776 0.0000000000
84504  -40.880  24.203  19.086 0.0000000000
84505  -41.483  24.044  18.817 0.0000000000
84533  -34.659  35.298  9.986 0.0000000000
84534  -34.416  34.700  10.812 0.0000000000
84535  -34.705  34.581  10.211 0.0000000000
84536  -35.963  33.211  10.070 0.0000000000
84537  -35.337  33.262  10.578 0.0000000000
84538  -35.859  32.685  10.718 0.0000000000
84539  -35.814  32.088  11.409 0.0000000000
84540  -36.405  32.193  10.868 0.0000000000
84541  -39.139  33.418  8.513 0.0000000000
84542  -38.232  33.384  8.817 0.0000000000
84543  -38.837  32.964  9.012 0.0000000000
84544  -39.183  31.762  10.210 0.0000000000
84545  -38.435  32.088  10.077 0.0000000000
84546  -38.327  31.576  10.648 0.0000000000
84547  -37.577  31.378  11.168 0.0000000000
84548  -38.351  31.008  11.263 0.0000000000
84549  -38.442  30.493  11.835 0.0000000000
84550  -39.216  30.685  11.364 0.0000000000
84551  -41.734  29.849  11.131 0.0000000000
84552  -40.924  29.641  11.499 0.0000000000
84553  -41.792  29.128  11.485 0.0000000000
84554  -41.846  28.460  11.846 0.0000000000
84555  -42.693  28.564  11.461 0.0000000000
84556  -46.454  33.620  6.489 0.0000000000
84557  -45.667  33.813  6.958 0.0000000000
84558  -46.470  33.463  7.176 0.0000000000
84559  -46.896  32.610  8.130 0.0000000000
84560  -46.171  32.938  8.064 0.0000000000
84561  -45.964  32.638  8.410 0.0000000000
84562  -44.935  32.626  8.610 0.0000000000
84563  -45.686  32.287  8.794 0.0000000000
84564  -49.726  31.083  8.278 0.0000000000
84565  -49.040  31.519  8.278 0.0000000000
84566  -48.917  31.098  8.739 0.0000000000
84567  -47.090  30.250  9.785 0.0000000000
84568  -47.169  30.955  9.521 0.0000000000
84569  -46.306  30.792  9.822 0.0000000000
84570  -45.439  31.232  9.721 0.0000000000
84571  -45.375  30.582  10.070 0.0000000000
84572  -44.455  30.389  10.252 0.0000000000
84573  -45.291  29.891  10.284 0.0000000000
84574  -46.224  27.866  10.614 0.0000000000
84575  -45.292  28.380  10.704 0.0000000000
84576  -45.356  27.658  11.029 0.0000000000
84577  -44.510  27.481  11.424 0.0000000000
84578  -45.473  26.951  11.379 0.0000000000
84579  -45.447  26.415  11.793 0.0000000000
84580  -46.269  26.546  11.388 0.0000000000
84581  -48.488  25.979  11.355 0.0000000000
84582  -47.805  25.843  11.688 0.0000000000
84583  -48.588  25.534  11.996 0.0000000000
84584  -48.727  25.218  12.780 0.0000000000
84585  -49.370  25.310  12.405 0.0000000000
84586  -51.201  26.202  9.652 0.0000000000
84587  -50.559  26.226  10.115 0.0000000000
84588  -51.166  25.820  10.312 0.0000000000
93087  -35.049  33.981  14.670 0.0000000000
93088  -35.013  33.305  14.702 0.0000000000
93089  -34.670  33.750  13.940 0.0000000000
93090  -34.442  33.501  13.214 0.0000000000
93091  -34.392  33.359  12.458 0.0000000000
96386  -40.613  26.667  14.107 0.0000000000
96387  -40.740  26.276  14.594 0.0000000000
96388  -41.444  26.167  14.037 0.0000000000
96389  -42.369  25.716  14.048 0.0000000000
96390  -43.279  25.307  14.156 0.0000000000
96391  -44.141  24.976  14.388 0.0000000000
96392  -43.992  25.333  13.722 0.0000000000
96393  -44.741  25.374  13.283 0.0000000000
96394  -45.557  25.451  12.850 0.0000000000
96398  -43.225  34.244  7.077 0.0000000000
96399  -43.900  33.888  7.379 0.0000000000
96401  -51.887  29.369  6.932 0.0000000000
100703  -39.738  31.576  18.570 0.0000000000
100704  -39.140  31.293  18.187 0.0000000000
100705  -38.597  31.006  17.776 0.0000000000
100706  -35.837  30.899  14.806 0.0000000000
100707  -36.286  30.683  15.522 0.0000000000
100708  -36.215  30.401  14.810 0.0000000000
100709  -36.703  29.979  14.798 0.0000000000
100710  -37.293  29.551  14.736 0.0000000000
100711  -37.913  28.954  14.593 0.0000000000
100712  -37.621  29.384  14.040 0.0000000000
100713  -38.088  29.299  13.421 0.0000000000
100714  -38.705  29.294  12.924 0.0000000000
100715  -47.506  33.080  2.777 0.0000000000
100716  -47.530  32.991  3.628 0.0000000000
100717  -48.297  32.743  3.119 0.0000000000
100718  -49.066  32.357  3.316 0.0000000000
100719  -49.765  32.001  3.460 0.0000000000
110597  -40.130  29.328  18.906 0.0000000000
110598  -40.253  29.070  19.306 0.0000000000
110599  -39.930  28.723  18.888 0.0000000000
110600  -39.780  28.046  18.791 0.0000000000
110601  -39.746  27.306  18.626 0.0000000000
110602  -41.799  25.245  16.840 0.0000000000
110603  -41.284  25.445  17.302 0.0000000000
110604  -42.018  24.984  17.358 0.0000000000
110605  -42.159  24.668  17.855 0.0000000000
110606  -42.205  24.262  18.268 0.0000000000
110607  -42.140  23.910  18.613 0.0000000000
110608  -42.778  23.856  18.403 0.0000000000
110609  -43.360  23.424  18.651 0.0000000000
110624  -35.710  35.033  8.823 0.0000000000
110625  -35.268  34.501  9.638 0.0000000000
110626  -35.877  34.414  9.139 0.0000000000
110627  -36.219  33.772  9.391 0.0000000000
110628  -36.683  33.262  9.579 0.0000000000
110629  -40.474  32.760  8.858 0.0000000000
110630  -39.570  32.626  9.125 0.0000000000
110631  -40.281  32.351  9.291 0.0000000000
110632  -40.113  31.954  9.852 0.0000000000
110633  -40.048  31.472  10.407 0.0000000000
110634  -40.036  30.837  10.967 0.0000000000
110635  -40.880  31.008  10.623 0.0000000000
110636  -41.742  30.507  10.758 0.0000000000
110637  -42.632  30.007  10.824 0.0000000000
110638  -47.944  32.901  6.731 0.0000000000
110639  -47.189  33.103  7.308 0.0000000000
110640  -47.920  32.733  7.303 0.0000000000
110641  -47.805  32.559  7.781 0.0000000000
110642  -47.597  32.275  8.152 0.0000000000
110643  -49.568  29.960  8.900 0.0000000000
110644  -48.873  30.526  9.100 0.0000000000
110645  -48.753  29.851  9.262 0.0000000000
110646  -47.905  29.703  9.608 0.0000000000
110647  -47.049  29.520  9.893 0.0000000000
110648  -46.154  29.366  10.122 0.0000000000
110649  -47.038  28.815  9.965 0.0000000000
110650  -47.027  28.068  10.225 0.0000000000
110651  -47.030  27.335  10.584 0.0000000000
110652  -47.025  26.723  10.988 0.0000000000
110653  -47.738  26.884  10.650 0.0000000000
110654  -48.449  26.470  10.779 0.0000000000
110655  -49.171  26.106  10.990 0.0000000000
117363  -37.401  32.633  17.234 0.0000000000
117364  -37.516  32.149  17.299 0.0000000000
117365  -36.779  32.294  16.750 0.0000000000
117366  -36.212  32.003  16.143 0.0000000000
117367  -35.757  31.700  15.509 0.0000000000
117368  -35.113  32.600  14.786 0.0000000000
117369  -35.270  31.962  14.819 0.0000000000
117370  -35.505  31.412  14.807 0.0000000000
117371  -35.486  31.193  14.114 0.0000000000
117372  -35.646  31.051  13.441 0.0000000000
117373  -35.929  31.047  12.823 0.0000000000
117375  -50.003  32.055  1.502 0.0000000000
125057  -39.524  27.063  21.076 0.0000000000
125058  -39.458  26.716  20.588 0.0000000000
125059  -39.463  26.292  20.049 0.0000000000
125060  -39.109  27.588  16.686 0.0000000000
125061  -39.410  27.375  17.196 0.0000000000
125062  -39.511  26.926  16.485 0.0000000000
125063  -40.008  26.331  16.308 0.0000000000
125064  -40.642  25.841  16.135 0.0000000000
125065  -40.991  25.910  15.132 0.0000000000
125066  -41.245  25.635  15.679 0.0000000000
125067  -41.490  25.417  16.203 0.0000000000
125068  -42.371  25.114  16.398 0.0000000000
125069  -43.111  24.780  16.583 0.0000000000
125070  -43.922  24.550  16.876 0.0000000000
125071  -44.725  24.256  17.205 0.0000000000
125072  -44.568  24.489  16.498 0.0000000000
125075  -45.043  24.717  14.646 0.0000000000
125076  -45.912  24.519  15.006 0.0000000000
125085  -40.080  33.508  8.248 0.0000000000
125087  -41.030  33.616  8.015 0.0000000000
125088  -40.710  33.182  8.438 0.0000000000
125089  -41.446  32.902  8.652 0.0000000000
125090  -42.219  32.668  8.831 0.0000000000
125091  -42.977  32.372  9.023 0.0000000000
125092  -50.658  31.392  6.693 0.0000000000
125093  -49.989  31.645  7.256 0.0000000000
125094  -50.549  31.197  7.269 0.0000000000
125095  -50.405  30.898  7.738 0.0000000000
125096  -50.331  30.535  8.160 0.0000000000
125097  -51.451  29.557  7.423 0.0000000000
125098  -50.858  29.798  7.975 0.0000000000
125099  -50.262  29.990  8.469 0.0000000000
125100  -50.111  29.277  8.683 0.0000000000
125101  -50.052  28.539  8.886 0.0000000000
125102  -49.989  27.837  9.152 0.0000000000
125103  -49.924  27.195  9.507 0.0000000000
125104  -50.583  27.220  9.084 0.0000000000
125105  -51.213  26.672  9.094 0.0000000000
125106  -51.780  26.171  9.193 0.0000000000
134515  -40.832  30.138  19.320 0.0000000000
134516  -40.499  30.899  18.966 0.0000000000
134517  -40.474  30.396  18.946 0.0000000000
134518  -40.343  29.882  18.909 0.0000000000
134519  -39.859  29.594  18.497 0.0000000000
134520  -39.379  29.196  18.049 0.0000000000
134521  -39.032  28.787  17.540 0.0000000000
134522  -37.628  31.633  17.321 0.0000000000
134523  -37.844  31.145  17.338 0.0000000000
134524  -38.052  30.705  17.301 0.0000000000
134525  -36.867  30.516  16.158 0.0000000000
134526  -37.518  30.369  16.765 0.0000000000
134527  -38.208  30.247  17.300 0.0000000000
134528  -38.441  29.608  17.171 0.0000000000
134529  -38.593  28.987  17.066 0.0000000000
134530  -38.805  28.295  16.904 0.0000000000
134531  -38.817  27.851  16.190 0.0000000000
134532  -39.019  27.528  15.492 0.0000000000
134533  -39.355  27.280  14.832 0.0000000000
134534  -38.499  28.330  14.473 0.0000000000
134535  -39.120  27.761  14.366 0.0000000000
134536  -39.827  27.216  14.238 0.0000000000
134537  -40.474  27.139  13.641 0.0000000000
134538  -41.178  27.119  13.099 0.0000000000
134539  -41.916  27.141  12.618 0.0000000000
134540  -45.063  34.551  5.164 0.0000000000
134541  -45.087  34.413  5.939 0.0000000000
134542  -45.672  34.109  5.432 0.0000000000
134543  -46.379  33.706  5.698 0.0000000000
134544  -47.157  33.322  5.916 0.0000000000
134545  -47.636  32.962  4.431 0.0000000000
134546  -47.834  32.914  5.207 0.0000000000
134547  -47.909  32.980  6.023 0.0000000000
134548  -48.653  32.642  6.037 0.0000000000
134549  -49.405  32.314  6.058 0.0000000000
134550  -50.145  31.981  6.109 0.0000000000
134551  -50.154  31.862  2.213 0.0000000000
134552  -50.305  31.723  2.922 0.0000000000
134553  -50.419  31.661  3.580 0.0000000000
134554  -51.266  30.866  3.159 0.0000000000
134555  -51.012  31.271  3.695 0.0000000000
134556  -50.564  31.692  4.246 0.0000000000
134557  -50.687  31.699  4.874 0.0000000000
134558  -50.758  31.650  5.493 0.0000000000
134559  -50.756  31.560  6.112 0.0000000000
134560  -51.209  31.080  6.146 0.0000000000
134561  -51.648  30.538  6.136 0.0000000000
134562  -52.031  29.921  6.064 0.0000000000
141225  -34.484  36.308  11.372 0.0000000000
141226  -34.348  35.591  11.401 0.0000000000
141227  -34.470  36.161  10.606 0.0000000000
141228  -34.625  36.013  9.880 0.0000000000
141229  -34.929  35.827  9.167 0.0000000000
141232  -35.472  35.723  8.587 0.0000000000
141233  -36.088  35.612  8.102 0.0000000000
141282  -45.521  34.241  3.747 0.0000000000
141283  -46.177  33.859  3.162 0.0000000000
141284  -45.598  34.871  2.372 0.0000000000
141285  -46.200  34.168  2.434 0.0000000000
141286  -46.849  33.561  2.557 0.0000000000
141287  -47.507  33.400  2.025 0.0000000000
141288  -48.183  33.282  1.510 0.0000000000
141289  -48.810  33.117  1.046 0.0000000000
146134  -39.542  32.421  18.483 0.0000000000
146135  -38.779  32.624  18.067 0.0000000000
146144  -38.019  32.829  17.623 0.0000000000
146145  -37.267  33.039  17.120 0.0000000000
146146  -36.591  33.330  16.603 0.0000000000
146147  -35.978  33.678  15.968 0.0000000000
146148  -36.525  34.374  16.478 0.0000000000
146149  -35.992  34.262  15.938 0.0000000000
146150  -35.496  34.118  15.327 0.0000000000
146151  -35.065  34.591  14.631 0.0000000000
146152  -34.775  35.127  13.788 0.0000000000
146153  -34.672  35.749  12.964 0.0000000000
146232  -35.191  36.493  13.506 0.0000000000
146233  -34.854  36.440  12.823 0.0000000000
146234  -34.615  36.394  12.103 0.0000000000
146235  -34.629  36.961  11.256 0.0000000000
146236  -34.883  37.545  10.415 0.0000000000
154637  -39.983  28.143  20.272 0.0000000000
154638  -39.651  27.450  20.058 0.0000000000
154639  -39.541  26.672  19.785 0.0000000000
154640  -39.623  25.868  19.591 0.0000000000
154641  -39.682  27.105  17.645 0.0000000000
154642  -39.847  26.849  18.088 0.0000000000
154643  -39.924  26.582  18.418 0.0000000000
154644  -40.817  25.685  17.774 0.0000000000
154645  -40.326  25.889  18.207 0.0000000000
154646  -39.962  26.215  18.664 0.0000000000
154647  -39.969  25.826  18.893 0.0000000000
154648  -39.991  25.488  19.171 0.0000000000
154649  -39.931  25.117  19.438 0.0000000000
154650  -40.313  24.447  19.322 0.0000000000
154651  -40.858  23.794  19.398 0.0000000000
154653  -42.022  23.545  18.958 0.0000000000
154686  -34.234  34.823  11.487 0.0000000000
154687  -34.306  34.020  11.605 0.0000000000
154688  -34.604  33.299  11.778 0.0000000000
154689  -34.941  33.928  10.409 0.0000000000
154690  -34.895  33.282  11.161 0.0000000000
154691  -34.925  32.639  11.923 0.0000000000
154692  -35.341  32.048  12.018 0.0000000000
154693  -35.825  31.546  12.111 0.0000000000
154694  -36.354  31.121  12.222 0.0000000000
154696  -37.432  33.340  9.143 0.0000000000
154697  -37.212  32.829  9.765 0.0000000000
154698  -38.622  32.549  9.530 0.0000000000
154699  -37.776  32.429  9.957 0.0000000000
154700  -37.064  32.289  10.402 0.0000000000
154701  -36.954  31.755  11.035 0.0000000000
154702  -36.942  31.222  11.672 0.0000000000
154703  -37.013  30.706  12.293 0.0000000000
154704  -37.753  30.350  12.368 0.0000000000
154705  -38.558  29.946  12.377 0.0000000000
154706  -39.356  29.376  12.373 0.0000000000
154707  -40.084  30.143  11.478 0.0000000000
154708  -40.129  29.472  11.896 0.0000000000
154709  -40.179  28.820  12.344 0.0000000000
154710  -41.018  28.313  12.288 0.0000000000
154711  -41.879  27.792  12.217 0.0000000000
154712  -42.778  27.209  12.162 0.0000000000
154713  -45.033  34.191  6.651 0.0000000000
154714  -44.840  33.929  7.199 0.0000000000
154715  -44.683  33.563  7.676 0.0000000000
154716  -46.338  33.227  7.695 0.0000000000
154717  -45.427  33.272  7.904 0.0000000000
154718  -44.443  33.240  8.067 0.0000000000
154719  -44.199  32.927  8.436 0.0000000000
154720  -43.966  32.508  8.788 0.0000000000
154721  -43.757  31.989  9.275 0.0000000000
154722  -49.169  31.821  7.786 0.0000000000
154723  -48.301  31.896  8.201 0.0000000000
154724  -47.429  31.907  8.591 0.0000000000
154725  -48.001  31.057  9.187 0.0000000000
154726  -47.310  31.471  9.111 0.0000000000
154727  -46.491  31.906  8.974 0.0000000000
154728  -45.481  31.823  9.272 0.0000000000
154729  -44.571  31.607  9.527 0.0000000000
154730  -43.659  31.428  9.798 0.0000000000
154731  -43.584  30.867  10.184 0.0000000000
154732  -43.557  30.202  10.530 0.0000000000
154733  -43.536  29.500  10.820 0.0000000000
154734  -45.297  29.139  10.438 0.0000000000
154735  -44.407  28.953  10.751 0.0000000000
154736  -43.535  28.746  11.093 0.0000000000
154737  -43.580  27.996  11.420 0.0000000000
154738  -43.643  27.325  11.771 0.0000000000
154739  -43.701  26.709  12.121 0.0000000000
154740  -44.593  26.298  12.204 0.0000000000
154741  -45.486  25.915  12.278 0.0000000000
154742  -46.336  25.599  12.402 0.0000000000
154743  -47.038  26.196  11.487 0.0000000000
154744  -47.092  25.747  11.998 0.0000000000
154745  -47.192  25.316  12.694 0.0000000000
154746  -48.046  25.091  13.125 0.0000000000
154747  -48.838  24.938  13.587 0.0000000000
154749  -49.854  26.655  9.999 0.0000000000
154750  -49.875  26.187  10.593 0.0000000000
154751  -49.876  25.790  11.302 0.0000000000
154753  -50.577  25.469  11.578 0.0000000000
154754  -49.942  25.419  12.042 0.0000000000
154755  -50.112  25.107  12.847 0.0000000000
