#!ascii label  , from subject fsaverage vox2ras=TkReg
615
18  -27.277  -50.706  39.815 0.0000000000
293  -27.000  -61.545  45.308 0.0000000000
294  -28.491  -58.763  40.040 0.0000000000
409  -32.493  -49.997  33.116 0.0000000000
772  -26.861  -52.075  44.438 0.0000000000
773  -26.068  -56.035  43.038 0.0000000000
774  -27.041  -54.652  39.423 0.0000000000
1240  -26.907  -62.871  41.271 0.0000000000
1681  -27.908  -60.155  43.315 0.0000000000
1915  -29.081  -50.264  35.578 0.0000000000
1916  -29.796  -54.306  35.918 0.0000000000
2088  -29.146  -48.137  40.838 0.0000000000
2692  -26.878  -51.255  42.173 0.0000000000
2693  -26.571  -53.280  41.729 0.0000000000
2694  -26.947  -52.660  39.658 0.0000000000
3760  -26.866  -57.354  41.203 0.0000000000
3761  -26.660  -58.121  42.794 0.0000000000
3762  -28.065  -59.341  41.752 0.0000000000
3763  -28.739  -61.448  42.201 0.0000000000
4207  -30.646  -50.116  34.076 0.0000000000
4208  -30.953  -52.304  34.178 0.0000000000
6000  -26.467  -54.068  43.693 0.0000000000
6001  -26.398  -55.258  41.230 0.0000000000
6002  -27.401  -56.708  39.569 0.0000000000
7760  -26.317  -59.795  45.394 0.0000000000
7761  -25.809  -56.884  44.592 0.0000000000
7762  -26.597  -58.976  44.225 0.0000000000
7763  -27.582  -60.985  44.388 0.0000000000
7764  -28.103  -62.281  43.057 0.0000000000
8353  -28.041  -50.428  37.535 0.0000000000
8354  -28.003  -52.384  37.230 0.0000000000
8355  -29.314  -52.334  35.499 0.0000000000
8356  -31.467  -54.371  34.901 0.0000000000
8805  -27.776  -49.905  43.075 0.0000000000
8832  -28.102  -49.250  40.166 0.0000000000
8833  -28.677  -48.870  37.904 0.0000000000
8834  -29.673  -48.455  36.012 0.0000000000
9539  -28.242  -54.334  37.535 0.0000000000
9540  -28.653  -56.331  37.986 0.0000000000
10372  -27.010  -50.955  41.004 0.0000000000
10373  -26.767  -51.936  40.814 0.0000000000
10374  -27.032  -51.657  39.710 0.0000000000
11440  -27.620  -58.010  40.584 0.0000000000
11441  -27.401  -58.365  41.391 0.0000000000
11442  -28.239  -59.025  40.880 0.0000000000
11443  -28.810  -60.073  41.283 0.0000000000
11444  -29.006  -59.671  40.485 0.0000000000
11887  -31.555  -50.075  33.518 0.0000000000
11888  -31.687  -51.168  33.537 0.0000000000
13839  -26.640  -53.075  44.076 0.0000000000
13840  -26.682  -53.898  40.459 0.0000000000
13841  -26.487  -54.251  41.431 0.0000000000
13842  -26.648  -54.935  40.289 0.0000000000
13843  -26.726  -55.957  40.222 0.0000000000
13844  -27.097  -55.651  39.402 0.0000000000
15240  -27.169  -62.921  42.506 0.0000000000
17040  -26.052  -55.504  44.159 0.0000000000
17042  -25.916  -56.473  43.842 0.0000000000
17043  -27.294  -59.164  43.029 0.0000000000
17044  -26.637  -58.579  43.517 0.0000000000
17045  -27.240  -59.564  43.760 0.0000000000
17046  -27.140  -59.989  44.361 0.0000000000
17047  -27.764  -60.608  43.837 0.0000000000
17048  -27.964  -61.679  43.741 0.0000000000
17049  -28.205  -61.317  43.300 0.0000000000
18382  -28.525  -50.350  36.509 0.0000000000
18383  -28.478  -51.316  36.384 0.0000000000
18384  -29.160  -51.250  35.473 0.0000000000
18386  -31.150  -53.388  34.517 0.0000000000
19463  -27.743  -50.179  44.278 0.0000000000
19464  -28.446  -49.771  44.633 0.0000000000
19530  -29.071  -48.523  42.124 0.0000000000
19531  -28.414  -49.014  41.791 0.0000000000
19532  -28.623  -48.679  40.502 0.0000000000
19533  -28.326  -49.029  39.048 0.0000000000
19534  -28.777  -48.376  39.397 0.0000000000
19536  -29.503  -47.849  37.301 0.0000000000
19538  -30.306  -48.255  35.165 0.0000000000
21285  -28.810  -53.345  36.377 0.0000000000
21286  -28.068  -53.419  37.347 0.0000000000
21287  -28.986  -54.300  36.653 0.0000000000
21289  -29.446  -56.304  37.302 0.0000000000
21290  -29.708  -57.306  37.551 0.0000000000
21291  -29.005  -57.370  38.126 0.0000000000
23278  -26.854  -51.611  43.348 0.0000000000
23279  -26.594  -52.620  43.043 0.0000000000
23280  -26.678  -52.269  41.933 0.0000000000
23281  -26.665  -52.906  40.702 0.0000000000
23282  -26.984  -53.653  39.516 0.0000000000
25200  -26.341  -56.628  41.959 0.0000000000
25201  -26.212  -57.072  42.834 0.0000000000
25202  -26.747  -57.745  42.017 0.0000000000
25203  -27.348  -58.725  42.258 0.0000000000
25204  -27.993  -59.779  42.583 0.0000000000
25205  -28.440  -60.865  42.773 0.0000000000
25206  -28.603  -60.430  42.135 0.0000000000
25207  -29.013  -61.063  41.602 0.0000000000
26005  -29.814  -50.187  34.746 0.0000000000
26006  -29.897  -51.202  34.706 0.0000000000
26007  -30.751  -51.199  34.032 0.0000000000
26697  -29.334  -47.834  39.775 0.0000000000
29360  -26.234  -55.096  43.271 0.0000000000
29361  -26.525  -53.635  42.739 0.0000000000
29362  -26.357  -54.657  42.375 0.0000000000
29363  -26.212  -55.629  42.092 0.0000000000
29364  -26.487  -56.274  41.053 0.0000000000
29365  -27.086  -57.025  40.370 0.0000000000
29366  -27.885  -57.777  39.765 0.0000000000
33679  -26.215  -60.096  46.022 0.0000000000
33680  -26.803  -60.648  45.423 0.0000000000
33684  -26.125  -57.477  43.591 0.0000000000
33685  -26.112  -57.924  44.282 0.0000000000
33686  -25.997  -58.424  44.969 0.0000000000
33687  -26.493  -59.421  44.835 0.0000000000
33688  -27.026  -60.362  44.945 0.0000000000
33689  -27.296  -61.302  44.832 0.0000000000
33690  -27.644  -61.987  44.145 0.0000000000
33691  -27.778  -62.545  43.422 0.0000000000
33692  -27.707  -62.899  42.428 0.0000000000
33693  -28.424  -61.913  42.581 0.0000000000
33694  -28.152  -62.696  42.253 0.0000000000
35347  -27.625  -50.506  38.701 0.0000000000
35348  -27.478  -51.480  38.377 0.0000000000
35349  -27.938  -51.355  37.355 0.0000000000
35350  -28.611  -52.350  36.303 0.0000000000
35351  -29.545  -53.364  35.647 0.0000000000
35352  -30.095  -52.333  34.774 0.0000000000
35353  -30.342  -53.397  35.017 0.0000000000
35354  -30.605  -54.315  35.359 0.0000000000
36660  -27.248  -51.218  45.017 0.0000000000
36661  -27.209  -50.786  43.884 0.0000000000
36662  -27.240  -50.442  42.716 0.0000000000
36663  -27.365  -50.195  41.450 0.0000000000
36741  -29.159  -49.409  44.823 0.0000000000
36742  -28.420  -49.375  43.215 0.0000000000
36743  -27.860  -49.523  41.609 0.0000000000
36744  -27.652  -49.914  39.988 0.0000000000
36745  -27.995  -49.734  38.826 0.0000000000
36746  -28.334  -49.623  37.667 0.0000000000
36747  -28.810  -49.481  36.589 0.0000000000
36748  -29.086  -48.148  38.279 0.0000000000
36749  -29.142  -48.655  36.892 0.0000000000
36750  -29.346  -49.340  35.674 0.0000000000
36751  -30.061  -49.190  34.831 0.0000000000
36752  -30.803  -49.053  34.149 0.0000000000
36753  -31.674  -48.962  33.609 0.0000000000
38855  -27.428  -52.517  38.382 0.0000000000
38856  -27.462  -53.449  38.428 0.0000000000
38857  -27.585  -54.382  38.456 0.0000000000
38858  -29.181  -55.241  37.035 0.0000000000
38859  -28.464  -55.333  37.753 0.0000000000
38860  -27.732  -55.436  38.544 0.0000000000
38861  -28.019  -56.487  38.697 0.0000000000
38862  -28.353  -57.498  38.863 0.0000000000
41092  -27.124  -50.807  40.431 0.0000000000
41093  -26.990  -51.279  40.336 0.0000000000
41094  -27.136  -51.162  39.775 0.0000000000
42160  -28.043  -58.353  40.290 0.0000000000
42161  -27.926  -58.506  40.709 0.0000000000
42162  -28.364  -58.895  40.453 0.0000000000
42163  -28.641  -59.335  40.665 0.0000000000
42164  -28.773  -59.216  40.272 0.0000000000
42607  -32.014  -50.007  33.275 0.0000000000
42608  -32.077  -50.602  33.284 0.0000000000
42609  -32.581  -50.547  33.119 0.0000000000
43560  -26.799  -61.179  45.681 0.0000000000
44557  -26.857  -52.304  44.924 0.0000000000
44558  -26.733  -52.806  44.752 0.0000000000
44559  -26.744  -52.566  44.242 0.0000000000
44560  -26.828  -54.267  39.934 0.0000000000
44561  -26.671  -54.418  40.396 0.0000000000
44562  -26.823  -54.793  39.874 0.0000000000
44563  -26.825  -55.315  39.789 0.0000000000
44564  -27.063  -55.190  39.385 0.0000000000
45960  -27.059  -62.920  41.864 0.0000000000
47760  -26.005  -55.768  43.548 0.0000000000
47761  -25.928  -55.965  44.000 0.0000000000
47762  -25.989  -56.255  43.461 0.0000000000
47763  -27.628  -59.643  43.193 0.0000000000
47764  -27.316  -59.357  43.439 0.0000000000
47765  -27.603  -59.843  43.548 0.0000000000
47766  -27.563  -60.066  43.832 0.0000000000
47767  -27.868  -60.405  43.565 0.0000000000
47768  -28.032  -61.004  43.520 0.0000000000
47769  -28.136  -60.757  43.304 0.0000000000
49102  -28.782  -50.306  36.025 0.0000000000
49103  -28.792  -50.761  35.944 0.0000000000
49104  -29.115  -50.741  35.520 0.0000000000
50250  -29.097  -48.337  41.467 0.0000000000
50251  -28.805  -48.558  41.292 0.0000000000
50252  -28.865  -48.397  40.650 0.0000000000
50253  -28.686  -48.526  39.948 0.0000000000
50254  -28.917  -48.236  40.126 0.0000000000
52005  -29.294  -53.829  36.099 0.0000000000
52006  -28.898  -53.829  36.509 0.0000000000
52007  -29.386  -54.296  36.257 0.0000000000
52008  -30.591  -57.835  37.277 0.0000000000
52009  -30.082  -57.326  37.309 0.0000000000
52010  -30.210  -57.834  37.453 0.0000000000
54157  -26.864  -51.431  42.762 0.0000000000
54158  -26.767  -51.935  42.623 0.0000000000
54159  -26.763  -51.750  42.055 0.0000000000
54160  -26.798  -52.298  40.227 0.0000000000
54161  -26.693  -52.447  40.763 0.0000000000
54162  -26.777  -52.805  40.179 0.0000000000
54163  -26.792  -53.268  40.119 0.0000000000
54164  -26.942  -53.171  39.603 0.0000000000
57360  -26.585  -57.008  41.538 0.0000000000
57361  -26.516  -57.214  41.960 0.0000000000
57362  -26.770  -57.566  41.559 0.0000000000
57363  -27.744  -58.838  41.583 0.0000000000
57364  -27.375  -58.537  41.840 0.0000000000
57365  -27.704  -59.031  42.001 0.0000000000
57366  -27.683  -59.252  42.431 0.0000000000
57367  -28.028  -59.573  42.182 0.0000000000
57368  -28.336  -60.078  42.403 0.0000000000
57369  -28.383  -59.899  41.959 0.0000000000
57370  -29.092  -60.420  41.075 0.0000000000
57371  -28.969  -60.581  41.505 0.0000000000
58702  -30.241  -50.148  34.400 0.0000000000
58703  -30.255  -50.654  34.343 0.0000000000
58704  -30.714  -50.669  34.001 0.0000000000
58706  -31.796  -51.708  33.579 0.0000000000
64557  -26.423  -54.292  44.138 0.0000000000
64558  -26.305  -54.803  43.921 0.0000000000
64559  -26.349  -54.594  43.456 0.0000000000
64560  -26.561  -52.943  42.347 0.0000000000
64561  -26.528  -53.128  42.912 0.0000000000
64562  -26.532  -53.435  42.247 0.0000000000
64563  -26.427  -54.725  41.382 0.0000000000
64564  -26.406  -54.417  41.894 0.0000000000
64565  -26.351  -54.947  41.818 0.0000000000
64566  -26.263  -55.161  42.249 0.0000000000
64567  -26.321  -55.464  41.655 0.0000000000
64568  -26.320  -55.941  41.526 0.0000000000
64569  -26.419  -55.782  41.085 0.0000000000
64570  -27.025  -56.320  39.897 0.0000000000
64571  -26.878  -56.465  40.266 0.0000000000
64572  -27.210  -56.829  39.964 0.0000000000
64573  -27.451  -57.389  40.065 0.0000000000
64574  -27.640  -57.243  39.656 0.0000000000
74157  -26.251  -59.963  45.671 0.0000000000
74158  -26.504  -60.379  45.705 0.0000000000
74159  -26.599  -60.236  45.412 0.0000000000
74163  -25.815  -56.368  44.823 0.0000000000
74167  -25.777  -57.086  44.981 0.0000000000
74168  -26.428  -57.603  42.798 0.0000000000
74169  -26.160  -57.266  43.228 0.0000000000
74170  -26.383  -57.788  43.145 0.0000000000
74171  -26.637  -58.757  43.882 0.0000000000
74172  -26.348  -58.274  43.831 0.0000000000
74173  -26.325  -58.409  44.235 0.0000000000
74174  -26.062  -58.148  44.638 0.0000000000
74175  -26.248  -58.714  44.575 0.0000000000
74176  -26.206  -58.943  44.867 0.0000000000
74177  -26.524  -59.205  44.545 0.0000000000
74178  -27.379  -60.478  44.392 0.0000000000
74179  -27.089  -60.176  44.622 0.0000000000
74180  -27.328  -60.693  44.650 0.0000000000
74181  -27.272  -60.885  44.884 0.0000000000
74182  -27.462  -61.183  44.608 0.0000000000
74183  -27.481  -61.651  44.504 0.0000000000
74184  -27.654  -61.489  44.306 0.0000000000
74185  -28.057  -62.027  43.399 0.0000000000
74186  -27.899  -62.143  43.628 0.0000000000
74187  -27.948  -62.445  43.238 0.0000000000
74188  -27.767  -62.800  42.942 0.0000000000
74189  -27.978  -62.634  42.818 0.0000000000
74190  -28.619  -61.168  42.495 0.0000000000
74191  -28.478  -61.390  42.745 0.0000000000
74192  -28.580  -61.684  42.420 0.0000000000
74194  -28.364  -62.635  42.129 0.0000000000
74196  -27.894  -62.931  41.905 0.0000000000
78187  -27.809  -50.462  38.109 0.0000000000
78188  -27.733  -50.916  37.995 0.0000000000
78189  -27.962  -50.887  37.448 0.0000000000
78190  -28.846  -51.820  35.882 0.0000000000
78191  -28.517  -51.839  36.308 0.0000000000
78192  -28.941  -52.307  35.908 0.0000000000
78193  -29.059  -52.829  35.943 0.0000000000
78194  -29.423  -52.831  35.572 0.0000000000
78195  -30.408  -51.733  34.381 0.0000000000
78196  -29.977  -51.737  34.717 0.0000000000
78197  -30.511  -52.298  34.455 0.0000000000
78198  -31.307  -53.911  34.694 0.0000000000
78199  -30.731  -53.408  34.747 0.0000000000
78200  -30.872  -53.884  34.911 0.0000000000
78201  -30.448  -53.864  35.186 0.0000000000
78202  -31.031  -54.333  35.115 0.0000000000
78203  -31.218  -54.770  35.340 0.0000000000
81423  -27.234  -50.984  44.481 0.0000000000
81424  -27.482  -50.629  44.683 0.0000000000
81425  -27.745  -50.028  43.695 0.0000000000
81426  -27.476  -50.268  43.521 0.0000000000
81427  -27.486  -50.133  42.927 0.0000000000
81428  -27.291  -50.316  42.099 0.0000000000
81429  -27.520  -50.023  42.308 0.0000000000
81626  -28.773  -49.382  44.000 0.0000000000
81627  -28.669  -49.152  43.283 0.0000000000
81628  -28.215  -49.109  40.987 0.0000000000
81629  -28.120  -49.261  41.692 0.0000000000
81630  -27.948  -49.373  40.888 0.0000000000
81631  -27.709  -49.681  40.739 0.0000000000
81632  -27.868  -49.554  40.053 0.0000000000
81633  -27.819  -49.823  39.408 0.0000000000
81634  -28.019  -49.470  39.472 0.0000000000
81635  -28.498  -48.934  38.488 0.0000000000
81636  -28.319  -49.280  38.357 0.0000000000
81637  -28.515  -49.223  37.743 0.0000000000
81638  -28.560  -49.566  37.097 0.0000000000
81639  -28.726  -49.157  37.172 0.0000000000
81641  -29.160  -47.968  39.013 0.0000000000
81642  -29.318  -47.819  38.506 0.0000000000
81643  -29.567  -48.148  36.655 0.0000000000
81644  -29.317  -48.259  37.093 0.0000000000
81645  -29.396  -48.559  36.453 0.0000000000
81646  -29.238  -48.960  36.247 0.0000000000
81647  -29.500  -48.882  35.819 0.0000000000
81648  -29.684  -49.274  35.242 0.0000000000
81649  -29.834  -48.797  35.372 0.0000000000
81651  -30.531  -48.673  34.609 0.0000000000
81652  -30.915  -48.586  34.282 0.0000000000
81653  -31.239  -48.984  33.858 0.0000000000
86895  -27.702  -51.892  37.792 0.0000000000
86896  -27.460  -52.019  38.330 0.0000000000
86897  -27.697  -52.450  37.807 0.0000000000
86898  -28.171  -53.887  37.445 0.0000000000
86899  -27.757  -53.428  37.869 0.0000000000
86900  -27.815  -53.873  37.941 0.0000000000
86901  -27.524  -53.886  38.451 0.0000000000
86902  -27.893  -54.335  38.001 0.0000000000
86904  -29.589  -55.244  36.675 0.0000000000
86905  -29.708  -55.756  36.908 0.0000000000
86906  -29.046  -56.303  37.615 0.0000000000
86907  -28.963  -55.824  37.494 0.0000000000
86908  -28.542  -55.816  37.877 0.0000000000
86909  -28.067  -55.349  38.148 0.0000000000
86910  -28.185  -55.891  38.232 0.0000000000
86911  -27.851  -55.973  38.626 0.0000000000
86912  -28.331  -56.432  38.331 0.0000000000
86913  -29.187  -57.894  38.231 0.0000000000
86914  -28.714  -57.427  38.460 0.0000000000
86915  -28.873  -57.964  38.564 0.0000000000
86916  -28.607  -58.029  38.939 0.0000000000
92398  -26.902  -51.056  41.596 0.0000000000
92399  -26.797  -51.574  41.477 0.0000000000
92400  -26.873  -51.419  40.898 0.0000000000
92401  -26.876  -51.766  40.258 0.0000000000
92402  -26.953  -52.164  39.680 0.0000000000
94320  -27.210  -57.694  40.887 0.0000000000
94321  -27.079  -57.875  41.247 0.0000000000
94322  -27.503  -58.173  40.992 0.0000000000
94323  -27.820  -58.669  41.150 0.0000000000
94324  -28.123  -59.139  41.365 0.0000000000
94325  -28.464  -59.706  41.514 0.0000000000
94326  -28.555  -59.515  41.086 0.0000000000
94327  -28.903  -59.848  40.874 0.0000000000
95125  -31.075  -50.092  33.783 0.0000000000
95126  -31.124  -50.606  33.744 0.0000000000
95127  -31.576  -50.647  33.508 0.0000000000
95128  -32.163  -51.168  33.355 0.0000000000
98639  -26.560  -53.577  43.911 0.0000000000
98640  -26.628  -53.605  41.098 0.0000000000
98641  -26.527  -53.765  41.604 0.0000000000
98642  -26.585  -54.098  40.965 0.0000000000
98643  -26.541  -54.590  40.855 0.0000000000
98644  -26.501  -55.074  40.773 0.0000000000
98645  -26.482  -55.578  40.649 0.0000000000
98646  -26.632  -55.438  40.210 0.0000000000
98647  -26.870  -55.806  39.859 0.0000000000
98648  -27.223  -56.184  39.506 0.0000000000
104399  -26.084  -59.381  45.432 0.0000000000
104402  -25.977  -55.684  44.607 0.0000000000
104403  -25.874  -56.149  44.423 0.0000000000
104404  -25.882  -56.680  44.255 0.0000000000
104405  -26.964  -58.627  42.866 0.0000000000
104406  -26.656  -58.305  43.153 0.0000000000
104407  -26.960  -58.845  43.252 0.0000000000
104408  -26.948  -59.069  43.626 0.0000000000
104409  -26.926  -59.270  43.959 0.0000000000
104410  -26.854  -59.487  44.289 0.0000000000
104411  -27.182  -59.779  44.069 0.0000000000
104412  -27.469  -60.277  44.122 0.0000000000
104413  -27.648  -60.778  44.123 0.0000000000
104414  -27.793  -61.303  44.087 0.0000000000
104415  -27.877  -61.116  43.826 0.0000000000
104416  -28.092  -61.506  43.521 0.0000000000
104417  -28.185  -61.804  43.219 0.0000000000
104418  -28.792  -61.730  41.874 0.0000000000
104419  -28.642  -61.948  42.106 0.0000000000
106816  -28.282  -50.388  37.029 0.0000000000
106817  -28.216  -50.858  36.932 0.0000000000
106818  -28.491  -50.810  36.451 0.0000000000
106819  -28.810  -51.271  35.910 0.0000000000
106820  -29.202  -51.795  35.456 0.0000000000
106822  -31.054  -52.852  34.344 0.0000000000
108762  -28.085  -49.799  43.862 0.0000000000
108880  -29.034  -48.723  42.764 0.0000000000
108881  -28.704  -48.939  42.641 0.0000000000
108882  -28.721  -48.752  41.960 0.0000000000
108883  -28.534  -48.845  41.138 0.0000000000
108884  -28.379  -48.970  40.316 0.0000000000
108885  -28.213  -49.147  39.595 0.0000000000
108886  -28.434  -48.837  39.766 0.0000000000
108887  -28.555  -48.704  39.214 0.0000000000
108888  -28.694  -48.596  38.660 0.0000000000
108893  -29.826  -48.010  36.214 0.0000000000
108894  -29.978  -48.340  35.578 0.0000000000
112041  -28.354  -52.859  36.762 0.0000000000
112042  -28.003  -52.929  37.291 0.0000000000
112043  -28.403  -53.395  36.855 0.0000000000
112044  -28.491  -53.870  36.963 0.0000000000
112045  -28.604  -54.325  37.088 0.0000000000
112047  -29.852  -56.292  37.054 0.0000000000
112048  -29.940  -56.828  37.144 0.0000000000
112049  -29.569  -56.808  37.429 0.0000000000
112050  -29.193  -56.765  37.720 0.0000000000
112051  -28.821  -56.856  38.037 0.0000000000
112052  -29.342  -57.309  37.808 0.0000000000
112053  -29.510  -57.848  37.932 0.0000000000
115756  -26.853  -51.832  43.914 0.0000000000
115757  -26.722  -52.335  43.733 0.0000000000
115758  -26.691  -52.107  43.212 0.0000000000
115759  -26.627  -52.440  42.498 0.0000000000
115760  -26.567  -52.787  41.826 0.0000000000
115761  -26.698  -52.081  41.382 0.0000000000
115762  -26.622  -52.613  41.293 0.0000000000
115763  -26.636  -53.115  41.220 0.0000000000
115764  -26.700  -53.417  40.616 0.0000000000
115765  -26.843  -53.769  40.033 0.0000000000
115766  -27.012  -54.144  39.474 0.0000000000
120240  -26.174  -56.314  42.503 0.0000000000
120241  -26.110  -56.552  42.960 0.0000000000
120242  -26.273  -56.859  42.408 0.0000000000
120243  -26.468  -57.404  42.412 0.0000000000
120244  -26.705  -57.936  42.426 0.0000000000
120245  -27.023  -58.069  41.653 0.0000000000
120246  -27.033  -58.266  42.105 0.0000000000
120247  -26.940  -58.445  42.489 0.0000000000
120248  -27.323  -58.934  42.650 0.0000000000
120249  -27.648  -59.460  42.803 0.0000000000
120250  -27.957  -59.974  42.949 0.0000000000
120251  -28.214  -60.532  43.042 0.0000000000
120252  -28.279  -60.330  42.718 0.0000000000
120253  -28.522  -60.647  42.473 0.0000000000
120254  -28.726  -60.975  42.208 0.0000000000
120255  -28.691  -60.233  41.737 0.0000000000
120256  -28.847  -60.756  41.893 0.0000000000
120257  -28.884  -61.240  41.926 0.0000000000
122119  -29.455  -50.235  35.109 0.0000000000
122120  -29.469  -50.718  35.097 0.0000000000
122121  -29.842  -50.677  34.707 0.0000000000
122122  -30.313  -51.176  34.347 0.0000000000
122123  -30.835  -51.733  34.089 0.0000000000
122124  -31.221  -51.178  33.758 0.0000000000
122125  -31.275  -51.720  33.839 0.0000000000
122126  -31.385  -52.249  33.966 0.0000000000
123728  -29.469  -47.902  41.019 0.0000000000
123729  -29.237  -47.985  40.321 0.0000000000
130158  -26.221  -55.064  44.350 0.0000000000
130159  -26.148  -55.306  43.723 0.0000000000
130160  -26.095  -55.566  43.118 0.0000000000
130161  -26.630  -52.843  43.569 0.0000000000
130162  -26.541  -53.360  43.419 0.0000000000
130163  -26.465  -53.875  43.227 0.0000000000
130164  -26.501  -53.921  42.070 0.0000000000
130165  -26.437  -54.146  42.555 0.0000000000
130166  -26.388  -54.376  43.010 0.0000000000
130167  -26.277  -54.903  42.799 0.0000000000
130168  -26.177  -55.360  42.684 0.0000000000
130169  -26.141  -55.820  42.573 0.0000000000
130170  -26.238  -56.109  42.006 0.0000000000
130171  -26.420  -56.448  41.475 0.0000000000
130172  -26.671  -56.824  41.118 0.0000000000
130173  -26.596  -56.111  40.624 0.0000000000
130174  -26.762  -56.665  40.685 0.0000000000
130175  -26.980  -57.208  40.789 0.0000000000
130176  -27.342  -57.547  40.505 0.0000000000
130177  -27.745  -57.883  40.178 0.0000000000
130178  -28.179  -58.270  39.882 0.0000000000
135480  -27.113  -61.893  44.929 0.0000000000
142158  -26.401  -60.496  46.009 0.0000000000
142159  -26.685  -60.755  45.714 0.0000000000
142160  -26.948  -61.041  45.408 0.0000000000
142170  -26.032  -56.767  43.325 0.0000000000
142171  -25.992  -56.978  43.711 0.0000000000
142172  -25.961  -57.191  44.074 0.0000000000
142173  -26.361  -58.036  43.476 0.0000000000
142174  -26.137  -57.737  43.923 0.0000000000
142175  -25.940  -57.411  44.417 0.0000000000
142176  -25.912  -57.607  44.788 0.0000000000
142177  -25.859  -57.889  45.111 0.0000000000
142179  -25.935  -58.663  45.276 0.0000000000
142180  -26.163  -59.171  45.148 0.0000000000
142181  -26.433  -59.605  45.151 0.0000000000
142182  -26.816  -59.693  44.581 0.0000000000
142183  -26.763  -59.877  44.895 0.0000000000
142184  -26.685  -60.051  45.208 0.0000000000
142185  -26.928  -60.520  45.176 0.0000000000
142186  -27.072  -60.963  45.116 0.0000000000
142187  -27.141  -61.412  45.067 0.0000000000
142188  -27.306  -61.778  44.722 0.0000000000
142189  -27.461  -62.137  44.352 0.0000000000
142190  -27.523  -62.425  43.979 0.0000000000
142191  -27.788  -61.827  43.971 0.0000000000
142192  -27.721  -62.279  43.814 0.0000000000
142193  -27.544  -62.659  43.552 0.0000000000
142194  -27.537  -62.881  43.066 0.0000000000
142195  -27.470  -62.998  42.452 0.0000000000
142196  -27.362  -63.008  41.901 0.0000000000
142197  -28.325  -61.080  43.076 0.0000000000
142198  -28.329  -61.604  42.984 0.0000000000
142199  -28.259  -62.074  42.859 0.0000000000
142200  -28.499  -62.197  42.300 0.0000000000
142201  -28.334  -62.374  42.489 0.0000000000
142202  -28.149  -62.492  42.664 0.0000000000
142203  -27.932  -62.789  42.356 0.0000000000
142204  -27.622  -62.972  41.929 0.0000000000
142205  -27.236  -62.960  41.357 0.0000000000
147049  -27.448  -50.605  39.244 0.0000000000
147050  -27.339  -51.076  39.056 0.0000000000
147051  -27.532  -50.977  38.531 0.0000000000
147052  -27.697  -51.402  37.871 0.0000000000
147053  -27.984  -51.849  37.241 0.0000000000
147054  -28.185  -51.357  36.831 0.0000000000
147055  -28.231  -51.845  36.749 0.0000000000
147056  -28.298  -52.352  36.750 0.0000000000
147057  -28.707  -52.844  36.333 0.0000000000
147058  -29.180  -53.331  36.002 0.0000000000
147059  -29.634  -53.834  35.780 0.0000000000
147060  -29.524  -51.232  35.074 0.0000000000
147061  -29.582  -51.775  35.054 0.0000000000
147062  -29.696  -52.343  35.121 0.0000000000
147063  -30.606  -52.858  34.584 0.0000000000
147064  -30.216  -52.899  34.881 0.0000000000
147065  -29.814  -52.859  35.212 0.0000000000
147066  -29.928  -53.336  35.326 0.0000000000
147067  -30.026  -53.843  35.478 0.0000000000
147068  -30.165  -54.294  35.642 0.0000000000
150939  -27.041  -51.876  45.259 0.0000000000
150948  -27.023  -51.639  44.723 0.0000000000
150949  -27.025  -51.375  44.236 0.0000000000
150950  -26.993  -51.177  43.641 0.0000000000
150951  -27.028  -50.979  43.048 0.0000000000
150952  -27.469  -50.437  44.098 0.0000000000
150953  -27.241  -50.589  43.300 0.0000000000
150954  -27.037  -50.807  42.460 0.0000000000
150955  -27.081  -50.663  41.854 0.0000000000
150956  -27.171  -50.536  41.238 0.0000000000
150957  -27.275  -50.425  40.605 0.0000000000
151192  -28.853  -49.564  44.770 0.0000000000
151193  -28.452  -49.579  43.921 0.0000000000
151194  -28.114  -49.654  43.117 0.0000000000
151195  -28.381  -49.171  42.511 0.0000000000
151196  -28.103  -49.403  42.435 0.0000000000
151197  -27.807  -49.700  42.339 0.0000000000
151198  -27.600  -49.833  41.545 0.0000000000
151199  -27.494  -50.038  40.699 0.0000000000
151200  -27.457  -50.286  39.920 0.0000000000
151201  -27.604  -50.199  39.367 0.0000000000
151202  -27.814  -50.120  38.756 0.0000000000
151203  -27.993  -50.048  38.166 0.0000000000
151204  -28.152  -49.358  38.959 0.0000000000
151205  -28.142  -49.652  38.269 0.0000000000
151206  -28.182  -50.009  37.603 0.0000000000
151207  -28.403  -49.980  37.058 0.0000000000
151208  -28.646  -49.919  36.532 0.0000000000
151209  -28.930  -49.836  36.072 0.0000000000
151210  -29.068  -48.094  39.613 0.0000000000
151211  -28.908  -48.251  38.846 0.0000000000
151212  -28.875  -48.502  38.100 0.0000000000
151213  -29.257  -48.006  37.767 0.0000000000
151214  -29.085  -48.390  37.572 0.0000000000
151215  -28.887  -48.777  37.371 0.0000000000
151216  -28.951  -49.067  36.668 0.0000000000
151217  -29.065  -49.404  36.123 0.0000000000
151218  -29.213  -49.797  35.594 0.0000000000
151219  -29.553  -49.752  35.165 0.0000000000
151220  -29.938  -49.693  34.776 0.0000000000
151221  -30.328  -49.630  34.423 0.0000000000
151222  -30.179  -48.734  34.971 0.0000000000
151223  -30.391  -49.127  34.494 0.0000000000
151224  -30.689  -49.583  34.104 0.0000000000
151225  -31.167  -49.541  33.793 0.0000000000
151226  -31.610  -49.489  33.528 0.0000000000
151227  -32.059  -49.479  33.309 0.0000000000
151254  -32.545  -49.458  33.123 0.0000000000
157523  -27.246  -51.571  39.025 0.0000000000
157524  -27.193  -52.076  39.011 0.0000000000
157525  -27.168  -52.569  39.006 0.0000000000
157526  -27.716  -52.953  37.844 0.0000000000
157527  -27.422  -53.005  38.385 0.0000000000
157528  -27.182  -53.021  39.017 0.0000000000
157529  -27.203  -53.518  38.972 0.0000000000
157530  -27.258  -54.008  38.937 0.0000000000
157531  -27.305  -54.501  38.929 0.0000000000
157532  -29.444  -54.713  36.386 0.0000000000
157533  -29.108  -54.755  36.827 0.0000000000
157534  -28.668  -54.756  37.180 0.0000000000
157535  -29.312  -55.757  37.192 0.0000000000
157536  -28.818  -55.279  37.379 0.0000000000
157537  -28.339  -54.805  37.633 0.0000000000
157538  -27.957  -54.827  38.038 0.0000000000
157539  -27.632  -54.863  38.497 0.0000000000
157540  -27.367  -55.013  38.929 0.0000000000
157541  -27.415  -55.545  38.977 0.0000000000
157542  -27.528  -56.056  39.032 0.0000000000
157543  -27.685  -56.590  39.131 0.0000000000
157544  -28.534  -56.914  38.377 0.0000000000
157545  -28.191  -56.976  38.775 0.0000000000
157546  -27.886  -57.094  39.206 0.0000000000
157547  -28.136  -57.616  39.264 0.0000000000
157548  -28.382  -58.135  39.383 0.0000000000
157549  -28.671  -58.656  39.501 0.0000000000
157576  -28.916  -59.103  39.751 0.0000000000
