#!ascii label  , from subject fsaverage vox2ras=TkReg
902
62  -62.601  -15.008  18.966 0.0000000000
179  -53.334  -7.186  9.753 0.0000000000
182  -61.722  -9.075  11.044 0.0000000000
183  -55.252  -15.629  14.862 0.0000000000
663  -58.158  -7.873  9.586 0.0000000000
907  -60.504  -16.399  22.856 0.0000000000
909  -58.080  -17.375  19.265 0.0000000000
1475  -50.440  -9.725  14.076 0.0000000000
1480  -63.363  -12.992  14.959 0.0000000000
1481  -59.944  -16.536  15.334 0.0000000000
1482  -59.611  -12.086  13.093 0.0000000000
1483  -54.915  -10.607  13.595 0.0000000000
2827  -61.805  -15.563  20.891 0.0000000000
2828  -59.492  -16.846  20.858 0.0000000000
2829  -60.906  -16.570  18.754 0.0000000000
2830  -49.164  -13.900  17.006 0.0000000000
3419  -51.921  -8.589  11.514 0.0000000000
3420  -49.980  -8.381  10.684 0.0000000000
3427  -62.856  -11.198  12.619 0.0000000000
3428  -61.777  -12.901  13.431 0.0000000000
3429  -61.215  -10.660  11.186 0.0000000000
3430  -55.773  -7.405  9.685 0.0000000000
3431  -56.452  -9.377  11.339 0.0000000000
3432  -54.215  -8.878  11.479 0.0000000000
3433  -52.695  -10.013  13.627 0.0000000000
4170  -57.588  -16.301  14.695 0.0000000000
4171  -57.356  -17.323  15.755 0.0000000000
4531  -62.568  -12.766  24.891 0.0000000000
5800  -60.413  -7.124  10.518 0.0000000000
5801  -60.326  -8.433  9.903 0.0000000000
5802  -59.118  -6.450  9.264 0.0000000000
6243  -58.241  -18.296  22.924 0.0000000000
6244  -56.803  -18.358  21.804 0.0000000000
6245  -55.275  -18.321  20.713 0.0000000000
6246  -53.068  -14.992  15.378 0.0000000000
7283  -49.047  -11.424  16.462 0.0000000000
7285  -48.711  -9.419  13.447 0.0000000000
7286  -48.300  -8.177  10.023 0.0000000000
7294  -63.154  -14.211  16.971 0.0000000000
7295  -61.715  -16.205  16.751 0.0000000000
7296  -62.007  -15.028  15.303 0.0000000000
7297  -59.903  -14.804  14.739 0.0000000000
7298  -57.697  -14.065  15.060 0.0000000000
7299  -59.011  -9.891  10.973 0.0000000000
7300  -57.283  -11.309  13.358 0.0000000000
7301  -55.382  -13.140  15.233 0.0000000000
7302  -53.128  -12.302  15.378 0.0000000000
7303  -50.988  -11.681  15.874 0.0000000000
8307  -59.296  -17.142  16.985 0.0000000000
8308  -56.503  -17.625  18.007 0.0000000000
8758  -62.213  -14.186  22.835 0.0000000000
8759  -63.043  -13.255  21.071 0.0000000000
8768  -63.628  -12.500  18.778 0.0000000000
8775  -58.568  -5.099  12.153 0.0000000000
10507  -62.212  -15.273  19.996 0.0000000000
10508  -61.467  -16.120  19.781 0.0000000000
10509  -61.897  -15.958  18.857 0.0000000000
10510  -48.160  -13.894  17.560 0.0000000000
11099  -52.624  -7.946  10.550 0.0000000000
11100  -51.664  -7.802  10.118 0.0000000000
11101  -52.401  -6.893  9.390 0.0000000000
11107  -62.387  -10.230  11.693 0.0000000000
11108  -62.174  -11.042  11.719 0.0000000000
11109  -61.626  -9.910  10.932 0.0000000000
11110  -54.506  -7.281  9.779 0.0000000000
11111  -54.928  -8.224  10.458 0.0000000000
11112  -53.789  -8.050  10.544 0.0000000000
11113  -53.043  -8.692  11.537 0.0000000000
11850  -56.440  -15.957  14.726 0.0000000000
11851  -56.395  -16.787  14.688 0.0000000000
13507  -59.657  -6.228  10.337 0.0000000000
13508  -59.899  -6.773  9.768 0.0000000000
13513  -56.115  -5.636  8.734 0.0000000000
14242  -60.013  -17.293  23.648 0.0000000000
14244  -59.397  -17.347  22.769 0.0000000000
14245  -58.855  -17.127  20.062 0.0000000000
14246  -58.105  -17.473  21.226 0.0000000000
14247  -57.378  -17.625  20.553 0.0000000000
14248  -56.069  -18.322  21.235 0.0000000000
14249  -56.607  -17.745  19.931 0.0000000000
16019  -49.713  -10.511  15.386 0.0000000000
16020  -48.961  -10.190  15.167 0.0000000000
16021  -49.578  -9.488  13.765 0.0000000000
16022  -49.921  -7.516  9.262 0.0000000000
16023  -49.188  -8.295  10.311 0.0000000000
16024  -49.091  -7.342  8.946 0.0000000000
16042  -63.370  -13.663  15.997 0.0000000000
16043  -62.766  -14.730  16.045 0.0000000000
16044  -62.846  -13.918  15.124 0.0000000000
16045  -60.717  -12.511  13.121 0.0000000000
16046  -60.947  -13.757  14.186 0.0000000000
16047  -59.874  -13.349  14.137 0.0000000000
16048  -58.771  -14.488  14.811 0.0000000000
16049  -58.747  -12.944  14.269 0.0000000000
16050  -59.321  -8.127  9.644 0.0000000000
16051  -59.790  -9.138  10.216 0.0000000000
16052  -58.619  -8.934  10.193 0.0000000000
16053  -55.674  -9.974  12.424 0.0000000000
16054  -56.893  -10.253  12.320 0.0000000000
16055  -56.053  -10.937  13.490 0.0000000000
16056  -56.407  -12.104  14.485 0.0000000000
16057  -55.180  -11.763  14.520 0.0000000000
16058  -54.220  -12.667  15.272 0.0000000000
16059  -54.083  -11.366  14.548 0.0000000000
16060  -51.534  -9.799  13.815 0.0000000000
16061  -51.826  -10.760  14.823 0.0000000000
16062  -50.731  -10.608  15.105 0.0000000000
16063  -50.006  -11.451  16.088 0.0000000000
18270  -60.901  -16.530  15.905 0.0000000000
18271  -60.636  -16.786  16.768 0.0000000000
18272  -59.702  -16.957  16.022 0.0000000000
18273  -55.954  -17.545  16.210 0.0000000000
18274  -56.951  -17.494  16.875 0.0000000000
18275  -55.625  -17.691  17.461 0.0000000000
18276  -55.153  -17.939  18.638 0.0000000000
19349  -62.386  -13.508  23.906 0.0000000000
19350  -62.854  -12.948  23.104 0.0000000000
19351  -62.624  -13.713  22.022 0.0000000000
19352  -63.212  -12.470  22.117 0.0000000000
19376  -63.681  -12.075  17.695 0.0000000000
19391  -59.403  -6.145  12.047 0.0000000000
23521  -61.136  -15.807  21.867 0.0000000000
23522  -60.023  -16.591  21.815 0.0000000000
23523  -60.790  -16.255  20.754 0.0000000000
23524  -60.296  -16.666  19.778 0.0000000000
23525  -59.559  -16.968  18.921 0.0000000000
23526  -50.104  -14.098  16.552 0.0000000000
24587  -51.186  -9.102  12.665 0.0000000000
24588  -50.221  -8.989  12.390 0.0000000000
24589  -50.940  -8.424  11.070 0.0000000000
24590  -50.791  -7.627  9.675 0.0000000000
24591  -50.655  -6.462  8.563 0.0000000000
24601  -63.204  -12.133  13.810 0.0000000000
24602  -62.725  -13.057  14.039 0.0000000000
24603  -62.515  -12.109  12.867 0.0000000000
24604  -61.551  -11.809  12.195 0.0000000000
24605  -60.489  -11.399  11.978 0.0000000000
24606  -56.975  -7.638  9.601 0.0000000000
24607  -57.299  -8.691  10.336 0.0000000000
24608  -56.121  -8.444  10.391 0.0000000000
24609  -55.304  -9.108  11.421 0.0000000000
24610  -54.604  -9.718  12.538 0.0000000000
24611  -53.833  -10.288  13.571 0.0000000000
24612  -53.508  -9.441  12.543 0.0000000000
24613  -52.360  -9.251  12.615 0.0000000000
25938  -58.802  -16.503  14.934 0.0000000000
25939  -58.664  -17.000  15.465 0.0000000000
25940  -57.508  -16.945  15.009 0.0000000000
25941  -56.232  -17.315  15.229 0.0000000000
26585  -62.016  -13.520  25.540 0.0000000000
28883  -54.138  -6.296  9.240 0.0000000000
28894  -61.081  -8.107  10.688 0.0000000000
28895  -61.101  -8.734  10.391 0.0000000000
28896  -60.560  -7.717  10.051 0.0000000000
28897  -59.755  -7.385  9.523 0.0000000000
28898  -58.799  -7.177  9.218 0.0000000000
28900  -58.199  -6.179  8.895 0.0000000000
28901  -57.713  -6.846  9.061 0.0000000000
28902  -56.553  -6.639  9.075 0.0000000000
28903  -55.371  -6.404  9.219 0.0000000000
29928  -58.750  -17.372  22.015 0.0000000000
29929  -57.564  -18.242  22.327 0.0000000000
29930  -56.465  -19.438  22.686 0.0000000000
29931  -55.680  -19.385  22.278 0.0000000000
29933  -54.124  -19.176  21.334 0.0000000000
29934  -54.127  -15.326  15.155 0.0000000000
32387  -48.191  -12.553  17.331 0.0000000000
32389  -48.296  -11.041  16.415 0.0000000000
32390  -48.102  -9.988  14.960 0.0000000000
32391  -47.867  -9.384  13.149 0.0000000000
32392  -49.313  -8.903  11.992 0.0000000000
32393  -48.475  -8.850  11.648 0.0000000000
32394  -47.665  -8.756  11.420 0.0000000000
32416  -62.847  -14.623  17.931 0.0000000000
32417  -62.237  -15.663  17.785 0.0000000000
32418  -62.524  -15.316  16.879 0.0000000000
32419  -61.928  -15.757  16.002 0.0000000000
32420  -61.047  -15.929  15.346 0.0000000000
32421  -61.954  -14.013  14.536 0.0000000000
32422  -61.026  -15.037  14.869 0.0000000000
32423  -59.940  -15.845  14.945 0.0000000000
32424  -58.712  -15.673  14.832 0.0000000000
32425  -57.554  -15.403  14.836 0.0000000000
32426  -56.469  -14.991  15.107 0.0000000000
32427  -60.795  -9.515  10.456 0.0000000000
32428  -60.166  -10.254  10.976 0.0000000000
32429  -59.354  -10.983  11.943 0.0000000000
32430  -57.719  -9.601  11.152 0.0000000000
32431  -58.111  -10.582  12.115 0.0000000000
32432  -58.486  -11.636  13.196 0.0000000000
32433  -57.622  -12.557  14.403 0.0000000000
32434  -56.541  -13.571  15.159 0.0000000000
32435  -55.398  -14.529  15.345 0.0000000000
32436  -54.289  -14.121  15.472 0.0000000000
32437  -53.223  -13.688  15.648 0.0000000000
32438  -52.154  -13.326  15.914 0.0000000000
32439  -52.952  -11.012  14.632 0.0000000000
32440  -52.094  -11.935  15.575 0.0000000000
32441  -51.165  -12.978  16.203 0.0000000000
32442  -50.194  -12.716  16.582 0.0000000000
32443  -49.218  -12.616  16.924 0.0000000000
35211  -61.357  -16.441  17.721 0.0000000000
35212  -60.142  -16.937  17.756 0.0000000000
35213  -58.805  -17.241  18.075 0.0000000000
35214  -58.329  -17.227  16.322 0.0000000000
35215  -57.909  -17.397  17.453 0.0000000000
35216  -57.339  -17.537  18.602 0.0000000000
35217  -55.882  -17.859  19.274 0.0000000000
35218  -54.583  -18.316  20.047 0.0000000000
36520  -60.523  -16.910  24.367 0.0000000000
36521  -60.975  -16.010  23.671 0.0000000000
36522  -61.793  -14.216  24.637 0.0000000000
36523  -61.584  -14.771  23.702 0.0000000000
36524  -61.424  -15.273  22.778 0.0000000000
36525  -62.058  -14.946  21.777 0.0000000000
36526  -62.452  -14.532  20.934 0.0000000000
36527  -62.831  -14.148  19.972 0.0000000000
36552  -63.486  -11.976  21.103 0.0000000000
36553  -63.353  -12.855  19.983 0.0000000000
36554  -63.154  -13.702  18.857 0.0000000000
36555  -63.444  -13.401  17.812 0.0000000000
36556  -63.611  -12.935  16.731 0.0000000000
36557  -63.608  -12.376  15.706 0.0000000000
36560  -63.505  -11.625  14.626 0.0000000000
36574  -59.593  -6.251  11.202 0.0000000000
36575  -58.799  -5.250  11.249 0.0000000000
41227  -62.415  -15.151  19.496 0.0000000000
41228  -62.082  -15.610  19.425 0.0000000000
41229  -62.288  -15.519  18.919 0.0000000000
41230  -47.681  -13.824  17.794 0.0000000000
41231  -47.594  -14.492  17.788 0.0000000000
41819  -52.977  -7.596  10.173 0.0000000000
41820  -52.511  -7.445  9.932 0.0000000000
41821  -52.871  -7.006  9.614 0.0000000000
41828  -62.032  -10.095  11.289 0.0000000000
41829  -61.713  -9.483  10.961 0.0000000000
41830  -53.918  -7.222  9.748 0.0000000000
41831  -54.139  -7.671  10.115 0.0000000000
41832  -53.563  -7.618  10.140 0.0000000000
41833  -53.222  -8.000  10.604 0.0000000000
42570  -55.839  -15.770  14.783 0.0000000000
42571  -55.846  -16.247  14.589 0.0000000000
42572  -55.237  -16.067  14.637 0.0000000000
44227  -59.248  -5.722  10.344 0.0000000000
44962  -60.287  -16.767  23.264 0.0000000000
44963  -59.725  -17.308  23.199 0.0000000000
44964  -59.991  -16.872  22.784 0.0000000000
44965  -58.489  -17.282  19.623 0.0000000000
44966  -58.140  -17.392  20.251 0.0000000000
44967  -57.708  -17.467  19.910 0.0000000000
44968  -56.981  -17.701  20.237 0.0000000000
44969  -57.324  -17.553  19.588 0.0000000000
44970  -51.539  -14.499  15.888 0.0000000000
46739  -50.071  -10.117  14.716 0.0000000000
46740  -49.688  -9.947  14.585 0.0000000000
46741  -50.009  -9.604  13.913 0.0000000000
46743  -49.505  -7.432  9.117 0.0000000000
46762  -63.384  -13.331  15.467 0.0000000000
46763  -63.158  -13.832  15.515 0.0000000000
46764  -63.137  -13.445  15.008 0.0000000000
46765  -60.176  -12.281  13.060 0.0000000000
46766  -60.296  -12.929  13.597 0.0000000000
46767  -59.768  -12.705  13.642 0.0000000000
46768  -59.305  -13.154  14.182 0.0000000000
46769  -59.208  -12.479  13.712 0.0000000000
46770  -58.743  -8.008  9.589 0.0000000000
46771  -58.994  -8.510  9.865 0.0000000000
46772  -58.380  -8.408  9.840 0.0000000000
46773  -55.312  -10.283  12.996 0.0000000000
46774  -55.878  -10.441  12.966 0.0000000000
46775  -55.467  -10.764  13.546 0.0000000000
46776  -55.596  -11.299  14.043 0.0000000000
46777  -55.052  -11.164  14.083 0.0000000000
46778  -54.643  -11.563  14.543 0.0000000000
46779  -54.513  -10.969  14.099 0.0000000000
46780  -50.978  -9.758  13.946 0.0000000000
46781  -51.130  -10.166  14.463 0.0000000000
46782  -50.608  -10.173  14.656 0.0000000000
46783  -50.228  -10.557  15.225 0.0000000000
48990  -60.386  -16.549  15.575 0.0000000000
48991  -60.318  -16.748  15.948 0.0000000000
48992  -59.830  -16.786  15.636 0.0000000000
48994  -55.808  -17.631  16.816 0.0000000000
48995  -55.131  -17.701  17.176 0.0000000000
48996  -54.950  -17.799  17.814 0.0000000000
50069  -62.944  -12.548  23.638 0.0000000000
50070  -63.117  -12.280  23.194 0.0000000000
50071  -63.037  -12.699  22.636 0.0000000000
50072  -63.309  -12.045  22.669 0.0000000000
54562  -61.484  -15.676  21.375 0.0000000000
54563  -61.014  -16.015  21.289 0.0000000000
54564  -61.397  -15.915  20.797 0.0000000000
54565  -61.232  -16.369  19.250 0.0000000000
54566  -60.918  -16.417  19.744 0.0000000000
54567  -60.650  -16.623  19.251 0.0000000000
54568  -59.945  -16.822  19.331 0.0000000000
54569  -60.272  -16.762  18.808 0.0000000000
54570  -49.644  -13.980  16.797 0.0000000000
54572  -49.036  -14.575  16.908 0.0000000000
56339  -51.571  -8.833  12.048 0.0000000000
56340  -51.060  -8.760  11.854 0.0000000000
56341  -51.426  -8.517  11.308 0.0000000000
56342  -51.555  -7.284  9.487 0.0000000000
56343  -51.205  -7.713  9.888 0.0000000000
56344  -51.143  -7.161  9.303 0.0000000000
56345  -50.753  -7.079  9.062 0.0000000000
56362  -63.057  -11.664  13.173 0.0000000000
56363  -62.886  -12.140  13.278 0.0000000000
56364  -62.742  -11.659  12.679 0.0000000000
56365  -61.693  -10.849  11.394 0.0000000000
56366  -61.916  -11.433  11.901 0.0000000000
56367  -61.400  -11.243  11.672 0.0000000000
56368  -61.052  -11.630  12.083 0.0000000000
56369  -60.910  -11.049  11.506 0.0000000000
56370  -56.382  -7.502  9.633 0.0000000000
56371  -56.541  -8.032  9.970 0.0000000000
56372  -55.943  -7.912  10.008 0.0000000000
56373  -54.554  -8.564  10.965 0.0000000000
56374  -55.125  -8.667  10.927 0.0000000000
56375  -54.770  -8.998  11.475 0.0000000000
56376  -54.964  -9.427  12.019 0.0000000000
56377  -54.415  -9.296  12.006 0.0000000000
56378  -54.054  -9.576  12.504 0.0000000000
56379  -53.856  -9.169  12.005 0.0000000000
56380  -52.467  -8.629  11.577 0.0000000000
56381  -52.715  -8.985  12.089 0.0000000000
56382  -52.143  -8.893  12.071 0.0000000000
56383  -51.765  -9.155  12.620 0.0000000000
58575  -55.294  -20.742  22.684 0.0000000000
58590  -58.169  -16.419  14.803 0.0000000000
58591  -58.150  -16.744  14.949 0.0000000000
58592  -57.544  -16.671  14.756 0.0000000000
58593  -55.729  -16.980  14.715 0.0000000000
58594  -56.328  -17.105  14.902 0.0000000000
58595  -55.650  -17.276  14.988 0.0000000000
63562  -60.756  -7.633  10.571 0.0000000000
63563  -60.840  -7.941  10.328 0.0000000000
63564  -60.510  -7.434  10.236 0.0000000000
63565  -59.565  -6.580  9.514 0.0000000000
63566  -59.885  -7.061  9.604 0.0000000000
63567  -59.438  -6.918  9.388 0.0000000000
63568  -59.282  -7.259  9.351 0.0000000000
63569  -58.977  -6.818  9.197 0.0000000000
63575  -57.737  -6.027  8.792 0.0000000000
63576  -57.998  -6.510  8.918 0.0000000000
63577  -57.492  -6.369  8.880 0.0000000000
63578  -57.152  -6.739  9.058 0.0000000000
63579  -56.910  -6.255  8.872 0.0000000000
63581  -55.746  -6.027  8.928 0.0000000000
63582  -55.159  -5.886  9.033 0.0000000000
63583  -54.744  -6.332  9.258 0.0000000000
65775  -59.772  -16.711  21.333 0.0000000000
65776  -59.422  -16.971  21.855 0.0000000000
65777  -59.099  -17.060  21.453 0.0000000000
65778  -57.442  -17.897  21.520 0.0000000000
65779  -57.810  -17.808  21.766 0.0000000000
65780  -57.196  -18.319  22.056 0.0000000000
65781  -56.988  -18.831  22.522 0.0000000000
65782  -56.602  -18.844  22.306 0.0000000000
65783  -56.091  -19.469  22.477 0.0000000000
65784  -56.216  -18.853  22.050 0.0000000000
65785  -55.663  -18.319  21.009 0.0000000000
65786  -55.466  -18.720  21.558 0.0000000000
65787  -55.067  -18.724  21.321 0.0000000000
65788  -54.513  -19.177  21.643 0.0000000000
65789  -54.658  -18.678  21.042 0.0000000000
65790  -53.557  -15.144  15.246 0.0000000000
65791  -53.460  -15.672  14.924 0.0000000000
71099  -48.671  -11.949  16.902 0.0000000000
71100  -48.290  -11.765  16.963 0.0000000000
71101  -48.657  -11.234  16.448 0.0000000000
71102  -48.811  -9.746  14.355 0.0000000000
71103  -48.509  -10.103  15.065 0.0000000000
71104  -48.384  -9.705  14.206 0.0000000000
71105  -47.979  -9.665  14.051 0.0000000000
71106  -48.292  -9.388  13.240 0.0000000000
71107  -50.083  -8.709  11.541 0.0000000000
71108  -49.756  -8.940  12.176 0.0000000000
71109  -49.625  -8.665  11.327 0.0000000000
71110  -48.733  -8.264  10.164 0.0000000000
71111  -48.820  -8.608  10.938 0.0000000000
71112  -48.395  -8.562  10.793 0.0000000000
71113  -48.060  -8.812  11.500 0.0000000000
71114  -47.962  -8.465  10.662 0.0000000000
71167  -63.005  -14.443  17.449 0.0000000000
71168  -62.710  -14.937  17.382 0.0000000000
71169  -62.881  -14.770  16.902 0.0000000000
71170  -62.426  -14.872  15.656 0.0000000000
71171  -62.359  -15.239  16.052 0.0000000000
71172  -61.984  -15.353  15.687 0.0000000000
71173  -61.512  -15.848  15.651 0.0000000000
71174  -61.523  -15.521  15.354 0.0000000000
71175  -62.278  -13.046  13.693 0.0000000000
71176  -62.364  -13.531  14.243 0.0000000000
71177  -61.886  -13.434  14.011 0.0000000000
71178  -60.490  -14.301  14.541 0.0000000000
71179  -61.011  -14.393  14.561 0.0000000000
71180  -60.466  -14.931  14.763 0.0000000000
71181  -60.472  -15.482  14.926 0.0000000000
71182  -59.886  -15.378  14.852 0.0000000000
71183  -59.327  -15.788  14.859 0.0000000000
71184  -59.264  -15.282  14.862 0.0000000000
71185  -58.223  -14.277  14.884 0.0000000000
71186  -58.167  -14.980  14.877 0.0000000000
71187  -57.603  -14.799  14.967 0.0000000000
71188  -57.020  -15.203  14.977 0.0000000000
71189  -57.068  -14.570  15.140 0.0000000000
71190  -60.758  -8.578  10.105 0.0000000000
71191  -60.986  -9.109  10.374 0.0000000000
71192  -60.580  -8.984  10.154 0.0000000000
71193  -59.416  -9.537  10.476 0.0000000000
71194  -59.982  -9.692  10.566 0.0000000000
71195  -59.595  -10.073  10.943 0.0000000000
71196  -59.769  -10.626  11.416 0.0000000000
71197  -59.190  -10.422  11.442 0.0000000000
71198  -56.865  -9.050  10.812 0.0000000000
71199  -57.496  -9.165  10.786 0.0000000000
71200  -57.080  -9.502  11.266 0.0000000000
71201  -57.090  -10.740  12.832 0.0000000000
71202  -57.490  -10.387  12.204 0.0000000000
71203  -57.706  -10.935  12.741 0.0000000000
71204  -58.325  -11.111  12.654 0.0000000000
71205  -57.905  -11.472  13.276 0.0000000000
71206  -58.060  -12.020  13.809 0.0000000000
71207  -57.505  -11.866  13.861 0.0000000000
71208  -55.913  -12.605  14.907 0.0000000000
71209  -56.504  -12.805  14.876 0.0000000000
71210  -55.995  -13.364  15.251 0.0000000000
71211  -55.986  -14.077  15.330 0.0000000000
71212  -55.427  -13.868  15.378 0.0000000000
71213  -54.845  -14.366  15.411 0.0000000000
71214  -54.810  -13.632  15.413 0.0000000000
71215  -53.675  -12.475  15.303 0.0000000000
71216  -53.738  -13.178  15.490 0.0000000000
71217  -53.192  -12.996  15.595 0.0000000000
71218  -52.653  -13.550  15.762 0.0000000000
71219  -52.664  -12.845  15.689 0.0000000000
71220  -53.291  -10.147  13.597 0.0000000000
71221  -53.407  -10.651  14.100 0.0000000000
71222  -52.844  -10.474  14.138 0.0000000000
71223  -51.393  -11.199  15.369 0.0000000000
71224  -51.958  -11.283  15.251 0.0000000000
71225  -51.523  -11.811  15.693 0.0000000000
71226  -51.666  -12.460  15.941 0.0000000000
71227  -51.131  -12.329  16.077 0.0000000000
71228  -50.695  -12.846  16.402 0.0000000000
71229  -50.616  -12.193  16.256 0.0000000000
71230  -49.543  -11.438  16.304 0.0000000000
71231  -49.645  -12.015  16.560 0.0000000000
71232  -49.154  -12.000  16.728 0.0000000000
71233  -48.713  -12.564  17.102 0.0000000000
77850  -62.014  -15.987  17.298 0.0000000000
77851  -61.828  -16.116  17.767 0.0000000000
77852  -61.548  -16.354  17.241 0.0000000000
77853  -59.986  -16.975  16.862 0.0000000000
77854  -60.402  -16.868  17.257 0.0000000000
77855  -59.736  -17.050  17.349 0.0000000000
77856  -59.488  -17.097  17.891 0.0000000000
77857  -59.076  -17.180  17.536 0.0000000000
77858  -58.035  -17.174  15.578 0.0000000000
77859  -58.524  -17.148  15.866 0.0000000000
77860  -57.835  -17.288  16.047 0.0000000000
77861  -56.764  -17.544  17.443 0.0000000000
77862  -57.447  -17.441  17.160 0.0000000000
77863  -57.203  -17.519  17.706 0.0000000000
77864  -57.661  -17.467  17.994 0.0000000000
77865  -56.984  -17.600  18.223 0.0000000000
77866  -56.602  -17.701  18.901 0.0000000000
77867  -56.208  -17.731  18.599 0.0000000000
77868  -54.478  -18.135  19.062 0.0000000000
77869  -54.844  -18.107  19.372 0.0000000000
77870  -54.235  -18.367  19.743 0.0000000000
77871  -53.989  -18.680  20.420 0.0000000000
81076  -60.735  -16.438  24.050 0.0000000000
81077  -61.093  -15.771  24.123 0.0000000000
81078  -62.276  -13.153  25.218 0.0000000000
81079  -61.884  -13.890  25.065 0.0000000000
81080  -62.200  -13.506  24.730 0.0000000000
81081  -62.288  -13.842  23.372 0.0000000000
81082  -61.949  -14.185  23.762 0.0000000000
81083  -61.878  -14.470  23.262 0.0000000000
81084  -61.515  -15.043  23.216 0.0000000000
81085  -61.828  -14.765  22.742 0.0000000000
81086  -61.758  -15.103  22.220 0.0000000000
81087  -62.137  -14.562  22.295 0.0000000000
81088  -62.839  -13.458  21.561 0.0000000000
81089  -62.525  -14.115  21.466 0.0000000000
81090  -62.746  -13.903  21.013 0.0000000000
81091  -62.644  -14.366  20.458 0.0000000000
81092  -62.935  -13.723  20.503 0.0000000000
81156  -63.682  -12.088  19.297 0.0000000000
81157  -63.581  -12.240  19.938 0.0000000000
81158  -63.520  -12.684  19.356 0.0000000000
81159  -63.271  -13.326  19.389 0.0000000000
81160  -63.419  -13.097  18.788 0.0000000000
81161  -63.325  -13.537  18.337 0.0000000000
81162  -63.542  -12.945  18.297 0.0000000000
81164  -63.649  -12.496  17.207 0.0000000000
81165  -63.680  -12.255  16.666 0.0000000000
81166  -63.624  -12.681  16.235 0.0000000000
81167  -63.664  -11.997  16.134 0.0000000000
81208  -58.985  -5.640  12.068 0.0000000000
81209  -59.538  -6.212  11.638 0.0000000000
81210  -59.091  -5.714  11.655 0.0000000000
81211  -59.164  -5.785  11.190 0.0000000000
81212  -58.693  -5.193  11.722 0.0000000000
92641  -62.019  -15.385  20.472 0.0000000000
92642  -61.661  -15.824  20.357 0.0000000000
92643  -61.870  -15.725  19.915 0.0000000000
92644  -61.699  -16.045  19.320 0.0000000000
92645  -61.436  -16.298  18.788 0.0000000000
92646  -48.652  -13.894  17.265 0.0000000000
92648  -48.037  -14.531  17.489 0.0000000000
93707  -52.262  -8.282  11.001 0.0000000000
93708  -51.791  -8.221  10.800 0.0000000000
93709  -52.154  -7.842  10.321 0.0000000000
93710  -52.034  -7.349  9.707 0.0000000000
93711  -51.940  -6.778  9.231 0.0000000000
93721  -62.641  -10.731  12.107 0.0000000000
93722  -62.555  -11.157  12.138 0.0000000000
93723  -62.314  -10.635  11.628 0.0000000000
93724  -61.905  -10.476  11.274 0.0000000000
93725  -61.452  -10.279  10.995 0.0000000000
93726  -55.142  -7.334  9.738 0.0000000000
93727  -55.338  -7.844  10.051 0.0000000000
93728  -54.710  -7.744  10.093 0.0000000000
93729  -54.339  -8.120  10.511 0.0000000000
93730  -53.997  -8.484  10.964 0.0000000000
93731  -53.636  -8.778  11.494 0.0000000000
93732  -53.417  -8.388  11.025 0.0000000000
93733  -52.839  -8.322  11.058 0.0000000000
95058  -57.016  -16.153  14.683 0.0000000000
95059  -56.982  -16.549  14.682 0.0000000000
95060  -56.431  -16.414  14.633 0.0000000000
95061  -55.804  -16.631  14.577 0.0000000000
98041  -60.051  -6.683  10.423 0.0000000000
98042  -60.171  -6.958  10.123 0.0000000000
98043  -59.833  -6.496  10.002 0.0000000000
98044  -59.538  -6.290  9.711 0.0000000000
98051  -56.665  -5.754  8.726 0.0000000000
99367  -59.133  -17.812  23.193 0.0000000000
99368  -58.797  -17.831  22.836 0.0000000000
99369  -59.172  -16.980  20.470 0.0000000000
99370  -58.776  -17.122  21.044 0.0000000000
99371  -58.458  -17.245  20.663 0.0000000000
99372  -57.795  -17.518  20.851 0.0000000000
99373  -57.070  -17.932  21.202 0.0000000000
99374  -56.416  -18.336  21.530 0.0000000000
99375  -56.671  -17.936  20.911 0.0000000000
99376  -56.314  -18.006  20.607 0.0000000000
99377  -55.928  -18.015  20.319 0.0000000000
102563  -49.374  -10.961  15.991 0.0000000000
102564  -48.987  -10.779  15.946 0.0000000000
102565  -49.339  -10.351  15.282 0.0000000000
102566  -49.267  -9.826  14.457 0.0000000000
102567  -49.127  -9.431  13.623 0.0000000000
102568  -49.973  -7.969  9.871 0.0000000000
102569  -49.602  -8.320  10.481 0.0000000000
102570  -49.532  -7.938  9.763 0.0000000000
102571  -49.079  -7.924  9.613 0.0000000000
102572  -48.674  -7.795  9.465 0.0000000000
102574  -48.699  -7.191  8.817 0.0000000000
102604  -63.274  -13.942  16.502 0.0000000000
102605  -63.017  -14.486  16.472 0.0000000000
102606  -63.117  -14.193  16.001 0.0000000000
102607  -62.859  -14.358  15.633 0.0000000000
102608  -62.449  -14.473  15.249 0.0000000000
102609  -61.251  -12.735  13.245 0.0000000000
102610  -61.366  -13.310  13.825 0.0000000000
102611  -60.831  -13.155  13.711 0.0000000000
102612  -60.412  -13.630  14.119 0.0000000000
102613  -59.917  -14.128  14.524 0.0000000000
102614  -59.320  -14.649  14.808 0.0000000000
102615  -59.347  -13.876  14.541 0.0000000000
102616  -58.788  -13.726  14.698 0.0000000000
102617  -58.254  -13.507  14.733 0.0000000000
102618  -59.893  -8.233  9.752 0.0000000000
102619  -60.096  -8.753  10.016 0.0000000000
102620  -59.590  -8.604  9.914 0.0000000000
102621  -59.259  -9.002  10.156 0.0000000000
102622  -58.822  -9.398  10.566 0.0000000000
102623  -56.057  -9.682  11.886 0.0000000000
102624  -56.669  -9.810  11.815 0.0000000000
102625  -56.273  -10.134  12.402 0.0000000000
102626  -56.525  -10.600  12.934 0.0000000000
102627  -56.653  -11.113  13.436 0.0000000000
102628  -56.851  -11.685  13.930 0.0000000000
102629  -56.198  -11.476  13.993 0.0000000000
102630  -55.763  -11.906  14.496 0.0000000000
102631  -55.296  -12.380  14.922 0.0000000000
102632  -54.769  -12.892  15.217 0.0000000000
102633  -54.714  -12.204  14.916 0.0000000000
102634  -54.173  -11.974  14.941 0.0000000000
102635  -53.601  -11.830  15.038 0.0000000000
102636  -52.124  -9.893  13.738 0.0000000000
102637  -52.257  -10.363  14.230 0.0000000000
102638  -51.692  -10.254  14.345 0.0000000000
102639  -51.289  -10.632  14.978 0.0000000000
102640  -50.864  -11.107  15.518 0.0000000000
102641  -50.495  -11.569  15.998 0.0000000000
102642  -50.351  -11.007  15.637 0.0000000000
102643  -49.868  -10.961  15.752 0.0000000000
106614  -61.332  -16.390  16.295 0.0000000000
106615  -61.191  -16.528  16.748 0.0000000000
106616  -60.784  -16.669  16.307 0.0000000000
106617  -60.183  -16.878  16.395 0.0000000000
106618  -59.555  -17.054  16.485 0.0000000000
106619  -56.643  -17.434  15.949 0.0000000000
106620  -57.143  -17.441  16.270 0.0000000000
106621  -56.470  -17.533  16.513 0.0000000000
106622  -56.294  -17.602  17.127 0.0000000000
106623  -56.091  -17.652  17.742 0.0000000000
106624  -55.813  -17.760  18.290 0.0000000000
106625  -55.413  -17.796  18.034 0.0000000000
106626  -54.715  -17.956  18.425 0.0000000000
108552  -62.819  -12.410  24.545 0.0000000000
108553  -62.482  -13.144  24.399 0.0000000000
108554  -62.737  -12.819  24.038 0.0000000000
108555  -62.649  -13.225  23.517 0.0000000000
108556  -62.562  -13.573  22.991 0.0000000000
108557  -62.470  -13.980  22.437 0.0000000000
108558  -62.767  -13.317  22.600 0.0000000000
108559  -62.940  -13.114  22.091 0.0000000000
108560  -63.112  -12.870  21.594 0.0000000000
108602  -63.669  -12.331  18.238 0.0000000000
116323  -60.805  -16.047  22.371 0.0000000000
116324  -60.277  -16.500  22.339 0.0000000000
116325  -60.574  -16.146  21.803 0.0000000000
116326  -60.390  -16.370  21.282 0.0000000000
116327  -60.147  -16.570  20.770 0.0000000000
116328  -61.170  -16.178  20.255 0.0000000000
116329  -60.541  -16.478  20.249 0.0000000000
116330  -59.880  -16.733  20.288 0.0000000000
116331  -59.571  -16.891  19.893 0.0000000000
116332  -59.231  -17.044  19.433 0.0000000000
116333  -58.837  -17.185  19.042 0.0000000000
118811  -50.800  -9.396  13.384 0.0000000000
118812  -50.343  -9.297  13.229 0.0000000000
118813  -50.711  -9.017  12.517 0.0000000000
118814  -50.567  -8.732  11.722 0.0000000000
118815  -50.448  -8.404  10.891 0.0000000000
118816  -51.309  -8.152  10.567 0.0000000000
118817  -50.862  -8.047  10.315 0.0000000000
118818  -50.399  -8.015  10.119 0.0000000000
118819  -50.363  -7.548  9.460 0.0000000000
118820  -50.314  -6.994  8.882 0.0000000000
118843  -63.312  -12.601  14.408 0.0000000000
118844  -63.105  -13.047  14.468 0.0000000000
118845  -63.002  -12.607  13.908 0.0000000000
118846  -62.610  -12.605  13.477 0.0000000000
118847  -62.172  -12.528  13.112 0.0000000000
118848  -62.376  -11.587  12.270 0.0000000000
118849  -62.053  -11.984  12.498 0.0000000000
118850  -61.648  -12.354  12.770 0.0000000000
118851  -61.145  -12.162  12.649 0.0000000000
118852  -60.606  -11.955  12.558 0.0000000000
118853  -60.037  -11.731  12.510 0.0000000000
118854  -57.569  -7.789  9.616 0.0000000000
118855  -57.744  -8.320  9.923 0.0000000000
118856  -57.131  -8.173  9.958 0.0000000000
118857  -56.687  -8.561  10.355 0.0000000000
118858  -56.288  -8.940  10.840 0.0000000000
118859  -55.523  -8.328  10.428 0.0000000000
118860  -55.703  -8.801  10.868 0.0000000000
118861  -55.867  -9.246  11.377 0.0000000000
118862  -55.474  -9.556  11.918 0.0000000000
118863  -55.146  -9.850  12.497 0.0000000000
118864  -54.789  -10.137  13.025 0.0000000000
118865  -54.369  -10.450  13.561 0.0000000000
118866  -54.205  -9.990  13.028 0.0000000000
118867  -53.695  -9.848  13.056 0.0000000000
118868  -53.133  -9.706  13.079 0.0000000000
118869  -53.275  -9.065  12.026 0.0000000000
118870  -52.935  -9.344  12.582 0.0000000000
118871  -52.539  -9.610  13.132 0.0000000000
118872  -51.949  -9.512  13.175 0.0000000000
118873  -51.362  -9.416  13.286 0.0000000000
121962  -59.390  -16.523  15.122 0.0000000000
121963  -59.337  -16.805  15.356 0.0000000000
121964  -58.748  -16.782  15.150 0.0000000000
121965  -58.080  -16.987  15.216 0.0000000000
121966  -57.456  -17.161  15.343 0.0000000000
121967  -56.930  -16.883  14.817 0.0000000000
121968  -56.888  -17.144  15.099 0.0000000000
121969  -56.803  -17.336  15.496 0.0000000000
121970  -56.106  -17.455  15.676 0.0000000000
123468  -62.126  -13.179  26.008 0.0000000000
123469  -62.359  -12.782  25.722 0.0000000000
128867  -53.741  -6.756  9.441 0.0000000000
128896  -61.393  -8.571  10.841 0.0000000000
128897  -61.407  -8.893  10.696 0.0000000000
128898  -61.143  -8.426  10.518 0.0000000000
128899  -60.846  -8.215  10.193 0.0000000000
128900  -60.475  -8.060  9.925 0.0000000000
128901  -60.220  -7.257  9.881 0.0000000000
128902  -60.181  -7.560  9.747 0.0000000000
128903  -60.076  -7.897  9.689 0.0000000000
128904  -59.604  -7.738  9.535 0.0000000000
128905  -59.074  -7.660  9.411 0.0000000000
128906  -58.511  -7.492  9.353 0.0000000000
128913  -58.492  -6.663  9.041 0.0000000000
128914  -58.257  -6.973  9.092 0.0000000000
128915  -57.936  -7.359  9.324 0.0000000000
128916  -57.368  -7.239  9.304 0.0000000000
128917  -56.800  -7.116  9.261 0.0000000000
128918  -56.180  -7.006  9.378 0.0000000000
128919  -56.322  -6.143  8.900 0.0000000000
128920  -55.951  -6.508  9.159 0.0000000000
128921  -55.564  -6.908  9.443 0.0000000000
128922  -54.954  -6.838  9.477 0.0000000000
128923  -54.309  -6.802  9.494 0.0000000000
131700  -59.715  -16.934  22.321 0.0000000000
131701  -59.081  -17.373  22.376 0.0000000000
131702  -58.469  -17.787  22.519 0.0000000000
131703  -58.416  -17.411  21.615 0.0000000000
131704  -58.148  -17.788  22.157 0.0000000000
131705  -57.911  -18.269  22.628 0.0000000000
131706  -57.331  -18.835  22.797 0.0000000000
131710  -55.628  -20.099  22.647 0.0000000000
131711  -55.257  -20.014  22.449 0.0000000000
131712  -55.849  -18.773  21.799 0.0000000000
131713  -55.319  -19.327  22.067 0.0000000000
131716  -54.066  -19.748  21.842 0.0000000000
131718  -54.685  -15.467  15.003 0.0000000000
138419  -47.709  -13.166  17.729 0.0000000000
138420  -47.388  -12.952  17.866 0.0000000000
138421  -47.854  -12.349  17.472 0.0000000000
138422  -47.939  -11.551  16.971 0.0000000000
138423  -47.884  -10.890  16.363 0.0000000000
138424  -48.611  -10.611  15.815 0.0000000000
138425  -48.204  -10.452  15.748 0.0000000000
138426  -47.787  -10.348  15.656 0.0000000000
138427  -47.682  -9.934  14.845 0.0000000000
138428  -47.547  -9.649  13.947 0.0000000000
138430  -49.899  -9.204  13.065 0.0000000000
138431  -49.441  -9.175  12.881 0.0000000000
138432  -49.021  -9.160  12.723 0.0000000000
138433  -49.230  -8.616  11.137 0.0000000000
138434  -48.879  -8.870  11.839 0.0000000000
138435  -48.589  -9.129  12.540 0.0000000000
138436  -48.158  -9.104  12.338 0.0000000000
138437  -47.762  -9.090  12.267 0.0000000000
138448  -52.793  -6.383  9.189 0.0000000000
138449  -52.327  -6.268  9.028 0.0000000000
138502  -62.726  -14.823  18.423 0.0000000000
138503  -62.440  -15.351  18.352 0.0000000000
138504  -62.567  -15.147  17.852 0.0000000000
138505  -62.390  -15.470  17.341 0.0000000000
138506  -62.171  -15.829  16.844 0.0000000000
138507  -62.649  -15.063  16.457 0.0000000000
138508  -62.251  -15.637  16.413 0.0000000000
138509  -61.831  -16.062  16.339 0.0000000000
138510  -61.442  -16.259  15.915 0.0000000000
138511  -60.986  -16.265  15.599 0.0000000000
138512  -60.525  -16.287  15.326 0.0000000000
138513  -62.806  -13.493  14.583 0.0000000000
138514  -62.422  -14.023  14.817 0.0000000000
138515  -62.000  -14.572  14.996 0.0000000000
138516  -61.474  -13.874  14.339 0.0000000000
138517  -61.525  -14.563  14.771 0.0000000000
138518  -61.522  -15.123  15.075 0.0000000000
138519  -61.005  -15.587  15.099 0.0000000000
138520  -60.509  -15.934  15.109 0.0000000000
138521  -59.970  -16.228  15.117 0.0000000000
138522  -59.376  -16.193  14.950 0.0000000000
138523  -58.766  -16.148  14.821 0.0000000000
138524  -58.157  -16.026  14.771 0.0000000000
138525  -58.725  -15.124  14.842 0.0000000000
138526  -58.122  -15.560  14.812 0.0000000000
138527  -57.557  -15.898  14.739 0.0000000000
138528  -56.995  -15.704  14.792 0.0000000000
138529  -56.440  -15.493  14.899 0.0000000000
138530  -55.869  -15.308  15.015 0.0000000000
138531  -61.343  -9.273  10.633 0.0000000000
138532  -61.214  -9.692  10.661 0.0000000000
138533  -60.988  -10.077  10.770 0.0000000000
138534  -60.316  -9.322  10.311 0.0000000000
138535  -60.505  -9.882  10.658 0.0000000000
138536  -60.705  -10.455  11.040 0.0000000000
138537  -60.352  -10.811  11.398 0.0000000000
138538  -59.923  -11.175  11.920 0.0000000000
138539  -59.469  -11.493  12.497 0.0000000000
138540  -57.945  -8.802  10.292 0.0000000000
138541  -58.162  -9.279  10.671 0.0000000000
138542  -58.383  -9.735  11.042 0.0000000000
138543  -57.299  -9.926  11.704 0.0000000000
138544  -57.917  -10.079  11.598 0.0000000000
138545  -58.593  -10.227  11.505 0.0000000000
138546  -58.750  -10.752  12.026 0.0000000000
138547  -58.904  -11.290  12.566 0.0000000000
138548  -59.058  -11.837  13.129 0.0000000000
138549  -58.640  -12.243  13.749 0.0000000000
138550  -58.219  -12.695  14.352 0.0000000000
138551  -57.684  -13.287  14.820 0.0000000000
138552  -57.032  -12.326  14.422 0.0000000000
138553  -57.103  -13.091  14.936 0.0000000000
138554  -57.110  -13.848  15.161 0.0000000000
138555  -56.525  -14.325  15.281 0.0000000000
138556  -55.916  -14.741  15.227 0.0000000000
138557  -55.265  -15.148  15.152 0.0000000000
138558  -54.771  -14.946  15.261 0.0000000000
138559  -54.231  -14.781  15.365 0.0000000000
138560  -53.690  -14.584  15.478 0.0000000000
138561  -54.307  -13.405  15.454 0.0000000000
138562  -53.785  -13.901  15.577 0.0000000000
138563  -53.171  -14.370  15.568 0.0000000000
138565  -52.103  -14.038  15.869 0.0000000000
138566  -51.611  -13.814  16.021 0.0000000000
138567  -53.956  -10.802  14.083 0.0000000000
138568  -53.504  -11.211  14.575 0.0000000000
138569  -53.050  -11.625  15.043 0.0000000000
138570  -52.393  -10.875  14.704 0.0000000000
138571  -52.509  -11.447  15.128 0.0000000000
138572  -52.612  -12.056  15.459 0.0000000000
138573  -52.149  -12.613  15.795 0.0000000000
138574  -51.658  -13.108  16.057 0.0000000000
138576  -50.659  -13.523  16.433 0.0000000000
138577  -50.176  -13.403  16.615 0.0000000000
138578  -49.703  -13.293  16.824 0.0000000000
138579  -50.131  -12.025  16.409 0.0000000000
138580  -49.697  -12.630  16.731 0.0000000000
138581  -49.233  -13.235  17.008 0.0000000000
138582  -48.695  -13.242  17.232 0.0000000000
138583  -48.200  -13.189  17.460 0.0000000000
146643  -62.088  -15.835  18.331 0.0000000000
146644  -61.664  -16.226  18.263 0.0000000000
146645  -61.130  -16.517  18.231 0.0000000000
146646  -61.022  -16.633  17.225 0.0000000000
146647  -60.789  -16.703  17.713 0.0000000000
146648  -60.537  -16.767  18.239 0.0000000000
146649  -59.866  -16.953  18.333 0.0000000000
146650  -59.187  -17.116  18.488 0.0000000000
146651  -58.467  -17.315  18.633 0.0000000000
146652  -59.191  -17.007  15.714 0.0000000000
146653  -59.049  -17.113  16.124 0.0000000000
146654  -58.838  -17.194  16.656 0.0000000000
146655  -57.638  -17.368  16.590 0.0000000000
146656  -58.138  -17.317  16.909 0.0000000000
146657  -58.587  -17.270  17.234 0.0000000000
146658  -58.383  -17.331  17.757 0.0000000000
146659  -58.082  -17.393  18.311 0.0000000000
146660  -57.704  -17.460  18.943 0.0000000000
146661  -56.954  -17.621  19.269 0.0000000000
146662  -56.237  -17.821  19.609 0.0000000000
146663  -55.548  -18.027  19.999 0.0000000000
146664  -55.511  -17.896  18.972 0.0000000000
146665  -55.210  -18.069  19.671 0.0000000000
146666  -54.906  -18.324  20.379 0.0000000000
146667  -54.295  -18.685  20.709 0.0000000000
150531  -60.302  -17.079  23.991 0.0000000000
150532  -60.555  -16.641  23.636 0.0000000000
150533  -60.788  -16.220  23.241 0.0000000000
150534  -61.676  -14.253  25.403 0.0000000000
150535  -61.532  -14.597  24.993 0.0000000000
150536  -61.440  -14.856  24.564 0.0000000000
150537  -62.059  -13.897  24.232 0.0000000000
150538  -61.676  -14.488  24.175 0.0000000000
150539  -61.351  -15.102  24.130 0.0000000000
150540  -61.323  -15.368  23.687 0.0000000000
150541  -61.207  -15.612  23.227 0.0000000000
150542  -61.025  -15.840  22.799 0.0000000000
150543  -61.307  -15.544  22.307 0.0000000000
150544  -61.636  -15.402  21.787 0.0000000000
150545  -61.941  -15.264  21.342 0.0000000000
150546  -62.365  -14.372  21.884 0.0000000000
150547  -62.276  -14.748  21.362 0.0000000000
150548  -62.172  -15.050  20.910 0.0000000000
150549  -62.367  -14.892  20.447 0.0000000000
150550  -62.547  -14.754  19.960 0.0000000000
150551  -62.722  -14.550  19.465 0.0000000000
150625  -63.349  -12.158  21.646 0.0000000000
150626  -63.277  -12.614  21.098 0.0000000000
150628  -63.426  -12.400  20.552 0.0000000000
150629  -63.207  -13.057  20.541 0.0000000000
150630  -63.107  -13.532  19.979 0.0000000000
150631  -62.973  -13.942  19.430 0.0000000000
150632  -62.823  -14.334  18.889 0.0000000000
150633  -63.023  -14.137  18.391 0.0000000000
150634  -63.178  -13.999  17.881 0.0000000000
150635  -63.307  -13.820  17.375 0.0000000000
150636  -63.604  -12.750  17.760 0.0000000000
150637  -63.532  -13.150  17.279 0.0000000000
150638  -63.423  -13.560  16.872 0.0000000000
150639  -63.515  -13.311  16.361 0.0000000000
150640  -63.531  -13.037  15.826 0.0000000000
150641  -63.520  -12.697  15.301 0.0000000000
150649  -63.572  -12.019  15.159 0.0000000000
150650  -63.475  -12.313  14.764 0.0000000000
150651  -63.391  -11.889  14.201 0.0000000000
150652  -63.244  -11.465  13.570 0.0000000000
150653  -63.040  -11.050  12.998 0.0000000000
150687  -61.163  -8.073  11.028 0.0000000000
150688  -60.834  -7.621  10.930 0.0000000000
150689  -60.477  -7.176  10.872 0.0000000000
150691  -60.034  -6.697  11.257 0.0000000000
150692  -60.069  -6.704  10.842 0.0000000000
150693  -59.644  -6.256  10.758 0.0000000000
150694  -59.237  -5.765  10.734 0.0000000000
150695  -58.843  -5.233  10.786 0.0000000000
150701  -58.242  -4.507  12.214 0.0000000000
150702  -58.364  -4.619  11.762 0.0000000000
150703  -58.449  -4.696  11.297 0.0000000000
