#!ascii label  , from subject fsaverage vox2ras=TkReg
325
130  -43.956  -75.728  14.170 0.0000000000
550  -40.630  -80.799  6.023 0.0000000000
1214  -42.766  -77.145  9.846 0.0000000000
1215  -46.462  -79.248  7.447 0.0000000000
1216  -47.564  -75.590  11.229 0.0000000000
3134  -43.148  -76.123  11.870 0.0000000000
3135  -45.606  -77.013  10.936 0.0000000000
3136  -45.841  -75.654  12.642 0.0000000000
3178  -40.091  -76.451  10.755 0.0000000000
5086  -42.111  -82.618  5.102 0.0000000000
5087  -47.961  -77.004  7.359 0.0000000000
5088  -46.573  -78.923  5.286 0.0000000000
5215  -38.548  -79.446  6.417 0.0000000000
6794  -42.074  -79.113  7.995 0.0000000000
6795  -43.760  -80.896  7.013 0.0000000000
6796  -44.918  -78.643  9.108 0.0000000000
6797  -47.393  -77.258  9.554 0.0000000000
6798  -48.572  -75.213  9.345 0.0000000000
6873  -37.553  -77.602  10.036 0.0000000000
6874  -39.661  -77.773  8.476 0.0000000000
9435  -44.985  -81.416  5.520 0.0000000000
9436  -45.070  -80.684  3.392 0.0000000000
10814  -43.581  -75.987  12.968 0.0000000000
10815  -44.602  -76.052  12.328 0.0000000000
10816  -44.837  -75.704  13.316 0.0000000000
10857  -42.626  -76.098  13.633 0.0000000000
10858  -41.970  -76.065  12.401 0.0000000000
15164  -42.440  -78.060  8.943 0.0000000000
15165  -43.558  -79.027  8.572 0.0000000000
15166  -43.931  -78.031  9.560 0.0000000000
15167  -46.800  -76.469  11.149 0.0000000000
15168  -46.618  -77.237  10.376 0.0000000000
15169  -47.667  -76.468  10.441 0.0000000000
15170  -48.203  -76.426  9.542 0.0000000000
15171  -48.197  -75.457  10.365 0.0000000000
15295  -41.271  -76.683  10.075 0.0000000000
15296  -39.898  -77.003  9.546 0.0000000000
15297  -41.234  -77.447  9.088 0.0000000000
15298  -40.893  -78.435  8.093 0.0000000000
21022  -45.301  -80.233  7.293 0.0000000000
21023  -44.454  -81.400  6.339 0.0000000000
21024  -45.793  -80.302  6.466 0.0000000000
21025  -45.770  -78.697  4.345 0.0000000000
21026  -45.773  -79.929  4.340 0.0000000000
21027  -45.030  -79.512  3.417 0.0000000000
24074  -42.836  -76.467  10.829 0.0000000000
24075  -44.196  -77.227  10.480 0.0000000000
24076  -44.324  -76.572  11.305 0.0000000000
24077  -45.697  -76.309  11.709 0.0000000000
24078  -46.817  -75.636  12.036 0.0000000000
24153  -40.456  -76.290  12.016 0.0000000000
24154  -41.529  -76.216  11.213 0.0000000000
27589  -47.478  -78.240  7.439 0.0000000000
27590  -46.721  -79.201  6.428 0.0000000000
27591  -47.378  -77.935  6.341 0.0000000000
27592  -46.621  -77.730  5.324 0.0000000000
27819  -37.529  -78.898  6.770 0.0000000000
31214  -41.439  -80.052  7.008 0.0000000000
31215  -42.210  -81.006  6.609 0.0000000000
31216  -43.026  -80.116  7.589 0.0000000000
31217  -44.513  -79.765  8.025 0.0000000000
31218  -45.871  -79.071  8.298 0.0000000000
31219  -45.369  -77.754  10.132 0.0000000000
31220  -46.254  -78.079  9.396 0.0000000000
31221  -47.053  -78.215  8.489 0.0000000000
31222  -47.999  -77.186  8.520 0.0000000000
31223  -48.379  -76.086  8.344 0.0000000000
31397  -37.113  -78.039  8.725 0.0000000000
31398  -38.790  -76.941  10.367 0.0000000000
31399  -38.477  -77.494  9.090 0.0000000000
31400  -38.117  -78.207  7.906 0.0000000000
31401  -39.227  -78.711  7.467 0.0000000000
31402  -40.359  -79.358  7.202 0.0000000000
38541  -42.862  -81.895  6.109 0.0000000000
38542  -43.652  -82.365  5.494 0.0000000000
38543  -44.313  -82.308  4.544 0.0000000000
38544  -45.978  -80.193  5.474 0.0000000000
38545  -45.244  -81.180  4.485 0.0000000000
38546  -44.540  -81.888  3.480 0.0000000000
38561  -47.106  -74.665  11.957 0.0000000000
38564  -47.707  -74.548  10.990 0.0000000000
38566  -48.209  -73.973  9.060 0.0000000000
41534  -43.785  -75.889  13.549 0.0000000000
41535  -44.223  -75.912  13.119 0.0000000000
41536  -44.377  -75.748  13.701 0.0000000000
41575  -43.560  -75.800  14.528 0.0000000000
41576  -42.950  -76.042  14.296 0.0000000000
41577  -43.332  -75.941  13.894 0.0000000000
41578  -43.087  -76.015  13.265 0.0000000000
45884  -42.615  -77.604  9.382 0.0000000000
45885  -43.176  -78.105  9.205 0.0000000000
45886  -43.352  -77.636  9.681 0.0000000000
45887  -47.305  -76.102  11.235 0.0000000000
45888  -47.253  -76.486  10.798 0.0000000000
45889  -47.665  -76.043  10.813 0.0000000000
45890  -48.010  -75.964  10.428 0.0000000000
45891  -47.980  -75.528  10.787 0.0000000000
46015  -42.001  -76.897  9.906 0.0000000000
46016  -41.244  -77.037  9.561 0.0000000000
46017  -41.954  -77.292  9.409 0.0000000000
46018  -41.835  -77.751  8.976 0.0000000000
51742  -45.909  -79.710  7.387 0.0000000000
51743  -45.585  -80.281  6.897 0.0000000000
51744  -46.137  -79.749  6.945 0.0000000000
51746  -45.401  -79.122  3.868 0.0000000000
52125  -36.216  -78.652  7.909 0.0000000000
55484  -42.933  -76.233  11.332 0.0000000000
55485  -43.593  -76.514  11.081 0.0000000000
55486  -43.767  -76.301  11.569 0.0000000000
55487  -45.260  -75.894  12.528 0.0000000000
55488  -45.131  -76.199  11.988 0.0000000000
55489  -45.763  -75.978  12.180 0.0000000000
55490  -46.302  -75.999  11.900 0.0000000000
55491  -46.337  -75.634  12.345 0.0000000000
55614  -40.779  -76.308  12.644 0.0000000000
55615  -42.506  -76.020  12.072 0.0000000000
55616  -41.703  -76.054  11.799 0.0000000000
55617  -42.307  -76.139  11.523 0.0000000000
55618  -42.157  -76.328  10.935 0.0000000000
61342  -47.778  -77.622  7.387 0.0000000000
61343  -47.429  -78.124  6.878 0.0000000000
61344  -47.693  -77.472  6.876 0.0000000000
61725  -38.078  -79.130  6.593 0.0000000000
68534  -41.788  -79.610  7.482 0.0000000000
68535  -42.240  -80.089  7.321 0.0000000000
68536  -42.587  -79.635  7.770 0.0000000000
68537  -44.264  -78.863  8.857 0.0000000000
68538  -44.068  -79.429  8.326 0.0000000000
68539  -44.735  -79.194  8.553 0.0000000000
68540  -45.209  -79.471  8.193 0.0000000000
68541  -45.429  -78.894  8.720 0.0000000000
68542  -44.929  -77.201  10.712 0.0000000000
68543  -44.824  -77.555  10.331 0.0000000000
68544  -45.510  -77.383  10.552 0.0000000000
68545  -47.056  -77.238  9.954 0.0000000000
68546  -46.457  -77.644  9.924 0.0000000000
68547  -46.865  -77.693  9.473 0.0000000000
68548  -46.695  -78.214  8.927 0.0000000000
68549  -47.216  -77.722  9.043 0.0000000000
68550  -47.599  -77.705  8.537 0.0000000000
68551  -47.705  -77.272  9.075 0.0000000000
68552  -48.448  -75.876  9.454 0.0000000000
68553  -48.383  -76.282  8.941 0.0000000000
68554  -48.532  -75.641  8.826 0.0000000000
68555  -48.453  -75.456  8.261 0.0000000000
68556  -48.527  -75.025  8.745 0.0000000000
68920  -37.256  -77.818  10.514 0.0000000000
68922  -36.997  -77.954  9.858 0.0000000000
68923  -36.753  -78.132  9.168 0.0000000000
68924  -37.330  -77.793  9.388 0.0000000000
68925  -39.592  -76.464  11.181 0.0000000000
68927  -39.423  -76.669  10.539 0.0000000000
68928  -39.793  -77.380  8.992 0.0000000000
68929  -39.174  -77.238  9.314 0.0000000000
68930  -39.028  -77.594  8.767 0.0000000000
68931  -38.333  -77.845  8.493 0.0000000000
68932  -38.892  -77.984  8.207 0.0000000000
68933  -38.678  -78.424  7.670 0.0000000000
68934  -39.456  -78.252  7.990 0.0000000000
68935  -41.480  -78.767  8.043 0.0000000000
68936  -40.662  -78.898  7.668 0.0000000000
68937  -41.226  -79.241  7.588 0.0000000000
68938  -40.865  -79.723  7.056 0.0000000000
86107  -42.982  -81.067  6.826 0.0000000000
86108  -42.487  -81.467  6.352 0.0000000000
86109  -43.281  -81.453  6.570 0.0000000000
86110  -44.749  -81.450  5.968 0.0000000000
86111  -44.024  -81.939  5.912 0.0000000000
86112  -44.362  -82.008  5.530 0.0000000000
86113  -43.976  -82.375  5.044 0.0000000000
86114  -44.620  -81.897  5.049 0.0000000000
86115  -46.725  -79.033  5.891 0.0000000000
86116  -46.361  -79.680  5.950 0.0000000000
86117  -46.320  -79.580  5.399 0.0000000000
86118  -45.382  -80.358  3.838 0.0000000000
86119  -45.556  -80.583  4.376 0.0000000000
86120  -45.205  -80.969  3.901 0.0000000000
86121  -44.877  -81.563  3.991 0.0000000000
86122  -44.851  -81.296  3.412 0.0000000000
86168  -47.891  -74.481  10.535 0.0000000000
93194  -43.353  -76.060  12.391 0.0000000000
93195  -43.918  -76.128  12.079 0.0000000000
93196  -44.027  -76.014  12.591 0.0000000000
93197  -44.704  -75.877  12.792 0.0000000000
93198  -45.351  -75.669  12.960 0.0000000000
93271  -41.875  -76.237  13.436 0.0000000000
93272  -41.498  -76.189  12.801 0.0000000000
93273  -42.277  -76.068  12.993 0.0000000000
93274  -42.789  -76.027  12.665 0.0000000000
101024  -42.276  -78.581  8.484 0.0000000000
101025  -42.833  -79.114  8.283 0.0000000000
101026  -43.008  -78.571  8.775 0.0000000000
101027  -43.747  -78.501  9.096 0.0000000000
101028  -44.494  -78.335  9.421 0.0000000000
101029  -46.232  -76.768  11.063 0.0000000000
101030  -46.145  -77.141  10.704 0.0000000000
101031  -46.744  -76.852  10.744 0.0000000000
101032  -47.187  -76.859  10.394 0.0000000000
101033  -47.574  -76.830  10.029 0.0000000000
101034  -47.859  -76.882  9.593 0.0000000000
101035  -47.983  -76.402  10.057 0.0000000000
101036  -48.290  -75.919  9.992 0.0000000000
101037  -48.410  -75.387  9.881 0.0000000000
101259  -40.646  -76.480  10.407 0.0000000000
101260  -39.958  -76.681  10.140 0.0000000000
101261  -40.597  -76.791  9.823 0.0000000000
101262  -40.554  -77.172  9.284 0.0000000000
101263  -40.451  -77.599  8.753 0.0000000000
101264  -40.279  -78.087  8.239 0.0000000000
101265  -41.081  -77.929  8.601 0.0000000000
101266  -41.674  -78.243  8.509 0.0000000000
111568  -44.548  -80.618  7.162 0.0000000000
111569  -44.152  -81.226  6.668 0.0000000000
111570  -44.916  -80.800  6.792 0.0000000000
111571  -45.243  -80.861  6.456 0.0000000000
111572  -45.383  -80.881  5.990 0.0000000000
111573  -46.266  -78.834  4.825 0.0000000000
111574  -46.155  -79.446  4.849 0.0000000000
111575  -45.862  -79.303  4.349 0.0000000000
111576  -45.450  -79.756  3.817 0.0000000000
111577  -45.123  -80.100  3.377 0.0000000000
117614  -42.788  -76.763  10.336 0.0000000000
117615  -43.475  -77.194  10.195 0.0000000000
117616  -43.512  -76.818  10.648 0.0000000000
117617  -44.273  -76.893  10.880 0.0000000000
117618  -44.990  -76.843  11.095 0.0000000000
117619  -44.469  -76.291  11.793 0.0000000000
117620  -45.032  -76.547  11.489 0.0000000000
117621  -45.669  -76.668  11.310 0.0000000000
117622  -46.304  -76.390  11.482 0.0000000000
117623  -46.823  -76.034  11.599 0.0000000000
117624  -47.180  -75.622  11.626 0.0000000000
117797  -40.213  -76.287  11.358 0.0000000000
117798  -41.196  -76.163  12.192 0.0000000000
117799  -40.899  -76.156  11.574 0.0000000000
117800  -40.738  -76.270  11.003 0.0000000000
117801  -41.386  -76.375  10.655 0.0000000000
117802  -42.088  -76.562  10.412 0.0000000000
125815  -46.978  -78.784  7.456 0.0000000000
125816  -46.635  -79.286  6.945 0.0000000000
125817  -47.073  -78.746  6.904 0.0000000000
125818  -47.127  -78.544  6.384 0.0000000000
125819  -46.992  -78.401  5.820 0.0000000000
125820  -47.488  -77.356  6.307 0.0000000000
125821  -47.137  -77.820  5.781 0.0000000000
125822  -46.690  -78.319  5.266 0.0000000000
125823  -46.166  -78.277  4.757 0.0000000000
125824  -45.554  -78.093  4.431 0.0000000000
135194  -41.088  -80.457  6.511 0.0000000000
135195  -41.414  -80.916  6.323 0.0000000000
135196  -41.865  -80.519  6.859 0.0000000000
135197  -42.634  -80.571  7.107 0.0000000000
135198  -43.401  -80.542  7.316 0.0000000000
135199  -43.346  -79.581  8.061 0.0000000000
135200  -43.783  -79.987  7.820 0.0000000000
135201  -44.159  -80.339  7.514 0.0000000000
135202  -44.902  -80.059  7.680 0.0000000000
135203  -45.589  -79.664  7.785 0.0000000000
135204  -46.206  -79.181  7.869 0.0000000000
135205  -44.094  -77.603  10.058 0.0000000000
135206  -44.675  -77.903  9.889 0.0000000000
135207  -45.160  -78.156  9.637 0.0000000000
135208  -46.002  -77.544  10.306 0.0000000000
135209  -45.803  -77.936  9.803 0.0000000000
135210  -45.568  -78.395  9.288 0.0000000000
135211  -46.104  -78.548  8.845 0.0000000000
135212  -46.476  -78.668  8.404 0.0000000000
135213  -46.780  -78.738  7.963 0.0000000000
135214  -47.321  -78.240  7.986 0.0000000000
135215  -47.759  -77.710  7.951 0.0000000000
135216  -48.070  -77.130  7.879 0.0000000000
135217  -48.108  -76.800  9.048 0.0000000000
135218  -48.237  -76.664  8.430 0.0000000000
135219  -48.192  -76.545  7.845 0.0000000000
135220  -48.253  -75.922  7.799 0.0000000000
135687  -36.128  -78.569  8.945 0.0000000000
135688  -36.519  -78.354  8.550 0.0000000000
135689  -36.899  -78.330  8.097 0.0000000000
135692  -38.166  -77.259  10.201 0.0000000000
135693  -39.291  -76.909  9.889 0.0000000000
135694  -38.622  -77.186  9.717 0.0000000000
135695  -37.947  -77.478  9.543 0.0000000000
135696  -37.814  -77.766  8.881 0.0000000000
135697  -37.596  -78.087  8.274 0.0000000000
135698  -37.359  -78.415  7.654 0.0000000000
135699  -37.854  -78.583  7.351 0.0000000000
135700  -38.412  -78.812  7.125 0.0000000000
135701  -38.916  -79.117  6.952 0.0000000000
135702  -40.067  -78.586  7.766 0.0000000000
135703  -39.790  -79.052  7.321 0.0000000000
135704  -39.459  -79.446  6.807 0.0000000000
135705  -40.016  -79.748  6.679 0.0000000000
135706  -40.527  -80.096  6.574 0.0000000000
141885  -44.520  -75.506  14.294 0.0000000000
156579  -41.712  -81.402  6.079 0.0000000000
156580  -42.029  -81.870  5.851 0.0000000000
156581  -42.462  -82.285  5.598 0.0000000000
156582  -43.678  -81.740  6.254 0.0000000000
156583  -43.296  -82.233  5.851 0.0000000000
156584  -42.905  -82.559  5.344 0.0000000000
156587  -43.982  -82.581  4.094 0.0000000000
156588  -46.286  -79.767  6.461 0.0000000000
156589  -45.948  -80.304  6.017 0.0000000000
156590  -45.531  -80.814  5.518 0.0000000000
156591  -45.923  -80.086  4.900 0.0000000000
156592  -45.606  -80.707  4.970 0.0000000000
156593  -45.176  -81.309  5.053 0.0000000000
156594  -44.828  -81.749  4.562 0.0000000000
156595  -44.493  -82.120  4.045 0.0000000000
156633  -44.929  -75.510  13.904 0.0000000000
156635  -45.880  -75.365  13.056 0.0000000000
156637  -46.213  -74.944  13.161 0.0000000000
156638  -46.348  -75.298  12.746 0.0000000000
156639  -46.747  -75.217  12.452 0.0000000000
156640  -47.067  -75.165  12.019 0.0000000000
156641  -47.385  -75.114  11.599 0.0000000000
156648  -47.032  -74.182  11.833 0.0000000000
156649  -47.460  -74.607  11.467 0.0000000000
156650  -47.721  -75.060  11.132 0.0000000000
156651  -48.022  -74.975  10.695 0.0000000000
156652  -48.224  -74.941  10.251 0.0000000000
156653  -48.376  -74.782  9.761 0.0000000000
156655  -48.215  -74.173  9.597 0.0000000000
156656  -48.455  -74.582  9.261 0.0000000000
156657  -48.358  -74.393  8.668 0.0000000000
