#!ascii label  , from subject fsaverage vox2ras=TkReg
690
7  -21.393  -61.263  8.910 0.0000000000
210  -22.134  -54.197  2.990 0.0000000000
450  -20.668  -52.312  -3.418 0.0000000000
690  -23.853  -58.760  6.943 0.0000000000
691  -25.653  -63.281  7.280 0.0000000000
987  -23.403  -59.183  0.043 0.0000000000
988  -22.513  -53.336  -0.716 0.0000000000
1529  -19.760  -54.413  6.195 0.0000000000
1530  -25.549  -59.345  3.203 0.0000000000
2007  -17.164  -48.124  -0.809 0.0000000000
2008  -16.064  -45.316  -2.960 0.0000000000
2609  -20.124  -59.662  8.788 0.0000000000
2610  -22.813  -60.378  7.993 0.0000000000
2611  -23.615  -62.363  8.267 0.0000000000
3507  -26.495  -61.520  5.371 0.0000000000
3508  -25.229  -59.166  5.269 0.0000000000
3509  -26.694  -61.899  3.149 0.0000000000
3510  -25.550  -62.041  1.484 0.0000000000
4399  -19.810  -51.951  2.607 0.0000000000
4400  -21.741  -52.885  -2.214 0.0000000000
4401  -20.883  -50.533  -0.514 0.0000000000
4402  -20.649  -49.628  -1.949 0.0000000000
4403  -16.822  -46.823  -1.911 0.0000000000
4404  -20.215  -48.576  -3.185 0.0000000000
4405  -19.458  -47.329  -4.223 0.0000000000
4406  -19.450  -51.415  -4.430 0.0000000000
5848  -19.654  -56.402  7.652 0.0000000000
5849  -21.390  -58.391  7.883 0.0000000000
5850  -25.120  -60.943  7.225 0.0000000000
5851  -26.754  -64.083  5.325 0.0000000000
6383  -23.801  -56.527  1.346 0.0000000000
6384  -22.654  -53.769  1.152 0.0000000000
6385  -22.993  -56.154  -0.365 0.0000000000
6386  -21.603  -55.911  -1.717 0.0000000000
6387  -19.892  -55.423  -2.558 0.0000000000
7405  -21.261  -54.317  4.678 0.0000000000
7406  -21.881  -56.393  6.656 0.0000000000
7407  -23.306  -56.684  5.037 0.0000000000
7408  -23.970  -56.712  3.191 0.0000000000
7409  -24.844  -59.288  1.453 0.0000000000
8597  -20.517  -51.291  1.049 0.0000000000
8598  -17.073  -49.175  0.426 0.0000000000
8603  -15.178  -43.760  -4.065 0.0000000000
9594  -22.880  -63.613  8.636 0.0000000000
10081  -24.719  -65.178  7.802 0.0000000000
10289  -20.869  -60.493  8.869 0.0000000000
10290  -21.995  -60.908  8.402 0.0000000000
10291  -22.468  -61.736  8.534 0.0000000000
11187  -26.838  -63.032  4.224 0.0000000000
11188  -26.703  -61.779  4.258 0.0000000000
11189  -26.723  -63.176  3.194 0.0000000000
11190  -26.311  -63.307  2.288 0.0000000000
12077  -20.640  -53.244  3.663 0.0000000000
12078  -19.315  -52.197  3.351 0.0000000000
12079  -21.065  -52.973  2.839 0.0000000000
12080  -21.250  -52.632  -2.837 0.0000000000
12081  -21.464  -51.219  -2.175 0.0000000000
12082  -21.174  -50.878  -2.851 0.0000000000
12083  -20.469  -49.122  -2.583 0.0000000000
12084  -20.792  -50.521  -3.461 0.0000000000
12085  -20.346  -49.979  -4.023 0.0000000000
12086  -20.094  -51.857  -3.938 0.0000000000
13585  -19.260  -57.259  8.275 0.0000000000
13586  -19.998  -58.169  8.339 0.0000000000
13587  -24.487  -61.748  7.844 0.0000000000
13588  -24.075  -60.681  7.717 0.0000000000
13589  -25.508  -62.110  7.225 0.0000000000
13590  -26.271  -62.451  6.353 0.0000000000
13591  -26.317  -63.702  6.376 0.0000000000
14477  -23.854  -57.753  0.654 0.0000000000
14478  -23.454  -56.390  0.446 0.0000000000
14479  -23.201  -57.632  -0.119 0.0000000000
14481  -21.542  -57.389  -1.246 0.0000000000
14483  -20.791  -55.653  -2.188 0.0000000000
16276  -20.585  -54.311  5.599 0.0000000000
16277  -21.831  -57.467  7.371 0.0000000000
16278  -20.890  -56.409  7.188 0.0000000000
16279  -22.896  -57.563  6.823 0.0000000000
16280  -25.492  -59.305  4.211 0.0000000000
16281  -24.229  -57.920  5.229 0.0000000000
16282  -24.678  -58.027  4.152 0.0000000000
16283  -23.749  -56.814  4.047 0.0000000000
16284  -24.742  -57.968  3.234 0.0000000000
16285  -24.666  -57.924  2.325 0.0000000000
16286  -25.296  -59.308  2.324 0.0000000000
18955  -22.640  -53.581  0.195 0.0000000000
18956  -21.722  -52.472  1.112 0.0000000000
18957  -21.856  -52.135  0.221 0.0000000000
18958  -19.260  -49.301  -0.491 0.0000000000
18959  -19.174  -49.770  0.177 0.0000000000
18960  -17.213  -48.704  -0.180 0.0000000000
18964  -14.738  -46.666  -1.053 0.0000000000
18965  -16.461  -46.068  -2.456 0.0000000000
18966  -14.128  -45.124  -2.077 0.0000000000
18967  -13.796  -44.340  -2.578 0.0000000000
18969  -13.750  -43.729  -3.053 0.0000000000
18971  -15.572  -44.547  -3.514 0.0000000000
18973  -18.904  -46.603  -4.711 0.0000000000
22637  -23.781  -64.386  8.361 0.0000000000
23127  -19.503  -58.756  8.860 0.0000000000
23128  -20.715  -59.134  8.335 0.0000000000
23129  -21.362  -59.995  8.354 0.0000000000
23130  -23.270  -61.372  8.082 0.0000000000
23131  -24.775  -62.911  7.927 0.0000000000
23664  -22.468  -58.967  -0.458 0.0000000000
24743  -25.436  -60.064  6.342 0.0000000000
24744  -24.674  -58.991  6.243 0.0000000000
24745  -26.014  -60.386  5.352 0.0000000000
24746  -26.282  -60.602  4.209 0.0000000000
24747  -26.177  -60.674  3.093 0.0000000000
24748  -25.849  -60.735  2.261 0.0000000000
24749  -26.255  -62.030  2.303 0.0000000000
26349  -18.237  -50.934  2.264 0.0000000000
26350  -22.155  -53.126  -1.494 0.0000000000
26351  -21.863  -51.882  -0.677 0.0000000000
26352  -21.726  -51.584  -1.432 0.0000000000
26353  -20.797  -50.079  -1.277 0.0000000000
26354  -19.230  -48.767  -1.153 0.0000000000
26355  -17.024  -47.511  -1.384 0.0000000000
26356  -19.150  -48.238  -1.761 0.0000000000
26357  -18.968  -47.612  -2.334 0.0000000000
26358  -18.590  -46.914  -2.925 0.0000000000
26359  -18.126  -46.206  -3.444 0.0000000000
26360  -19.830  -47.980  -3.721 0.0000000000
29004  -20.553  -57.392  7.763 0.0000000000
29005  -22.681  -58.513  7.507 0.0000000000
29006  -22.110  -59.370  7.954 0.0000000000
29007  -23.414  -59.565  7.593 0.0000000000
29008  -24.568  -59.863  7.112 0.0000000000
29009  -25.979  -61.257  6.372 0.0000000000
29010  -26.718  -62.779  5.322 0.0000000000
29011  -26.865  -64.358  4.160 0.0000000000
30251  -23.214  -55.260  2.230 0.0000000000
30252  -22.438  -53.950  2.109 0.0000000000
30253  -23.206  -55.105  1.269 0.0000000000
30254  -23.093  -54.977  0.269 0.0000000000
30255  -22.812  -54.742  -0.584 0.0000000000
30256  -22.409  -57.473  -0.737 0.0000000000
30257  -22.388  -55.980  -1.093 0.0000000000
30258  -22.357  -54.549  -1.373 0.0000000000
30259  -21.708  -54.399  -2.032 0.0000000000
30260  -21.047  -54.194  -2.601 0.0000000000
30261  -20.294  -53.895  -3.099 0.0000000000
30262  -19.573  -53.597  -3.469 0.0000000000
30263  -19.021  -55.092  -2.882 0.0000000000
32712  -20.075  -53.290  4.437 0.0000000000
32713  -21.704  -54.331  3.860 0.0000000000
32716  -20.917  -55.334  6.496 0.0000000000
32717  -23.757  -57.800  6.062 0.0000000000
32718  -22.699  -56.501  5.878 0.0000000000
32719  -21.673  -55.325  5.752 0.0000000000
32720  -22.321  -55.429  4.854 0.0000000000
32721  -22.781  -55.473  3.974 0.0000000000
32722  -23.112  -55.385  3.120 0.0000000000
32723  -24.015  -56.609  2.292 0.0000000000
32724  -24.369  -57.871  1.439 0.0000000000
32725  -24.182  -59.234  0.683 0.0000000000
32726  -25.354  -60.784  1.499 0.0000000000
32727  -24.436  -60.660  0.826 0.0000000000
36047  -21.497  -52.723  1.975 0.0000000000
36048  -20.231  -51.641  1.847 0.0000000000
36049  -18.707  -50.596  1.550 0.0000000000
36050  -20.742  -50.916  0.285 0.0000000000
36051  -18.951  -50.220  0.875 0.0000000000
36068  -17.580  -45.426  -3.963 0.0000000000
36069  -17.034  -44.640  -4.553 0.0000000000
39017  -20.807  -61.393  9.421 0.0000000000
39018  -22.243  -62.390  8.711 0.0000000000
39019  -21.686  -62.426  9.151 0.0000000000
40477  -23.229  -63.023  8.438 0.0000000000
40478  -24.309  -63.753  8.109 0.0000000000
40479  -25.307  -64.361  7.529 0.0000000000
40482  -25.951  -64.826  6.715 0.0000000000
40483  -26.458  -65.275  5.728 0.0000000000
41009  -21.201  -60.881  8.905 0.0000000000
41010  -21.722  -61.095  8.662 0.0000000000
41011  -21.946  -61.494  8.707 0.0000000000
41907  -26.826  -63.774  3.661 0.0000000000
41908  -26.801  -63.082  3.682 0.0000000000
41909  -26.734  -63.853  3.186 0.0000000000
41910  -26.591  -63.961  2.720 0.0000000000
42797  -21.392  -53.745  3.381 0.0000000000
42798  -20.861  -53.123  3.256 0.0000000000
42799  -21.601  -53.611  2.943 0.0000000000
42800  -20.975  -52.471  -3.116 0.0000000000
42801  -21.264  -51.754  -2.869 0.0000000000
42802  -21.032  -51.572  -3.186 0.0000000000
42803  -21.002  -50.717  -3.157 0.0000000000
42804  -20.772  -51.392  -3.496 0.0000000000
42805  -20.532  -51.208  -3.759 0.0000000000
42806  -20.383  -52.074  -3.683 0.0000000000
44306  -19.372  -58.026  8.622 0.0000000000
44307  -25.143  -62.464  7.629 0.0000000000
44308  -25.020  -61.900  7.582 0.0000000000
44309  -25.592  -62.674  7.254 0.0000000000
44310  -25.986  -62.879  6.831 0.0000000000
44311  -26.028  -63.498  6.859 0.0000000000
45197  -23.692  -58.455  0.304 0.0000000000
45198  -23.528  -57.692  0.211 0.0000000000
45199  -23.280  -58.425  -0.051 0.0000000000
46994  -19.195  -53.978  6.004 0.0000000000
46995  -19.621  -53.913  5.713 0.0000000000
46996  -20.195  -54.367  5.890 0.0000000000
46997  -22.841  -58.074  7.176 0.0000000000
46998  -22.389  -57.489  7.112 0.0000000000
46999  -23.348  -58.161  6.861 0.0000000000
47000  -25.513  -59.304  3.672 0.0000000000
47001  -25.078  -58.653  4.194 0.0000000000
47002  -25.153  -58.650  3.711 0.0000000000
47003  -24.735  -58.003  3.669 0.0000000000
47004  -25.176  -58.665  3.258 0.0000000000
47005  -25.091  -58.633  2.808 0.0000000000
47006  -25.452  -59.329  2.758 0.0000000000
49675  -22.597  -53.462  -0.266 0.0000000000
49676  -22.283  -52.863  0.194 0.0000000000
49677  -22.296  -52.765  -0.269 0.0000000000
49678  -18.322  -48.735  -0.630 0.0000000000
49679  -18.278  -49.000  -0.306 0.0000000000
49680  -17.202  -48.415  -0.500 0.0000000000
49681  -16.073  -48.043  -0.390 0.0000000000
49682  -15.977  -47.722  -0.681 0.0000000000
49683  -14.764  -46.943  -0.778 0.0000000000
49684  -15.943  -47.426  -0.977 0.0000000000
49685  -16.294  -45.708  -2.707 0.0000000000
49686  -15.114  -45.266  -2.535 0.0000000000
49687  -14.943  -44.875  -2.772 0.0000000000
49688  -13.807  -44.053  -2.816 0.0000000000
49689  -14.795  -44.507  -3.039 0.0000000000
49690  -14.550  -44.116  -3.316 0.0000000000
49691  -15.800  -44.916  -3.246 0.0000000000
53904  -19.791  -59.184  8.821 0.0000000000
53905  -20.403  -59.384  8.566 0.0000000000
53906  -20.721  -59.817  8.545 0.0000000000
53907  -22.827  -61.580  8.313 0.0000000000
53908  -22.601  -61.131  8.234 0.0000000000
53909  -23.468  -61.888  8.183 0.0000000000
53910  -24.089  -62.130  8.068 0.0000000000
53911  -24.202  -62.678  8.114 0.0000000000
56597  -26.081  -60.831  5.866 0.0000000000
56598  -25.785  -60.238  5.892 0.0000000000
56599  -26.303  -60.961  5.366 0.0000000000
56600  -26.719  -61.871  3.665 0.0000000000
56601  -26.522  -61.229  4.234 0.0000000000
56602  -26.561  -61.295  3.666 0.0000000000
56603  -26.250  -60.637  3.619 0.0000000000
56604  -26.524  -61.315  3.133 0.0000000000
56605  -26.356  -61.359  2.621 0.0000000000
56606  -26.487  -61.985  2.713 0.0000000000
59270  -19.555  -52.068  2.982 0.0000000000
59272  -18.793  -51.554  2.814 0.0000000000
59273  -18.001  -51.097  2.615 0.0000000000
59274  -19.039  -51.424  2.455 0.0000000000
59275  -21.952  -53.048  -1.866 0.0000000000
59276  -21.973  -52.388  -1.507 0.0000000000
59277  -21.822  -52.228  -1.865 0.0000000000
59278  -21.146  -50.417  -2.075 0.0000000000
59279  -21.264  -50.612  -1.727 0.0000000000
59280  -20.756  -49.880  -1.624 0.0000000000
59281  -20.096  -49.391  -1.176 0.0000000000
59282  -20.051  -49.158  -1.511 0.0000000000
59283  -19.165  -48.501  -1.456 0.0000000000
59284  -19.997  -48.924  -1.823 0.0000000000
59285  -20.393  -48.860  -2.902 0.0000000000
59286  -19.838  -48.365  -2.453 0.0000000000
59287  -19.682  -48.016  -2.694 0.0000000000
59288  -18.798  -47.272  -2.615 0.0000000000
59289  -19.529  -47.717  -3.017 0.0000000000
59290  -19.339  -47.398  -3.299 0.0000000000
59291  -20.022  -48.279  -3.453 0.0000000000
59292  -20.025  -50.707  -4.314 0.0000000000
59293  -20.117  -49.706  -4.304 0.0000000000
59294  -19.781  -50.463  -4.588 0.0000000000
63792  -20.313  -57.826  8.016 0.0000000000
63793  -19.890  -57.345  7.970 0.0000000000
63794  -20.978  -57.876  7.802 0.0000000000
63795  -21.646  -57.912  7.638 0.0000000000
63796  -22.071  -58.409  7.665 0.0000000000
63797  -21.747  -59.731  8.140 0.0000000000
63798  -21.368  -59.270  8.132 0.0000000000
63799  -22.440  -59.882  7.980 0.0000000000
63800  -24.616  -60.808  7.511 0.0000000000
63801  -23.778  -60.123  7.672 0.0000000000
63802  -24.332  -60.262  7.459 0.0000000000
63803  -24.008  -59.708  7.386 0.0000000000
63804  -24.873  -60.425  7.183 0.0000000000
63805  -25.371  -60.577  6.833 0.0000000000
63806  -25.604  -61.101  6.838 0.0000000000
63807  -26.589  -63.258  5.849 0.0000000000
63808  -26.576  -62.635  5.833 0.0000000000
63809  -26.775  -63.411  5.311 0.0000000000
63810  -26.879  -63.556  4.757 0.0000000000
63811  -26.902  -64.242  4.739 0.0000000000
66467  -23.606  -55.911  1.726 0.0000000000
66468  -23.234  -55.235  1.770 0.0000000000
66469  -23.498  -55.882  1.213 0.0000000000
66470  -23.237  -56.264  0.035 0.0000000000
66471  -23.252  -55.681  0.341 0.0000000000
66472  -23.102  -55.560  -0.077 0.0000000000
66473  -22.972  -54.886  -0.164 0.0000000000
66474  -22.908  -55.446  -0.476 0.0000000000
66476  -22.475  -58.203  -0.589 0.0000000000
66478  -21.560  -56.664  -1.481 0.0000000000
66479  -21.981  -56.700  -1.203 0.0000000000
66480  -22.010  -55.948  -1.420 0.0000000000
66481  -22.402  -55.237  -1.259 0.0000000000
66482  -22.049  -55.210  -1.572 0.0000000000
66483  -22.063  -54.479  -1.702 0.0000000000
66484  -21.684  -55.132  -1.867 0.0000000000
66485  -20.342  -55.546  -2.385 0.0000000000
66486  -20.899  -54.955  -2.389 0.0000000000
66487  -20.535  -54.787  -2.637 0.0000000000
66488  -20.680  -54.050  -2.855 0.0000000000
66489  -20.138  -54.620  -2.853 0.0000000000
66490  -19.738  -54.478  -3.024 0.0000000000
66491  -19.463  -55.250  -2.722 0.0000000000
71862  -20.402  -53.821  5.005 0.0000000000
71863  -19.769  -53.322  4.856 0.0000000000
71864  -20.713  -53.803  4.573 0.0000000000
71865  -20.975  -53.812  4.153 0.0000000000
71866  -21.506  -54.303  4.260 0.0000000000
71869  -19.127  -55.971  7.575 0.0000000000
71870  -21.454  -56.408  6.924 0.0000000000
71871  -20.382  -55.872  7.129 0.0000000000
71872  -20.929  -55.828  6.880 0.0000000000
71873  -20.419  -55.393  6.779 0.0000000000
71874  -21.418  -55.807  6.577 0.0000000000
71875  -24.992  -59.099  5.793 0.0000000000
71876  -24.221  -58.423  6.182 0.0000000000
71877  -24.527  -58.508  5.754 0.0000000000
71878  -23.782  -57.313  5.140 0.0000000000
71879  -23.513  -57.230  5.566 0.0000000000
71880  -23.050  -56.623  5.467 0.0000000000
71881  -22.189  -55.919  5.799 0.0000000000
71882  -22.545  -55.988  5.372 0.0000000000
71883  -22.006  -55.367  5.304 0.0000000000
71884  -22.829  -56.060  4.927 0.0000000000
71885  -23.888  -56.773  3.627 0.0000000000
71886  -23.269  -56.150  4.021 0.0000000000
71887  -23.439  -56.084  3.594 0.0000000000
71888  -22.976  -55.425  3.538 0.0000000000
71889  -23.552  -56.027  3.156 0.0000000000
71890  -23.599  -55.965  2.743 0.0000000000
71891  -24.015  -56.653  2.741 0.0000000000
71892  -24.829  -58.577  1.897 0.0000000000
71893  -24.529  -57.885  1.876 0.0000000000
71894  -24.603  -58.559  1.445 0.0000000000
71895  -24.328  -58.526  1.061 0.0000000000
71896  -24.529  -59.267  1.054 0.0000000000
71897  -25.829  -61.432  1.900 0.0000000000
71898  -25.632  -60.772  1.873 0.0000000000
71899  -25.459  -61.393  1.519 0.0000000000
71903  -24.013  -60.667  0.489 0.0000000000
79900  -22.559  -53.845  1.636 0.0000000000
79901  -21.984  -53.291  2.038 0.0000000000
79902  -22.129  -53.192  1.589 0.0000000000
79903  -21.152  -51.860  1.082 0.0000000000
79904  -21.038  -52.030  1.506 0.0000000000
79905  -20.349  -51.440  1.430 0.0000000000
79906  -19.454  -51.132  1.740 0.0000000000
79907  -19.639  -50.954  1.364 0.0000000000
79908  -21.433  -51.175  -0.600 0.0000000000
79909  -21.429  -51.357  -0.189 0.0000000000
79910  -20.804  -50.700  -0.104 0.0000000000
79911  -18.140  -49.459  0.330 0.0000000000
79912  -19.075  -49.989  0.519 0.0000000000
79913  -18.034  -49.697  0.660 0.0000000000
79914  -17.929  -49.909  1.009 0.0000000000
79915  -16.987  -49.417  0.762 0.0000000000
79930  -16.930  -47.170  -1.648 0.0000000000
79931  -15.684  -46.712  -1.535 0.0000000000
79932  -15.602  -46.369  -1.771 0.0000000000
79933  -13.126  -44.339  -2.036 0.0000000000
79947  -14.236  -43.328  -3.835 0.0000000000
79949  -14.147  -42.943  -4.064 0.0000000000
79950  -14.037  -42.556  -4.328 0.0000000000
79951  -14.974  -43.355  -4.329 0.0000000000
79952  -18.917  -46.723  -3.774 0.0000000000
79953  -17.853  -45.803  -3.680 0.0000000000
79954  -18.680  -46.376  -4.019 0.0000000000
79956  -18.122  -45.589  -4.581 0.0000000000
79957  -17.829  -45.184  -4.865 0.0000000000
79958  -16.816  -44.250  -4.787 0.0000000000
79968  -19.203  -53.366  -3.684 0.0000000000
87300  -21.316  -61.931  9.236 0.0000000000
90946  -22.583  -62.977  8.671 0.0000000000
90947  -22.717  -62.682  8.551 0.0000000000
90948  -23.028  -63.330  8.523 0.0000000000
90949  -24.281  -64.778  8.100 0.0000000000
90950  -24.036  -64.058  8.213 0.0000000000
90951  -24.553  -64.444  7.955 0.0000000000
90952  -24.851  -64.100  7.829 0.0000000000
90953  -25.038  -64.827  7.655 0.0000000000
90960  -25.711  -65.339  6.881 0.0000000000
92247  -20.506  -60.102  8.812 0.0000000000
92248  -21.102  -60.269  8.561 0.0000000000
92249  -21.437  -60.701  8.595 0.0000000000
92250  -22.269  -61.333  8.467 0.0000000000
92251  -23.032  -62.010  8.393 0.0000000000
93863  -26.714  -62.273  4.834 0.0000000000
93864  -26.635  -61.640  4.866 0.0000000000
93865  -26.767  -62.368  4.276 0.0000000000
93866  -26.765  -62.458  3.671 0.0000000000
93867  -26.711  -62.528  3.199 0.0000000000
93868  -26.545  -62.597  2.745 0.0000000000
93869  -26.576  -63.269  2.734 0.0000000000
93870  -26.304  -63.968  2.276 0.0000000000
95467  -20.003  -52.696  3.517 0.0000000000
95468  -20.240  -52.616  3.150 0.0000000000
95469  -20.496  -52.485  2.743 0.0000000000
95470  -21.504  -52.772  -2.540 0.0000000000
95471  -21.649  -52.053  -2.215 0.0000000000
95472  -21.464  -51.929  -2.565 0.0000000000
95473  -21.317  -51.087  -2.536 0.0000000000
95474  -21.013  -50.185  -2.405 0.0000000000
95475  -20.553  -49.381  -2.267 0.0000000000
95476  -20.890  -49.954  -2.733 0.0000000000
95477  -20.757  -49.717  -3.069 0.0000000000
95478  -20.605  -49.489  -3.374 0.0000000000
95479  -20.431  -49.233  -3.637 0.0000000000
95480  -20.587  -50.276  -3.748 0.0000000000
95481  -20.285  -50.968  -4.034 0.0000000000
95482  -19.811  -51.651  -4.192 0.0000000000
98181  -19.649  -57.721  8.313 0.0000000000
98182  -20.691  -58.297  8.103 0.0000000000
98183  -23.683  -61.051  7.934 0.0000000000
98184  -23.458  -60.552  7.843 0.0000000000
98185  -24.311  -61.218  7.770 0.0000000000
98186  -24.870  -61.380  7.529 0.0000000000
98187  -25.366  -61.543  7.218 0.0000000000
98188  -25.780  -61.663  6.850 0.0000000000
98189  -25.914  -62.282  6.816 0.0000000000
98190  -26.324  -63.067  6.360 0.0000000000
98191  -26.557  -63.894  5.865 0.0000000000
99785  -23.921  -57.126  1.003 0.0000000000
99786  -23.656  -56.482  0.882 0.0000000000
99787  -23.654  -57.057  0.544 0.0000000000
99788  -23.383  -56.968  0.139 0.0000000000
99789  -23.107  -56.862  -0.222 0.0000000000
99794  -21.146  -56.540  -1.720 0.0000000000
99795  -21.216  -55.786  -1.938 0.0000000000
103023  -20.025  -53.852  5.394 0.0000000000
103024  -20.952  -54.317  5.125 0.0000000000
103025  -20.756  -56.925  7.492 0.0000000000
103026  -20.290  -56.406  7.433 0.0000000000
103027  -21.369  -56.929  7.272 0.0000000000
103028  -21.947  -56.942  7.026 0.0000000000
103029  -22.396  -56.989  6.734 0.0000000000
103030  -25.402  -59.260  4.749 0.0000000000
103031  -24.755  -58.546  5.294 0.0000000000
103032  -24.949  -58.633  4.711 0.0000000000
103033  -24.503  -58.016  4.747 0.0000000000
103034  -24.018  -57.373  4.678 0.0000000000
103035  -23.546  -56.761  4.553 0.0000000000
103036  -24.215  -57.443  4.136 0.0000000000
103037  -24.319  -57.382  3.668 0.0000000000
103038  -24.393  -57.333  3.209 0.0000000000
103039  -24.425  -57.307  2.765 0.0000000000
103040  -24.765  -57.971  2.776 0.0000000000
103041  -24.984  -58.611  2.357 0.0000000000
103042  -25.117  -59.300  1.875 0.0000000000
107845  -22.657  -53.682  0.667 0.0000000000
107846  -22.224  -53.104  1.129 0.0000000000
107847  -22.270  -53.014  0.646 0.0000000000
107848  -21.795  -52.315  0.656 0.0000000000
107849  -21.258  -51.687  0.667 0.0000000000
107850  -20.137  -49.891  -0.466 0.0000000000
107851  -20.105  -50.119  -0.094 0.0000000000
107852  -19.230  -49.539  -0.161 0.0000000000
107853  -18.217  -49.240  0.018 0.0000000000
107854  -17.135  -48.923  0.126 0.0000000000
107863  -16.585  -46.415  -2.198 0.0000000000
107864  -15.430  -45.986  -2.027 0.0000000000
107865  -15.237  -45.609  -2.277 0.0000000000
107866  -13.963  -44.744  -2.335 0.0000000000
107867  -13.071  -43.996  -2.257 0.0000000000
107873  -13.602  -43.354  -3.280 0.0000000000
107874  -14.391  -43.730  -3.572 0.0000000000
107875  -15.390  -44.175  -3.768 0.0000000000
114472  -23.137  -64.306  8.599 0.0000000000
114473  -23.323  -64.013  8.507 0.0000000000
114474  -23.598  -64.743  8.477 0.0000000000
115402  -19.809  -58.518  8.582 0.0000000000
115403  -20.101  -58.969  8.572 0.0000000000
115404  -21.050  -59.582  8.334 0.0000000000
115405  -22.118  -60.185  8.161 0.0000000000
115406  -21.705  -60.429  8.377 0.0000000000
115407  -22.359  -60.647  8.177 0.0000000000
115408  -23.029  -60.865  8.015 0.0000000000
115409  -23.917  -61.593  8.017 0.0000000000
115410  -24.658  -62.322  7.906 0.0000000000
115411  -25.232  -63.083  7.641 0.0000000000
116652  -22.934  -59.111  -0.237 0.0000000000
119171  -24.671  -59.392  6.691 0.0000000000
119172  -24.299  -58.877  6.631 0.0000000000
119173  -25.066  -59.509  6.312 0.0000000000
119174  -25.429  -59.668  5.876 0.0000000000
119175  -25.658  -59.794  5.296 0.0000000000
119176  -26.423  -61.079  4.849 0.0000000000
119177  -26.171  -60.507  4.788 0.0000000000
119178  -25.825  -59.891  4.755 0.0000000000
119179  -25.919  -59.958  4.221 0.0000000000
119180  -25.872  -59.967  3.625 0.0000000000
119181  -25.858  -60.008  3.133 0.0000000000
119182  -25.784  -60.040  2.682 0.0000000000
119183  -26.072  -60.715  2.639 0.0000000000
119184  -26.124  -61.414  2.251 0.0000000000
119185  -26.000  -62.023  1.929 0.0000000000
119186  -26.303  -62.647  2.315 0.0000000000
119187  -26.021  -62.634  1.916 0.0000000000
119188  -25.614  -62.645  1.530 0.0000000000
122919  -17.369  -50.454  2.030 0.0000000000
122920  -22.347  -53.207  -1.111 0.0000000000
122921  -22.252  -52.646  -0.717 0.0000000000
122922  -22.104  -52.432  -1.112 0.0000000000
122923  -21.801  -51.732  -1.059 0.0000000000
122924  -21.398  -50.999  -0.980 0.0000000000
122925  -21.599  -51.389  -1.805 0.0000000000
122926  -21.338  -50.800  -1.339 0.0000000000
122927  -20.854  -50.308  -0.909 0.0000000000
122928  -20.126  -49.632  -0.819 0.0000000000
122929  -19.315  -49.053  -0.842 0.0000000000
122930  -18.267  -48.426  -0.933 0.0000000000
122931  -17.149  -47.860  -1.099 0.0000000000
122932  -18.163  -48.145  -1.236 0.0000000000
122933  -18.116  -47.857  -1.527 0.0000000000
122934  -18.076  -47.555  -1.801 0.0000000000
122935  -19.924  -48.655  -2.145 0.0000000000
122936  -19.092  -47.948  -2.061 0.0000000000
122937  -17.975  -47.221  -2.086 0.0000000000
122938  -17.835  -46.891  -2.351 0.0000000000
122939  -17.635  -46.521  -2.615 0.0000000000
122940  -17.335  -46.077  -2.895 0.0000000000
122941  -17.142  -45.737  -3.172 0.0000000000
122942  -18.362  -46.564  -3.189 0.0000000000
122943  -19.141  -47.075  -3.545 0.0000000000
122944  -19.642  -47.674  -3.982 0.0000000000
122945  -20.217  -48.962  -3.889 0.0000000000
122946  -20.015  -48.681  -4.162 0.0000000000
129187  -19.031  -56.380  7.941 0.0000000000
129189  -19.463  -56.863  7.968 0.0000000000
129190  -20.119  -56.911  7.712 0.0000000000
129191  -21.206  -57.433  7.566 0.0000000000
129192  -22.285  -57.994  7.476 0.0000000000
129193  -23.281  -58.635  7.265 0.0000000000
129194  -20.399  -58.679  8.338 0.0000000000
129195  -21.056  -58.783  8.114 0.0000000000
129196  -21.779  -58.850  7.909 0.0000000000
129197  -23.130  -60.016  7.826 0.0000000000
129198  -22.783  -59.458  7.780 0.0000000000
129199  -22.430  -58.919  7.712 0.0000000000
129200  -23.052  -59.032  7.524 0.0000000000
129201  -23.661  -59.167  7.311 0.0000000000
129202  -24.233  -59.299  7.021 0.0000000000
129203  -25.042  -59.975  6.757 0.0000000000
129204  -25.766  -60.686  6.357 0.0000000000
129205  -26.271  -61.393  5.881 0.0000000000
129206  -26.148  -61.827  6.372 0.0000000000
129207  -26.444  -62.004  5.852 0.0000000000
129208  -26.610  -62.167  5.340 0.0000000000
129209  -26.804  -62.918  4.784 0.0000000000
129210  -26.874  -63.702  4.159 0.0000000000
129211  -26.799  -64.477  3.639 0.0000000000
132575  -22.761  -54.698  2.611 0.0000000000
132576  -22.327  -54.100  2.558 0.0000000000
132577  -22.846  -54.618  2.177 0.0000000000
132578  -22.916  -54.534  1.722 0.0000000000
132579  -22.996  -54.444  1.222 0.0000000000
132580  -23.361  -55.795  0.758 0.0000000000
132581  -23.167  -55.031  0.760 0.0000000000
132582  -22.966  -54.359  0.716 0.0000000000
132583  -22.903  -54.272  0.226 0.0000000000
132584  -22.811  -54.189  -0.237 0.0000000000
132585  -22.691  -54.057  -0.672 0.0000000000
132586  -22.876  -58.337  -0.346 0.0000000000
132587  -22.824  -57.537  -0.432 0.0000000000
132588  -22.747  -56.813  -0.596 0.0000000000
132589  -21.989  -57.443  -1.015 0.0000000000
132590  -22.377  -56.745  -0.915 0.0000000000
132591  -22.709  -56.082  -0.753 0.0000000000
132592  -22.673  -55.328  -0.875 0.0000000000
132593  -22.607  -54.633  -0.991 0.0000000000
132594  -22.505  -53.950  -1.071 0.0000000000
132595  -22.281  -53.851  -1.447 0.0000000000
132596  -22.023  -53.770  -1.809 0.0000000000
132597  -21.724  -53.697  -2.157 0.0000000000
132598  -21.294  -55.030  -2.163 0.0000000000
132599  -21.365  -54.313  -2.327 0.0000000000
132600  -21.450  -53.561  -2.463 0.0000000000
132601  -21.163  -53.420  -2.752 0.0000000000
132602  -20.839  -53.321  -3.034 0.0000000000
132603  -20.490  -53.134  -3.290 0.0000000000
132604  -20.155  -52.955  -3.518 0.0000000000
132605  -19.931  -53.742  -3.303 0.0000000000
132606  -19.325  -54.346  -3.182 0.0000000000
139353  -19.114  -52.865  4.638 0.0000000000
139354  -19.426  -52.801  4.280 0.0000000000
139355  -20.362  -53.275  4.048 0.0000000000
139356  -21.148  -53.843  3.792 0.0000000000
139357  -21.919  -54.281  3.426 0.0000000000
139361  -19.769  -55.935  7.341 0.0000000000
139365  -19.856  -54.923  6.612 0.0000000000
139366  -20.324  -54.856  6.350 0.0000000000
139367  -23.859  -58.287  6.571 0.0000000000
139368  -23.363  -57.679  6.482 0.0000000000
139369  -22.833  -57.050  6.377 0.0000000000
139370  -23.998  -57.855  5.658 0.0000000000
139371  -23.245  -57.122  5.970 0.0000000000
139372  -22.314  -56.428  6.281 0.0000000000
139373  -21.802  -55.855  6.197 0.0000000000
139374  -21.345  -55.325  6.188 0.0000000000
139375  -20.743  -54.814  6.077 0.0000000000
139376  -21.109  -54.804  5.709 0.0000000000
139377  -21.456  -54.813  5.263 0.0000000000
139378  -21.784  -54.842  4.779 0.0000000000
139379  -23.065  -56.133  4.470 0.0000000000
139380  -22.567  -55.498  4.417 0.0000000000
139381  -22.065  -54.878  4.304 0.0000000000
139382  -22.281  -54.866  3.903 0.0000000000
139383  -22.468  -54.837  3.487 0.0000000000
139384  -22.632  -54.780  3.053 0.0000000000
139385  -23.175  -55.316  2.687 0.0000000000
139386  -23.603  -55.914  2.310 0.0000000000
139387  -23.911  -56.557  1.814 0.0000000000
139388  -24.369  -57.264  2.277 0.0000000000
139389  -24.248  -57.214  1.850 0.0000000000
139390  -24.086  -57.159  1.429 0.0000000000
139391  -24.128  -57.806  1.066 0.0000000000
139392  -24.020  -58.481  0.697 0.0000000000
139393  -23.807  -59.219  0.341 0.0000000000
139394  -25.596  -60.018  2.276 0.0000000000
139395  -25.381  -60.040  1.839 0.0000000000
139396  -25.082  -60.033  1.452 0.0000000000
139398  -24.874  -60.657  1.168 0.0000000000
139399  -24.726  -60.009  1.103 0.0000000000
139400  -24.331  -59.967  0.726 0.0000000000
139401  -23.909  -59.944  0.370 0.0000000000
149117  -21.802  -53.468  2.490 0.0000000000
149118  -21.280  -52.845  2.412 0.0000000000
149119  -20.710  -52.327  2.326 0.0000000000
149120  -21.630  -52.597  1.556 0.0000000000
149121  -20.891  -52.174  1.913 0.0000000000
149122  -20.059  -51.819  2.243 0.0000000000
149123  -19.267  -51.283  2.102 0.0000000000
149124  -18.445  -50.750  1.894 0.0000000000
149125  -17.565  -50.288  1.687 0.0000000000
149126  -21.888  -52.024  -0.256 0.0000000000
149127  -21.352  -51.509  0.247 0.0000000000
149128  -20.647  -51.110  0.667 0.0000000000
149129  -20.026  -50.332  0.265 0.0000000000
149130  -19.927  -50.550  0.633 0.0000000000
149131  -19.799  -50.746  0.999 0.0000000000
149132  -18.859  -50.419  1.220 0.0000000000
149133  -17.800  -50.102  1.358 0.0000000000
149153  -15.873  -47.104  -1.273 0.0000000000
149156  -14.269  -45.495  -1.827 0.0000000000
149180  -16.901  -45.371  -3.432 0.0000000000
149181  -16.640  -45.011  -3.698 0.0000000000
149182  -16.437  -44.596  -3.971 0.0000000000
149183  -18.395  -46.007  -4.302 0.0000000000
149184  -17.320  -45.044  -4.254 0.0000000000
149185  -16.146  -44.177  -4.275 0.0000000000
149198  -19.836  -52.745  -3.742 0.0000000000
149199  -19.515  -52.525  -3.964 0.0000000000
158009  -21.081  -61.333  9.133 0.0000000000
158010  -21.853  -61.841  8.745 0.0000000000
158011  -21.577  -61.884  9.013 0.0000000000
158012  -21.989  -62.432  8.905 0.0000000000
158013  -22.338  -62.985  8.830 0.0000000000
158015  -22.021  -62.987  9.030 0.0000000000
158016  -22.594  -63.597  8.695 0.0000000000
160194  -19.664  -59.671  9.072 0.0000000000
162385  -22.383  -62.080  8.618 0.0000000000
162386  -22.907  -62.370  8.466 0.0000000000
162387  -23.437  -62.702  8.308 0.0000000000
162388  -23.518  -63.686  8.415 0.0000000000
162389  -23.758  -63.378  8.298 0.0000000000
162390  -24.035  -63.043  8.209 0.0000000000
162391  -24.568  -63.363  7.994 0.0000000000
162392  -25.056  -63.633  7.733 0.0000000000
162393  -25.509  -63.806  7.456 0.0000000000
162399  -25.104  -65.555  7.465 0.0000000000
162400  -25.412  -65.076  7.308 0.0000000000
162401  -25.684  -64.575  7.183 0.0000000000
162402  -25.875  -64.043  7.016 0.0000000000
162403  -26.189  -64.288  6.543 0.0000000000
162404  -26.455  -64.536  6.043 0.0000000000
162405  -26.635  -64.748  5.511 0.0000000000
162407  -26.590  -65.472  5.205 0.0000000000
162408  -26.771  -64.921  4.963 0.0000000000
162410  -26.743  -65.118  3.881 0.0000000000
