#!ascii label  , from subject fsaverage vox2ras=TkReg
376
566  -35.819  -86.273  15.335 0.0000000000
567  -35.351  -81.327  9.885 0.0000000000
2337  -31.348  -85.602  12.542 0.0000000000
2338  -33.172  -89.252  11.126 0.0000000000
2340  -36.486  -85.474  11.572 0.0000000000
2341  -32.114  -86.110  7.922 0.0000000000
2342  -31.152  -82.376  5.665 0.0000000000
5202  -33.793  -85.950  13.572 0.0000000000
5203  -32.434  -88.171  12.661 0.0000000000
5204  -34.489  -88.266  12.580 0.0000000000
5209  -37.963  -83.189  13.721 0.0000000000
5210  -35.970  -83.491  10.481 0.0000000000
5211  -34.518  -85.673  8.982 0.0000000000
5212  -33.915  -83.638  8.327 0.0000000000
5213  -31.389  -84.351  6.735 0.0000000000
5214  -33.486  -81.618  7.689 0.0000000000
6872  -35.315  -79.425  9.013 0.0000000000
9572  -29.978  -87.852  12.836 0.0000000000
9580  -36.568  -86.799  13.303 0.0000000000
9581  -34.846  -87.540  10.478 0.0000000000
9582  -33.074  -87.957  9.083 0.0000000000
9587  -33.764  -80.049  6.443 0.0000000000
12880  -35.290  -85.331  15.971 0.0000000000
12881  -34.339  -84.970  14.883 0.0000000000
12882  -34.813  -86.247  14.435 0.0000000000
12883  -34.170  -87.241  13.226 0.0000000000
12884  -35.220  -87.246  13.735 0.0000000000
12888  -36.287  -81.361  11.345 0.0000000000
12889  -36.685  -82.427  11.614 0.0000000000
12890  -35.646  -82.411  10.145 0.0000000000
12891  -35.041  -83.530  9.255 0.0000000000
12892  -34.687  -82.398  8.931 0.0000000000
12893  -33.639  -82.594  8.061 0.0000000000
12894  -34.476  -81.374  8.742 0.0000000000
21363  -32.148  -84.341  13.046 0.0000000000
21364  -31.680  -83.185  13.074 0.0000000000
21365  -30.816  -84.330  12.491 0.0000000000
21367  -30.055  -85.534  12.369 0.0000000000
21368  -29.368  -86.738  12.620 0.0000000000
21369  -30.632  -86.785  12.520 0.0000000000
21370  -32.847  -88.986  12.058 0.0000000000
21386  -37.326  -84.311  12.549 0.0000000000
21388  -37.517  -85.123  13.153 0.0000000000
21389  -37.501  -85.737  14.000 0.0000000000
21390  -36.629  -86.217  12.355 0.0000000000
21391  -35.728  -87.373  11.745 0.0000000000
21392  -35.629  -86.557  10.877 0.0000000000
21393  -33.415  -85.774  8.280 0.0000000000
21394  -33.732  -86.653  8.857 0.0000000000
21395  -32.623  -87.043  8.493 0.0000000000
21400  -31.121  -83.341  6.193 0.0000000000
21401  -30.063  -84.751  6.059 0.0000000000
21404  -30.060  -82.975  4.472 0.0000000000
21405  -35.792  -78.838  8.342 0.0000000000
21406  -34.634  -79.711  7.716 0.0000000000
21407  -35.223  -79.229  6.981 0.0000000000
27795  -33.409  -84.508  13.773 0.0000000000
27796  -32.603  -85.543  12.980 0.0000000000
27797  -31.873  -86.870  12.634 0.0000000000
27798  -33.100  -87.013  12.897 0.0000000000
27799  -33.398  -88.241  12.508 0.0000000000
27800  -33.821  -88.883  11.709 0.0000000000
27808  -37.673  -82.417  13.312 0.0000000000
27809  -37.040  -83.392  12.039 0.0000000000
27810  -36.233  -84.541  10.964 0.0000000000
27811  -35.485  -85.678  10.199 0.0000000000
27812  -35.272  -84.646  9.628 0.0000000000
27813  -34.210  -84.669  8.587 0.0000000000
27814  -33.055  -84.902  7.862 0.0000000000
27815  -31.716  -85.251  7.288 0.0000000000
27816  -32.719  -83.951  7.454 0.0000000000
27817  -32.410  -82.877  7.112 0.0000000000
27818  -32.217  -81.913  6.658 0.0000000000
31382  -36.159  -85.591  16.821 0.0000000000
31392  -37.032  -80.266  12.437 0.0000000000
31393  -36.057  -80.243  10.849 0.0000000000
31394  -35.214  -80.281  9.571 0.0000000000
31395  -36.045  -79.217  10.310 0.0000000000
31396  -36.446  -78.347  9.589 0.0000000000
38957  -31.267  -87.980  12.652 0.0000000000
38980  -36.273  -86.880  14.322 0.0000000000
38981  -35.545  -87.780  12.766 0.0000000000
38982  -34.784  -88.287  11.547 0.0000000000
38983  -34.055  -88.575  10.666 0.0000000000
38984  -34.675  -86.561  9.695 0.0000000000
38985  -34.014  -87.636  9.596 0.0000000000
38986  -33.277  -88.822  10.012 0.0000000000
38999  -34.427  -80.470  8.313 0.0000000000
39000  -33.496  -80.727  7.134 0.0000000000
39001  -32.388  -81.096  6.028 0.0000000000
39003  -32.743  -80.626  5.365 0.0000000000
39004  -31.299  -81.721  4.965 0.0000000000
43600  -35.571  -85.857  15.681 0.0000000000
43601  -35.140  -85.742  15.242 0.0000000000
43602  -35.324  -86.305  14.926 0.0000000000
43603  -35.003  -86.800  14.136 0.0000000000
43604  -35.548  -86.716  14.557 0.0000000000
43608  -35.801  -81.339  10.531 0.0000000000
43609  -35.958  -81.880  10.736 0.0000000000
43610  -35.489  -81.879  10.008 0.0000000000
43611  -35.175  -82.410  9.499 0.0000000000
43612  -35.027  -81.858  9.406 0.0000000000
43613  -34.555  -81.866  8.860 0.0000000000
43614  -34.913  -81.298  9.336 0.0000000000
52083  -31.723  -84.943  12.741 0.0000000000
52084  -31.479  -84.347  12.735 0.0000000000
52085  -31.036  -84.937  12.523 0.0000000000
52086  -30.400  -84.927  12.363 0.0000000000
52087  -30.702  -85.571  12.420 0.0000000000
52088  -30.341  -86.170  12.440 0.0000000000
52089  -31.008  -86.220  12.439 0.0000000000
52090  -33.028  -89.209  11.621 0.0000000000
52106  -36.936  -84.900  12.004 0.0000000000
52107  -37.463  -84.747  12.849 0.0000000000
52108  -37.037  -85.309  12.349 0.0000000000
52109  -37.121  -85.650  12.733 0.0000000000
52110  -36.540  -85.868  11.943 0.0000000000
52111  -36.076  -86.455  11.582 0.0000000000
52112  -36.050  -86.036  11.197 0.0000000000
52113  -32.808  -85.935  8.115 0.0000000000
52114  -33.024  -86.333  8.346 0.0000000000
52115  -32.365  -86.566  8.216 0.0000000000
52119  -31.407  -86.304  7.709 0.0000000000
52120  -31.081  -82.854  5.935 0.0000000000
52121  -30.520  -83.588  5.708 0.0000000000
52122  -30.505  -83.119  5.420 0.0000000000
52123  -29.966  -83.387  4.859 0.0000000000
52124  -30.591  -82.680  5.061 0.0000000000
52126  -35.511  -79.063  7.661 0.0000000000
52127  -35.923  -78.903  7.247 0.0000000000
61683  -34.126  -85.427  14.182 0.0000000000
61684  -33.868  -84.709  14.340 0.0000000000
61685  -33.671  -85.169  13.705 0.0000000000
61686  -33.104  -84.992  13.313 0.0000000000
61687  -33.275  -85.684  13.270 0.0000000000
61688  -32.818  -86.259  12.961 0.0000000000
61689  -33.452  -86.436  13.174 0.0000000000
61690  -34.315  -87.803  12.926 0.0000000000
61691  -33.811  -87.712  12.831 0.0000000000
61692  -33.923  -88.264  12.510 0.0000000000
61693  -33.612  -88.644  12.111 0.0000000000
61694  -34.133  -88.583  12.118 0.0000000000
61705  -37.496  -81.967  13.068 0.0000000000
61706  -36.342  -82.953  11.036 0.0000000000
61707  -36.879  -82.934  11.818 0.0000000000
61708  -36.487  -83.459  11.239 0.0000000000
61709  -36.622  -83.955  11.466 0.0000000000
61710  -36.097  -84.036  10.726 0.0000000000
61711  -35.744  -84.616  10.298 0.0000000000
61712  -35.599  -84.111  10.012 0.0000000000
61713  -34.474  -83.556  8.784 0.0000000000
61714  -34.601  -84.092  8.914 0.0000000000
61715  -34.052  -84.143  8.469 0.0000000000
61716  -33.636  -84.748  8.197 0.0000000000
61717  -33.485  -84.264  8.043 0.0000000000
61718  -32.927  -84.454  7.616 0.0000000000
61719  -33.364  -83.802  7.895 0.0000000000
61720  -33.540  -82.114  7.900 0.0000000000
61721  -33.033  -82.763  7.593 0.0000000000
61722  -32.886  -82.227  7.404 0.0000000000
61723  -32.273  -82.383  6.907 0.0000000000
61724  -32.853  -81.748  7.174 0.0000000000
68915  -36.964  -79.728  12.092 0.0000000000
68916  -36.524  -80.275  11.596 0.0000000000
68917  -36.461  -79.712  11.296 0.0000000000
68918  -36.017  -79.687  10.612 0.0000000000
68919  -36.464  -79.117  11.003 0.0000000000
68921  -36.718  -78.230  10.295 0.0000000000
87131  -31.047  -83.127  12.706 0.0000000000
87144  -28.477  -86.079  12.527 0.0000000000
87145  -29.683  -87.295  12.740 0.0000000000
87146  -29.084  -87.267  12.785 0.0000000000
87147  -29.448  -87.792  12.925 0.0000000000
87149  -29.753  -88.237  12.929 0.0000000000
87150  -32.137  -87.506  12.672 0.0000000000
87151  -31.560  -87.460  12.611 0.0000000000
87152  -31.847  -88.083  12.653 0.0000000000
87206  -37.082  -86.266  13.633 0.0000000000
87208  -36.980  -86.467  14.089 0.0000000000
87209  -36.799  -86.577  14.601 0.0000000000
87210  -36.436  -86.927  13.798 0.0000000000
87211  -35.897  -87.272  13.530 0.0000000000
87212  -36.032  -87.320  13.025 0.0000000000
87213  -35.283  -87.480  11.043 0.0000000000
87214  -35.284  -87.868  11.537 0.0000000000
87215  -34.832  -87.953  10.991 0.0000000000
87216  -34.397  -88.430  11.076 0.0000000000
87217  -34.419  -88.054  10.507 0.0000000000
87218  -34.991  -85.699  9.561 0.0000000000
87219  -35.071  -86.127  9.895 0.0000000000
87220  -34.586  -86.106  9.315 0.0000000000
87221  -33.439  -87.285  8.888 0.0000000000
87222  -33.898  -87.148  9.224 0.0000000000
87223  -33.580  -87.764  9.302 0.0000000000
87224  -33.661  -88.277  9.771 0.0000000000
87225  -33.220  -88.413  9.500 0.0000000000
87226  -32.866  -88.993  9.754 0.0000000000
87227  -32.738  -88.613  9.353 0.0000000000
87240  -31.571  -84.838  6.966 0.0000000000
87241  -30.974  -85.381  7.082 0.0000000000
87242  -30.864  -84.987  6.749 0.0000000000
87255  -35.204  -79.800  9.296 0.0000000000
87256  -34.824  -80.344  8.959 0.0000000000
87257  -34.865  -79.921  8.667 0.0000000000
87258  -34.230  -79.869  7.064 0.0000000000
87259  -34.075  -80.191  7.417 0.0000000000
87260  -33.600  -80.355  6.799 0.0000000000
87261  -32.946  -80.892  6.571 0.0000000000
87262  -33.072  -80.530  6.225 0.0000000000
87267  -33.087  -80.463  5.032 0.0000000000
87268  -32.245  -80.970  4.821 0.0000000000
87269  -31.983  -81.134  5.181 0.0000000000
87270  -31.507  -81.480  4.602 0.0000000000
87271  -30.834  -82.024  4.341 0.0000000000
96912  -34.984  -84.783  16.163 0.0000000000
96914  -34.823  -85.191  15.427 0.0000000000
96915  -34.614  -85.681  14.736 0.0000000000
96916  -34.297  -86.134  13.967 0.0000000000
96917  -33.976  -86.672  13.381 0.0000000000
96918  -34.491  -86.740  13.701 0.0000000000
96919  -34.673  -87.306  13.436 0.0000000000
96920  -34.865  -87.761  13.089 0.0000000000
96926  -36.799  -81.398  12.098 0.0000000000
96927  -36.993  -81.938  12.207 0.0000000000
96928  -36.472  -81.899  11.478 0.0000000000
96929  -36.154  -82.414  10.865 0.0000000000
96930  -35.817  -82.966  10.309 0.0000000000
96931  -35.493  -83.533  9.840 0.0000000000
96932  -35.331  -82.990  9.641 0.0000000000
96933  -34.841  -82.975  9.100 0.0000000000
96934  -34.325  -82.999  8.643 0.0000000000
96935  -33.791  -83.103  8.206 0.0000000000
96936  -34.186  -82.453  8.504 0.0000000000
96937  -34.095  -81.969  8.355 0.0000000000
96938  -34.027  -81.484  8.211 0.0000000000
112181  -32.541  -83.767  13.482 0.0000000000
112183  -31.898  -83.758  13.047 0.0000000000
112184  -31.255  -83.750  12.694 0.0000000000
112189  -29.472  -85.471  12.393 0.0000000000
112190  -29.125  -86.076  12.498 0.0000000000
112191  -29.735  -86.111  12.463 0.0000000000
112192  -30.004  -86.737  12.580 0.0000000000
112193  -30.291  -87.319  12.669 0.0000000000
112194  -32.663  -88.609  12.419 0.0000000000
112195  -32.156  -88.547  12.537 0.0000000000
112196  -32.441  -88.964  12.314 0.0000000000
112222  -37.667  -83.736  13.120 0.0000000000
112224  -37.800  -84.182  13.389 0.0000000000
112225  -37.869  -84.536  13.660 0.0000000000
112228  -37.520  -85.443  13.553 0.0000000000
112229  -37.147  -85.968  13.162 0.0000000000
112230  -36.621  -86.528  12.798 0.0000000000
112231  -36.134  -87.111  12.503 0.0000000000
112232  -36.153  -86.807  12.021 0.0000000000
112233  -35.708  -87.023  11.285 0.0000000000
112234  -35.234  -87.047  10.633 0.0000000000
112235  -33.972  -85.705  8.560 0.0000000000
112236  -34.115  -86.149  8.845 0.0000000000
112237  -33.579  -86.201  8.558 0.0000000000
112238  -33.219  -86.820  8.629 0.0000000000
112239  -32.875  -87.506  8.757 0.0000000000
112248  -31.250  -83.862  6.457 0.0000000000
112249  -30.731  -84.560  6.396 0.0000000000
112250  -30.611  -84.072  6.062 0.0000000000
112251  -30.005  -84.308  5.609 0.0000000000
112256  -29.544  -83.284  3.960 0.0000000000
112257  -35.493  -79.088  8.711 0.0000000000
112258  -34.984  -79.570  8.358 0.0000000000
112259  -35.194  -79.278  8.029 0.0000000000
112260  -34.883  -79.441  7.360 0.0000000000
112261  -34.493  -79.612  6.709 0.0000000000
126292  -33.353  -83.510  14.467 0.0000000000
126293  -34.077  -84.269  15.039 0.0000000000
126294  -33.621  -84.081  14.400 0.0000000000
126295  -33.119  -83.899  13.892 0.0000000000
126296  -32.827  -84.355  13.405 0.0000000000
126297  -32.429  -84.926  12.994 0.0000000000
126298  -31.972  -85.594  12.729 0.0000000000
126299  -31.618  -86.247  12.559 0.0000000000
126300  -32.183  -86.201  12.746 0.0000000000
126301  -32.425  -86.861  12.764 0.0000000000
126302  -32.718  -87.575  12.717 0.0000000000
126303  -33.666  -87.133  13.055 0.0000000000
126304  -33.291  -87.671  12.755 0.0000000000
126305  -32.915  -88.229  12.566 0.0000000000
126306  -33.111  -88.641  12.241 0.0000000000
126307  -33.325  -88.972  11.839 0.0000000000
126308  -33.506  -89.079  11.362 0.0000000000
126324  -37.790  -82.789  13.519 0.0000000000
126325  -37.193  -82.445  12.472 0.0000000000
126326  -37.362  -82.894  12.676 0.0000000000
126327  -37.537  -83.266  12.903 0.0000000000
126328  -37.176  -83.840  12.279 0.0000000000
126329  -36.772  -84.449  11.708 0.0000000000
126330  -36.382  -85.047  11.234 0.0000000000
126331  -36.002  -85.618  10.834 0.0000000000
126332  -35.880  -85.139  10.572 0.0000000000
126333  -35.392  -85.178  9.921 0.0000000000
126334  -34.912  -85.173  9.267 0.0000000000
126335  -35.138  -84.098  9.437 0.0000000000
126336  -34.747  -84.639  9.078 0.0000000000
126337  -34.386  -85.194  8.747 0.0000000000
126338  -33.818  -85.240  8.360 0.0000000000
126339  -33.240  -85.379  8.062 0.0000000000
126340  -32.602  -85.528  7.828 0.0000000000
126341  -31.868  -85.675  7.592 0.0000000000
126342  -32.443  -85.090  7.546 0.0000000000
126343  -32.247  -84.629  7.296 0.0000000000
126344  -32.028  -84.130  7.050 0.0000000000
126345  -33.192  -83.271  7.744 0.0000000000
126346  -32.544  -83.421  7.289 0.0000000000
126347  -31.895  -83.622  6.865 0.0000000000
126348  -31.765  -83.087  6.657 0.0000000000
126349  -31.642  -82.611  6.431 0.0000000000
126350  -31.660  -82.162  6.152 0.0000000000
135648  -35.405  -84.967  16.686 0.0000000000
135649  -35.693  -85.475  16.417 0.0000000000
135650  -35.983  -85.935  16.059 0.0000000000
135677  -36.650  -80.820  11.929 0.0000000000
135678  -36.162  -80.794  11.101 0.0000000000
135679  -35.692  -80.782  10.373 0.0000000000
135680  -35.248  -80.792  9.788 0.0000000000
135681  -35.612  -80.233  10.230 0.0000000000
135682  -35.604  -79.745  9.951 0.0000000000
135683  -35.636  -79.315  9.644 0.0000000000
135684  -36.556  -78.621  10.686 0.0000000000
135685  -36.164  -78.752  9.994 0.0000000000
135686  -35.814  -78.915  9.342 0.0000000000
157823  -28.782  -86.659  12.648 0.0000000000
157824  -28.462  -87.244  12.798 0.0000000000
157829  -31.263  -86.842  12.532 0.0000000000
157830  -30.938  -87.388  12.567 0.0000000000
157831  -30.616  -87.911  12.722 0.0000000000
157872  -36.458  -85.925  16.420 0.0000000000
157873  -36.278  -86.274  15.678 0.0000000000
157899  -36.546  -86.539  15.203 0.0000000000
157900  -36.072  -86.615  14.901 0.0000000000
157901  -35.728  -87.046  14.067 0.0000000000
157902  -35.391  -87.566  13.296 0.0000000000
157903  -35.063  -88.166  12.680 0.0000000000
157904  -35.671  -87.631  12.240 0.0000000000
157905  -35.185  -88.063  12.119 0.0000000000
157906  -34.666  -88.392  12.103 0.0000000000
157907  -34.305  -88.666  11.635 0.0000000000
157908  -33.984  -88.831  11.218 0.0000000000
157909  -33.621  -88.977  10.877 0.0000000000
157910  -35.592  -86.145  10.475 0.0000000000
157911  -35.139  -86.541  10.226 0.0000000000
157912  -34.795  -87.086  10.070 0.0000000000
157913  -34.212  -86.598  9.245 0.0000000000
157914  -34.336  -87.100  9.616 0.0000000000
157915  -34.429  -87.619  10.009 0.0000000000
157916  -34.063  -88.168  10.096 0.0000000000
157917  -33.689  -88.729  10.317 0.0000000000
157918  -33.250  -89.185  10.610 0.0000000000
157919  -32.904  -89.310  10.320 0.0000000000
157937  -31.153  -85.833  7.391 0.0000000000
157955  -34.848  -80.823  9.167 0.0000000000
157956  -34.424  -80.906  8.556 0.0000000000
157957  -33.981  -81.051  7.967 0.0000000000
157958  -34.490  -80.031  8.040 0.0000000000
157959  -34.001  -80.620  7.698 0.0000000000
157960  -33.460  -81.168  7.429 0.0000000000
157961  -32.869  -81.281  6.889 0.0000000000
157962  -32.287  -81.499  6.356 0.0000000000
157963  -31.722  -81.753  5.845 0.0000000000
157965  -34.821  -79.459  6.370 0.0000000000
157966  -34.014  -79.883  6.093 0.0000000000
157968  -33.537  -80.171  5.545 0.0000000000
157969  -33.260  -80.330  5.885 0.0000000000
157970  -32.531  -80.828  5.706 0.0000000000
157971  -31.835  -81.418  5.508 0.0000000000
157972  -31.200  -82.033  5.290 0.0000000000
157973  -30.664  -82.314  4.677 0.0000000000
157974  -30.190  -82.630  4.095 0.0000000000
157975  -29.707  -82.983  3.537 0.0000000000
