#!ascii label  , from subject fsaverage vox2ras=TkReg
765
102  -25.035  -57.818  52.971 0.0000000000
292  -26.919  -54.258  48.135 0.0000000000
1237  -23.183  -60.249  54.354 0.0000000000
1239  -24.208  -61.632  50.452 0.0000000000
1678  -26.394  -56.257  50.822 0.0000000000
1679  -24.795  -59.459  48.183 0.0000000000
1680  -25.603  -57.835  45.914 0.0000000000
2073  -26.485  -57.396  58.017 0.0000000000
2076  -29.186  -55.930  56.216 0.0000000000
2077  -30.316  -53.885  53.826 0.0000000000
2078  -30.048  -51.544  50.597 0.0000000000
2079  -29.290  -49.855  46.166 0.0000000000
3157  -24.107  -58.906  53.905 0.0000000000
3158  -23.311  -61.201  52.040 0.0000000000
3159  -23.774  -59.915  51.258 0.0000000000
3757  -26.716  -55.253  49.720 0.0000000000
3758  -25.387  -56.977  48.271 0.0000000000
3759  -25.756  -55.995  47.073 0.0000000000
4554  -26.997  -57.393  60.226 0.0000000000
4561  -30.593  -55.863  58.459 0.0000000000
4562  -31.811  -55.253  57.505 0.0000000000
4563  -29.864  -55.062  55.127 0.0000000000
4564  -32.384  -54.151  56.436 0.0000000000
4566  -32.433  -51.729  53.473 0.0000000000
4567  -31.940  -50.986  51.434 0.0000000000
4568  -29.740  -50.713  48.497 0.0000000000
5161  -25.589  -61.070  47.958 0.0000000000
5998  -26.909  -53.131  46.377 0.0000000000
5999  -26.219  -55.085  45.431 0.0000000000
7756  -25.736  -56.999  51.989 0.0000000000
7757  -24.315  -58.654  50.367 0.0000000000
7758  -24.851  -57.749  49.340 0.0000000000
7759  -25.204  -58.657  47.030 0.0000000000
8786  -24.733  -58.659  56.337 0.0000000000
8787  -26.003  -57.516  55.617 0.0000000000
8794  -28.772  -56.535  59.422 0.0000000000
8795  -27.963  -56.500  57.087 0.0000000000
8796  -27.016  -56.642  54.749 0.0000000000
8797  -27.602  -55.911  53.777 0.0000000000
8798  -28.029  -54.973  52.560 0.0000000000
8799  -28.460  -54.045  51.098 0.0000000000
8800  -32.613  -52.861  55.212 0.0000000000
8801  -30.289  -52.592  52.342 0.0000000000
8802  -28.342  -52.783  49.525 0.0000000000
8803  -28.023  -51.514  47.689 0.0000000000
8804  -27.823  -50.551  45.473 0.0000000000
9521  -24.549  -60.528  49.291 0.0000000000
9522  -25.133  -62.134  49.094 0.0000000000
10837  -24.601  -58.309  53.501 0.0000000000
10838  -23.792  -59.442  52.558 0.0000000000
10839  -24.144  -58.786  52.167 0.0000000000
11437  -26.879  -54.772  48.946 0.0000000000
11438  -26.082  -55.620  48.433 0.0000000000
11439  -26.289  -55.158  47.581 0.0000000000
12241  -32.535  -55.296  58.791 0.0000000000
12242  -32.986  -54.898  58.228 0.0000000000
12243  -32.126  -54.792  56.923 0.0000000000
12244  -33.356  -54.350  57.722 0.0000000000
12246  -33.272  -50.968  52.863 0.0000000000
12248  -31.716  -50.676  50.329 0.0000000000
12249  -32.741  -50.453  50.582 0.0000000000
13837  -26.882  -52.558  45.455 0.0000000000
13838  -26.618  -53.554  45.041 0.0000000000
15235  -23.694  -61.497  51.149 0.0000000000
15239  -24.405  -62.334  50.496 0.0000000000
17032  -26.106  -56.685  51.445 0.0000000000
17033  -25.108  -57.304  50.649 0.0000000000
17034  -25.516  -56.969  50.138 0.0000000000
17035  -25.408  -57.328  47.039 0.0000000000
17036  -25.126  -57.826  47.543 0.0000000000
17037  -25.372  -58.306  46.462 0.0000000000
17038  -25.669  -59.235  46.097 0.0000000000
17039  -25.864  -58.909  45.522 0.0000000000
17041  -25.917  -55.905  45.049 0.0000000000
19415  -25.829  -57.901  58.372 0.0000000000
19416  -24.997  -58.597  57.509 0.0000000000
19417  -25.628  -58.003  57.214 0.0000000000
19418  -25.419  -58.040  56.071 0.0000000000
19419  -26.305  -57.370  56.890 0.0000000000
19436  -29.001  -56.572  60.664 0.0000000000
19437  -29.931  -56.188  60.231 0.0000000000
19438  -30.008  -55.911  57.323 0.0000000000
19439  -29.262  -56.170  57.784 0.0000000000
19440  -28.631  -56.244  56.665 0.0000000000
19441  -27.516  -56.604  55.981 0.0000000000
19442  -28.022  -56.262  55.511 0.0000000000
19443  -27.331  -56.338  54.257 0.0000000000
19444  -28.354  -55.897  55.031 0.0000000000
19445  -30.162  -54.481  54.475 0.0000000000
19446  -28.829  -54.943  53.876 0.0000000000
19447  -29.192  -54.489  53.174 0.0000000000
19448  -28.285  -54.594  51.795 0.0000000000
19449  -29.342  -53.920  52.480 0.0000000000
19451  -33.787  -53.034  56.708 0.0000000000
19453  -31.182  -51.608  51.997 0.0000000000
19454  -31.369  -52.076  52.944 0.0000000000
19455  -30.177  -52.008  51.544 0.0000000000
19456  -29.251  -52.653  51.023 0.0000000000
19457  -29.101  -52.127  50.149 0.0000000000
19458  -28.135  -52.152  48.641 0.0000000000
19459  -28.998  -51.514  49.174 0.0000000000
19460  -29.454  -50.258  47.320 0.0000000000
19461  -28.586  -50.527  46.966 0.0000000000
19462  -28.529  -50.136  45.766 0.0000000000
21240  -24.452  -59.054  49.184 0.0000000000
21241  -24.250  -59.627  49.629 0.0000000000
21242  -24.666  -59.990  48.754 0.0000000000
24115  -23.605  -59.597  54.129 0.0000000000
24117  -23.440  -60.122  52.857 0.0000000000
24118  -23.510  -60.604  51.652 0.0000000000
24119  -23.915  -60.815  50.681 0.0000000000
25195  -26.541  -55.741  50.264 0.0000000000
25196  -25.786  -56.594  49.574 0.0000000000
25197  -25.933  -56.069  49.024 0.0000000000
25198  -25.585  -56.493  47.735 0.0000000000
25199  -25.550  -56.842  46.485 0.0000000000
26628  -26.672  -57.387  59.020 0.0000000000
26639  -30.951  -55.767  59.781 0.0000000000
26640  -31.901  -55.524  59.288 0.0000000000
26641  -31.327  -55.635  58.051 0.0000000000
26642  -30.552  -55.599  56.801 0.0000000000
26643  -29.541  -55.523  55.725 0.0000000000
26644  -30.834  -55.203  56.259 0.0000000000
26645  -31.177  -54.555  55.697 0.0000000000
26646  -31.421  -53.917  55.107 0.0000000000
26648  -33.732  -51.801  55.007 0.0000000000
26650  -32.199  -51.278  52.474 0.0000000000
26651  -31.003  -51.201  51.067 0.0000000000
26652  -29.929  -51.119  49.612 0.0000000000
26653  -30.781  -50.918  50.032 0.0000000000
26654  -30.539  -50.524  48.894 0.0000000000
26655  -30.316  -50.085  47.744 0.0000000000
27720  -25.346  -59.884  47.384 0.0000000000
27721  -25.192  -60.292  48.022 0.0000000000
29356  -26.977  -53.631  47.294 0.0000000000
29357  -26.498  -54.547  46.724 0.0000000000
29358  -26.593  -54.036  45.939 0.0000000000
29359  -26.385  -54.554  44.566 0.0000000000
33670  -25.451  -57.379  52.474 0.0000000000
33671  -24.540  -58.249  51.673 0.0000000000
33672  -24.804  -57.683  51.209 0.0000000000
33673  -24.508  -58.214  49.868 0.0000000000
33674  -24.673  -58.607  48.653 0.0000000000
33675  -25.150  -57.431  48.763 0.0000000000
33676  -24.900  -58.194  48.091 0.0000000000
33677  -25.022  -59.000  47.617 0.0000000000
33678  -25.575  -59.520  46.797 0.0000000000
33681  -25.991  -55.524  46.239 0.0000000000
33682  -25.714  -56.368  45.821 0.0000000000
33683  -25.750  -57.349  45.347 0.0000000000
36606  -23.883  -59.399  55.416 0.0000000000
36607  -24.444  -58.756  55.165 0.0000000000
36608  -25.058  -58.144  54.843 0.0000000000
36609  -25.604  -57.635  54.414 0.0000000000
36628  -28.037  -56.981  60.987 0.0000000000
36629  -27.892  -56.900  59.836 0.0000000000
36630  -27.567  -56.875  58.676 0.0000000000
36631  -29.798  -56.131  58.969 0.0000000000
36632  -28.458  -56.487  58.262 0.0000000000
36633  -27.231  -56.861  57.615 0.0000000000
36634  -26.872  -56.847  56.398 0.0000000000
36635  -26.555  -57.044  55.184 0.0000000000
36636  -26.095  -57.185  53.895 0.0000000000
36637  -26.380  -56.811  53.408 0.0000000000
36638  -26.662  -56.481  52.978 0.0000000000
36639  -26.913  -56.077  52.368 0.0000000000
36640  -28.647  -55.438  54.500 0.0000000000
36641  -27.809  -55.411  53.218 0.0000000000
36642  -27.080  -55.585  51.800 0.0000000000
36643  -27.274  -55.161  51.116 0.0000000000
36644  -27.520  -54.661  50.429 0.0000000000
36645  -27.614  -54.125  49.655 0.0000000000
36647  -32.559  -53.476  55.895 0.0000000000
36648  -31.429  -53.315  54.425 0.0000000000
36649  -32.568  -52.258  54.419 0.0000000000
36650  -31.480  -52.663  53.777 0.0000000000
36651  -30.285  -53.219  53.112 0.0000000000
36652  -29.330  -53.329  51.818 0.0000000000
36653  -28.461  -53.446  50.307 0.0000000000
36654  -27.555  -53.524  48.792 0.0000000000
36655  -27.514  -52.855  47.989 0.0000000000
36656  -27.349  -52.252  47.063 0.0000000000
36657  -27.286  -51.716  46.108 0.0000000000
36658  -28.824  -50.977  48.042 0.0000000000
36659  -27.856  -51.005  46.593 0.0000000000
38801  -24.087  -59.272  50.834 0.0000000000
38802  -24.093  -60.239  50.111 0.0000000000
38803  -24.415  -61.088  49.829 0.0000000000
38804  -25.074  -60.798  48.615 0.0000000000
38805  -24.914  -61.299  49.186 0.0000000000
38806  -24.767  -61.798  49.847 0.0000000000
41557  -24.820  -58.060  53.242 0.0000000000
41558  -24.328  -58.576  52.803 0.0000000000
41559  -24.540  -58.236  52.629 0.0000000000
42157  -26.887  -54.547  48.539 0.0000000000
42158  -26.566  -54.952  48.282 0.0000000000
42159  -26.592  -54.724  47.867 0.0000000000
42963  -33.162  -54.642  57.970 0.0000000000
42968  -32.857  -50.565  51.176 0.0000000000
45958  -24.213  -62.270  50.780 0.0000000000
45959  -24.318  -61.971  50.471 0.0000000000
47752  -26.290  -56.544  51.140 0.0000000000
47753  -25.781  -56.804  50.784 0.0000000000
47754  -25.956  -56.618  50.496 0.0000000000
47755  -25.468  -57.579  46.468 0.0000000000
47756  -25.362  -57.816  46.731 0.0000000000
47757  -25.466  -58.093  46.176 0.0000000000
47758  -25.576  -58.597  45.950 0.0000000000
47759  -25.674  -58.371  45.703 0.0000000000
50135  -26.149  -57.627  58.229 0.0000000000
50136  -25.713  -57.951  57.874 0.0000000000
50137  -26.086  -57.654  57.647 0.0000000000
50138  -25.977  -57.681  57.060 0.0000000000
50139  -26.398  -57.374  57.456 0.0000000000
50157  -30.491  -55.976  60.635 0.0000000000
50158  -29.626  -55.945  56.765 0.0000000000
50159  -29.295  -56.082  56.977 0.0000000000
50160  -28.950  -56.108  56.445 0.0000000000
50161  -28.337  -56.258  56.118 0.0000000000
50162  -28.601  -56.081  55.886 0.0000000000
50163  -28.221  -56.091  55.284 0.0000000000
50164  -28.780  -55.895  55.644 0.0000000000
50165  -30.249  -54.220  54.126 0.0000000000
50166  -29.644  -54.493  53.805 0.0000000000
50167  -29.766  -54.230  53.479 0.0000000000
50168  -29.277  -54.248  52.767 0.0000000000
50169  -29.811  -53.918  53.141 0.0000000000
50173  -30.618  -51.534  51.301 0.0000000000
50174  -30.682  -51.768  51.771 0.0000000000
50175  -30.136  -51.762  51.105 0.0000000000
50176  -29.643  -52.026  50.861 0.0000000000
50177  -29.587  -51.809  50.394 0.0000000000
50178  -29.087  -51.845  49.645 0.0000000000
50179  -29.523  -51.573  49.871 0.0000000000
50180  -29.361  -50.056  46.736 0.0000000000
50181  -28.946  -50.170  46.556 0.0000000000
50182  -28.895  -49.990  45.961 0.0000000000
50183  -28.468  -49.966  45.209 0.0000000000
50184  -28.848  -49.800  45.391 0.0000000000
51960  -24.593  -59.229  48.669 0.0000000000
51961  -24.517  -59.501  48.937 0.0000000000
51962  -24.774  -59.681  48.465 0.0000000000
55552  -23.851  -59.258  54.025 0.0000000000
55553  -23.452  -59.852  53.509 0.0000000000
55554  -23.672  -59.480  53.420 0.0000000000
55555  -23.769  -59.695  51.887 0.0000000000
55556  -23.623  -60.020  52.100 0.0000000000
55557  -23.648  -60.196  51.540 0.0000000000
55558  -23.699  -60.715  51.149 0.0000000000
55559  -23.796  -60.379  50.943 0.0000000000
57352  -26.630  -55.486  50.017 0.0000000000
57353  -26.234  -55.883  49.662 0.0000000000
57354  -26.345  -55.635  49.371 0.0000000000
57355  -25.892  -55.836  47.713 0.0000000000
57356  -25.808  -56.062  48.068 0.0000000000
57357  -25.686  -56.257  47.388 0.0000000000
57358  -25.545  -56.660  47.063 0.0000000000
57359  -25.625  -56.390  46.774 0.0000000000
59738  -26.320  -57.643  59.226 0.0000000000
59739  -26.843  -57.389  59.605 0.0000000000
59758  -32.216  -55.256  58.194 0.0000000000
59759  -31.968  -55.491  58.411 0.0000000000
59760  -31.603  -55.435  57.794 0.0000000000
59761  -30.972  -55.613  57.403 0.0000000000
59762  -31.201  -55.408  57.114 0.0000000000
59763  -30.720  -55.402  56.571 0.0000000000
59764  -31.340  -55.211  56.867 0.0000000000
59765  -32.243  -54.488  56.656 0.0000000000
59766  -31.661  -54.643  56.307 0.0000000000
59767  -31.782  -54.346  56.049 0.0000000000
59768  -31.318  -54.237  55.408 0.0000000000
59769  -31.911  -54.029  55.781 0.0000000000
59773  -32.613  -50.953  52.130 0.0000000000
59774  -32.718  -51.110  52.658 0.0000000000
59775  -32.096  -51.131  51.943 0.0000000000
59776  -31.582  -51.280  51.765 0.0000000000
59777  -31.459  -51.108  51.264 0.0000000000
59778  -30.850  -51.074  50.533 0.0000000000
59779  -31.324  -50.963  50.735 0.0000000000
59780  -31.583  -50.532  49.737 0.0000000000
59781  -31.116  -50.625  49.629 0.0000000000
59782  -30.979  -50.459  49.004 0.0000000000
59783  -30.428  -50.299  48.310 0.0000000000
59784  -30.884  -50.230  48.461 0.0000000000
61561  -25.588  -60.306  47.346 0.0000000000
64552  -26.941  -53.385  46.853 0.0000000000
64553  -26.727  -53.815  46.612 0.0000000000
64554  -26.737  -53.569  46.188 0.0000000000
64555  -26.549  -53.783  44.379 0.0000000000
64556  -26.489  -54.034  44.801 0.0000000000
68747  -23.190  -61.464  52.252 0.0000000000
74137  -25.587  -57.207  52.219 0.0000000000
74138  -25.099  -57.528  51.834 0.0000000000
74139  -25.225  -57.322  51.566 0.0000000000
74140  -24.917  -57.514  49.965 0.0000000000
74141  -24.739  -57.713  50.238 0.0000000000
74142  -24.668  -57.960  49.612 0.0000000000
74143  -24.568  -58.405  49.205 0.0000000000
74144  -24.741  -58.167  49.014 0.0000000000
74145  -25.529  -56.770  48.938 0.0000000000
74146  -25.373  -57.058  49.179 0.0000000000
74147  -25.278  -57.237  48.510 0.0000000000
74148  -25.110  -58.227  47.269 0.0000000000
74149  -24.972  -58.034  47.760 0.0000000000
74150  -24.985  -58.399  47.544 0.0000000000
74151  -24.887  -58.596  47.836 0.0000000000
74152  -25.083  -58.835  47.343 0.0000000000
74153  -25.261  -59.253  47.188 0.0000000000
74154  -25.354  -59.105  46.863 0.0000000000
74155  -25.943  -59.540  45.699 0.0000000000
74156  -25.942  -59.667  46.029 0.0000000000
74160  -26.344  -54.802  46.047 0.0000000000
74161  -26.264  -55.041  46.468 0.0000000000
74162  -26.176  -55.259  45.816 0.0000000000
74164  -25.815  -56.144  45.430 0.0000000000
74165  -25.742  -56.621  45.209 0.0000000000
74166  -25.686  -56.811  45.607 0.0000000000
81283  -24.896  -58.633  56.926 0.0000000000
81285  -24.477  -58.976  56.501 0.0000000000
81286  -24.050  -59.354  56.008 0.0000000000
81287  -24.330  -59.006  55.889 0.0000000000
81288  -24.163  -59.043  55.281 0.0000000000
81289  -24.604  -58.696  55.739 0.0000000000
81290  -25.715  -57.764  55.829 0.0000000000
81291  -25.247  -58.087  55.442 0.0000000000
81292  -25.541  -57.828  55.230 0.0000000000
81293  -25.326  -57.917  54.592 0.0000000000
81294  -25.839  -57.566  55.049 0.0000000000
81341  -27.981  -56.951  61.578 0.0000000000
81342  -28.469  -56.751  61.385 0.0000000000
81343  -28.943  -56.563  60.018 0.0000000000
81344  -28.519  -56.733  60.235 0.0000000000
81345  -28.338  -56.710  59.637 0.0000000000
81346  -27.699  -56.870  59.270 0.0000000000
81347  -28.129  -56.672  59.046 0.0000000000
81348  -30.800  -55.797  59.131 0.0000000000
81349  -30.368  -55.938  59.395 0.0000000000
81350  -30.174  -55.959  58.773 0.0000000000
81351  -28.585  -56.342  57.429 0.0000000000
81352  -28.848  -56.318  58.004 0.0000000000
81353  -28.208  -56.506  57.680 0.0000000000
81354  -27.838  -56.675  57.954 0.0000000000
81355  -27.632  -56.664  57.345 0.0000000000
81356  -27.104  -56.854  57.006 0.0000000000
81357  -27.394  -56.657  56.744 0.0000000000
81358  -27.282  -56.620  55.367 0.0000000000
81359  -27.027  -56.796  55.593 0.0000000000
81360  -26.810  -56.786  55.006 0.0000000000
81361  -26.361  -57.094  54.577 0.0000000000
81362  -26.566  -56.893  54.342 0.0000000000
81363  -26.248  -56.985  53.654 0.0000000000
81364  -26.724  -56.724  54.087 0.0000000000
81365  -27.463  -56.128  54.038 0.0000000000
81366  -26.974  -56.393  53.605 0.0000000000
81367  -27.132  -56.161  53.391 0.0000000000
81368  -26.802  -56.287  52.671 0.0000000000
81369  -27.275  -55.961  53.063 0.0000000000
81370  -29.688  -55.331  55.427 0.0000000000
81371  -29.059  -55.505  55.143 0.0000000000
81372  -29.239  -55.265  54.829 0.0000000000
81373  -28.442  -54.956  53.206 0.0000000000
81374  -28.300  -55.149  53.555 0.0000000000
81375  -27.914  -55.206  52.891 0.0000000000
81376  -27.420  -55.511  52.560 0.0000000000
81377  -27.522  -55.285  52.230 0.0000000000
81378  -27.167  -55.381  51.467 0.0000000000
81379  -27.625  -55.075  51.875 0.0000000000
81380  -28.406  -54.342  51.449 0.0000000000
81381  -27.914  -54.644  51.144 0.0000000000
81382  -27.985  -54.357  50.749 0.0000000000
81383  -27.582  -54.394  50.032 0.0000000000
81384  -28.058  -54.080  50.363 0.0000000000
81388  -33.216  -52.930  55.979 0.0000000000
81389  -33.135  -53.253  56.323 0.0000000000
81390  -32.589  -53.167  55.564 0.0000000000
81391  -32.001  -53.391  55.154 0.0000000000
81392  -32.020  -53.106  54.811 0.0000000000
81393  -33.074  -51.760  54.246 0.0000000000
81394  -33.144  -52.023  54.740 0.0000000000
81395  -32.498  -51.965  53.971 0.0000000000
81396  -30.841  -52.310  52.641 0.0000000000
81397  -31.417  -52.375  53.347 0.0000000000
81398  -30.887  -52.612  53.071 0.0000000000
81399  -30.884  -52.918  53.440 0.0000000000
81400  -30.310  -52.901  52.768 0.0000000000
81401  -29.795  -53.285  52.478 0.0000000000
81402  -29.771  -52.958  52.130 0.0000000000
81403  -28.846  -52.757  50.348 0.0000000000
81404  -28.855  -53.052  50.738 0.0000000000
81405  -28.419  -53.116  49.944 0.0000000000
81406  -27.999  -53.490  49.546 0.0000000000
81407  -27.957  -53.131  49.160 0.0000000000
81408  -27.541  -53.182  48.400 0.0000000000
81409  -27.867  -52.776  48.749 0.0000000000
81410  -28.037  -51.830  48.100 0.0000000000
81411  -27.692  -52.183  47.848 0.0000000000
81412  -27.630  -51.853  47.398 0.0000000000
81413  -27.323  -51.970  46.615 0.0000000000
81414  -27.588  -51.577  46.924 0.0000000000
81415  -29.831  -50.931  49.056 0.0000000000
81416  -29.381  -51.066  48.843 0.0000000000
81417  -29.313  -50.820  48.268 0.0000000000
81418  -28.186  -50.519  46.217 0.0000000000
81419  -28.217  -50.734  46.782 0.0000000000
81420  -27.844  -50.767  46.040 0.0000000000
81421  -27.514  -51.084  45.813 0.0000000000
81422  -27.531  -50.840  45.290 0.0000000000
86760  -24.393  -58.429  51.019 0.0000000000
86761  -24.251  -58.762  51.236 0.0000000000
86762  -24.208  -58.946  50.600 0.0000000000
86763  -24.380  -60.091  49.411 0.0000000000
86764  -24.198  -59.922  49.867 0.0000000000
86765  -24.345  -60.382  49.694 0.0000000000
86766  -24.235  -60.692  49.934 0.0000000000
86767  -24.487  -60.805  49.554 0.0000000000
86768  -25.393  -60.679  47.946 0.0000000000
86769  -25.146  -60.524  48.309 0.0000000000
86770  -25.330  -60.908  48.275 0.0000000000
86772  -25.165  -61.477  48.856 0.0000000000
86773  -25.037  -61.701  49.152 0.0000000000
86774  -24.807  -61.520  49.509 0.0000000000
86775  -24.944  -61.944  49.498 0.0000000000
86776  -24.814  -62.185  49.857 0.0000000000
86777  -24.984  -62.344  49.498 0.0000000000
93235  -24.379  -58.567  53.739 0.0000000000
93236  -23.866  -59.144  53.262 0.0000000000
93237  -24.083  -58.849  53.047 0.0000000000
93238  -23.962  -59.120  52.348 0.0000000000
93239  -23.877  -59.356  51.679 0.0000000000
94315  -26.827  -55.033  49.351 0.0000000000
94316  -26.435  -55.417  49.060 0.0000000000
94317  -26.504  -55.203  48.698 0.0000000000
94318  -26.189  -55.410  47.987 0.0000000000
94319  -25.986  -55.585  47.333 0.0000000000
95759  -32.817  -55.153  59.435 0.0000000000
95762  -32.413  -55.094  57.859 0.0000000000
95763  -31.990  -55.063  57.213 0.0000000000
95764  -32.569  -54.871  57.567 0.0000000000
95765  -32.720  -54.586  57.303 0.0000000000
95766  -32.861  -54.270  57.056 0.0000000000
95770  -33.138  -50.820  52.306 0.0000000000
95771  -32.428  -50.826  51.562 0.0000000000
95772  -31.824  -50.840  50.896 0.0000000000
95773  -32.342  -50.703  51.023 0.0000000000
95774  -32.223  -50.557  50.443 0.0000000000
95775  -32.087  -50.446  49.878 0.0000000000
98635  -26.894  -52.846  45.927 0.0000000000
98636  -26.743  -53.342  45.706 0.0000000000
98637  -26.723  -53.069  45.267 0.0000000000
98638  -26.630  -53.306  44.585 0.0000000000
101151  -23.403  -61.365  51.565 0.0000000000
101152  -23.309  -61.583  51.786 0.0000000000
101158  -24.266  -62.572  50.792 0.0000000000
101159  -24.437  -62.687  50.476 0.0000000000
104386  -25.913  -56.813  51.735 0.0000000000
104387  -25.387  -57.113  51.389 0.0000000000
104388  -25.581  -56.965  51.068 0.0000000000
104389  -25.304  -57.142  50.374 0.0000000000
104390  -25.107  -57.345  49.729 0.0000000000
104391  -25.333  -57.154  47.643 0.0000000000
104392  -25.233  -57.451  47.879 0.0000000000
104393  -25.290  -57.580  47.314 0.0000000000
104394  -25.246  -58.052  47.011 0.0000000000
104395  -25.286  -58.484  46.756 0.0000000000
104396  -25.436  -58.943  46.521 0.0000000000
104397  -25.470  -58.755  46.264 0.0000000000
104398  -25.751  -59.087  45.803 0.0000000000
104400  -26.127  -55.261  44.784 0.0000000000
104401  -26.057  -55.467  45.230 0.0000000000
108675  -25.386  -58.242  57.984 0.0000000000
108676  -25.314  -58.299  57.366 0.0000000000
108677  -25.183  -58.342  56.769 0.0000000000
108678  -25.054  -58.370  56.188 0.0000000000
108679  -25.512  -58.031  56.640 0.0000000000
108680  -25.915  -57.672  56.507 0.0000000000
108681  -26.172  -57.442  56.228 0.0000000000
108710  -28.967  -56.567  61.194 0.0000000000
108712  -29.450  -56.390  60.427 0.0000000000
108713  -29.361  -56.373  59.824 0.0000000000
108714  -30.304  -55.874  57.898 0.0000000000
108715  -29.931  -56.018  58.112 0.0000000000
108716  -29.654  -56.037  57.554 0.0000000000
108717  -28.954  -56.203  57.215 0.0000000000
108718  -28.317  -56.365  56.904 0.0000000000
108719  -27.720  -56.538  56.578 0.0000000000
108720  -28.033  -56.394  56.385 0.0000000000
108721  -27.780  -56.435  55.744 0.0000000000
108722  -27.485  -56.441  55.131 0.0000000000
108723  -27.217  -56.506  54.478 0.0000000000
108724  -27.687  -56.313  54.885 0.0000000000
108725  -27.861  -56.084  54.709 0.0000000000
108726  -27.951  -55.904  54.425 0.0000000000
108727  -30.012  -54.794  54.786 0.0000000000
108728  -29.350  -55.004  54.515 0.0000000000
108729  -29.482  -54.752  54.140 0.0000000000
108730  -29.015  -54.726  53.506 0.0000000000
108731  -28.601  -54.725  52.877 0.0000000000
108732  -28.152  -54.784  52.185 0.0000000000
108733  -28.716  -54.528  52.461 0.0000000000
108734  -28.824  -54.282  52.118 0.0000000000
108735  -28.892  -54.008  51.812 0.0000000000
108739  -33.837  -52.697  56.348 0.0000000000
108740  -33.188  -52.606  55.587 0.0000000000
108741  -31.788  -51.665  52.725 0.0000000000
108742  -31.896  -51.884  53.261 0.0000000000
108743  -31.290  -51.815  52.492 0.0000000000
108744  -30.775  -52.000  52.214 0.0000000000
108745  -30.233  -52.253  51.926 0.0000000000
108746  -29.736  -52.614  51.702 0.0000000000
108747  -29.693  -52.285  51.279 0.0000000000
108748  -29.213  -52.315  50.605 0.0000000000
108749  -28.715  -52.481  49.847 0.0000000000
108750  -28.224  -52.473  49.077 0.0000000000
108751  -28.606  -52.152  49.377 0.0000000000
108752  -28.528  -51.819  48.894 0.0000000000
108753  -28.463  -51.511  48.392 0.0000000000
108754  -29.598  -50.458  47.907 0.0000000000
108755  -29.172  -50.581  47.687 0.0000000000
108756  -29.029  -50.364  47.119 0.0000000000
108757  -28.544  -50.312  46.348 0.0000000000
108758  -28.155  -50.320  45.621 0.0000000000
108759  -27.768  -50.352  44.871 0.0000000000
108760  -28.110  -50.143  45.032 0.0000000000
108761  -28.074  -49.973  44.455 0.0000000000
111960  -24.331  -58.915  49.703 0.0000000000
111961  -24.212  -59.175  49.956 0.0000000000
111962  -24.328  -59.352  49.405 0.0000000000
111963  -24.430  -59.805  49.174 0.0000000000
111964  -24.599  -60.254  49.019 0.0000000000
111966  -25.514  -61.363  48.246 0.0000000000
117709  -23.377  -59.939  54.224 0.0000000000
117713  -23.346  -60.708  52.376 0.0000000000
117714  -23.630  -59.743  52.764 0.0000000000
117715  -23.468  -60.358  52.260 0.0000000000
117716  -23.420  -60.915  51.830 0.0000000000
117717  -23.570  -61.087  51.331 0.0000000000
117718  -23.818  -61.208  50.888 0.0000000000
117719  -24.068  -61.293  50.506 0.0000000000
120229  -26.472  -55.993  50.529 0.0000000000
120230  -26.084  -56.400  50.193 0.0000000000
120231  -26.176  -56.169  49.910 0.0000000000
120232  -25.867  -56.336  49.309 0.0000000000
120233  -25.609  -56.511  48.667 0.0000000000
120234  -26.043  -55.826  48.722 0.0000000000
120235  -25.708  -56.280  48.393 0.0000000000
120236  -25.481  -56.712  48.021 0.0000000000
120237  -25.445  -56.921  47.352 0.0000000000
120238  -25.475  -57.121  46.766 0.0000000000
120239  -25.551  -57.345  46.200 0.0000000000
123568  -25.894  -57.893  58.891 0.0000000000
123569  -26.267  -57.605  58.707 0.0000000000
123570  -26.594  -57.357  58.561 0.0000000000
123593  -30.987  -55.788  60.422 0.0000000000
123595  -31.441  -55.627  59.527 0.0000000000
123596  -31.260  -55.682  58.922 0.0000000000
123597  -32.303  -55.420  59.012 0.0000000000
123598  -31.629  -55.626  58.635 0.0000000000
123599  -30.957  -55.736  58.269 0.0000000000
123600  -30.660  -55.757  57.691 0.0000000000
123601  -30.312  -55.779  57.081 0.0000000000
123602  -29.869  -55.772  56.508 0.0000000000
123603  -29.382  -55.704  56.000 0.0000000000
123604  -30.068  -55.577  56.275 0.0000000000
123605  -30.191  -55.388  55.979 0.0000000000
123606  -30.350  -55.113  55.676 0.0000000000
123607  -31.495  -54.994  56.578 0.0000000000
123608  -31.026  -54.859  55.982 0.0000000000
123609  -30.529  -54.819  55.381 0.0000000000
123610  -30.677  -54.528  55.087 0.0000000000
123611  -30.814  -54.194  54.814 0.0000000000
123612  -30.831  -53.933  54.433 0.0000000000
123616  -33.631  -51.559  54.493 0.0000000000
123617  -32.960  -51.543  53.719 0.0000000000
123618  -33.376  -51.162  53.383 0.0000000000
123619  -32.825  -51.329  53.179 0.0000000000
123620  -32.293  -51.515  52.951 0.0000000000
123621  -31.671  -51.476  52.231 0.0000000000
123622  -31.085  -51.411  51.530 0.0000000000
123623  -30.535  -51.303  50.823 0.0000000000
123624  -29.984  -51.329  50.110 0.0000000000
123625  -30.427  -51.160  50.311 0.0000000000
123626  -30.341  -51.003  49.799 0.0000000000
123627  -30.240  -50.831  49.278 0.0000000000
123628  -31.238  -50.808  50.201 0.0000000000
123629  -30.659  -50.742  49.475 0.0000000000
123630  -30.124  -50.625  48.722 0.0000000000
123631  -30.023  -50.369  48.130 0.0000000000
123632  -29.882  -50.175  47.503 0.0000000000
123633  -29.769  -49.939  46.922 0.0000000000
126120  -25.054  -59.668  47.768 0.0000000000
126121  -25.003  -59.875  48.085 0.0000000000
126122  -25.271  -60.088  47.704 0.0000000000
126123  -25.475  -60.499  47.642 0.0000000000
126124  -25.684  -60.858  47.620 0.0000000000
130150  -26.982  -53.901  47.730 0.0000000000
130151  -26.671  -54.345  47.460 0.0000000000
130152  -26.708  -54.066  47.033 0.0000000000
130153  -26.526  -54.321  46.313 0.0000000000
130154  -26.409  -54.563  45.654 0.0000000000
130155  -26.607  -53.797  45.491 0.0000000000
130156  -26.493  -54.282  45.262 0.0000000000
130157  -26.329  -54.831  44.990 0.0000000000
142132  -25.233  -57.594  52.715 0.0000000000
142133  -24.750  -58.018  52.328 0.0000000000
142134  -24.936  -57.762  52.083 0.0000000000
142135  -24.673  -57.897  51.453 0.0000000000
142136  -24.499  -58.165  50.791 0.0000000000
142137  -24.939  -57.484  50.924 0.0000000000
142138  -24.607  -57.952  50.535 0.0000000000
142139  -24.388  -58.463  50.117 0.0000000000
142140  -24.446  -58.654  49.463 0.0000000000
142141  -24.532  -58.831  48.887 0.0000000000
142142  -24.632  -59.040  48.348 0.0000000000
142143  -25.660  -56.813  49.836 0.0000000000
142144  -25.256  -57.212  49.463 0.0000000000
142145  -25.012  -57.593  49.057 0.0000000000
142146  -25.103  -57.633  48.114 0.0000000000
142147  -24.980  -57.813  48.398 0.0000000000
142148  -24.868  -57.983  48.711 0.0000000000
142149  -24.817  -58.387  48.424 0.0000000000
142150  -24.822  -58.818  48.124 0.0000000000
142151  -24.895  -59.220  47.896 0.0000000000
142152  -25.162  -59.417  47.459 0.0000000000
142153  -25.444  -59.700  47.091 0.0000000000
142155  -25.645  -59.380  46.416 0.0000000000
142156  -25.882  -59.816  46.403 0.0000000000
142161  -26.392  -54.862  47.166 0.0000000000
142162  -26.096  -55.340  46.909 0.0000000000
142163  -25.849  -55.756  46.679 0.0000000000
142164  -25.960  -55.699  45.651 0.0000000000
142165  -25.821  -55.928  46.027 0.0000000000
142166  -25.696  -56.156  46.436 0.0000000000
142167  -25.627  -56.590  46.177 0.0000000000
142168  -25.622  -57.090  45.910 0.0000000000
142169  -25.699  -57.638  45.649 0.0000000000
142178  -25.775  -58.136  45.423 0.0000000000
150786  -23.435  -59.828  54.907 0.0000000000
150787  -23.711  -59.436  54.798 0.0000000000
150788  -23.989  -59.135  54.671 0.0000000000
150789  -24.266  -58.821  54.547 0.0000000000
150790  -24.930  -58.396  55.626 0.0000000000
150791  -24.761  -58.422  55.050 0.0000000000
150792  -24.560  -58.495  54.399 0.0000000000
150793  -24.846  -58.231  54.173 0.0000000000
150794  -25.093  -57.977  53.951 0.0000000000
150795  -25.353  -57.730  53.686 0.0000000000
150851  -27.596  -57.187  61.220 0.0000000000
150852  -27.555  -57.209  60.584 0.0000000000
150853  -28.498  -56.769  60.800 0.0000000000
150854  -28.041  -56.923  60.394 0.0000000000
150855  -27.432  -57.139  59.992 0.0000000000
150856  -27.262  -57.122  59.427 0.0000000000
150857  -27.104  -57.108  58.887 0.0000000000
150858  -27.003  -57.127  58.343 0.0000000000
150859  -30.452  -55.956  60.041 0.0000000000
150860  -29.870  -56.150  59.628 0.0000000000
150861  -29.246  -56.338  59.219 0.0000000000
150862  -29.512  -56.133  58.384 0.0000000000
150863  -29.112  -56.303  58.576 0.0000000000
150864  -28.623  -56.493  58.839 0.0000000000
150865  -28.027  -56.669  58.497 0.0000000000
150866  -27.413  -56.871  58.159 0.0000000000
150867  -26.808  -57.105  57.844 0.0000000000
150868  -26.740  -57.090  57.266 0.0000000000
150869  -26.630  -57.091  56.651 0.0000000000
150870  -26.452  -57.190  55.993 0.0000000000
150871  -27.188  -56.712  56.217 0.0000000000
150872  -26.733  -56.988  55.789 0.0000000000
150873  -26.287  -57.279  55.397 0.0000000000
150874  -26.118  -57.303  54.843 0.0000000000
150875  -25.874  -57.406  54.130 0.0000000000
150876  -25.595  -57.495  53.419 0.0000000000
150877  -25.779  -57.287  53.175 0.0000000000
150878  -25.933  -57.089  52.925 0.0000000000
150879  -26.059  -56.951  52.689 0.0000000000
150880  -26.851  -56.574  53.827 0.0000000000
150881  -26.520  -56.662  53.145 0.0000000000
150882  -26.205  -56.729  52.465 0.0000000000
150883  -26.365  -56.565  52.206 0.0000000000
150884  -26.513  -56.400  51.901 0.0000000000
150885  -26.624  -56.187  51.590 0.0000000000
150886  -28.923  -55.696  55.393 0.0000000000
150887  -28.463  -55.683  54.817 0.0000000000
150888  -28.090  -55.680  54.165 0.0000000000
150889  -28.706  -55.173  54.207 0.0000000000
150890  -28.211  -55.415  53.876 0.0000000000
150891  -27.728  -55.686  53.504 0.0000000000
150892  -27.336  -55.746  52.855 0.0000000000
150893  -26.992  -55.836  52.082 0.0000000000
150894  -26.701  -55.895  51.330 0.0000000000
150895  -26.769  -55.685  51.003 0.0000000000
150896  -26.892  -55.445  50.714 0.0000000000
150897  -26.967  -55.200  50.435 0.0000000000
150898  -27.730  -54.884  51.472 0.0000000000
150899  -27.404  -54.924  50.810 0.0000000000
150900  -27.057  -54.952  50.103 0.0000000000
150901  -27.202  -54.689  49.693 0.0000000000
150902  -27.229  -54.433  49.279 0.0000000000
150903  -27.219  -54.212  48.891 0.0000000000
150906  -32.992  -53.938  56.808 0.0000000000
150907  -33.707  -53.364  57.018 0.0000000000
150908  -33.099  -53.592  56.568 0.0000000000
150909  -32.508  -53.822  56.173 0.0000000000
150910  -31.987  -53.702  55.487 0.0000000000
150911  -31.439  -53.617  54.774 0.0000000000
150912  -30.878  -53.563  54.155 0.0000000000
150913  -33.789  -52.057  55.494 0.0000000000
150914  -33.184  -52.320  55.176 0.0000000000
150915  -32.605  -52.555  54.827 0.0000000000
150916  -31.900  -52.169  53.612 0.0000000000
150917  -32.018  -52.468  54.071 0.0000000000
150918  -32.044  -52.824  54.456 0.0000000000
150919  -31.451  -53.006  54.084 0.0000000000
150920  -30.854  -53.247  53.770 0.0000000000
150921  -30.312  -53.533  53.487 0.0000000000
150922  -29.823  -53.527  52.829 0.0000000000
150923  -29.348  -53.644  52.163 0.0000000000
150924  -28.917  -53.707  51.473 0.0000000000
150925  -29.297  -52.990  51.446 0.0000000000
150926  -28.921  -53.361  51.093 0.0000000000
150927  -28.539  -53.742  50.691 0.0000000000
150928  -28.062  -53.798  49.957 0.0000000000
150929  -27.613  -53.843  49.235 0.0000000000
150930  -27.250  -53.875  48.473 0.0000000000
150931  -27.257  -53.549  48.061 0.0000000000
150932  -27.236  -53.252  47.643 0.0000000000
150933  -27.192  -52.965  47.192 0.0000000000
150934  -27.804  -52.506  48.342 0.0000000000
150935  -27.440  -52.546  47.533 0.0000000000
150936  -27.114  -52.685  46.717 0.0000000000
150937  -27.094  -52.399  46.273 0.0000000000
150938  -27.068  -52.124  45.788 0.0000000000
150940  -29.482  -51.273  49.427 0.0000000000
150941  -28.906  -51.229  48.637 0.0000000000
150942  -28.423  -51.224  47.917 0.0000000000
150943  -28.726  -50.735  47.481 0.0000000000
150944  -28.287  -50.958  47.325 0.0000000000
150945  -27.921  -51.253  47.154 0.0000000000
150946  -27.531  -51.358  46.358 0.0000000000
150947  -27.248  -51.479  45.528 0.0000000000
151174  -33.195  -50.311  50.643 0.0000000000
151175  -32.543  -50.291  49.955 0.0000000000
151181  -30.166  -49.850  47.071 0.0000000000
151182  -29.665  -49.718  46.307 0.0000000000
151191  -29.214  -49.627  45.508 0.0000000000
157361  -24.345  -58.476  51.965 0.0000000000
157362  -24.044  -59.094  51.429 0.0000000000
157363  -23.942  -59.599  51.044 0.0000000000
157364  -24.125  -59.425  50.232 0.0000000000
157365  -24.082  -59.759  50.480 0.0000000000
157366  -23.899  -60.109  50.655 0.0000000000
157367  -23.975  -60.551  50.379 0.0000000000
157368  -24.148  -60.963  50.236 0.0000000000
157369  -24.295  -61.356  50.154 0.0000000000
157370  -24.944  -60.130  48.386 0.0000000000
157371  -24.880  -60.404  48.662 0.0000000000
157372  -24.805  -60.673  48.933 0.0000000000
157373  -25.263  -61.211  48.585 0.0000000000
157374  -25.000  -61.058  48.895 0.0000000000
157375  -24.704  -60.908  49.180 0.0000000000
157376  -24.673  -61.191  49.480 0.0000000000
157377  -24.571  -61.458  49.801 0.0000000000
157378  -24.456  -61.712  50.135 0.0000000000
157379  -24.561  -62.057  50.168 0.0000000000
157380  -24.628  -62.426  50.158 0.0000000000
