#!ascii label  , from subject fsaverage vox2ras=TkReg
442
22  -12.518  53.091  3.059 0.0000000000
247  -13.143  43.455  -1.403 0.0000000000
727  -14.204  47.809  0.745 0.0000000000
728  -11.712  44.100  2.683 0.0000000000
729  -13.108  47.717  5.576 0.0000000000
1597  -9.370  40.317  -3.624 0.0000000000
1623  -12.619  42.395  -6.615 0.0000000000
2647  -13.395  50.324  1.948 0.0000000000
2648  -14.204  47.658  3.388 0.0000000000
2649  -13.619  50.214  4.638 0.0000000000
2660  -11.489  52.246  0.228 0.0000000000
2661  -12.686  49.873  -0.963 0.0000000000
3622  -11.331  41.821  -2.250 0.0000000000
3623  -8.300  41.730  -1.950 0.0000000000
3663  -14.043  45.170  -3.092 0.0000000000
3664  -13.032  44.906  -5.836 0.0000000000
3665  -13.352  42.683  -3.846 0.0000000000
3666  -11.977  40.549  -4.569 0.0000000000
5917  -14.261  45.473  -0.477 0.0000000000
5918  -12.487  43.770  0.655 0.0000000000
5919  -13.841  45.354  1.994 0.0000000000
5920  -12.886  45.611  4.118 0.0000000000
5943  -13.788  47.576  -2.066 0.0000000000
7628  -11.648  40.037  -7.144 0.0000000000
7629  -10.248  38.835  -5.802 0.0000000000
8183  -12.583  53.376  6.191 0.0000000000
10327  -12.948  51.649  2.504 0.0000000000
10328  -13.717  50.350  3.343 0.0000000000
10329  -13.249  51.660  3.932 0.0000000000
10339  -10.885  53.925  0.890 0.0000000000
10340  -12.034  52.693  1.591 0.0000000000
10341  -12.489  51.314  1.069 0.0000000000
11302  -12.325  42.579  -1.850 0.0000000000
11303  -10.708  42.391  -1.484 0.0000000000
11304  -11.841  42.911  -0.931 0.0000000000
11343  -13.859  44.192  -2.267 0.0000000000
11344  -13.836  43.908  -3.504 0.0000000000
11345  -13.309  43.051  -2.575 0.0000000000
11346  -12.573  42.011  -2.899 0.0000000000
13702  -14.388  46.585  0.120 0.0000000000
13703  -14.073  45.430  0.764 0.0000000000
13704  -14.320  46.509  1.376 0.0000000000
13705  -13.760  47.640  4.551 0.0000000000
13706  -13.761  46.499  3.829 0.0000000000
13707  -13.140  46.641  4.860 0.0000000000
13708  -12.108  45.869  5.021 0.0000000000
13709  -12.326  46.821  5.738 0.0000000000
13743  -13.609  48.828  -0.122 0.0000000000
13744  -13.376  48.710  -1.554 0.0000000000
13745  -14.034  47.666  -0.690 0.0000000000
13746  -14.257  46.500  -1.312 0.0000000000
16627  -8.466  39.584  -4.433 0.0000000000
16629  -7.850  40.387  -3.612 0.0000000000
16635  -12.153  43.900  1.667 0.0000000000
16636  -11.170  43.412  1.014 0.0000000000
16751  -12.893  43.621  -6.260 0.0000000000
16757  -12.176  41.201  -6.916 0.0000000000
16758  -10.777  40.240  -3.898 0.0000000000
16759  -11.150  39.705  -5.113 0.0000000000
16760  -9.866  39.480  -4.665 0.0000000000
16761  -9.020  38.675  -5.469 0.0000000000
20070  -12.040  53.343  7.679 0.0000000000
20071  -12.608  51.798  6.799 0.0000000000
23197  -13.878  49.017  1.367 0.0000000000
23198  -14.373  47.695  2.061 0.0000000000
23199  -14.141  49.000  2.734 0.0000000000
23200  -14.023  48.907  4.025 0.0000000000
23201  -13.614  48.809  5.174 0.0000000000
23220  -10.945  51.966  -1.094 0.0000000000
23222  -12.065  51.000  -0.309 0.0000000000
23223  -12.998  50.048  0.448 0.0000000000
24952  -10.386  41.036  -2.860 0.0000000000
24953  -8.704  41.158  -2.801 0.0000000000
24954  -9.727  41.819  -2.101 0.0000000000
24955  -9.148  42.328  -1.298 0.0000000000
24957  -11.143  44.263  3.652 0.0000000000
24958  -10.550  43.644  2.996 0.0000000000
25025  -13.589  46.300  -3.960 0.0000000000
25027  -13.670  45.038  -4.444 0.0000000000
25028  -13.539  43.771  -4.847 0.0000000000
25029  -13.168  42.498  -5.166 0.0000000000
25030  -12.669  41.319  -5.560 0.0000000000
25031  -12.721  41.533  -4.170 0.0000000000
25032  -11.708  41.011  -3.290 0.0000000000
29167  -13.777  44.411  -0.969 0.0000000000
29168  -12.776  43.628  -0.363 0.0000000000
29169  -13.587  44.444  0.167 0.0000000000
29170  -13.312  44.470  1.304 0.0000000000
29171  -12.975  44.538  2.405 0.0000000000
29172  -14.145  46.445  2.655 0.0000000000
29173  -13.535  45.427  3.108 0.0000000000
29174  -12.391  44.775  3.383 0.0000000000
29226  -12.953  48.657  -2.847 0.0000000000
29227  -13.325  47.532  -3.358 0.0000000000
29228  -14.003  46.366  -2.617 0.0000000000
29229  -14.176  45.299  -1.818 0.0000000000
33168  -11.430  43.232  0.005 0.0000000000
33321  -11.905  39.680  -8.377 0.0000000000
33322  -11.061  39.002  -7.526 0.0000000000
33323  -11.916  40.272  -5.907 0.0000000000
33324  -11.113  39.315  -6.338 0.0000000000
33325  -10.217  38.419  -6.872 0.0000000000
33326  -9.369  38.045  -6.472 0.0000000000
34853  -12.738  53.272  4.613 0.0000000000
37395  -13.030  51.773  5.373 0.0000000000
37396  -13.090  50.237  5.977 0.0000000000
37397  -12.805  48.959  6.381 0.0000000000
37399  -11.840  49.172  7.389 0.0000000000
41047  -12.725  52.370  2.796 0.0000000000
41048  -13.133  51.700  3.209 0.0000000000
41049  -12.931  52.415  3.526 0.0000000000
41059  -11.743  53.533  1.892 0.0000000000
41060  -12.300  52.898  2.329 0.0000000000
41061  -12.520  52.188  2.057 0.0000000000
42022  -12.731  43.007  -1.635 0.0000000000
42023  -12.063  42.761  -1.390 0.0000000000
42024  -12.502  43.134  -1.127 0.0000000000
42063  -13.559  43.785  -1.823 0.0000000000
42064  -13.641  43.611  -2.417 0.0000000000
42065  -13.244  43.242  -2.007 0.0000000000
42066  -12.871  42.757  -2.213 0.0000000000
44422  -14.289  47.200  0.426 0.0000000000
44423  -14.337  46.551  0.746 0.0000000000
44424  -14.349  47.146  1.071 0.0000000000
44425  -13.447  47.663  5.082 0.0000000000
44426  -13.498  47.113  4.721 0.0000000000
44427  -13.175  47.164  5.213 0.0000000000
44428  -12.755  46.728  5.325 0.0000000000
44429  -12.777  47.245  5.674 0.0000000000
44463  -13.953  48.310  0.318 0.0000000000
44464  -13.857  48.231  -0.392 0.0000000000
44465  -14.126  47.745  0.025 0.0000000000
44466  -14.255  47.161  -0.276 0.0000000000
47347  -8.916  39.974  -4.009 0.0000000000
47348  -8.136  39.980  -4.027 0.0000000000
47349  -8.566  40.377  -3.597 0.0000000000
47355  -11.936  43.999  2.197 0.0000000000
47356  -11.460  43.723  1.836 0.0000000000
47357  -11.267  43.816  2.335 0.0000000000
47471  -12.787  43.006  -6.462 0.0000000000
47473  -12.368  43.000  -7.173 0.0000000000
47475  -12.324  42.363  -7.328 0.0000000000
47476  -12.215  41.730  -7.454 0.0000000000
47477  -12.424  41.808  -6.780 0.0000000000
47478  -10.079  40.243  -3.740 0.0000000000
47479  -10.324  39.888  -4.207 0.0000000000
47480  -9.632  39.884  -4.118 0.0000000000
47481  -9.179  39.489  -4.550 0.0000000000
54022  -13.658  49.678  1.655 0.0000000000
54023  -14.071  48.981  2.042 0.0000000000
54024  -13.830  49.677  2.361 0.0000000000
54025  -13.746  50.279  4.008 0.0000000000
54026  -13.945  49.622  3.719 0.0000000000
54027  -13.830  49.557  4.346 0.0000000000
54028  -13.814  48.855  4.625 0.0000000000
54029  -13.651  49.495  4.978 0.0000000000
54056  -11.195  53.112  0.557 0.0000000000
54058  -10.876  52.914  -0.086 0.0000000000
54059  -10.519  52.694  -0.753 0.0000000000
54060  -11.218  52.097  -0.430 0.0000000000
54061  -11.542  51.476  -0.709 0.0000000000
54062  -11.783  51.588  -0.045 0.0000000000
54063  -12.937  50.803  1.462 0.0000000000
54064  -12.728  50.672  0.775 0.0000000000
54065  -13.191  50.180  1.180 0.0000000000
54066  -13.480  49.527  0.912 0.0000000000
56947  -10.874  41.410  -2.516 0.0000000000
56948  -10.062  41.423  -2.473 0.0000000000
56949  -10.533  41.793  -2.151 0.0000000000
56950  -10.504  42.677  -1.080 0.0000000000
56951  -9.895  42.391  -1.384 0.0000000000
56952  -9.713  42.582  -0.943 0.0000000000
56953  -9.051  42.427  -0.826 0.0000000000
57068  -13.878  45.723  -3.525 0.0000000000
57069  -13.686  45.652  -4.202 0.0000000000
57070  -13.890  45.076  -3.778 0.0000000000
57071  -13.599  43.323  -3.687 0.0000000000
57072  -13.682  43.854  -4.169 0.0000000000
57073  -13.537  43.174  -4.380 0.0000000000
57074  -13.365  43.111  -5.034 0.0000000000
57075  -13.283  42.557  -4.524 0.0000000000
57076  -13.039  41.957  -4.673 0.0000000000
57077  -13.067  42.070  -3.981 0.0000000000
57078  -11.982  41.846  -2.497 0.0000000000
57079  -12.152  41.510  -3.074 0.0000000000
57080  -11.542  41.401  -2.751 0.0000000000
57081  -11.059  40.986  -3.044 0.0000000000
64147  -14.080  44.907  -0.737 0.0000000000
64148  -13.679  44.432  -0.368 0.0000000000
64149  -13.998  44.917  -0.143 0.0000000000
64150  -14.001  45.384  1.430 0.0000000000
64151  -13.756  44.925  1.082 0.0000000000
64152  -13.584  44.889  1.638 0.0000000000
64153  -13.126  44.495  1.845 0.0000000000
64154  -13.432  44.891  2.189 0.0000000000
64155  -14.322  47.664  2.742 0.0000000000
64156  -14.315  47.066  2.381 0.0000000000
64157  -14.225  47.034  3.036 0.0000000000
64158  -13.383  46.014  3.989 0.0000000000
64159  -13.666  45.913  3.460 0.0000000000
64160  -13.220  45.508  3.612 0.0000000000
64161  -13.025  45.037  3.289 0.0000000000
64162  -12.672  45.188  3.747 0.0000000000
64163  -12.052  44.918  3.875 0.0000000000
64164  -12.296  45.284  4.229 0.0000000000
64270  -12.502  49.847  -1.632 0.0000000000
64271  -13.618  48.147  -1.824 0.0000000000
64272  -13.159  48.700  -2.202 0.0000000000
64273  -13.426  48.111  -2.472 0.0000000000
64274  -13.145  48.090  -3.116 0.0000000000
64275  -13.572  47.544  -2.716 0.0000000000
64276  -13.722  46.932  -2.998 0.0000000000
64277  -13.922  46.989  -2.336 0.0000000000
64278  -14.339  45.961  -0.894 0.0000000000
64279  -14.237  45.891  -1.598 0.0000000000
64280  -14.207  45.397  -1.172 0.0000000000
64281  -14.040  44.817  -1.395 0.0000000000
72930  -8.483  41.467  -2.399 0.0000000000
72931  -7.997  41.112  -2.801 0.0000000000
72932  -7.816  41.385  -2.313 0.0000000000
72945  -12.627  43.737  0.143 0.0000000000
72946  -12.153  43.414  -0.147 0.0000000000
72947  -11.989  43.508  0.340 0.0000000000
73308  -11.934  40.450  -7.673 0.0000000000
73309  -12.037  40.287  -8.257 0.0000000000
73310  -11.758  39.883  -7.780 0.0000000000
73311  -11.570  39.319  -7.928 0.0000000000
73312  -11.394  39.507  -7.313 0.0000000000
73313  -12.393  40.897  -5.044 0.0000000000
73314  -12.304  40.780  -5.713 0.0000000000
73315  -12.011  40.380  -5.247 0.0000000000
73316  -10.683  39.271  -5.450 0.0000000000
73317  -11.163  39.496  -5.746 0.0000000000
73318  -10.729  39.050  -6.017 0.0000000000
73319  -10.682  38.873  -6.594 0.0000000000
73320  -10.276  38.644  -6.355 0.0000000000
73321  -9.829  38.222  -6.670 0.0000000000
73322  -9.810  38.456  -6.153 0.0000000000
73323  -8.323  38.684  -5.348 0.0000000000
73324  -8.610  38.275  -5.823 0.0000000000
73325  -7.977  38.235  -5.713 0.0000000000
83250  -12.699  53.317  5.374 0.0000000000
83251  -12.917  52.536  5.000 0.0000000000
83252  -12.809  52.573  5.736 0.0000000000
83253  -12.550  50.996  7.068 0.0000000000
83254  -12.840  51.000  6.364 0.0000000000
83255  -12.757  50.244  6.618 0.0000000000
83256  -12.976  49.528  6.223 0.0000000000
83257  -12.603  49.572  6.805 0.0000000000
92317  -13.154  50.958  2.227 0.0000000000
92318  -13.607  50.356  2.652 0.0000000000
92319  -13.369  51.041  2.918 0.0000000000
92320  -13.483  51.011  3.620 0.0000000000
92321  -13.486  50.937  4.278 0.0000000000
92339  -11.467  53.323  1.214 0.0000000000
92340  -11.784  52.484  0.906 0.0000000000
92341  -12.010  51.775  0.654 0.0000000000
92342  -12.273  51.991  1.307 0.0000000000
92343  -12.720  51.462  1.757 0.0000000000
94072  -11.824  42.191  -2.046 0.0000000000
94073  -11.009  42.097  -1.856 0.0000000000
94074  -11.533  42.423  -1.628 0.0000000000
94075  -11.321  42.611  -1.214 0.0000000000
94076  -11.080  42.861  -0.785 0.0000000000
94145  -14.026  44.633  -2.703 0.0000000000
94146  -13.940  44.539  -3.321 0.0000000000
94147  -13.852  44.042  -2.868 0.0000000000
94148  -13.639  43.436  -2.999 0.0000000000
94149  -13.379  42.856  -3.199 0.0000000000
94150  -13.028  42.302  -3.350 0.0000000000
94151  -12.972  42.519  -2.753 0.0000000000
94152  -12.441  42.311  -2.365 0.0000000000
98392  -14.351  46.027  -0.194 0.0000000000
98393  -14.203  45.439  0.136 0.0000000000
98394  -14.278  45.978  0.418 0.0000000000
98395  -14.234  45.943  1.060 0.0000000000
98396  -14.150  45.907  1.716 0.0000000000
98397  -14.008  47.650  3.983 0.0000000000
98398  -14.026  47.048  3.634 0.0000000000
98399  -13.805  47.074  4.202 0.0000000000
98400  -13.510  46.549  4.360 0.0000000000
98401  -13.046  46.107  4.489 0.0000000000
98402  -12.502  45.722  4.589 0.0000000000
98403  -12.674  46.220  4.977 0.0000000000
98404  -12.233  46.333  5.380 0.0000000000
98465  -13.192  49.356  -0.561 0.0000000000
98466  -13.028  49.298  -1.257 0.0000000000
98467  -13.487  48.750  -0.837 0.0000000000
98468  -13.743  48.172  -1.110 0.0000000000
98469  -13.972  47.603  -1.402 0.0000000000
98470  -14.070  47.031  -1.686 0.0000000000
98471  -14.191  47.117  -1.002 0.0000000000
98472  -14.326  46.562  -0.597 0.0000000000
100634  -11.714  38.872  -9.149 0.0000000000
103657  -8.054  39.147  -4.872 0.0000000000
103659  -7.726  39.545  -4.471 0.0000000000
103671  -12.340  43.827  1.169 0.0000000000
103672  -11.865  43.571  0.848 0.0000000000
103673  -11.699  43.650  1.351 0.0000000000
103879  -13.000  44.254  -6.042 0.0000000000
103880  -12.516  44.875  -6.530 0.0000000000
103890  -12.067  41.091  -7.563 0.0000000000
103891  -11.914  40.620  -7.048 0.0000000000
103892  -11.462  40.285  -4.175 0.0000000000
103893  -11.561  40.110  -4.836 0.0000000000
103894  -10.997  39.943  -4.487 0.0000000000
103895  -10.534  39.557  -4.829 0.0000000000
103896  -10.103  39.116  -5.218 0.0000000000
103897  -9.669  38.719  -5.618 0.0000000000
103898  -9.436  39.069  -5.077 0.0000000000
103899  -8.737  39.102  -4.960 0.0000000000
109854  -12.377  53.402  6.994 0.0000000000
109855  -12.631  52.592  6.517 0.0000000000
109856  -12.349  52.580  7.221 0.0000000000
109857  -12.276  51.761  7.492 0.0000000000
115567  -14.065  48.414  1.055 0.0000000000
115568  -14.292  47.751  1.388 0.0000000000
115569  -14.198  48.374  1.726 0.0000000000
115570  -14.278  48.311  2.405 0.0000000000
115571  -14.288  48.307  3.071 0.0000000000
115572  -13.961  49.681  3.060 0.0000000000
115573  -14.150  48.965  3.391 0.0000000000
115574  -14.143  48.285  3.704 0.0000000000
115575  -13.949  48.227  4.321 0.0000000000
115576  -13.681  48.221  4.870 0.0000000000
115577  -13.353  48.237  5.425 0.0000000000
115620  -10.673  51.867  -1.773 0.0000000000
115622  -11.289  51.400  -1.366 0.0000000000
115623  -11.858  50.926  -0.985 0.0000000000
115624  -12.366  50.436  -0.639 0.0000000000
115625  -12.270  51.145  0.402 0.0000000000
115626  -12.539  50.535  0.093 0.0000000000
115627  -12.850  49.944  -0.253 0.0000000000
115628  -13.314  49.431  0.173 0.0000000000
115629  -13.759  48.897  0.632 0.0000000000
117311  -9.918  37.673  -7.636 0.0000000000
119662  -9.850  40.660  -3.249 0.0000000000
119663  -9.030  40.727  -3.211 0.0000000000
119664  -9.551  41.064  -2.827 0.0000000000
119665  -9.226  41.480  -2.438 0.0000000000
119666  -8.962  41.826  -2.038 0.0000000000
119667  -10.180  42.112  -1.776 0.0000000000
119668  -9.399  42.113  -1.719 0.0000000000
119673  -11.412  44.197  3.139 0.0000000000
119674  -11.105  43.882  2.809 0.0000000000
119675  -10.843  43.938  3.279 0.0000000000
119831  -13.182  46.893  -4.404 0.0000000000
119832  -12.787  46.871  -5.098 0.0000000000
119833  -13.303  46.279  -4.660 0.0000000000
119834  -13.401  45.614  -4.891 0.0000000000
119835  -13.422  44.970  -5.135 0.0000000000
119836  -13.809  44.473  -3.981 0.0000000000
119837  -13.643  44.438  -4.649 0.0000000000
119838  -13.374  44.334  -5.332 0.0000000000
119839  -13.304  43.687  -5.540 0.0000000000
119840  -13.122  43.047  -5.722 0.0000000000
119841  -12.937  42.445  -5.884 0.0000000000
119842  -12.749  41.838  -6.049 0.0000000000
119843  -12.924  41.901  -5.360 0.0000000000
119844  -12.757  41.400  -4.874 0.0000000000
119845  -12.370  41.006  -4.350 0.0000000000
119846  -12.676  41.731  -3.481 0.0000000000
119847  -12.277  41.225  -3.696 0.0000000000
119848  -11.827  40.745  -3.926 0.0000000000
119849  -11.203  40.595  -3.607 0.0000000000
119850  -10.548  40.555  -3.405 0.0000000000
129637  -13.471  43.946  -1.184 0.0000000000
129638  -12.918  43.576  -0.895 0.0000000000
129639  -13.324  43.992  -0.613 0.0000000000
129640  -13.189  44.035  -0.086 0.0000000000
129641  -13.070  44.070  0.439 0.0000000000
129642  -13.897  44.908  0.474 0.0000000000
129643  -13.443  44.474  0.745 0.0000000000
129644  -12.920  44.104  0.971 0.0000000000
129645  -12.806  44.109  1.497 0.0000000000
129646  -12.581  44.206  2.036 0.0000000000
129647  -12.350  44.306  2.560 0.0000000000
129648  -14.354  47.093  1.709 0.0000000000
129649  -14.258  46.475  2.021 0.0000000000
129650  -14.056  45.872  2.329 0.0000000000
129651  -14.004  46.415  3.271 0.0000000000
129652  -13.891  45.892  2.900 0.0000000000
129653  -13.753  45.378  2.559 0.0000000000
129654  -13.291  44.958  2.771 0.0000000000
129655  -12.717  44.641  2.915 0.0000000000
129656  -12.071  44.406  3.014 0.0000000000
129657  -11.739  44.538  3.505 0.0000000000
129794  -12.832  49.279  -1.913 0.0000000000
129795  -12.626  49.244  -2.559 0.0000000000
129796  -12.379  49.196  -3.266 0.0000000000
129797  -12.641  48.622  -3.539 0.0000000000
129798  -12.819  48.073  -3.816 0.0000000000
129799  -12.987  47.499  -4.112 0.0000000000
129800  -13.464  46.905  -3.682 0.0000000000
129801  -13.828  46.328  -3.280 0.0000000000
129802  -14.066  45.767  -2.861 0.0000000000
129803  -14.161  46.413  -1.989 0.0000000000
129804  -14.167  45.811  -2.229 0.0000000000
129805  -14.103  45.226  -2.459 0.0000000000
129806  -14.024  44.727  -2.042 0.0000000000
129807  -13.842  44.269  -1.618 0.0000000000
140658  -8.281  40.772  -3.192 0.0000000000
140659  -7.592  40.744  -3.158 0.0000000000
140676  -12.293  43.286  -0.653 0.0000000000
140677  -11.618  43.102  -0.460 0.0000000000
140678  -10.842  43.014  -0.348 0.0000000000
140679  -11.287  43.304  0.498 0.0000000000
140680  -10.694  43.115  0.146 0.0000000000
141120  -12.036  40.137  -8.871 0.0000000000
141121  -11.911  39.516  -8.996 0.0000000000
141122  -11.675  39.053  -8.523 0.0000000000
141123  -11.309  38.675  -8.092 0.0000000000
141124  -10.812  38.398  -7.709 0.0000000000
141125  -12.429  41.270  -6.226 0.0000000000
141126  -12.114  40.697  -6.375 0.0000000000
141127  -11.775  40.168  -6.548 0.0000000000
141128  -11.595  39.931  -5.496 0.0000000000
141129  -11.546  39.783  -6.111 0.0000000000
141130  -11.411  39.650  -6.713 0.0000000000
141131  -11.045  39.135  -6.907 0.0000000000
141132  -10.606  38.688  -7.163 0.0000000000
141133  -10.274  38.171  -7.400 0.0000000000
141134  -9.835  37.960  -7.162 0.0000000000
141135  -9.429  37.764  -6.973 0.0000000000
141137  -9.241  38.334  -5.962 0.0000000000
141138  -8.842  37.909  -6.299 0.0000000000
145582  -12.304  53.746  3.391 0.0000000000
145583  -12.661  53.193  3.854 0.0000000000
145584  -12.460  53.853  4.197 0.0000000000
153147  -12.963  52.483  4.256 0.0000000000
153148  -13.178  51.733  4.660 0.0000000000
153149  -13.317  50.972  5.021 0.0000000000
153150  -12.850  51.785  6.077 0.0000000000
153151  -13.089  50.993  5.705 0.0000000000
153152  -13.369  50.231  5.330 0.0000000000
153153  -13.320  49.524  5.584 0.0000000000
153154  -13.185  48.895  5.801 0.0000000000
153155  -12.977  48.350  5.987 0.0000000000
153161  -12.138  49.698  7.321 0.0000000000
153162  -12.384  49.031  6.894 0.0000000000
153163  -12.533  48.485  6.484 0.0000000000
153164  -12.701  47.863  6.100 0.0000000000
