#!ascii label  , from subject fsaverage vox2ras=TkReg
549
14  -30.820  9.261  53.574 0.0000000000
215  -37.466  5.263  55.068 0.0000000000
242  -24.275  13.041  44.393 0.0000000000
695  -34.092  7.157  55.560 0.0000000000
722  -28.520  10.328  46.681 0.0000000000
1811  -32.900  2.109  53.020 0.0000000000
1812  -29.958  4.875  53.445 0.0000000000
1843  -27.117  7.472  51.366 0.0000000000
2134  -24.648  9.989  48.676 0.0000000000
2615  -32.362  8.141  55.189 0.0000000000
2619  -31.836  10.624  50.299 0.0000000000
2641  -30.278  11.056  46.801 0.0000000000
2642  -29.930  9.949  49.955 0.0000000000
3520  -38.853  4.863  53.027 0.0000000000
3981  -32.023  0.506  50.345 0.0000000000
3982  -30.836  1.256  50.839 0.0000000000
3983  -31.537  3.241  53.083 0.0000000000
3984  -29.553  2.437  51.164 0.0000000000
4704  -26.010  8.760  49.726 0.0000000000
5857  -35.856  6.282  55.653 0.0000000000
5908  -26.248  11.123  44.594 0.0000000000
8063  -39.082  2.900  51.431 0.0000000000
8064  -37.254  3.011  53.326 0.0000000000
8066  -34.388  1.754  52.227 0.0000000000
8067  -35.387  3.433  54.686 0.0000000000
8068  -33.646  4.533  54.900 0.0000000000
8069  -31.934  5.755  54.702 0.0000000000
8070  -30.245  7.396  54.609 0.0000000000
8155  -28.852  8.655  52.961 0.0000000000
8156  -28.481  6.280  52.845 0.0000000000
8968  -28.215  9.598  50.077 0.0000000000
8969  -26.858  10.205  47.811 0.0000000000
8970  -25.076  11.469  46.812 0.0000000000
8972  -23.375  11.646  49.043 0.0000000000
8973  -24.086  13.598  47.400 0.0000000000
10295  -31.527  8.813  54.724 0.0000000000
10296  -32.653  9.406  54.453 0.0000000000
10297  -32.021  9.800  53.388 0.0000000000
10299  -31.367  9.921  52.053 0.0000000000
10321  -30.883  10.201  50.249 0.0000000000
10322  -30.417  9.625  51.915 0.0000000000
11200  -38.256  4.891  54.239 0.0000000000
11201  -38.737  6.254  53.505 0.0000000000
11202  -38.309  6.525  54.547 0.0000000000
11287  -23.743  14.282  44.804 0.0000000000
11663  -30.279  1.825  50.985 0.0000000000
13600  -34.944  6.731  55.679 0.0000000000
13683  -29.396  10.626  46.665 0.0000000000
13684  -29.221  11.211  45.247 0.0000000000
13685  -28.371  10.811  45.243 0.0000000000
13686  -27.109  11.134  44.167 0.0000000000
13687  -27.487  10.633  45.467 0.0000000000
17693  -38.226  2.969  52.391 0.0000000000
17694  -36.999  2.350  51.944 0.0000000000
17698  -32.382  1.212  51.750 0.0000000000
17699  -33.154  1.227  51.345 0.0000000000
17700  -33.669  1.896  52.677 0.0000000000
17701  -34.983  2.490  53.541 0.0000000000
17702  -34.060  2.721  53.808 0.0000000000
17703  -34.471  3.969  54.937 0.0000000000
17704  -33.447  3.354  54.073 0.0000000000
17705  -30.810  4.100  53.211 0.0000000000
17706  -31.705  4.544  54.007 0.0000000000
17707  -30.937  5.278  54.136 0.0000000000
17708  -31.116  6.533  54.760 0.0000000000
17709  -30.097  6.248  54.198 0.0000000000
17911  -29.261  6.890  53.799 0.0000000000
17912  -29.209  5.587  53.221 0.0000000000
19868  -27.916  8.216  52.298 0.0000000000
19869  -28.546  9.165  51.545 0.0000000000
19870  -27.536  8.748  51.164 0.0000000000
19871  -25.330  9.321  49.047 0.0000000000
19872  -26.554  9.701  49.134 0.0000000000
19873  -25.838  10.234  48.348 0.0000000000
19874  -25.974  10.763  47.068 0.0000000000
19875  -25.059  10.879  47.999 0.0000000000
19881  -23.120  12.716  49.569 0.0000000000
19882  -23.956  12.726  48.407 0.0000000000
19883  -23.851  13.774  48.952 0.0000000000
19884  -23.984  14.768  47.972 0.0000000000
23137  -33.172  7.594  55.458 0.0000000000
23145  -31.999  11.518  48.721 0.0000000000
23185  -31.075  11.700  46.964 0.0000000000
23186  -31.159  10.930  48.572 0.0000000000
23187  -30.204  10.437  48.382 0.0000000000
23188  -29.295  10.170  48.174 0.0000000000
24766  -39.268  4.761  51.837 0.0000000000
25596  -30.886  -0.116  49.456 0.0000000000
25597  -31.312  0.736  50.734 0.0000000000
25598  -31.882  1.701  51.984 0.0000000000
25599  -32.340  2.705  53.072 0.0000000000
25600  -31.222  2.138  52.107 0.0000000000
25601  -30.553  2.874  52.241 0.0000000000
25602  -29.749  3.544  52.489 0.0000000000
25723  -28.933  4.265  52.515 0.0000000000
25724  -28.765  3.037  51.330 0.0000000000
26897  -26.309  6.823  50.739 0.0000000000
26898  -26.551  8.181  50.588 0.0000000000
26899  -25.709  7.480  49.886 0.0000000000
29023  -36.718  5.691  55.526 0.0000000000
29024  -37.601  6.923  55.174 0.0000000000
29141  -30.037  11.814  45.417 0.0000000000
29146  -25.129  11.936  44.305 0.0000000000
34504  -39.101  3.802  52.335 0.0000000000
34505  -38.323  3.813  53.433 0.0000000000
34506  -37.409  3.992  54.388 0.0000000000
34512  -35.557  1.818  51.425 0.0000000000
34513  -35.901  2.351  52.776 0.0000000000
34514  -36.350  3.212  54.109 0.0000000000
34515  -36.587  4.384  55.011 0.0000000000
34516  -35.607  4.824  55.458 0.0000000000
34517  -34.693  5.336  55.547 0.0000000000
34518  -33.791  5.796  55.437 0.0000000000
34519  -32.614  3.911  53.994 0.0000000000
34520  -32.730  5.149  54.811 0.0000000000
34521  -32.898  6.363  55.283 0.0000000000
34522  -32.143  6.900  55.144 0.0000000000
34523  -31.278  7.734  55.074 0.0000000000
34524  -30.487  8.512  54.442 0.0000000000
34771  -29.816  8.925  53.376 0.0000000000
34772  -29.440  8.065  53.950 0.0000000000
34773  -28.561  7.613  53.201 0.0000000000
34774  -27.703  6.863  52.236 0.0000000000
34775  -28.339  4.902  52.279 0.0000000000
34776  -27.705  5.552  51.863 0.0000000000
34777  -26.994  6.235  51.289 0.0000000000
37150  -29.420  9.416  51.779 0.0000000000
37151  -29.055  9.660  50.038 0.0000000000
37152  -28.457  9.956  48.424 0.0000000000
37153  -27.137  9.259  50.017 0.0000000000
37154  -27.618  9.896  48.761 0.0000000000
37155  -27.696  10.206  47.116 0.0000000000
37156  -26.695  10.573  46.095 0.0000000000
37157  -25.652  11.254  45.551 0.0000000000
37158  -24.715  12.182  45.464 0.0000000000
37164  -23.917  10.777  48.764 0.0000000000
37165  -24.369  11.741  48.049 0.0000000000
37166  -24.447  12.486  46.922 0.0000000000
37167  -24.118  13.327  45.797 0.0000000000
37168  -23.799  14.613  46.293 0.0000000000
41015  -31.205  9.059  54.237 0.0000000000
41016  -31.781  9.288  54.168 0.0000000000
41017  -31.449  9.508  53.490 0.0000000000
41018  -31.669  9.849  52.734 0.0000000000
41019  -31.089  9.618  52.855 0.0000000000
41041  -30.888  9.794  51.940 0.0000000000
41042  -30.634  9.481  52.702 0.0000000000
41920  -37.843  5.082  54.681 0.0000000000
41921  -38.219  5.706  54.463 0.0000000000
41922  -37.859  5.845  54.865 0.0000000000
42007  -24.006  13.612  44.597 0.0000000000
44320  -34.500  6.998  55.622 0.0000000000
44321  -35.074  7.553  55.608 0.0000000000
44322  -34.622  7.724  55.579 0.0000000000
44403  -28.967  10.428  46.694 0.0000000000
44404  -28.910  10.702  45.958 0.0000000000
44405  -28.471  10.553  45.969 0.0000000000
44406  -27.931  10.699  45.280 0.0000000000
44407  -28.045  10.443  45.986 0.0000000000
48413  -37.371  2.339  51.534 0.0000000000
48414  -36.781  2.096  51.250 0.0000000000
48418  -32.605  1.636  52.445 0.0000000000
48419  -33.044  1.538  52.251 0.0000000000
48420  -33.298  1.963  52.862 0.0000000000
48421  -33.874  2.280  53.244 0.0000000000
48422  -33.542  2.480  53.449 0.0000000000
48423  -33.770  3.055  53.991 0.0000000000
48424  -33.225  2.678  53.544 0.0000000000
48425  -30.403  4.419  53.271 0.0000000000
48426  -30.893  4.699  53.662 0.0000000000
48427  -30.417  5.029  53.762 0.0000000000
48428  -30.467  5.707  54.173 0.0000000000
48429  -30.026  5.574  53.897 0.0000000000
48631  -29.587  5.859  53.717 0.0000000000
48632  -29.509  5.190  53.374 0.0000000000
50588  -27.445  7.777  51.862 0.0000000000
50589  -27.631  8.486  51.743 0.0000000000
50590  -27.247  8.183  51.361 0.0000000000
50591  -24.950  9.621  48.854 0.0000000000
50592  -25.604  9.857  48.790 0.0000000000
50593  -25.230  10.136  48.581 0.0000000000
50594  -25.427  10.539  48.086 0.0000000000
50595  -24.889  10.457  48.466 0.0000000000
50601  -23.105  13.260  49.938 0.0000000000
50602  -23.545  13.260  49.345 0.0000000000
50603  -23.584  13.812  49.757 0.0000000000
50604  -23.817  14.315  49.357 0.0000000000
53920  -32.841  7.786  55.378 0.0000000000
53934  -31.976  11.047  49.511 0.0000000000
54001  -31.633  11.186  48.681 0.0000000000
54002  -31.532  10.801  49.516 0.0000000000
54003  -30.366  10.048  50.167 0.0000000000
54004  -30.571  10.341  49.270 0.0000000000
54005  -30.088  10.180  49.160 0.0000000000
54006  -29.750  10.273  48.284 0.0000000000
54007  -29.654  10.067  49.064 0.0000000000
56635  -39.096  4.792  52.380 0.0000000000
58020  -31.035  0.961  50.782 0.0000000000
58021  -31.511  1.166  51.343 0.0000000000
58022  -31.282  1.429  51.446 0.0000000000
58023  -31.560  1.950  52.114 0.0000000000
58024  -31.054  1.656  51.514 0.0000000000
58025  -29.982  2.184  51.156 0.0000000000
58026  -30.419  2.323  51.628 0.0000000000
58027  -30.018  2.714  51.820 0.0000000000
58028  -30.152  3.253  52.344 0.0000000000
58029  -29.638  2.962  51.820 0.0000000000
58231  -29.219  3.339  51.938 0.0000000000
58232  -29.168  2.712  51.188 0.0000000000
60189  -25.993  7.154  50.276 0.0000000000
63835  -36.273  5.990  55.568 0.0000000000
63836  -36.805  6.514  55.526 0.0000000000
63837  -36.403  6.864  55.541 0.0000000000
64088  -30.641  11.371  46.884 0.0000000000
64089  -30.534  11.764  46.127 0.0000000000
64090  -30.192  11.426  46.061 0.0000000000
64091  -28.646  11.308  44.550 0.0000000000
64092  -29.064  11.565  44.610 0.0000000000
64098  -26.696  11.065  44.368 0.0000000000
64099  -26.449  11.384  43.826 0.0000000000
64100  -26.019  11.414  44.050 0.0000000000
64102  -25.671  11.469  44.411 0.0000000000
76112  -39.476  3.262  51.448 0.0000000000
76113  -39.375  3.748  51.860 0.0000000000
76114  -39.161  3.330  51.947 0.0000000000
76115  -37.777  2.958  52.863 0.0000000000
76116  -38.316  3.362  52.981 0.0000000000
76117  -37.850  3.379  53.435 0.0000000000
76118  -37.855  3.851  53.952 0.0000000000
76119  -37.364  3.463  53.859 0.0000000000
76131  -33.791  1.502  51.772 0.0000000000
76132  -33.568  1.135  51.004 0.0000000000
76133  -34.218  1.457  51.472 0.0000000000
76135  -34.869  1.706  51.912 0.0000000000
76136  -35.727  2.068  52.104 0.0000000000
76137  -35.149  2.035  52.538 0.0000000000
76138  -35.192  2.908  54.150 0.0000000000
76139  -35.654  2.857  53.932 0.0000000000
76140  -35.843  3.383  54.457 0.0000000000
76141  -36.478  3.754  54.621 0.0000000000
76142  -35.991  3.950  54.878 0.0000000000
76143  -36.119  4.547  55.238 0.0000000000
76144  -35.511  4.112  55.112 0.0000000000
76145  -34.048  4.267  54.940 0.0000000000
76146  -34.590  4.635  55.299 0.0000000000
76147  -34.158  4.949  55.246 0.0000000000
76148  -34.265  5.616  55.467 0.0000000000
76149  -33.695  5.148  55.230 0.0000000000
76150  -31.982  2.939  53.126 0.0000000000
76151  -32.514  3.294  53.542 0.0000000000
76152  -32.099  3.491  53.567 0.0000000000
76153  -31.747  5.110  54.386 0.0000000000
76154  -32.157  4.806  54.415 0.0000000000
76155  -32.240  5.413  54.773 0.0000000000
76156  -32.801  5.761  55.078 0.0000000000
76157  -32.378  5.992  55.071 0.0000000000
76158  -32.538  6.628  55.237 0.0000000000
76159  -32.061  6.349  54.952 0.0000000000
76160  -30.684  6.984  54.741 0.0000000000
76161  -31.188  7.164  54.989 0.0000000000
76162  -30.775  7.592  54.891 0.0000000000
76163  -30.882  8.152  54.899 0.0000000000
76164  -30.329  8.050  54.694 0.0000000000
76771  -29.953  8.262  54.224 0.0000000000
76772  -29.801  7.719  54.304 0.0000000000
76773  -28.895  6.655  53.399 0.0000000000
76774  -28.897  7.264  53.576 0.0000000000
76775  -28.516  6.966  53.062 0.0000000000
76776  -28.157  7.239  52.740 0.0000000000
76777  -28.112  6.545  52.544 0.0000000000
76778  -28.499  3.949  51.989 0.0000000000
76779  -28.681  4.534  52.557 0.0000000000
76784  -27.313  5.961  51.587 0.0000000000
82643  -29.327  8.820  53.195 0.0000000000
82644  -29.615  9.192  52.603 0.0000000000
82645  -29.122  9.071  52.496 0.0000000000
82646  -28.398  9.407  50.775 0.0000000000
82647  -28.850  9.440  50.904 0.0000000000
82648  -28.640  9.625  50.052 0.0000000000
82649  -28.765  9.843  49.216 0.0000000000
82650  -28.382  9.796  49.285 0.0000000000
82651  -26.296  8.452  50.133 0.0000000000
82652  -26.794  8.810  50.392 0.0000000000
82653  -26.597  8.957  49.879 0.0000000000
82654  -26.783  9.996  48.574 0.0000000000
82655  -27.129  9.835  49.029 0.0000000000
82656  -27.253  10.062  48.268 0.0000000000
82657  -27.704  10.071  47.956 0.0000000000
82658  -27.302  10.226  47.481 0.0000000000
82659  -27.253  10.390  46.609 0.0000000000
82660  -26.809  10.399  46.972 0.0000000000
82661  -25.493  11.078  46.855 0.0000000000
82662  -25.851  10.992  46.300 0.0000000000
82663  -25.350  11.335  46.162 0.0000000000
82664  -25.133  11.689  45.469 0.0000000000
82665  -24.918  11.796  46.111 0.0000000000
82680  -23.307  10.621  48.947 0.0000000000
82681  -23.600  11.243  48.876 0.0000000000
82682  -24.150  11.282  48.486 0.0000000000
82683  -23.881  11.800  48.621 0.0000000000
82684  -24.063  13.141  47.858 0.0000000000
82685  -24.239  12.575  47.631 0.0000000000
82686  -24.258  13.010  47.074 0.0000000000
82687  -24.308  12.891  46.340 0.0000000000
82688  -24.144  13.484  46.566 0.0000000000
82689  -23.924  13.976  46.051 0.0000000000
82690  -23.986  14.077  46.847 0.0000000000
92257  -31.931  8.529  55.023 0.0000000000
92258  -32.509  8.771  54.952 0.0000000000
92259  -32.109  9.092  54.639 0.0000000000
92260  -32.308  9.605  53.967 0.0000000000
92265  -31.628  10.237  51.207 0.0000000000
92305  -31.355  10.421  50.338 0.0000000000
92306  -31.123  10.072  51.094 0.0000000000
92307  -30.660  9.913  51.058 0.0000000000
92308  -30.182  9.808  50.971 0.0000000000
93886  -38.600  4.815  53.620 0.0000000000
93887  -38.704  5.548  53.353 0.0000000000
93888  -38.557  5.604  53.887 0.0000000000
93889  -38.582  6.382  54.073 0.0000000000
94045  -23.556  15.007  45.115 0.0000000000
94719  -30.624  1.536  50.977 0.0000000000
94722  -29.490  1.965  50.539 0.0000000000
94843  -29.064  2.229  50.562 0.0000000000
98206  -35.374  6.508  55.695 0.0000000000
98207  -35.975  7.149  55.580 0.0000000000
98208  -35.540  7.326  55.598 0.0000000000
98357  -29.822  10.790  46.775 0.0000000000
98358  -29.777  11.106  46.045 0.0000000000
98359  -29.327  10.879  45.907 0.0000000000
98360  -28.797  10.996  45.226 0.0000000000
98361  -28.184  11.126  44.607 0.0000000000
98362  -27.531  11.255  44.120 0.0000000000
98363  -27.745  10.961  44.673 0.0000000000
98364  -27.307  10.871  44.795 0.0000000000
98365  -26.899  10.816  44.995 0.0000000000
105573  -38.704  2.939  51.916 0.0000000000
105574  -38.092  2.594  51.726 0.0000000000
105575  -37.645  2.636  52.222 0.0000000000
105576  -37.196  2.684  52.691 0.0000000000
105582  -32.175  0.833  51.038 0.0000000000
105583  -32.555  0.835  50.839 0.0000000000
105584  -32.798  1.170  51.565 0.0000000000
105585  -33.377  1.535  52.041 0.0000000000
105586  -34.064  1.858  52.439 0.0000000000
105587  -34.714  2.128  52.880 0.0000000000
105588  -34.336  2.240  53.159 0.0000000000
105589  -34.583  2.598  53.763 0.0000000000
105590  -34.742  3.049  54.318 0.0000000000
105591  -34.888  3.620  54.840 0.0000000000
105592  -34.304  3.298  54.432 0.0000000000
105593  -33.932  3.656  54.518 0.0000000000
105594  -33.567  3.965  54.516 0.0000000000
105595  -31.134  3.697  53.144 0.0000000000
105596  -31.638  3.899  53.562 0.0000000000
105597  -31.243  4.261  53.523 0.0000000000
105598  -31.333  4.834  53.996 0.0000000000
105599  -31.443  5.464  54.410 0.0000000000
105600  -31.573  6.143  54.750 0.0000000000
105601  -31.045  5.897  54.469 0.0000000000
105602  -30.555  6.379  54.506 0.0000000000
105603  -30.171  6.805  54.441 0.0000000000
105967  -29.687  7.126  54.249 0.0000000000
105968  -29.647  6.505  54.030 0.0000000000
105969  -29.227  6.253  53.572 0.0000000000
105970  -28.840  5.902  53.097 0.0000000000
109490  -28.386  8.457  52.684 0.0000000000
109491  -28.704  8.976  52.343 0.0000000000
109492  -28.205  8.763  52.013 0.0000000000
109493  -27.993  9.065  51.434 0.0000000000
109494  -27.905  9.239  50.731 0.0000000000
109495  -25.656  9.025  49.347 0.0000000000
109496  -26.262  9.266  49.494 0.0000000000
109497  -25.968  9.551  49.045 0.0000000000
109498  -26.266  9.973  48.682 0.0000000000
109499  -26.398  10.279  48.195 0.0000000000
109500  -26.430  10.448  47.420 0.0000000000
109501  -25.981  10.522  47.758 0.0000000000
109502  -25.549  10.811  47.449 0.0000000000
109503  -25.118  11.179  47.470 0.0000000000
109513  -23.222  12.137  49.304 0.0000000000
109514  -23.704  12.234  48.815 0.0000000000
109515  -23.598  12.721  49.087 0.0000000000
109516  -23.879  13.222  48.673 0.0000000000
109517  -24.028  13.703  48.191 0.0000000000
109518  -24.024  14.174  47.672 0.0000000000
109519  -23.989  14.268  48.460 0.0000000000
109520  -23.912  14.858  48.901 0.0000000000
115423  -33.654  7.344  55.496 0.0000000000
115424  -34.210  7.893  55.511 0.0000000000
115443  -31.908  12.038  47.909 0.0000000000
115537  -31.449  12.120  47.034 0.0000000000
115538  -31.588  11.637  47.837 0.0000000000
115539  -31.146  11.313  47.746 0.0000000000
115540  -30.715  10.988  47.627 0.0000000000
115541  -31.072  10.507  49.467 0.0000000000
115542  -30.684  10.651  48.426 0.0000000000
115543  -30.273  10.723  47.630 0.0000000000
115544  -29.814  10.515  47.510 0.0000000000
115545  -29.362  10.398  47.417 0.0000000000
115546  -28.927  10.261  47.434 0.0000000000
121160  -31.440  0.151  49.879 0.0000000000
121161  -30.613  0.081  49.447 0.0000000000
121162  -31.100  0.314  50.107 0.0000000000
121163  -31.598  0.532  50.558 0.0000000000
121164  -31.817  0.984  51.329 0.0000000000
121165  -32.067  1.411  51.995 0.0000000000
121166  -32.372  1.880  52.590 0.0000000000
121167  -32.714  2.489  53.048 0.0000000000
121168  -32.139  2.190  52.547 0.0000000000
121169  -31.802  2.447  52.665 0.0000000000
121170  -31.366  2.673  52.642 0.0000000000
121171  -30.800  1.970  51.610 0.0000000000
121172  -30.895  2.397  52.156 0.0000000000
121173  -31.010  3.035  52.672 0.0000000000
121174  -30.684  3.470  52.778 0.0000000000
121175  -30.284  3.821  52.823 0.0000000000
121176  -29.872  4.192  52.956 0.0000000000
121459  -29.410  4.520  53.055 0.0000000000
121460  -29.299  3.947  52.573 0.0000000000
121461  -28.805  3.621  52.003 0.0000000000
121462  -28.369  3.361  51.378 0.0000000000
121463  -28.710  2.507  50.678 0.0000000000
121464  -28.267  2.786  50.731 0.0000000000
124199  -26.691  7.128  51.176 0.0000000000
124200  -26.832  7.801  51.006 0.0000000000
124201  -26.391  7.493  50.773 0.0000000000
124202  -26.073  7.843  50.288 0.0000000000
124203  -25.827  8.152  49.896 0.0000000000
129241  -37.088  5.557  55.303 0.0000000000
129242  -37.524  6.082  55.202 0.0000000000
129243  -37.117  6.357  55.482 0.0000000000
129244  -37.228  7.159  55.328 0.0000000000
129563  -30.973  12.163  46.233 0.0000000000
129564  -30.393  12.198  45.439 0.0000000000
129566  -29.642  11.506  45.318 0.0000000000
129567  -29.463  11.875  44.698 0.0000000000
129575  -26.883  11.480  43.616 0.0000000000
129580  -24.653  12.474  44.311 0.0000000000
139524  -37.931  6.743  54.944 0.0000000000
144545  -39.172  4.278  52.171 0.0000000000
144546  -38.961  4.369  52.700 0.0000000000
144547  -38.801  3.343  52.521 0.0000000000
144548  -38.792  3.814  52.872 0.0000000000
144549  -38.689  4.320  53.254 0.0000000000
144550  -38.299  4.337  53.868 0.0000000000
144551  -37.843  4.426  54.409 0.0000000000
144552  -37.400  4.550  54.828 0.0000000000
144565  -32.982  0.862  50.573 0.0000000000
144570  -36.094  1.888  50.966 0.0000000000
144571  -36.279  2.108  51.723 0.0000000000
144572  -36.487  2.366  52.438 0.0000000000
144573  -36.645  2.713  53.114 0.0000000000
144574  -35.378  2.389  53.230 0.0000000000
144575  -36.122  2.746  53.484 0.0000000000
144576  -36.761  3.111  53.733 0.0000000000
144577  -36.880  3.584  54.352 0.0000000000
144578  -36.975  4.156  54.781 0.0000000000
144579  -37.029  4.819  55.089 0.0000000000
144580  -36.670  5.039  55.332 0.0000000000
144581  -36.202  5.235  55.462 0.0000000000
144582  -35.725  5.549  55.682 0.0000000000
144583  -35.029  4.332  55.283 0.0000000000
144584  -35.134  5.098  55.544 0.0000000000
144585  -35.237  5.808  55.669 0.0000000000
144586  -34.817  6.049  55.665 0.0000000000
144587  -34.371  6.288  55.615 0.0000000000
144588  -33.925  6.485  55.531 0.0000000000
144589  -32.935  3.090  53.533 0.0000000000
144590  -33.059  3.643  54.000 0.0000000000
144591  -33.149  4.246  54.480 0.0000000000
144592  -32.117  4.178  54.011 0.0000000000
144593  -32.680  4.537  54.431 0.0000000000
144594  -33.185  4.877  54.839 0.0000000000
144595  -33.256  5.509  55.117 0.0000000000
144596  -33.358  6.113  55.339 0.0000000000
144597  -33.515  6.752  55.420 0.0000000000
144598  -33.049  7.009  55.434 0.0000000000
144599  -32.693  7.216  55.342 0.0000000000
144600  -32.230  7.563  55.233 0.0000000000
144601  -31.620  6.753  54.974 0.0000000000
144602  -31.691  7.368  55.126 0.0000000000
144603  -31.790  7.978  55.175 0.0000000000
144604  -31.378  8.303  54.977 0.0000000000
144605  -31.010  8.624  54.716 0.0000000000
144606  -30.645  8.907  54.073 0.0000000000
145339  -30.352  9.078  53.488 0.0000000000
145340  -30.148  8.722  54.016 0.0000000000
145341  -29.614  8.520  53.750 0.0000000000
145342  -29.115  8.412  53.504 0.0000000000
145343  -29.321  7.498  53.921 0.0000000000
145344  -28.976  7.857  53.615 0.0000000000
145345  -28.665  8.204  53.169 0.0000000000
145346  -28.246  7.889  52.780 0.0000000000
145347  -27.763  7.603  52.300 0.0000000000
145348  -27.360  7.147  51.869 0.0000000000
145349  -29.074  4.925  52.914 0.0000000000
145350  -28.766  5.180  52.819 0.0000000000
145351  -28.457  5.565  52.603 0.0000000000
145353  -28.030  5.238  52.087 0.0000000000
145354  -28.067  5.857  52.385 0.0000000000
145355  -27.686  6.179  52.103 0.0000000000
145356  -27.313  6.550  51.800 0.0000000000
145357  -27.045  6.861  51.350 0.0000000000
145358  -26.616  6.571  51.078 0.0000000000
152416  -30.096  9.314  52.707 0.0000000000
152417  -29.916  9.512  51.856 0.0000000000
152418  -29.690  9.698  50.908 0.0000000000
152419  -28.994  9.296  51.705 0.0000000000
152420  -29.243  9.536  50.912 0.0000000000
152421  -29.472  9.797  50.006 0.0000000000
152422  -29.217  9.875  49.161 0.0000000000
152423  -28.856  10.062  48.321 0.0000000000
152424  -28.515  10.113  47.554 0.0000000000
152425  -27.059  8.467  50.810 0.0000000000
152426  -27.395  9.031  50.546 0.0000000000
152427  -27.732  9.447  50.036 0.0000000000
152428  -26.909  9.426  49.553 0.0000000000
152429  -27.433  9.624  49.467 0.0000000000
152430  -27.930  9.760  49.348 0.0000000000
152431  -28.048  9.912  48.583 0.0000000000
152432  -28.108  10.060  47.709 0.0000000000
152433  -28.112  10.230  46.845 0.0000000000
152434  -27.662  10.386  46.281 0.0000000000
152435  -27.108  10.577  45.774 0.0000000000
152436  -26.526  10.833  45.327 0.0000000000
152437  -26.341  10.667  46.538 0.0000000000
152438  -26.172  10.893  45.743 0.0000000000
152439  -25.935  11.144  45.059 0.0000000000
152440  -25.367  11.572  44.873 0.0000000000
152441  -24.875  12.056  44.840 0.0000000000
152442  -24.473  12.571  44.863 0.0000000000
152451  -23.988  9.845  48.828 0.0000000000
152459  -23.641  10.212  48.880 0.0000000000
152460  -24.239  10.414  48.645 0.0000000000
152461  -24.475  10.866  48.386 0.0000000000
152462  -24.644  11.272  47.959 0.0000000000
152463  -24.718  11.649  47.397 0.0000000000
152464  -24.100  12.200  48.186 0.0000000000
152465  -24.468  12.102  47.515 0.0000000000
152466  -24.723  11.958  46.809 0.0000000000
152467  -24.567  12.321  46.161 0.0000000000
152468  -24.364  12.718  45.597 0.0000000000
152469  -24.173  13.113  45.083 0.0000000000
152470  -23.910  13.789  45.273 0.0000000000
152471  -23.739  14.424  45.561 0.0000000000
152472  -23.588  15.151  45.832 0.0000000000
152473  -23.869  14.652  47.147 0.0000000000
152474  -23.641  15.203  46.681 0.0000000000
