#!ascii label  , from subject fsaverage vox2ras=TkReg
437
41  -19.494  -56.607  -6.438 0.0000000000
837  -16.953  -51.966  -7.712 0.0000000000
839  -21.965  -48.648  -6.828 0.0000000000
840  -25.270  -44.849  -6.639 0.0000000000
841  -24.309  -52.407  -5.279 0.0000000000
2011  -15.083  -58.438  -4.774 0.0000000000
2526  -22.177  -59.303  -5.336 0.0000000000
2757  -18.158  -54.585  -7.292 0.0000000000
2758  -19.762  -50.989  -7.957 0.0000000000
2759  -20.989  -52.801  -6.799 0.0000000000
2760  -23.116  -50.660  -5.856 0.0000000000
2761  -21.918  -54.687  -5.930 0.0000000000
3957  -27.075  -46.373  -5.821 0.0000000000
3958  -27.144  -43.149  -7.698 0.0000000000
3959  -29.278  -44.479  -6.635 0.0000000000
5671  -23.338  -60.187  -6.123 0.0000000000
6113  -16.328  -49.186  -7.702 0.0000000000
6115  -18.551  -48.406  -8.436 0.0000000000
6119  -23.521  -46.628  -6.342 0.0000000000
6120  -25.004  -48.444  -5.536 0.0000000000
6121  -26.411  -50.133  -5.162 0.0000000000
8609  -14.663  -52.206  -6.296 0.0000000000
8610  -15.693  -55.015  -6.218 0.0000000000
8611  -17.100  -57.884  -6.304 0.0000000000
10106  -15.577  -61.288  -5.154 0.0000000000
10107  -18.044  -60.281  -5.641 0.0000000000
10133  -19.221  -61.648  -5.016 0.0000000000
10134  -20.845  -58.115  -5.444 0.0000000000
10437  -18.908  -55.613  -7.064 0.0000000000
10438  -19.638  -53.838  -7.328 0.0000000000
10439  -20.308  -54.727  -6.736 0.0000000000
10440  -21.476  -53.773  -6.313 0.0000000000
10441  -20.742  -55.650  -6.170 0.0000000000
11638  -28.146  -45.435  -6.154 0.0000000000
14027  -16.538  -50.546  -7.799 0.0000000000
14028  -17.434  -48.832  -8.274 0.0000000000
14029  -17.921  -50.293  -8.315 0.0000000000
14030  -20.852  -49.944  -7.428 0.0000000000
14031  -20.257  -48.890  -7.933 0.0000000000
14032  -21.104  -47.811  -7.434 0.0000000000
14036  -22.702  -47.664  -6.511 0.0000000000
14037  -23.703  -51.573  -5.477 0.0000000000
14038  -24.060  -49.539  -5.560 0.0000000000
14039  -24.706  -50.432  -5.278 0.0000000000
14040  -25.784  -49.246  -5.282 0.0000000000
14041  -25.315  -51.301  -5.126 0.0000000000
18985  -14.567  -51.005  -6.149 0.0000000000
18987  -14.248  -56.898  -4.718 0.0000000000
18988  -14.537  -55.184  -5.491 0.0000000000
18989  -15.375  -56.674  -5.417 0.0000000000
18990  -16.479  -56.489  -6.157 0.0000000000
18991  -16.050  -58.208  -5.588 0.0000000000
22702  -16.752  -60.890  -5.601 0.0000000000
22767  -21.288  -61.234  -5.345 0.0000000000
22769  -20.630  -60.654  -5.103 0.0000000000
22770  -20.096  -59.955  -5.150 0.0000000000
22771  -21.474  -58.765  -5.259 0.0000000000
22772  -22.044  -56.991  -5.406 0.0000000000
23393  -17.544  -53.291  -7.487 0.0000000000
23394  -18.477  -51.616  -8.037 0.0000000000
23395  -19.010  -52.802  -7.753 0.0000000000
23396  -20.354  -51.855  -7.465 0.0000000000
23397  -21.590  -50.772  -6.876 0.0000000000
23398  -22.531  -49.664  -6.349 0.0000000000
23399  -22.097  -51.724  -6.301 0.0000000000
23400  -22.671  -52.692  -5.894 0.0000000000
23401  -23.205  -53.519  -5.601 0.0000000000
25553  -26.178  -45.644  -6.235 0.0000000000
25554  -26.245  -43.951  -7.123 0.0000000000
25555  -27.184  -44.751  -6.571 0.0000000000
25556  -28.243  -43.795  -7.177 0.0000000000
26371  -13.852  -58.649  -4.142 0.0000000000
28638  -21.950  -61.639  -5.942 0.0000000000
29623  -17.087  -47.500  -8.044 0.0000000000
29624  -18.006  -46.949  -8.366 0.0000000000
29625  -18.778  -46.188  -8.507 0.0000000000
29626  -19.185  -49.834  -8.287 0.0000000000
29627  -19.506  -47.636  -8.360 0.0000000000
29635  -24.374  -45.664  -6.402 0.0000000000
29636  -23.389  -48.656  -5.972 0.0000000000
29637  -24.297  -47.564  -5.913 0.0000000000
29638  -25.231  -46.586  -6.020 0.0000000000
29639  -26.056  -47.372  -5.638 0.0000000000
29640  -26.819  -48.269  -5.350 0.0000000000
29641  -27.534  -49.048  -5.235 0.0000000000
36083  -15.522  -49.569  -6.924 0.0000000000
36084  -15.468  -50.753  -7.063 0.0000000000
36085  -15.737  -52.087  -7.123 0.0000000000
36086  -13.885  -53.729  -5.456 0.0000000000
36087  -15.067  -53.599  -6.287 0.0000000000
36088  -16.196  -53.500  -7.025 0.0000000000
36089  -16.949  -54.871  -6.866 0.0000000000
36090  -17.648  -56.158  -6.824 0.0000000000
36091  -18.355  -57.341  -6.604 0.0000000000
40551  -14.380  -60.276  -4.180 0.0000000000
40554  -15.379  -60.054  -5.045 0.0000000000
40555  -16.391  -59.695  -5.761 0.0000000000
40556  -17.587  -59.179  -6.121 0.0000000000
40557  -18.806  -58.443  -6.047 0.0000000000
40636  -18.633  -61.059  -5.193 0.0000000000
40637  -19.473  -59.279  -5.503 0.0000000000
40638  -20.194  -57.432  -5.843 0.0000000000
40639  -21.413  -56.431  -5.694 0.0000000000
40640  -22.631  -55.255  -5.547 0.0000000000
40641  -23.845  -54.170  -5.280 0.0000000000
40643  -24.558  -54.648  -5.127 0.0000000000
40644  -25.032  -52.971  -5.134 0.0000000000
40645  -26.117  -51.833  -5.069 0.0000000000
41157  -19.208  -56.125  -6.806 0.0000000000
41158  -19.607  -55.242  -6.924 0.0000000000
41159  -19.892  -55.650  -6.625 0.0000000000
41160  -20.441  -55.245  -6.458 0.0000000000
41161  -20.121  -56.142  -6.303 0.0000000000
44747  -16.706  -51.280  -7.746 0.0000000000
44748  -17.204  -50.471  -8.098 0.0000000000
44749  -17.437  -51.155  -7.993 0.0000000000
44750  -21.440  -49.317  -7.124 0.0000000000
44751  -21.096  -48.785  -7.374 0.0000000000
44752  -21.562  -48.222  -7.117 0.0000000000
44753  -21.560  -47.243  -7.231 0.0000000000
44754  -22.002  -47.672  -6.911 0.0000000000
44755  -22.382  -47.146  -6.749 0.0000000000
44756  -22.315  -48.182  -6.663 0.0000000000
44757  -23.990  -52.014  -5.367 0.0000000000
44758  -24.191  -51.018  -5.358 0.0000000000
44759  -24.527  -51.436  -5.255 0.0000000000
44760  -25.054  -50.862  -5.187 0.0000000000
44761  -24.819  -51.858  -5.180 0.0000000000
48347  -24.802  -44.403  -6.979 0.0000000000
49707  -14.689  -57.667  -4.761 0.0000000000
49708  -14.804  -56.764  -5.059 0.0000000000
49709  -15.231  -57.550  -5.110 0.0000000000
49710  -15.735  -57.432  -5.448 0.0000000000
49711  -15.615  -58.359  -5.134 0.0000000000
53487  -21.755  -60.300  -5.302 0.0000000000
53488  -21.026  -60.924  -5.141 0.0000000000
53489  -21.411  -60.061  -5.183 0.0000000000
53490  -21.047  -59.731  -5.172 0.0000000000
53491  -21.777  -59.070  -5.266 0.0000000000
54347  -17.847  -53.945  -7.379 0.0000000000
54348  -18.307  -53.073  -7.646 0.0000000000
54349  -18.583  -53.664  -7.547 0.0000000000
54350  -20.309  -53.365  -7.087 0.0000000000
54351  -20.017  -52.834  -7.391 0.0000000000
54352  -20.691  -52.297  -7.138 0.0000000000
54353  -20.977  -51.320  -7.178 0.0000000000
54354  -21.317  -51.724  -6.803 0.0000000000
54355  -21.828  -51.245  -6.540 0.0000000000
54356  -21.565  -52.261  -6.543 0.0000000000
54357  -21.774  -54.238  -6.103 0.0000000000
54358  -22.124  -53.233  -6.114 0.0000000000
54359  -22.398  -53.717  -5.944 0.0000000000
54360  -22.921  -53.175  -5.715 0.0000000000
54361  -22.552  -54.133  -5.778 0.0000000000
57947  -26.642  -46.000  -6.036 0.0000000000
57948  -26.681  -45.200  -6.356 0.0000000000
57949  -27.161  -45.524  -6.165 0.0000000000
57950  -28.749  -44.910  -6.408 0.0000000000
57951  -28.254  -44.569  -6.572 0.0000000000
57952  -28.730  -44.132  -6.845 0.0000000000
59309  -12.892  -58.034  -3.830 0.0000000000
59310  -13.445  -57.916  -4.125 0.0000000000
59311  -13.266  -58.804  -3.849 0.0000000000
63087  -22.887  -60.866  -6.469 0.0000000000
63088  -22.267  -61.626  -6.383 0.0000000000
63089  -22.655  -60.968  -6.024 0.0000000000
63090  -22.398  -60.843  -5.726 0.0000000000
65117  -16.292  -48.561  -7.564 0.0000000000
65119  -16.769  -48.339  -7.896 0.0000000000
65120  -18.012  -48.653  -8.369 0.0000000000
65121  -17.772  -47.968  -8.302 0.0000000000
65122  -18.281  -47.688  -8.396 0.0000000000
65123  -18.413  -46.551  -8.437 0.0000000000
65124  -18.759  -47.365  -8.485 0.0000000000
65125  -19.100  -51.366  -8.061 0.0000000000
65126  -18.823  -50.749  -8.196 0.0000000000
65127  -19.487  -50.443  -8.179 0.0000000000
65128  -20.294  -47.797  -7.963 0.0000000000
65129  -19.863  -48.288  -8.205 0.0000000000
65130  -19.915  -47.093  -8.193 0.0000000000
65131  -19.516  -46.421  -8.363 0.0000000000
65132  -19.863  -45.899  -8.254 0.0000000000
65142  -23.140  -46.199  -6.583 0.0000000000
65144  -23.507  -45.732  -6.598 0.0000000000
65145  -23.942  -45.283  -6.663 0.0000000000
65146  -23.934  -46.153  -6.352 0.0000000000
65147  -22.834  -50.165  -6.036 0.0000000000
65148  -22.944  -49.169  -6.144 0.0000000000
65149  -23.258  -49.672  -5.869 0.0000000000
65150  -24.531  -48.994  -5.519 0.0000000000
65151  -24.185  -48.530  -5.706 0.0000000000
65152  -24.657  -48.026  -5.719 0.0000000000
65153  -24.766  -47.052  -5.947 0.0000000000
65154  -25.129  -47.539  -5.771 0.0000000000
65155  -25.607  -47.044  -5.840 0.0000000000
65156  -25.512  -47.923  -5.586 0.0000000000
65157  -26.123  -49.663  -5.224 0.0000000000
65158  -26.305  -48.746  -5.315 0.0000000000
65159  -26.663  -49.140  -5.256 0.0000000000
65160  -27.211  -48.607  -5.295 0.0000000000
65161  -26.975  -49.559  -5.214 0.0000000000
75925  -26.710  -43.525  -7.414 0.0000000000
75926  -26.181  -43.174  -7.738 0.0000000000
75927  -26.600  -42.860  -8.047 0.0000000000
79992  -14.530  -51.584  -6.219 0.0000000000
79993  -15.007  -50.883  -6.623 0.0000000000
79994  -15.039  -51.494  -6.691 0.0000000000
79995  -15.574  -51.418  -7.116 0.0000000000
79996  -15.192  -52.124  -6.732 0.0000000000
79999  -13.639  -54.551  -5.085 0.0000000000
80000  -15.096  -55.092  -5.855 0.0000000000
80001  -14.747  -54.314  -5.876 0.0000000000
80002  -15.370  -54.266  -6.265 0.0000000000
80003  -15.636  -53.584  -6.708 0.0000000000
80004  -15.956  -54.207  -6.623 0.0000000000
80005  -16.565  -54.139  -6.931 0.0000000000
80006  -16.339  -54.932  -6.585 0.0000000000
80007  -16.810  -57.170  -6.199 0.0000000000
80008  -17.024  -56.337  -6.505 0.0000000000
80009  -17.382  -57.021  -6.553 0.0000000000
80010  -17.962  -56.820  -6.813 0.0000000000
80011  -17.749  -57.632  -6.558 0.0000000000
91132  -13.829  -60.348  -3.818 0.0000000000
91133  -14.100  -61.084  -3.824 0.0000000000
91139  -15.128  -61.493  -4.743 0.0000000000
91140  -15.056  -60.896  -4.699 0.0000000000
91141  -15.465  -60.735  -5.129 0.0000000000
91142  -15.864  -59.880  -5.435 0.0000000000
91143  -15.983  -60.529  -5.456 0.0000000000
91144  -17.401  -60.614  -5.654 0.0000000000
91145  -17.251  -60.040  -5.869 0.0000000000
91146  -17.865  -59.736  -5.905 0.0000000000
91147  -18.185  -58.833  -6.123 0.0000000000
91148  -18.452  -59.386  -5.872 0.0000000000
91344  -18.481  -62.161  -5.043 0.0000000000
91345  -18.116  -61.861  -5.154 0.0000000000
91346  -18.915  -61.354  -5.087 0.0000000000
91347  -20.492  -59.062  -5.264 0.0000000000
91348  -19.761  -59.661  -5.284 0.0000000000
91349  -20.167  -58.714  -5.468 0.0000000000
91350  -19.819  -58.375  -5.690 0.0000000000
91351  -20.509  -57.787  -5.609 0.0000000000
91352  -20.808  -56.931  -5.767 0.0000000000
91353  -21.095  -57.256  -5.571 0.0000000000
91355  -22.301  -56.207  -5.469 0.0000000000
91356  -22.983  -55.557  -5.379 0.0000000000
91357  -23.234  -54.699  -5.419 0.0000000000
91363  -24.909  -54.949  -5.106 0.0000000000
91364  -25.161  -54.016  -5.115 0.0000000000
91365  -24.834  -53.778  -5.094 0.0000000000
91367  -25.574  -52.370  -5.073 0.0000000000
92513  -18.501  -55.144  -7.195 0.0000000000
92514  -18.962  -54.275  -7.445 0.0000000000
92515  -19.277  -54.753  -7.185 0.0000000000
92516  -20.022  -54.274  -7.044 0.0000000000
92517  -20.724  -53.739  -6.793 0.0000000000
92518  -21.276  -53.233  -6.573 0.0000000000
92519  -20.900  -54.248  -6.532 0.0000000000
92520  -21.112  -54.750  -6.267 0.0000000000
92521  -21.354  -55.133  -6.042 0.0000000000
94673  -27.500  -46.781  -5.638 0.0000000000
94674  -27.596  -45.925  -5.963 0.0000000000
94675  -28.073  -46.309  -5.756 0.0000000000
94676  -28.579  -45.822  -5.934 0.0000000000
97759  -23.504  -60.085  -6.430 0.0000000000
98975  -16.387  -49.824  -7.753 0.0000000000
98976  -16.931  -49.010  -8.103 0.0000000000
98977  -17.037  -49.744  -8.088 0.0000000000
98978  -17.672  -49.634  -8.305 0.0000000000
98979  -18.294  -49.425  -8.413 0.0000000000
98980  -20.327  -50.511  -7.743 0.0000000000
98981  -20.065  -50.022  -7.994 0.0000000000
98982  -20.589  -49.405  -7.676 0.0000000000
98983  -20.706  -48.330  -7.668 0.0000000000
98991  -22.763  -46.664  -6.641 0.0000000000
98992  -23.129  -47.105  -6.383 0.0000000000
98993  -23.387  -51.099  -5.668 0.0000000000
98994  -23.579  -50.088  -5.672 0.0000000000
98995  -23.890  -50.509  -5.518 0.0000000000
98996  -24.390  -49.945  -5.398 0.0000000000
98997  -24.889  -49.417  -5.369 0.0000000000
98998  -25.402  -48.855  -5.391 0.0000000000
98999  -25.250  -49.826  -5.246 0.0000000000
99000  -25.587  -50.270  -5.178 0.0000000000
99001  -25.857  -50.717  -5.131 0.0000000000
107900  -14.195  -51.131  -5.673 0.0000000000
107901  -14.098  -51.630  -5.747 0.0000000000
107902  -14.160  -52.301  -5.836 0.0000000000
107903  -13.878  -56.095  -4.738 0.0000000000
107904  -14.004  -55.288  -5.103 0.0000000000
107905  -14.422  -55.987  -5.113 0.0000000000
107906  -14.955  -55.921  -5.482 0.0000000000
107907  -15.507  -55.886  -5.845 0.0000000000
107908  -16.092  -55.765  -6.197 0.0000000000
107909  -15.931  -56.595  -5.788 0.0000000000
107910  -16.275  -57.281  -5.793 0.0000000000
107911  -16.539  -58.054  -5.981 0.0000000000
114590  -16.130  -61.112  -5.454 0.0000000000
114593  -17.568  -61.118  -5.470 0.0000000000
114711  -19.925  -61.161  -5.032 0.0000000000
114712  -19.656  -60.850  -5.067 0.0000000000
114713  -20.380  -60.306  -5.112 0.0000000000
114714  -20.790  -59.370  -5.193 0.0000000000
114715  -21.106  -58.484  -5.311 0.0000000000
114716  -21.427  -57.573  -5.412 0.0000000000
114717  -21.721  -57.940  -5.356 0.0000000000
116021  -17.164  -52.640  -7.579 0.0000000000
116022  -17.724  -51.825  -7.891 0.0000000000
116023  -17.933  -52.463  -7.761 0.0000000000
116024  -18.677  -52.215  -7.883 0.0000000000
116025  -19.380  -51.877  -7.912 0.0000000000
116026  -19.321  -53.283  -7.560 0.0000000000
116027  -19.697  -52.375  -7.673 0.0000000000
116028  -19.985  -51.464  -7.757 0.0000000000
116029  -20.625  -50.914  -7.436 0.0000000000
116030  -21.238  -50.304  -7.112 0.0000000000
116031  -21.789  -49.713  -6.836 0.0000000000
116032  -22.230  -49.193  -6.615 0.0000000000
116033  -22.122  -50.190  -6.590 0.0000000000
116034  -22.341  -50.722  -6.282 0.0000000000
116035  -22.615  -51.214  -6.073 0.0000000000
116036  -21.841  -52.747  -6.330 0.0000000000
116037  -22.366  -52.267  -6.087 0.0000000000
116038  -22.878  -51.702  -5.842 0.0000000000
116039  -23.181  -52.140  -5.677 0.0000000000
116040  -23.449  -52.600  -5.526 0.0000000000
116041  -23.776  -52.959  -5.417 0.0000000000
121061  -25.728  -45.189  -6.442 0.0000000000
121062  -25.725  -44.410  -6.845 0.0000000000
121063  -26.235  -44.753  -6.612 0.0000000000
121064  -26.746  -44.332  -6.822 0.0000000000
121065  -27.235  -43.918  -7.064 0.0000000000
121066  -27.705  -45.068  -6.322 0.0000000000
121067  -27.720  -44.273  -6.866 0.0000000000
121068  -27.701  -43.502  -7.410 0.0000000000
121069  -28.145  -43.095  -7.711 0.0000000000
122969  -13.674  -57.033  -4.400 0.0000000000
122970  -14.050  -57.789  -4.425 0.0000000000
122971  -14.477  -58.536  -4.445 0.0000000000
128261  -21.697  -61.424  -5.604 0.0000000000
128262  -22.073  -60.592  -5.467 0.0000000000
130870  -17.255  -48.154  -8.144 0.0000000000
130871  -17.558  -47.281  -8.236 0.0000000000
130872  -17.772  -46.192  -8.239 0.0000000000
130876  -18.144  -50.982  -8.146 0.0000000000
130877  -18.585  -50.113  -8.324 0.0000000000
130878  -18.891  -49.132  -8.466 0.0000000000
130879  -19.749  -49.435  -8.153 0.0000000000
130880  -19.403  -48.759  -8.377 0.0000000000
130881  -19.033  -48.087  -8.435 0.0000000000
130882  -19.169  -46.912  -8.443 0.0000000000
130883  -19.057  -45.750  -8.526 0.0000000000
130901  -23.973  -44.365  -7.083 0.0000000000
130902  -24.369  -44.842  -6.791 0.0000000000
130903  -24.840  -45.267  -6.489 0.0000000000
130904  -22.667  -48.643  -6.386 0.0000000000
130905  -23.051  -48.139  -6.254 0.0000000000
130906  -23.458  -47.626  -6.181 0.0000000000
130907  -23.714  -49.113  -5.758 0.0000000000
130908  -23.842  -48.079  -5.920 0.0000000000
130909  -23.898  -47.105  -6.139 0.0000000000
130910  -24.357  -46.610  -6.142 0.0000000000
130911  -24.796  -46.143  -6.213 0.0000000000
130912  -25.270  -45.652  -6.326 0.0000000000
130913  -25.692  -46.104  -6.122 0.0000000000
130914  -26.128  -46.507  -5.926 0.0000000000
130915  -26.581  -46.843  -5.710 0.0000000000
130916  -25.917  -48.297  -5.435 0.0000000000
130917  -26.442  -47.771  -5.481 0.0000000000
130918  -26.962  -47.269  -5.550 0.0000000000
130919  -27.360  -47.703  -5.398 0.0000000000
144317  -25.730  -43.558  -7.457 0.0000000000
149227  -15.884  -49.370  -7.322 0.0000000000
149228  -15.071  -50.327  -6.540 0.0000000000
149229  -15.454  -50.138  -6.986 0.0000000000
149230  -15.858  -49.970  -7.396 0.0000000000
149231  -15.989  -50.634  -7.455 0.0000000000
149232  -16.134  -51.361  -7.484 0.0000000000
149233  -16.343  -52.040  -7.463 0.0000000000
149235  -13.721  -53.046  -5.399 0.0000000000
149236  -14.220  -52.947  -5.838 0.0000000000
149237  -14.169  -54.426  -5.481 0.0000000000
149238  -14.473  -53.644  -5.861 0.0000000000
149239  -14.787  -52.916  -6.268 0.0000000000
149240  -15.384  -52.893  -6.695 0.0000000000
149241  -15.960  -52.832  -7.068 0.0000000000
149242  -16.510  -52.757  -7.370 0.0000000000
149243  -16.867  -53.416  -7.283 0.0000000000
149244  -17.265  -54.074  -7.182 0.0000000000
149245  -17.555  -54.746  -7.105 0.0000000000
149246  -16.709  -55.656  -6.533 0.0000000000
149247  -17.316  -55.550  -6.838 0.0000000000
149248  -17.873  -55.380  -7.097 0.0000000000
149249  -18.273  -55.914  -7.016 0.0000000000
149250  -18.601  -56.502  -6.879 0.0000000000
149251  -18.936  -57.011  -6.535 0.0000000000
162607  -13.561  -59.568  -3.815 0.0000000000
162608  -14.129  -59.457  -4.128 0.0000000000
162609  -14.722  -59.394  -4.464 0.0000000000
162616  -14.609  -61.007  -4.263 0.0000000000
162617  -14.917  -60.207  -4.575 0.0000000000
162618  -15.266  -59.282  -4.865 0.0000000000
162619  -15.759  -59.149  -5.280 0.0000000000
162620  -16.241  -58.974  -5.717 0.0000000000
162621  -16.756  -58.788  -6.006 0.0000000000
162622  -16.599  -60.299  -5.705 0.0000000000
162623  -16.992  -59.482  -6.025 0.0000000000
162624  -17.357  -58.550  -6.238 0.0000000000
162625  -17.993  -58.265  -6.391 0.0000000000
162626  -18.580  -57.924  -6.319 0.0000000000
162627  -19.140  -57.536  -6.244 0.0000000000
162863  -17.875  -61.483  -5.322 0.0000000000
162864  -18.324  -60.663  -5.415 0.0000000000
162865  -19.387  -60.520  -5.151 0.0000000000
162866  -19.061  -60.169  -5.344 0.0000000000
162867  -18.760  -59.818  -5.573 0.0000000000
162868  -19.140  -58.912  -5.787 0.0000000000
162869  -19.490  -57.985  -5.931 0.0000000000
162870  -19.808  -57.035  -6.132 0.0000000000
162871  -20.397  -56.592  -6.014 0.0000000000
162872  -21.042  -56.057  -5.907 0.0000000000
162873  -21.685  -55.534  -5.808 0.0000000000
162874  -21.694  -56.741  -5.532 0.0000000000
162875  -22.025  -55.838  -5.648 0.0000000000
162876  -22.310  -55.019  -5.709 0.0000000000
162877  -22.913  -54.457  -5.585 0.0000000000
162878  -23.521  -53.865  -5.434 0.0000000000
162879  -24.115  -53.279  -5.284 0.0000000000
162884  -24.263  -55.574  -5.153 0.0000000000
162886  -24.201  -54.404  -5.197 0.0000000000
162887  -24.456  -53.581  -5.204 0.0000000000
162888  -24.641  -52.727  -5.161 0.0000000000
162889  -25.176  -52.118  -5.109 0.0000000000
162890  -25.731  -51.518  -5.090 0.0000000000
162891  -26.310  -50.923  -5.098 0.0000000000
162894  -26.905  -50.324  -5.137 0.0000000000
162895  -27.515  -49.781  -5.186 0.0000000000
