#!ascii label  , from subject fsaverage vox2ras=TkReg
917
0  -36.806  -18.293  64.462 0.0000000000
164  -34.947  -10.915  57.103 0.0000000000
169  -31.558  -15.954  67.055 0.0000000000
642  -39.625  -15.327  59.704 0.0000000000
643  -40.365  -9.947  60.047 0.0000000000
644  -37.845  -12.616  62.495 0.0000000000
649  -35.237  -17.439  66.022 0.0000000000
651  -33.911  -12.840  62.277 0.0000000000
873  -25.608  -14.636  59.633 0.0000000000
875  -21.587  -15.253  58.760 0.0000000000
1444  -42.052  -8.524  56.397 0.0000000000
1455  -27.500  -15.675  66.038 0.0000000000
1456  -25.985  -19.365  69.905 0.0000000000
1457  -28.943  -20.810  67.965 0.0000000000
1461  -29.513  -13.235  60.647 0.0000000000
2562  -39.262  -16.791  60.711 0.0000000000
2563  -40.013  -13.676  61.978 0.0000000000
2564  -38.327  -14.515  63.124 0.0000000000
2569  -36.410  -18.125  64.974 0.0000000000
2571  -36.598  -14.850  64.364 0.0000000000
2793  -24.915  -15.659  62.082 0.0000000000
2794  -23.571  -15.070  59.131 0.0000000000
2795  -22.932  -16.352  61.245 0.0000000000
3363  -41.563  -10.502  54.801 0.0000000000
3364  -41.390  -10.573  57.148 0.0000000000
3365  -37.739  -9.769  59.284 0.0000000000
3366  -38.747  -8.462  57.842 0.0000000000
3384  -29.498  -15.522  66.773 0.0000000000
3385  -28.754  -17.594  68.869 0.0000000000
3386  -30.564  -18.508  68.590 0.0000000000
3393  -32.816  -14.071  64.726 0.0000000000
3394  -31.713  -12.996  61.413 0.0000000000
3395  -30.821  -13.910  64.085 0.0000000000
3396  -28.913  -14.396  63.375 0.0000000000
5762  -39.665  -14.007  58.531 0.0000000000
5763  -41.155  -11.559  59.119 0.0000000000
5764  -40.846  -12.661  60.489 0.0000000000
5765  -39.258  -11.364  61.485 0.0000000000
5766  -36.457  -11.030  60.019 0.0000000000
5775  -33.510  -16.731  66.771 0.0000000000
5776  -32.206  -19.471  67.531 0.0000000000
5779  -34.641  -11.901  59.499 0.0000000000
5780  -35.852  -12.590  62.398 0.0000000000
5781  -34.698  -14.552  64.763 0.0000000000
6179  -26.306  -13.706  56.856 0.0000000000
6181  -24.329  -14.131  56.884 0.0000000000
6182  -22.229  -14.063  56.873 0.0000000000
7207  -41.259  -8.983  58.478 0.0000000000
7208  -39.921  -7.587  56.202 0.0000000000
7233  -25.689  -16.256  65.125 0.0000000000
7234  -25.065  -17.483  67.601 0.0000000000
7235  -26.898  -17.339  68.393 0.0000000000
7236  -27.487  -20.176  69.265 0.0000000000
7247  -32.547  -12.780  58.597 0.0000000000
7249  -28.292  -13.224  56.954 0.0000000000
7250  -27.658  -13.972  60.047 0.0000000000
7251  -26.858  -14.988  62.778 0.0000000000
8138  -24.197  -18.865  69.618 0.0000000000
10242  -39.128  -17.044  60.946 0.0000000000
10243  -39.687  -14.947  62.133 0.0000000000
10244  -38.445  -15.246  63.166 0.0000000000
10249  -36.719  -18.259  64.563 0.0000000000
10251  -37.307  -15.885  64.205 0.0000000000
10473  -24.418  -16.302  63.192 0.0000000000
10474  -23.930  -16.025  61.653 0.0000000000
10475  -23.422  -16.710  62.742 0.0000000000
10476  -22.443  -16.952  62.402 0.0000000000
11043  -40.406  -11.417  56.005 0.0000000000
11044  -40.454  -11.767  57.188 0.0000000000
11045  -36.333  -10.214  58.385 0.0000000000
11046  -36.719  -9.541  57.701 0.0000000000
11047  -35.386  -10.233  56.406 0.0000000000
11064  -30.632  -15.734  66.975 0.0000000000
11065  -30.185  -16.764  68.112 0.0000000000
11066  -31.140  -17.107  68.062 0.0000000000
11073  -32.292  -15.010  65.823 0.0000000000
11074  -31.857  -13.874  64.447 0.0000000000
11075  -31.293  -14.878  65.572 0.0000000000
11076  -30.289  -14.807  65.362 0.0000000000
13442  -39.758  -14.717  59.200 0.0000000000
13443  -40.527  -13.306  59.634 0.0000000000
13444  -40.555  -14.151  60.257 0.0000000000
13445  -39.077  -13.365  62.673 0.0000000000
13446  -39.757  -12.696  61.956 0.0000000000
13447  -38.578  -11.841  61.945 0.0000000000
13448  -37.817  -10.856  61.077 0.0000000000
13449  -37.251  -11.645  61.537 0.0000000000
13455  -38.788  -16.367  58.703 0.0000000000
13464  -34.546  -17.185  66.400 0.0000000000
13465  -33.683  -18.533  66.935 0.0000000000
13466  -34.530  -18.931  66.139 0.0000000000
13471  -36.133  -11.994  61.107 0.0000000000
13472  -36.907  -12.652  62.723 0.0000000000
13473  -35.947  -16.156  65.134 0.0000000000
13474  -35.919  -14.923  64.622 0.0000000000
13475  -35.097  -15.910  65.642 0.0000000000
13476  -34.173  -15.498  65.817 0.0000000000
14138  -26.072  -14.242  58.368 0.0000000000
14139  -25.301  -14.006  56.832 0.0000000000
14140  -24.954  -14.493  58.218 0.0000000000
14141  -22.639  -15.206  58.918 0.0000000000
14142  -22.930  -14.698  57.950 0.0000000000
14143  -21.978  -14.612  57.923 0.0000000000
14145  -20.989  -14.430  57.907 0.0000000000
15845  -42.219  -9.576  55.828 0.0000000000
15846  -42.506  -9.548  54.819 0.0000000000
15847  -42.514  -8.564  55.470 0.0000000000
15849  -41.680  -7.695  55.432 0.0000000000
15850  -41.051  -10.887  59.907 0.0000000000
15851  -41.406  -10.163  58.926 0.0000000000
15852  -40.773  -9.433  59.337 0.0000000000
15853  -37.743  -8.453  56.260 0.0000000000
15854  -39.252  -7.953  57.250 0.0000000000
15855  -38.351  -7.982  55.377 0.0000000000
15909  -26.620  -15.975  65.605 0.0000000000
15910  -26.323  -16.640  66.832 0.0000000000
15911  -27.293  -16.473  67.295 0.0000000000
15912  -28.995  -19.351  68.998 0.0000000000
15913  -28.202  -18.914  69.302 0.0000000000
15914  -28.288  -20.501  68.637 0.0000000000
15938  -34.313  -12.437  60.737 0.0000000000
15939  -33.730  -12.394  59.106 0.0000000000
15940  -33.320  -12.680  60.497 0.0000000000
15941  -30.495  -13.053  60.862 0.0000000000
15942  -31.008  -12.965  59.415 0.0000000000
15943  -30.008  -13.055  59.080 0.0000000000
15945  -28.930  -13.218  58.718 0.0000000000
15946  -27.928  -13.454  58.586 0.0000000000
15947  -28.534  -13.567  60.346 0.0000000000
15948  -28.190  -15.083  64.766 0.0000000000
15949  -27.855  -14.688  63.029 0.0000000000
15950  -27.187  -15.258  64.351 0.0000000000
15951  -26.225  -15.614  63.946 0.0000000000
17867  -25.534  -18.155  69.082 0.0000000000
17868  -24.604  -18.163  68.694 0.0000000000
17869  -25.101  -19.059  69.861 0.0000000000
23042  -39.472  -16.306  60.355 0.0000000000
23043  -40.279  -14.694  60.848 0.0000000000
23044  -39.810  -15.219  61.637 0.0000000000
23045  -39.478  -13.947  62.494 0.0000000000
23046  -38.214  -13.638  63.012 0.0000000000
23055  -35.926  -17.827  65.491 0.0000000000
23056  -35.154  -19.228  65.415 0.0000000000
23059  -37.442  -13.853  63.325 0.0000000000
23060  -37.498  -15.140  63.749 0.0000000000
23061  -36.540  -16.169  64.796 0.0000000000
23459  -25.394  -15.058  60.842 0.0000000000
23460  -24.607  -14.870  59.361 0.0000000000
23461  -24.383  -15.420  60.502 0.0000000000
23462  -23.406  -15.703  60.221 0.0000000000
23463  -22.363  -15.934  59.883 0.0000000000
23464  -21.274  -15.981  59.664 0.0000000000
23465  -21.826  -16.573  60.877 0.0000000000
24485  -41.438  -10.465  56.038 0.0000000000
24486  -41.967  -9.591  56.992 0.0000000000
24487  -39.113  -9.531  59.872 0.0000000000
24488  -39.746  -8.922  59.170 0.0000000000
24489  -38.307  -9.041  58.652 0.0000000000
24490  -37.265  -8.891  57.158 0.0000000000
24522  -28.460  -15.563  66.413 0.0000000000
24523  -28.233  -16.391  67.655 0.0000000000
24524  -29.142  -16.532  67.943 0.0000000000
24525  -29.712  -17.972  68.839 0.0000000000
24526  -29.926  -19.828  68.476 0.0000000000
24539  -33.252  -13.375  63.460 0.0000000000
24540  -32.700  -12.904  61.816 0.0000000000
24541  -32.297  -13.237  63.245 0.0000000000
24542  -31.225  -13.267  62.867 0.0000000000
24543  -30.139  -13.452  62.395 0.0000000000
24544  -29.261  -13.723  61.968 0.0000000000
24545  -29.917  -14.198  63.679 0.0000000000
24546  -29.200  -14.885  65.059 0.0000000000
28802  -39.523  -13.296  57.767 0.0000000000
28803  -40.527  -12.242  58.196 0.0000000000
28804  -40.616  -12.773  58.867 0.0000000000
28805  -41.127  -12.145  59.816 0.0000000000
28806  -40.799  -11.320  60.453 0.0000000000
28807  -40.467  -13.236  61.257 0.0000000000
28808  -40.335  -11.810  61.197 0.0000000000
28809  -39.940  -10.433  60.613 0.0000000000
28810  -38.625  -10.262  60.398 0.0000000000
28811  -37.147  -10.322  59.827 0.0000000000
28812  -35.896  -10.959  58.734 0.0000000000
28833  -32.660  -16.405  66.987 0.0000000000
28834  -32.047  -17.625  67.836 0.0000000000
28835  -32.901  -18.140  67.431 0.0000000000
28836  -32.835  -19.858  66.816 0.0000000000
28843  -34.900  -11.508  58.262 0.0000000000
28844  -35.567  -11.480  59.836 0.0000000000
28845  -35.392  -12.223  61.059 0.0000000000
28846  -34.863  -12.706  62.494 0.0000000000
28847  -36.280  -13.632  63.615 0.0000000000
28848  -35.174  -13.405  63.673 0.0000000000
28849  -34.380  -13.524  63.717 0.0000000000
28850  -33.717  -14.163  64.797 0.0000000000
28851  -33.337  -15.258  65.946 0.0000000000
29782  -23.918  -14.662  58.062 0.0000000000
29783  -23.306  -14.187  56.896 0.0000000000
32167  -41.582  -10.530  53.803 0.0000000000
32168  -42.764  -9.627  53.803 0.0000000000
32173  -41.265  -10.890  58.151 0.0000000000
32174  -41.684  -9.782  57.988 0.0000000000
32175  -41.714  -8.661  57.617 0.0000000000
32176  -40.194  -8.484  58.535 0.0000000000
32177  -40.663  -8.050  57.708 0.0000000000
32178  -41.289  -7.790  56.651 0.0000000000
32179  -40.515  -7.484  55.305 0.0000000000
32247  -24.758  -16.640  64.708 0.0000000000
32249  -25.358  -16.847  66.357 0.0000000000
32250  -25.953  -17.338  68.011 0.0000000000
32251  -26.415  -18.277  69.347 0.0000000000
32252  -27.759  -17.391  68.697 0.0000000000
32253  -27.307  -18.578  69.394 0.0000000000
32254  -26.790  -19.762  69.710 0.0000000000
32258  -31.410  -19.007  68.141 0.0000000000
32259  -30.674  -20.258  67.868 0.0000000000
32285  -34.006  -12.021  57.898 0.0000000000
32288  -31.988  -12.869  59.754 0.0000000000
32289  -31.435  -12.982  58.087 0.0000000000
32294  -27.252  -13.419  56.826 0.0000000000
32295  -26.922  -13.907  58.349 0.0000000000
32296  -26.603  -14.348  59.805 0.0000000000
32297  -28.397  -14.080  61.689 0.0000000000
32298  -27.303  -14.457  61.336 0.0000000000
32299  -26.289  -14.757  61.043 0.0000000000
32300  -25.898  -15.301  62.445 0.0000000000
32301  -25.308  -15.972  63.586 0.0000000000
34718  -24.123  -17.668  67.198 0.0000000000
40962  -39.027  -17.227  61.111 0.0000000000
40963  -39.549  -15.253  62.212 0.0000000000
40964  -38.463  -15.544  63.212 0.0000000000
40971  -37.413  -16.203  64.100 0.0000000000
41193  -24.182  -16.617  63.735 0.0000000000
41194  -23.950  -16.509  62.972 0.0000000000
41763  -39.822  -12.094  56.481 0.0000000000
41764  -39.919  -12.289  57.081 0.0000000000
41765  -35.628  -10.559  57.749 0.0000000000
41766  -35.766  -10.216  57.248 0.0000000000
41767  -35.221  -10.585  56.904 0.0000000000
41784  -31.113  -15.879  67.050 0.0000000000
41785  -30.937  -16.391  67.643 0.0000000000
41786  -31.426  -16.593  67.606 0.0000000000
41793  -31.993  -15.435  66.397 0.0000000000
41794  -31.744  -14.925  65.688 0.0000000000
41795  -31.518  -15.377  66.346 0.0000000000
41796  -31.069  -15.344  66.276 0.0000000000
44162  -39.687  -14.974  59.442 0.0000000000
44163  -40.217  -14.482  59.744 0.0000000000
44164  -40.133  -14.801  60.104 0.0000000000
44165  -38.417  -12.898  62.609 0.0000000000
44166  -38.797  -12.583  62.351 0.0000000000
44167  -38.080  -12.040  62.147 0.0000000000
44168  -37.844  -11.622  61.792 0.0000000000
44169  -37.583  -12.157  62.088 0.0000000000
44173  -39.233  -16.232  59.402 0.0000000000
44175  -39.314  -15.960  59.299 0.0000000000
44176  -39.297  -15.648  58.991 0.0000000000
44184  -34.913  -17.308  66.223 0.0000000000
44185  -34.468  -18.120  66.495 0.0000000000
44186  -34.906  -18.287  66.145 0.0000000000
44191  -36.932  -12.076  62.121 0.0000000000
44192  -37.128  -12.504  62.689 0.0000000000
44193  -35.484  -16.743  65.697 0.0000000000
44194  -35.545  -16.031  65.431 0.0000000000
44195  -35.192  -16.708  65.828 0.0000000000
44196  -34.812  -16.597  65.954 0.0000000000
44858  -25.827  -14.444  58.990 0.0000000000
44859  -25.534  -14.396  58.275 0.0000000000
44860  -25.298  -14.590  58.935 0.0000000000
44861  -22.114  -15.261  58.841 0.0000000000
44862  -22.262  -14.936  58.373 0.0000000000
44863  -21.771  -14.908  58.339 0.0000000000
44864  -21.436  -14.515  57.903 0.0000000000
44865  -21.264  -14.845  58.309 0.0000000000
44866  -20.771  -14.733  58.295 0.0000000000
44867  -21.163  -15.236  58.737 0.0000000000
46565  -42.278  -9.066  56.240 0.0000000000
46566  -42.476  -8.977  55.630 0.0000000000
46567  -42.284  -8.550  55.933 0.0000000000
46568  -42.201  -8.110  55.579 0.0000000000
46569  -42.068  -8.105  56.080 0.0000000000
46570  -40.832  -10.396  59.934 0.0000000000
46571  -41.016  -9.939  59.497 0.0000000000
46572  -40.575  -9.740  59.748 0.0000000000
46574  -37.952  -8.136  55.793 0.0000000000
46575  -37.553  -8.253  54.816 0.0000000000
46629  -27.072  -15.816  65.825 0.0000000000
46630  -26.910  -16.227  66.465 0.0000000000
46631  -27.409  -16.057  66.684 0.0000000000
46632  -29.131  -20.207  68.557 0.0000000000
46633  -28.700  -20.003  68.905 0.0000000000
46634  -28.643  -20.661  68.284 0.0000000000
46635  -28.126  -21.082  67.964 0.0000000000
46636  -28.476  -21.207  67.552 0.0000000000
46658  -34.034  -12.621  61.486 0.0000000000
46659  -33.836  -12.554  60.743 0.0000000000
46660  -33.630  -12.626  61.473 0.0000000000
46661  -30.046  -13.141  60.811 0.0000000000
46662  -30.263  -13.056  59.939 0.0000000000
46663  -29.817  -13.144  59.847 0.0000000000
46664  -29.500  -13.107  58.860 0.0000000000
46665  -29.311  -13.203  59.763 0.0000000000
46666  -28.758  -13.330  59.584 0.0000000000
46667  -29.035  -13.411  60.521 0.0000000000
46668  -27.833  -15.294  65.415 0.0000000000
46669  -27.672  -15.150  64.557 0.0000000000
46670  -27.346  -15.422  65.206 0.0000000000
46671  -26.884  -15.624  65.010 0.0000000000
48587  -25.825  -18.696  69.629 0.0000000000
48588  -25.365  -18.632  69.520 0.0000000000
48589  -25.615  -19.216  69.921 0.0000000000
53762  -39.358  -16.599  60.569 0.0000000000
53763  -39.770  -15.745  60.935 0.0000000000
53764  -39.721  -15.705  61.142 0.0000000000
53765  -38.927  -14.909  62.797 0.0000000000
53766  -39.329  -15.057  62.542 0.0000000000
53767  -38.926  -14.153  62.764 0.0000000000
53768  -38.836  -13.745  62.830 0.0000000000
53769  -38.283  -14.133  63.106 0.0000000000
53775  -38.824  -17.215  59.955 0.0000000000
53776  -39.025  -16.965  59.849 0.0000000000
53784  -36.198  -17.999  65.217 0.0000000000
53785  -35.739  -18.667  65.219 0.0000000000
53786  -35.882  -19.048  64.902 0.0000000000
53791  -37.826  -14.201  63.466 0.0000000000
53792  -37.939  -14.796  63.376 0.0000000000
53793  -36.744  -16.826  64.630 0.0000000000
53794  -37.006  -16.224  64.346 0.0000000000
53795  -36.588  -17.054  64.929 0.0000000000
53796  -36.181  -17.026  65.227 0.0000000000
54458  -25.165  -15.360  61.411 0.0000000000
54459  -24.881  -15.240  60.659 0.0000000000
54460  -24.694  -15.560  61.271 0.0000000000
54461  -23.444  -16.193  61.447 0.0000000000
54462  -23.715  -15.873  60.944 0.0000000000
54463  -23.212  -16.008  60.766 0.0000000000
54464  -22.890  -15.830  60.038 0.0000000000
54465  -22.648  -16.164  60.561 0.0000000000
54466  -22.103  -16.279  60.397 0.0000000000
54467  -22.395  -16.461  61.055 0.0000000000
56165  -40.964  -11.059  56.733 0.0000000000
56166  -41.015  -10.981  56.056 0.0000000000
56167  -41.445  -10.573  56.577 0.0000000000
56168  -41.904  -9.991  56.572 0.0000000000
56169  -41.754  -10.154  57.133 0.0000000000
56170  -38.394  -9.573  59.655 0.0000000000
56171  -38.694  -9.187  59.324 0.0000000000
56172  -38.020  -9.420  59.057 0.0000000000
56173  -36.279  -9.558  56.875 0.0000000000
56174  -37.049  -9.236  57.445 0.0000000000
56175  -36.408  -9.191  56.336 0.0000000000
56176  -36.670  -8.970  55.958 0.0000000000
56177  -35.909  -9.291  55.209 0.0000000000
56229  -28.979  -15.549  66.593 0.0000000000
56230  -28.779  -16.018  67.252 0.0000000000
56231  -29.312  -16.046  67.381 0.0000000000
56232  -30.369  -17.578  68.531 0.0000000000
56233  -29.980  -17.433  68.549 0.0000000000
56234  -30.141  -18.248  68.761 0.0000000000
56235  -29.872  -18.936  68.784 0.0000000000
56236  -30.243  -19.186  68.606 0.0000000000
56258  -33.042  -13.683  64.146 0.0000000000
56259  -32.836  -13.322  63.442 0.0000000000
56260  -32.405  -13.618  63.942 0.0000000000
56261  -31.298  -13.910  64.196 0.0000000000
56262  -31.551  -13.553  63.686 0.0000000000
56263  -31.071  -13.603  63.462 0.0000000000
56264  -30.711  -13.367  62.638 0.0000000000
56265  -30.525  -13.670  63.257 0.0000000000
56266  -30.100  -13.767  63.083 0.0000000000
56267  -30.346  -13.999  63.899 0.0000000000
56268  -29.927  -15.218  66.031 0.0000000000
56269  -29.844  -14.834  65.237 0.0000000000
56270  -29.414  -15.209  65.913 0.0000000000
56271  -28.941  -15.258  65.777 0.0000000000
63362  -39.554  -13.597  58.199 0.0000000000
63363  -40.170  -13.120  58.293 0.0000000000
63364  -40.225  -13.420  58.677 0.0000000000
63365  -40.732  -13.141  60.189 0.0000000000
63366  -40.797  -12.799  59.878 0.0000000000
63367  -40.838  -12.522  60.303 0.0000000000
63368  -40.981  -11.649  60.274 0.0000000000
63369  -40.845  -11.927  60.599 0.0000000000
63370  -40.185  -14.514  61.498 0.0000000000
63371  -40.231  -14.072  61.265 0.0000000000
63372  -40.269  -13.272  61.647 0.0000000000
63373  -39.565  -11.830  61.666 0.0000000000
63374  -40.054  -12.089  61.653 0.0000000000
63375  -39.872  -11.609  61.337 0.0000000000
63376  -40.104  -11.275  61.107 0.0000000000
63377  -39.545  -10.768  60.988 0.0000000000
63378  -39.162  -10.248  60.696 0.0000000000
63379  -38.884  -10.605  61.068 0.0000000000
63380  -37.222  -10.931  60.595 0.0000000000
63381  -37.513  -10.553  60.445 0.0000000000
63382  -36.836  -10.739  60.049 0.0000000000
63383  -36.424  -10.609  59.269 0.0000000000
63384  -36.183  -10.922  59.403 0.0000000000
63403  -39.224  -14.792  58.337 0.0000000000
63405  -39.188  -14.451  58.050 0.0000000000
63429  -33.076  -16.571  66.905 0.0000000000
63430  -32.770  -17.239  67.365 0.0000000000
63431  -33.187  -17.470  67.202 0.0000000000
63432  -33.744  -19.308  66.566 0.0000000000
63433  -33.355  -19.219  66.906 0.0000000000
63434  -33.242  -19.929  66.410 0.0000000000
63438  -34.741  -19.801  65.218 0.0000000000
63451  -35.681  -11.233  59.326 0.0000000000
63452  -36.134  -11.342  60.125 0.0000000000
63453  -35.996  -12.288  61.566 0.0000000000
63454  -35.810  -11.972  61.186 0.0000000000
63455  -35.663  -12.461  61.827 0.0000000000
63456  -35.200  -12.620  61.722 0.0000000000
63457  -35.342  -12.695  62.356 0.0000000000
63458  -36.864  -14.213  63.775 0.0000000000
63459  -36.628  -13.559  63.344 0.0000000000
63460  -36.366  -14.096  63.904 0.0000000000
63461  -35.203  -14.637  64.669 0.0000000000
63462  -35.496  -14.104  64.201 0.0000000000
63463  -35.000  -13.959  64.251 0.0000000000
63464  -34.883  -13.559  63.700 0.0000000000
63465  -34.483  -13.870  64.260 0.0000000000
63466  -34.046  -13.861  64.273 0.0000000000
63467  -34.333  -14.398  64.858 0.0000000000
63468  -33.945  -16.229  66.311 0.0000000000
63469  -33.677  -15.348  65.884 0.0000000000
63470  -33.448  -15.991  66.360 0.0000000000
63471  -32.901  -15.749  66.411 0.0000000000
65456  -24.818  -14.103  56.850 0.0000000000
65461  -24.116  -14.949  59.255 0.0000000000
65462  -24.236  -14.775  58.732 0.0000000000
65463  -23.756  -14.840  58.650 0.0000000000
65464  -22.566  -14.409  57.422 0.0000000000
65465  -23.026  -14.438  57.439 0.0000000000
65466  -22.759  -14.094  56.889 0.0000000000
65483  -21.057  -16.339  60.181 0.0000000000
70570  -40.943  -10.879  54.351 0.0000000000
70572  -41.525  -10.526  54.307 0.0000000000
70573  -42.823  -9.076  54.712 0.0000000000
70574  -42.627  -9.607  54.255 0.0000000000
70585  -40.935  -11.856  58.640 0.0000000000
70586  -40.943  -11.683  58.245 0.0000000000
70587  -41.174  -11.236  58.745 0.0000000000
70588  -41.482  -9.624  58.709 0.0000000000
70589  -41.576  -9.956  58.532 0.0000000000
70590  -41.589  -9.364  58.233 0.0000000000
70591  -41.784  -9.263  57.897 0.0000000000
70592  -41.560  -8.827  58.070 0.0000000000
70593  -39.207  -8.627  58.695 0.0000000000
70594  -39.829  -8.644  58.921 0.0000000000
70595  -39.402  -8.343  58.303 0.0000000000
70596  -39.577  -7.780  56.735 0.0000000000
70597  -39.976  -7.894  57.461 0.0000000000
70598  -40.327  -7.766  57.044 0.0000000000
70599  -40.943  -7.959  57.188 0.0000000000
70600  -40.613  -7.684  56.468 0.0000000000
70601  -40.889  -7.586  55.953 0.0000000000
70602  -40.196  -7.574  55.730 0.0000000000
70764  -25.223  -16.436  64.906 0.0000000000
70765  -25.112  -16.705  65.558 0.0000000000
70766  -25.551  -16.564  65.788 0.0000000000
70767  -26.576  -16.924  67.642 0.0000000000
70768  -26.105  -17.001  67.401 0.0000000000
70769  -26.405  -17.280  68.176 0.0000000000
70770  -26.194  -17.753  68.765 0.0000000000
70771  -26.678  -17.791  68.898 0.0000000000
70772  -28.466  -16.923  68.337 0.0000000000
70773  -28.020  -16.877  68.195 0.0000000000
70774  -28.253  -17.486  68.815 0.0000000000
70775  -27.862  -19.609  69.334 0.0000000000
70776  -27.717  -18.771  69.347 0.0000000000
70777  -27.440  -19.419  69.498 0.0000000000
70778  -27.093  -19.226  69.630 0.0000000000
70779  -27.155  -19.968  69.532 0.0000000000
70780  -26.729  -20.500  69.338 0.0000000000
70781  -27.041  -20.678  69.053 0.0000000000
70787  -32.242  -18.610  67.790 0.0000000000
70788  -31.809  -18.288  68.031 0.0000000000
70789  -31.970  -19.257  67.754 0.0000000000
70791  -31.037  -20.445  67.501 0.0000000000
70792  -30.558  -20.892  67.161 0.0000000000
70793  -30.184  -20.733  67.605 0.0000000000
70853  -35.007  -11.738  59.160 0.0000000000
70854  -34.564  -11.780  58.241 0.0000000000
70855  -34.310  -11.975  58.713 0.0000000000
70856  -33.121  -12.553  58.819 0.0000000000
70857  -33.347  -12.365  58.351 0.0000000000
70858  -32.824  -12.639  58.005 0.0000000000
70860  -32.117  -12.768  57.593 0.0000000000
70861  -32.131  -12.819  61.640 0.0000000000
70862  -32.482  -12.856  60.900 0.0000000000
70863  -31.854  -12.941  60.653 0.0000000000
70864  -30.621  -13.127  58.343 0.0000000000
70865  -31.232  -13.000  58.663 0.0000000000
70871  -28.788  -13.241  56.986 0.0000000000
70877  -27.810  -13.268  56.865 0.0000000000
70878  -27.779  -13.741  59.366 0.0000000000
70879  -27.509  -13.664  58.489 0.0000000000
70880  -27.320  -13.909  59.233 0.0000000000
70881  -26.868  -14.156  59.158 0.0000000000
70882  -27.090  -14.151  59.882 0.0000000000
70883  -29.186  -14.078  62.770 0.0000000000
70884  -28.808  -13.915  61.806 0.0000000000
70885  -28.680  -14.253  62.591 0.0000000000
70886  -27.323  -14.843  62.877 0.0000000000
70887  -27.614  -14.514  62.163 0.0000000000
70888  -27.143  -14.668  62.012 0.0000000000
70889  -26.826  -14.598  61.210 0.0000000000
70890  -26.646  -14.836  61.887 0.0000000000
70891  -26.186  -15.017  61.769 0.0000000000
70892  -26.353  -15.132  62.599 0.0000000000
70893  -26.002  -15.922  64.565 0.0000000000
70894  -25.769  -15.809  63.768 0.0000000000
70895  -25.582  -16.083  64.387 0.0000000000
70896  -25.115  -16.276  64.149 0.0000000000
76637  -24.784  -17.272  66.740 0.0000000000
76639  -24.591  -17.572  67.399 0.0000000000
76640  -24.418  -18.503  69.244 0.0000000000
92163  -39.740  -15.992  61.297 0.0000000000
92164  -39.340  -16.240  61.885 0.0000000000
92165  -39.319  -14.849  62.699 0.0000000000
92166  -38.371  -14.944  63.136 0.0000000000
92175  -36.617  -18.218  64.697 0.0000000000
92176  -35.878  -19.200  64.741 0.0000000000
92179  -37.868  -14.946  63.519 0.0000000000
92180  -37.719  -15.767  63.814 0.0000000000
92181  -36.882  -16.550  64.569 0.0000000000
92579  -24.616  -16.015  62.615 0.0000000000
92580  -24.416  -15.848  61.872 0.0000000000
92581  -24.168  -16.216  62.385 0.0000000000
92582  -23.705  -16.389  62.214 0.0000000000
92583  -23.201  -16.527  62.015 0.0000000000
92584  -22.675  -16.656  61.816 0.0000000000
92585  -22.904  -16.854  62.565 0.0000000000
93605  -40.440  -11.576  56.596 0.0000000000
93606  -40.993  -11.059  57.147 0.0000000000
93607  -37.069  -9.921  59.006 0.0000000000
93608  -37.270  -9.609  58.573 0.0000000000
93609  -36.469  -9.885  58.002 0.0000000000
93610  -36.047  -9.890  57.133 0.0000000000
93642  -30.070  -15.608  66.881 0.0000000000
93643  -29.879  -16.130  67.499 0.0000000000
93644  -30.415  -16.263  67.600 0.0000000000
93645  -30.721  -16.933  68.107 0.0000000000
93646  -30.921  -17.814  68.385 0.0000000000
93659  -32.567  -14.431  65.315 0.0000000000
93660  -32.336  -14.019  64.655 0.0000000000
93661  -32.069  -14.379  65.215 0.0000000000
93662  -31.649  -14.343  65.078 0.0000000000
93663  -31.167  -14.359  64.880 0.0000000000
93664  -30.635  -14.388  64.720 0.0000000000
93665  -30.707  -14.805  65.433 0.0000000000
93666  -30.500  -15.307  66.141 0.0000000000
97922  -39.751  -14.426  58.861 0.0000000000
97923  -40.265  -13.777  59.069 0.0000000000
97924  -40.239  -14.153  59.420 0.0000000000
97925  -40.554  -13.742  59.965 0.0000000000
97926  -40.594  -13.524  60.565 0.0000000000
97927  -39.613  -13.562  62.289 0.0000000000
97928  -39.871  -12.952  62.061 0.0000000000
97929  -39.505  -12.742  62.202 0.0000000000
97930  -39.234  -12.113  62.121 0.0000000000
97931  -38.849  -11.289  61.618 0.0000000000
97932  -38.410  -10.824  61.185 0.0000000000
97933  -38.228  -11.322  61.595 0.0000000000
97934  -37.545  -11.250  61.237 0.0000000000
97935  -36.804  -11.270  60.733 0.0000000000
97947  -38.831  -15.961  58.453 0.0000000000
97948  -39.270  -15.236  58.689 0.0000000000
97962  -34.015  -16.935  66.595 0.0000000000
97963  -33.719  -17.700  66.978 0.0000000000
97964  -34.150  -17.929  66.719 0.0000000000
97965  -34.073  -18.703  66.621 0.0000000000
97966  -34.072  -19.539  66.131 0.0000000000
97975  -36.590  -11.510  60.862 0.0000000000
97976  -36.758  -11.727  61.489 0.0000000000
97977  -36.652  -12.376  62.001 0.0000000000
97978  -36.456  -12.720  62.572 0.0000000000
97979  -36.372  -15.478  64.744 0.0000000000
97980  -35.840  -14.571  64.409 0.0000000000
97981  -35.808  -15.421  64.926 0.0000000000
97982  -35.344  -15.294  65.183 0.0000000000
97983  -34.864  -15.041  65.238 0.0000000000
97984  -34.440  -14.867  65.329 0.0000000000
97985  -34.668  -15.630  65.688 0.0000000000
97986  -34.379  -16.438  66.135 0.0000000000
99176  -26.164  -13.964  57.602 0.0000000000
99177  -25.787  -13.882  56.822 0.0000000000
99178  -25.718  -14.128  57.589 0.0000000000
99179  -25.125  -14.263  57.517 0.0000000000
99180  -24.614  -14.328  57.506 0.0000000000
99181  -23.075  -15.156  59.008 0.0000000000
99182  -23.289  -14.929  58.551 0.0000000000
99183  -22.794  -14.931  58.476 0.0000000000
99184  -22.505  -14.691  57.920 0.0000000000
99185  -22.094  -14.328  57.403 0.0000000000
99186  -21.809  -13.949  56.944 0.0000000000
99187  -21.663  -14.264  57.432 0.0000000000
99191  -20.539  -14.258  57.917 0.0000000000
99192  -20.289  -14.585  58.289 0.0000000000
102247  -41.927  -10.068  55.470 0.0000000000
102248  -42.042  -10.059  54.877 0.0000000000
102249  -42.384  -9.502  55.260 0.0000000000
102250  -42.657  -9.041  55.126 0.0000000000
102251  -42.745  -8.582  54.932 0.0000000000
102253  -42.470  -8.067  55.086 0.0000000000
102256  -41.262  -11.160  59.459 0.0000000000
102257  -41.307  -10.908  59.146 0.0000000000
102258  -41.311  -10.501  59.425 0.0000000000
102259  -41.240  -9.839  59.194 0.0000000000
102260  -41.049  -9.186  58.908 0.0000000000
102261  -38.184  -8.443  57.246 0.0000000000
102262  -38.901  -8.200  57.545 0.0000000000
102263  -38.468  -8.128  56.641 0.0000000000
102264  -38.824  -7.929  56.371 0.0000000000
102265  -39.102  -7.748  55.809 0.0000000000
102266  -39.473  -7.642  55.396 0.0000000000
102267  -38.707  -7.760  54.843 0.0000000000
102363  -26.161  -16.137  65.390 0.0000000000
102364  -26.022  -16.426  66.018 0.0000000000
102365  -26.446  -16.330  66.235 0.0000000000
102366  -26.791  -16.563  67.062 0.0000000000
102367  -27.059  -16.858  67.849 0.0000000000
102368  -28.972  -18.455  69.034 0.0000000000
102369  -28.519  -18.235  69.131 0.0000000000
102370  -28.655  -19.140  69.173 0.0000000000
102371  -28.227  -19.862  69.151 0.0000000000
102372  -27.836  -20.356  68.974 0.0000000000
102373  -27.375  -20.846  68.686 0.0000000000
102374  -27.804  -20.930  68.324 0.0000000000
102377  -32.220  -20.204  66.953 0.0000000000
102378  -31.836  -20.073  67.338 0.0000000000
102416  -34.643  -12.250  60.268 0.0000000000
102417  -34.344  -12.259  59.439 0.0000000000
102418  -33.958  -12.470  59.693 0.0000000000
102419  -33.580  -12.571  59.897 0.0000000000
102420  -32.846  -12.618  59.461 0.0000000000
102421  -31.132  -13.011  61.174 0.0000000000
102422  -31.392  -12.915  60.525 0.0000000000
102423  -30.883  -13.046  60.295 0.0000000000
102424  -30.518  -13.053  59.262 0.0000000000
102425  -30.228  -13.039  58.352 0.0000000000
102427  -29.632  -13.175  58.051 0.0000000000
102428  -29.184  -13.169  57.946 0.0000000000
102429  -28.639  -13.177  57.764 0.0000000000
102430  -28.107  -13.284  57.702 0.0000000000
102431  -28.492  -13.328  58.679 0.0000000000
102432  -28.215  -13.512  59.434 0.0000000000
102433  -28.115  -13.744  60.158 0.0000000000
102434  -28.584  -14.708  64.022 0.0000000000
102435  -28.451  -14.507  63.291 0.0000000000
102436  -28.069  -14.839  63.855 0.0000000000
102437  -27.528  -15.006  63.687 0.0000000000
102438  -27.024  -15.142  63.501 0.0000000000
102439  -26.524  -15.298  63.348 0.0000000000
102440  -26.682  -15.406  64.139 0.0000000000
102441  -26.412  -15.781  64.766 0.0000000000
105887  -25.252  -17.726  68.414 0.0000000000
105888  -24.787  -17.748  68.190 0.0000000000
105889  -25.076  -18.169  68.891 0.0000000000
105890  -24.878  -18.561  69.387 0.0000000000
105891  -24.669  -18.989  69.784 0.0000000000
115202  -39.561  -15.832  60.036 0.0000000000
115203  -40.054  -15.092  60.414 0.0000000000
115204  -39.911  -15.420  60.693 0.0000000000
115205  -40.063  -14.810  61.216 0.0000000000
115206  -40.109  -14.125  61.837 0.0000000000
115207  -39.773  -15.235  61.817 0.0000000000
115208  -39.891  -14.440  62.067 0.0000000000
115209  -39.643  -14.187  62.392 0.0000000000
115210  -39.110  -13.549  62.476 0.0000000000
115211  -38.722  -13.273  62.839 0.0000000000
115212  -38.084  -13.110  62.830 0.0000000000
115222  -39.143  -16.603  59.647 0.0000000000
115233  -35.583  -17.610  65.757 0.0000000000
115234  -35.195  -18.413  65.855 0.0000000000
115235  -35.461  -18.564  65.536 0.0000000000
115243  -37.515  -13.075  63.049 0.0000000000
115244  -37.775  -13.848  63.113 0.0000000000
115245  -37.364  -14.238  63.619 0.0000000000
115246  -37.016  -14.864  64.084 0.0000000000
115247  -37.263  -15.163  63.836 0.0000000000
115248  -37.061  -15.465  64.357 0.0000000000
115249  -36.700  -15.679  64.510 0.0000000000
115250  -36.200  -16.139  65.049 0.0000000000
115251  -35.868  -16.883  65.442 0.0000000000
116177  -25.510  -14.829  60.209 0.0000000000
116178  -25.087  -14.761  59.479 0.0000000000
116179  -25.029  -14.946  60.075 0.0000000000
116180  -24.555  -15.088  59.984 0.0000000000
116181  -23.973  -15.238  59.788 0.0000000000
116182  -24.221  -15.720  61.124 0.0000000000
116183  -23.895  -15.576  60.386 0.0000000000
116184  -23.545  -15.337  59.662 0.0000000000
116185  -23.028  -15.457  59.529 0.0000000000
116186  -22.487  -15.593  59.417 0.0000000000
116187  -21.980  -15.644  59.331 0.0000000000
116188  -21.459  -15.617  59.197 0.0000000000
116189  -21.814  -15.992  59.763 0.0000000000
116190  -21.548  -16.323  60.256 0.0000000000
116191  -21.345  -16.609  60.796 0.0000000000
116192  -22.194  -16.760  61.671 0.0000000000
116193  -21.711  -16.836  61.532 0.0000000000
118566  -40.937  -10.878  54.874 0.0000000000
118567  -40.351  -11.323  55.491 0.0000000000
118568  -40.991  -10.897  55.349 0.0000000000
118569  -41.479  -10.479  55.495 0.0000000000
118570  -41.888  -9.982  56.081 0.0000000000
118571  -42.063  -9.556  56.443 0.0000000000
118572  -42.131  -9.042  56.748 0.0000000000
118573  -39.783  -9.742  60.119 0.0000000000
118574  -39.953  -9.408  59.808 0.0000000000
118575  -39.432  -9.273  59.626 0.0000000000
118576  -38.966  -8.937  59.046 0.0000000000
118577  -38.429  -8.684  58.413 0.0000000000
118578  -37.427  -9.206  58.091 0.0000000000
118579  -37.841  -9.021  57.990 0.0000000000
118580  -37.932  -8.582  57.461 0.0000000000
118581  -37.338  -8.594  56.480 0.0000000000
118656  -27.975  -15.593  66.235 0.0000000000
118657  -27.851  -15.989  66.876 0.0000000000
118658  -28.304  -15.978  67.069 0.0000000000
118659  -28.677  -16.452  67.809 0.0000000000
118660  -28.939  -17.026  68.437 0.0000000000
118661  -29.660  -16.647  68.036 0.0000000000
118662  -29.480  -17.278  68.527 0.0000000000
118663  -29.266  -17.742  68.877 0.0000000000
118664  -29.457  -18.662  68.939 0.0000000000
118665  -29.465  -19.541  68.785 0.0000000000
118666  -29.472  -20.409  68.254 0.0000000000
118697  -33.594  -13.070  62.954 0.0000000000
118698  -33.313  -12.882  62.087 0.0000000000
118699  -32.943  -13.114  62.627 0.0000000000
118700  -32.555  -13.082  62.592 0.0000000000
118701  -31.949  -13.071  62.335 0.0000000000
118702  -32.079  -13.543  63.894 0.0000000000
118703  -31.691  -13.254  63.040 0.0000000000
118704  -31.440  -13.140  62.158 0.0000000000
118705  -30.855  -13.105  61.912 0.0000000000
118706  -30.288  -13.195  61.748 0.0000000000
118707  -29.856  -13.353  61.560 0.0000000000
118708  -29.358  -13.442  61.355 0.0000000000
118709  -29.754  -13.567  62.228 0.0000000000
118710  -29.646  -13.873  62.904 0.0000000000
118711  -29.430  -14.265  63.532 0.0000000000
118712  -30.175  -14.447  64.522 0.0000000000
118713  -29.681  -14.543  64.361 0.0000000000
118714  -29.093  -14.603  64.183 0.0000000000
118715  -28.676  -14.943  64.928 0.0000000000
118716  -28.347  -15.236  65.609 0.0000000000
121397  -26.058  -20.132  69.833 0.0000000000
121398  -25.661  -19.927  69.991 0.0000000000
128642  -39.459  -12.974  57.308 0.0000000000
128643  -40.016  -12.504  57.591 0.0000000000
128644  -40.101  -12.838  57.968 0.0000000000
128645  -40.567  -12.473  58.570 0.0000000000
128646  -40.969  -12.198  59.007 0.0000000000
128647  -40.567  -13.115  59.303 0.0000000000
128648  -40.916  -12.549  59.471 0.0000000000
128649  -41.188  -11.868  59.348 0.0000000000
128650  -41.096  -11.357  59.800 0.0000000000
128651  -40.966  -10.992  60.133 0.0000000000
128652  -40.566  -10.704  60.424 0.0000000000
128653  -40.566  -14.431  60.458 0.0000000000
128654  -40.509  -13.615  60.843 0.0000000000
128655  -40.711  -12.992  60.930 0.0000000000
128656  -40.168  -12.806  61.699 0.0000000000
128657  -40.507  -12.373  61.213 0.0000000000
128658  -40.640  -12.346  61.033 0.0000000000
128659  -40.524  -11.627  60.948 0.0000000000
128660  -40.300  -10.746  60.603 0.0000000000
128661  -40.049  -10.284  60.435 0.0000000000
128662  -39.388  -9.849  60.491 0.0000000000
128663  -38.793  -9.951  60.308 0.0000000000
128664  -38.161  -9.848  60.017 0.0000000000
128665  -38.273  -10.529  60.684 0.0000000000
128666  -37.769  -10.344  60.138 0.0000000000
128667  -37.386  -10.067  59.579 0.0000000000
128668  -36.751  -10.238  59.090 0.0000000000
128669  -36.030  -10.518  58.503 0.0000000000
128670  -35.448  -10.925  57.996 0.0000000000
128727  -32.106  -16.152  67.034 0.0000000000
128728  -31.912  -16.800  67.525 0.0000000000
128729  -32.394  -17.051  67.468 0.0000000000
128730  -32.446  -17.867  67.667 0.0000000000
128731  -32.625  -18.839  67.498 0.0000000000
128732  -33.353  -18.413  67.169 0.0000000000
128733  -32.916  -18.991  67.240 0.0000000000
128734  -32.550  -19.660  67.208 0.0000000000
128735  -32.409  -20.384  66.677 0.0000000000
128738  -34.860  -19.038  65.827 0.0000000000
128739  -34.395  -19.669  65.672 0.0000000000
128755  -34.967  -11.253  57.713 0.0000000000
128756  -35.323  -11.216  58.455 0.0000000000
128757  -35.182  -11.467  58.971 0.0000000000
128758  -35.264  -11.748  59.871 0.0000000000
128759  -35.800  -11.660  60.349 0.0000000000
128760  -35.534  -11.798  60.561 0.0000000000
128761  -34.937  -11.997  60.111 0.0000000000
128762  -34.969  -12.355  61.057 0.0000000000
128763  -34.580  -12.501  61.631 0.0000000000
128764  -34.305  -12.710  62.378 0.0000000000
128765  -37.177  -13.195  63.118 0.0000000000
128766  -36.631  -13.127  63.069 0.0000000000
128767  -35.999  -13.117  62.946 0.0000000000
128768  -35.825  -14.011  63.978 0.0000000000
128769  -35.690  -13.484  63.563 0.0000000000
128770  -35.609  -13.141  63.117 0.0000000000
128771  -34.970  -13.085  62.945 0.0000000000
128772  -34.608  -13.038  63.162 0.0000000000
128773  -34.104  -13.139  63.011 0.0000000000
128774  -33.747  -13.408  63.686 0.0000000000
128775  -33.679  -13.810  64.278 0.0000000000
128776  -33.237  -14.118  64.814 0.0000000000
128777  -33.982  -14.868  65.411 0.0000000000
128778  -33.597  -14.855  65.355 0.0000000000
128779  -32.934  -14.552  65.308 0.0000000000
128780  -32.821  -15.110  65.914 0.0000000000
128781  -32.429  -15.526  66.429 0.0000000000
131302  -24.752  -14.695  58.857 0.0000000000
131303  -24.419  -14.585  58.116 0.0000000000
131304  -24.116  -14.392  57.516 0.0000000000
131305  -23.450  -14.691  58.053 0.0000000000
131306  -23.601  -14.455  57.484 0.0000000000
131307  -23.810  -14.170  56.871 0.0000000000
137775  -41.700  -10.544  53.325 0.0000000000
137776  -42.149  -10.058  54.340 0.0000000000
137777  -42.237  -10.067  53.782 0.0000000000
137778  -42.329  -10.130  53.291 0.0000000000
137791  -40.488  -11.994  57.698 0.0000000000
137792  -40.994  -11.396  57.715 0.0000000000
137793  -41.366  -10.749  57.639 0.0000000000
137794  -41.523  -10.584  58.531 0.0000000000
137795  -41.577  -10.333  58.162 0.0000000000
137796  -41.617  -10.254  57.754 0.0000000000
137797  -41.847  -9.642  57.486 0.0000000000
137798  -41.899  -9.057  57.333 0.0000000000
137799  -41.897  -8.561  57.009 0.0000000000
137800  -40.327  -9.259  59.397 0.0000000000
137801  -40.540  -8.968  59.053 0.0000000000
137802  -40.753  -8.570  58.549 0.0000000000
137803  -39.745  -8.144  57.851 0.0000000000
137804  -40.423  -8.103  58.084 0.0000000000
137805  -40.996  -8.419  58.095 0.0000000000
137806  -41.226  -8.346  57.694 0.0000000000
137807  -41.500  -8.191  57.166 0.0000000000
137808  -41.762  -8.106  56.659 0.0000000000
137809  -41.548  -7.808  56.129 0.0000000000
137810  -41.148  -7.505  55.145 0.0000000000
138009  -24.354  -16.776  64.513 0.0000000000
138011  -24.660  -16.836  65.352 0.0000000000
138012  -24.927  -16.962  66.142 0.0000000000
138013  -25.224  -17.155  66.951 0.0000000000
138014  -25.824  -16.744  66.587 0.0000000000
138015  -25.648  -17.073  67.178 0.0000000000
138016  -25.544  -17.400  67.843 0.0000000000
138017  -25.698  -17.701  68.614 0.0000000000
138018  -25.991  -18.230  69.238 0.0000000000
138019  -26.252  -18.828  69.700 0.0000000000
138020  -27.778  -16.416  67.506 0.0000000000
138021  -27.516  -16.852  68.038 0.0000000000
138022  -27.257  -17.336  68.569 0.0000000000
138023  -27.996  -18.002  69.161 0.0000000000
138024  -27.624  -17.919  69.128 0.0000000000
138025  -27.111  -17.870  69.052 0.0000000000
138026  -26.828  -18.417  69.400 0.0000000000
138027  -26.660  -19.010  69.698 0.0000000000
138028  -26.356  -19.563  69.844 0.0000000000
138029  -26.421  -20.344  69.579 0.0000000000
138038  -31.579  -17.371  67.977 0.0000000000
138039  -31.420  -18.064  68.213 0.0000000000
138040  -31.007  -18.760  68.392 0.0000000000
138041  -31.457  -19.838  67.735 0.0000000000
138042  -31.115  -19.673  68.030 0.0000000000
138043  -30.680  -19.451  68.331 0.0000000000
138044  -30.288  -20.009  68.215 0.0000000000
138045  -29.882  -20.603  67.904 0.0000000000
138119  -34.467  -11.516  57.501 0.0000000000
138120  -34.067  -11.764  57.344 0.0000000000
138121  -33.474  -12.077  56.979 0.0000000000
138122  -33.846  -12.238  58.518 0.0000000000
138123  -33.388  -12.228  57.634 0.0000000000
138128  -33.013  -12.741  61.113 0.0000000000
138129  -32.831  -12.789  60.262 0.0000000000
138130  -32.432  -12.839  59.318 0.0000000000
138131  -31.625  -12.924  59.652 0.0000000000
138132  -31.936  -12.914  59.098 0.0000000000
138133  -31.993  -12.858  58.224 0.0000000000
138134  -31.692  -12.886  57.599 0.0000000000
138148  -26.764  -13.561  56.841 0.0000000000
138149  -27.688  -13.435  57.740 0.0000000000
138150  -27.137  -13.623  57.643 0.0000000000
138151  -26.682  -13.831  57.661 0.0000000000
138152  -26.490  -14.046  58.361 0.0000000000
138153  -26.365  -14.308  59.071 0.0000000000
138154  -26.136  -14.471  59.750 0.0000000000
138155  -28.929  -13.627  61.158 0.0000000000
138156  -28.408  -13.794  60.967 0.0000000000
138157  -27.977  -14.007  60.812 0.0000000000
138158  -28.140  -14.401  62.352 0.0000000000
138159  -27.831  -14.239  61.499 0.0000000000
138160  -27.404  -14.201  60.687 0.0000000000
138161  -26.958  -14.387  60.601 0.0000000000
138162  -26.505  -14.538  60.479 0.0000000000
138163  -26.041  -14.683  60.361 0.0000000000
138164  -25.893  -14.885  60.961 0.0000000000
138165  -25.650  -15.158  61.579 0.0000000000
138166  -25.431  -15.491  62.273 0.0000000000
138167  -26.086  -15.445  63.227 0.0000000000
138168  -25.589  -15.627  63.012 0.0000000000
138169  -25.101  -15.813  62.817 0.0000000000
138170  -24.830  -16.116  63.394 0.0000000000
138171  -24.627  -16.459  63.922 0.0000000000
145181  -24.287  -17.842  67.965 0.0000000000
145187  -25.277  -19.713  70.084 0.0000000000
145188  -24.864  -19.560  70.106 0.0000000000
145189  -24.390  -19.406  70.055 0.0000000000
