#!ascii label  , from subject fsaverage vox2ras=TkReg
237
514  -37.759  27.981  -15.051 0.0000000000
1127  -41.791  30.232  -13.993 0.0000000000
1129  -29.240  34.812  -7.814 0.0000000000
2185  -35.796  32.369  -10.324 0.0000000000
2186  -31.083  31.212  -12.694 0.0000000000
4818  -40.212  26.661  -14.998 0.0000000000
4822  -35.749  27.686  -16.593 0.0000000000
4827  -30.088  32.764  -9.860 0.0000000000
4828  -27.845  31.684  -10.980 0.0000000000
6637  -39.839  28.641  -13.781 0.0000000000
9117  -36.778  29.835  -12.680 0.0000000000
9119  -33.457  31.501  -11.261 0.0000000000
9120  -34.398  29.822  -14.548 0.0000000000
9121  -32.404  29.903  -15.975 0.0000000000
12498  -39.052  27.251  -15.103 0.0000000000
12499  -39.279  26.194  -15.619 0.0000000000
12500  -38.113  26.970  -15.806 0.0000000000
12501  -37.141  26.806  -16.516 0.0000000000
12502  -36.649  27.917  -15.876 0.0000000000
14898  -42.958  29.865  -14.411 0.0000000000
14901  -41.201  28.200  -14.294 0.0000000000
14902  -40.906  29.365  -13.793 0.0000000000
20231  -36.897  33.132  -10.242 0.0000000000
20233  -37.478  31.612  -11.091 0.0000000000
20234  -37.955  30.330  -12.112 0.0000000000
20235  -36.296  30.998  -11.412 0.0000000000
20238  -30.893  34.268  -8.155 0.0000000000
20239  -30.600  31.928  -11.282 0.0000000000
20240  -31.749  32.171  -10.550 0.0000000000
20241  -32.268  31.326  -12.080 0.0000000000
20242  -33.897  30.565  -12.928 0.0000000000
20243  -32.728  30.667  -13.692 0.0000000000
20244  -33.363  30.015  -15.330 0.0000000000
20245  -31.675  30.689  -14.374 0.0000000000
23917  -42.553  31.154  -14.303 0.0000000000
27117  -35.381  33.707  -9.460 0.0000000000
27118  -27.994  34.289  -8.393 0.0000000000
27119  -29.656  33.727  -8.695 0.0000000000
27120  -28.511  33.216  -9.333 0.0000000000
27121  -28.980  32.329  -10.528 0.0000000000
27122  -29.455  31.543  -11.795 0.0000000000
27123  -30.023  30.899  -13.272 0.0000000000
27124  -28.404  30.977  -12.158 0.0000000000
30846  -40.104  27.674  -14.552 0.0000000000
30847  -38.751  28.205  -14.295 0.0000000000
37591  -39.470  29.841  -12.886 0.0000000000
37592  -38.377  29.192  -13.281 0.0000000000
37593  -37.269  28.912  -14.053 0.0000000000
37596  -34.199  33.058  -9.507 0.0000000000
37597  -31.309  33.130  -9.219 0.0000000000
37598  -32.916  32.539  -9.871 0.0000000000
37599  -34.615  31.784  -10.663 0.0000000000
37600  -35.071  30.633  -12.017 0.0000000000
37601  -35.631  29.658  -13.524 0.0000000000
37602  -36.109  28.902  -14.887 0.0000000000
37603  -35.001  29.024  -15.768 0.0000000000
37604  -34.159  28.820  -16.446 0.0000000000
37606  -30.643  30.314  -14.893 0.0000000000
43218  -38.456  27.572  -15.076 0.0000000000
43219  -38.625  27.032  -15.455 0.0000000000
43220  -37.919  27.527  -15.458 0.0000000000
43221  -37.393  27.436  -15.856 0.0000000000
43222  -37.134  27.985  -15.491 0.0000000000
45618  -42.409  30.030  -14.272 0.0000000000
45619  -42.531  29.421  -14.328 0.0000000000
45620  -41.995  29.593  -14.175 0.0000000000
45621  -41.524  29.168  -14.087 0.0000000000
45622  -41.422  29.792  -13.876 0.0000000000
50951  -36.351  32.728  -10.252 0.0000000000
50952  -37.149  32.392  -10.651 0.0000000000
50953  -36.598  31.992  -10.701 0.0000000000
50954  -36.877  31.305  -11.201 0.0000000000
50955  -36.059  31.658  -10.855 0.0000000000
50958  -30.065  34.521  -7.953 0.0000000000
50959  -30.794  31.547  -11.946 0.0000000000
50960  -31.426  31.631  -11.699 0.0000000000
50961  -31.681  31.280  -12.420 0.0000000000
50962  -32.501  30.980  -12.862 0.0000000000
50963  -31.905  30.982  -13.193 0.0000000000
50964  -32.213  30.683  -14.046 0.0000000000
50965  -31.399  30.946  -13.507 0.0000000000
60536  -38.776  26.137  -15.944 0.0000000000
60543  -36.476  27.199  -16.602 0.0000000000
60545  -36.051  27.106  -16.970 0.0000000000
60547  -35.401  27.508  -16.934 0.0000000000
60554  -35.902  34.194  -9.506 0.0000000000
60557  -28.259  33.739  -8.811 0.0000000000
60559  -27.559  32.107  -10.403 0.0000000000
60560  -28.138  32.423  -10.212 0.0000000000
60561  -28.386  31.998  -10.769 0.0000000000
60562  -29.192  31.905  -11.147 0.0000000000
60563  -28.641  31.602  -11.389 0.0000000000
60564  -28.933  31.258  -12.025 0.0000000000
60565  -28.111  31.313  -11.560 0.0000000000
67743  -40.580  28.403  -14.101 0.0000000000
67744  -40.658  27.913  -14.402 0.0000000000
67745  -40.016  28.136  -14.201 0.0000000000
67746  -39.439  27.922  -14.406 0.0000000000
67747  -39.344  28.380  -13.990 0.0000000000
83729  -41.499  32.146  -13.736 0.0000000000
83739  -40.024  30.226  -12.952 0.0000000000
83740  -39.280  30.448  -12.438 0.0000000000
83741  -37.371  30.034  -12.333 0.0000000000
83742  -38.211  29.698  -12.721 0.0000000000
83743  -37.591  29.485  -13.022 0.0000000000
83744  -37.792  29.004  -13.636 0.0000000000
83745  -37.025  29.353  -13.373 0.0000000000
83752  -34.007  33.677  -9.040 0.0000000000
83753  -33.376  33.360  -9.130 0.0000000000
83754  -29.898  33.213  -9.281 0.0000000000
83755  -30.501  33.439  -8.941 0.0000000000
83756  -30.712  32.950  -9.557 0.0000000000
83757  -32.559  31.854  -10.916 0.0000000000
83758  -32.342  32.324  -10.204 0.0000000000
83759  -33.206  31.992  -10.558 0.0000000000
83760  -33.800  32.171  -10.253 0.0000000000
83761  -34.037  31.611  -10.937 0.0000000000
83762  -34.825  31.183  -11.347 0.0000000000
83763  -34.247  31.060  -11.676 0.0000000000
83764  -34.102  30.215  -13.757 0.0000000000
83765  -34.764  30.095  -13.259 0.0000000000
83766  -34.991  29.729  -14.021 0.0000000000
83767  -35.842  29.308  -14.188 0.0000000000
83768  -35.264  29.349  -14.758 0.0000000000
83769  -35.569  28.924  -15.394 0.0000000000
83770  -34.698  29.455  -15.254 0.0000000000
83771  -32.853  30.022  -15.644 0.0000000000
83772  -33.719  29.515  -15.950 0.0000000000
83773  -33.277  29.418  -16.272 0.0000000000
83774  -33.754  28.656  -16.744 0.0000000000
83775  -32.877  29.189  -16.529 0.0000000000
83776  -29.466  30.647  -13.450 0.0000000000
83777  -30.304  30.622  -14.065 0.0000000000
83778  -29.793  30.342  -14.242 0.0000000000
83780  -30.696  29.526  -15.997 0.0000000000
96224  -39.672  26.947  -15.122 0.0000000000
96226  -39.204  26.700  -15.404 0.0000000000
96227  -38.759  26.529  -15.735 0.0000000000
96228  -38.294  26.484  -16.067 0.0000000000
96230  -37.611  26.882  -16.182 0.0000000000
96231  -36.913  27.342  -16.222 0.0000000000
96232  -36.176  27.813  -16.232 0.0000000000
100551  -41.051  28.759  -14.077 0.0000000000
100552  -40.381  28.984  -13.745 0.0000000000
110145  -37.671  32.809  -10.706 0.0000000000
110146  -37.959  32.069  -11.083 0.0000000000
110147  -38.263  31.349  -11.507 0.0000000000
110148  -38.510  30.696  -11.980 0.0000000000
110149  -37.709  30.978  -11.572 0.0000000000
110150  -37.115  30.674  -11.712 0.0000000000
110151  -36.520  30.399  -11.979 0.0000000000
110157  -30.342  32.336  -10.519 0.0000000000
110158  -30.926  32.482  -10.188 0.0000000000
110159  -31.176  32.044  -10.920 0.0000000000
110160  -31.944  31.754  -11.288 0.0000000000
110161  -32.750  31.410  -11.659 0.0000000000
110162  -33.650  30.988  -12.067 0.0000000000
110163  -33.043  31.013  -12.462 0.0000000000
110164  -33.291  30.630  -13.327 0.0000000000
110165  -33.548  30.286  -14.201 0.0000000000
110166  -33.862  29.948  -14.972 0.0000000000
110167  -33.037  30.351  -14.546 0.0000000000
110168  -32.521  30.402  -14.898 0.0000000000
110169  -31.995  30.386  -15.221 0.0000000000
117246  -42.792  30.495  -14.330 0.0000000000
117247  -42.192  30.672  -14.151 0.0000000000
124712  -36.147  33.434  -9.859 0.0000000000
124713  -35.585  33.057  -9.883 0.0000000000
124714  -28.559  34.551  -8.090 0.0000000000
124715  -29.412  34.260  -8.222 0.0000000000
124716  -28.815  33.999  -8.520 0.0000000000
124717  -29.090  33.467  -9.029 0.0000000000
124718  -29.335  32.968  -9.613 0.0000000000
124719  -27.895  32.900  -9.645 0.0000000000
124720  -28.743  32.737  -9.935 0.0000000000
124721  -29.558  32.559  -10.211 0.0000000000
124722  -29.839  32.172  -10.860 0.0000000000
124723  -29.997  31.771  -11.531 0.0000000000
124724  -30.262  31.394  -12.226 0.0000000000
124725  -30.597  31.070  -13.003 0.0000000000
124726  -29.773  31.191  -12.493 0.0000000000
124727  -29.210  30.946  -12.711 0.0000000000
124728  -28.678  30.643  -12.867 0.0000000000
124729  -27.619  31.012  -11.677 0.0000000000
134191  -40.741  26.934  -14.769 0.0000000000
134192  -41.254  27.701  -14.525 0.0000000000
134193  -40.694  27.431  -14.628 0.0000000000
134194  -40.152  27.206  -14.781 0.0000000000
134195  -39.533  27.467  -14.764 0.0000000000
134196  -38.904  27.737  -14.712 0.0000000000
134197  -38.275  28.043  -14.661 0.0000000000
153721  -42.205  31.911  -14.186 0.0000000000
153722  -41.904  31.382  -13.973 0.0000000000
153732  -41.138  30.461  -13.582 0.0000000000
153733  -40.749  30.008  -13.447 0.0000000000
153734  -40.206  29.621  -13.362 0.0000000000
153735  -39.648  29.232  -13.362 0.0000000000
153736  -38.723  30.071  -12.480 0.0000000000
153737  -38.937  29.473  -13.029 0.0000000000
153738  -39.127  28.913  -13.527 0.0000000000
153739  -38.582  28.690  -13.800 0.0000000000
153740  -38.023  28.539  -14.186 0.0000000000
153741  -37.512  28.471  -14.588 0.0000000000
153748  -34.594  34.008  -9.032 0.0000000000
153749  -34.773  33.379  -9.451 0.0000000000
153750  -34.988  32.729  -9.919 0.0000000000
153751  -30.267  33.975  -8.410 0.0000000000
153752  -31.110  33.685  -8.649 0.0000000000
153753  -31.942  33.390  -8.939 0.0000000000
153754  -31.535  32.627  -9.836 0.0000000000
153755  -32.109  32.828  -9.539 0.0000000000
153756  -32.731  33.090  -9.291 0.0000000000
153757  -33.585  32.763  -9.651 0.0000000000
153758  -34.430  32.424  -10.020 0.0000000000
153759  -35.214  32.062  -10.426 0.0000000000
153760  -35.443  31.384  -11.052 0.0000000000
153761  -35.681  30.761  -11.671 0.0000000000
153762  -35.933  30.217  -12.350 0.0000000000
153763  -34.529  30.523  -12.478 0.0000000000
153764  -35.359  30.092  -12.792 0.0000000000
153765  -36.224  29.714  -13.083 0.0000000000
153766  -36.510  29.280  -13.776 0.0000000000
153767  -36.693  28.895  -14.413 0.0000000000
153768  -36.924  28.462  -15.025 0.0000000000
153769  -36.362  28.442  -15.475 0.0000000000
153770  -35.842  28.428  -15.835 0.0000000000
153771  -35.380  28.346  -16.201 0.0000000000
153772  -34.184  29.556  -15.613 0.0000000000
153773  -34.576  28.945  -16.142 0.0000000000
153774  -34.981  28.234  -16.546 0.0000000000
153775  -34.610  28.072  -16.870 0.0000000000
153778  -30.837  30.835  -13.826 0.0000000000
153779  -31.125  30.598  -14.677 0.0000000000
153780  -31.505  30.194  -15.490 0.0000000000
153781  -30.224  30.014  -15.136 0.0000000000
153782  -31.097  29.923  -15.786 0.0000000000
153783  -31.990  29.631  -16.220 0.0000000000
