#!ascii label  , from subject fsaverage vox2ras=TkReg
369
197  -6.270  16.596  -9.112 0.0000000000
1146  -6.506  27.352  -8.893 0.0000000000
1507  -6.876  21.212  -14.156 0.0000000000
2205  -6.939  27.794  -16.986 0.0000000000
2206  -6.606  24.177  -11.649 0.0000000000
3472  -6.778  18.958  -11.548 0.0000000000
3473  -6.710  15.923  -11.589 0.0000000000
4876  -8.108  25.823  -13.940 0.0000000000
4877  -7.561  27.106  -12.257 0.0000000000
4878  -5.877  25.548  -6.179 0.0000000000
4879  -6.189  24.044  -7.772 0.0000000000
6670  -6.434  28.745  -11.009 0.0000000000
6672  -5.965  28.943  -7.375 0.0000000000
7357  -6.198  22.596  -16.999 0.0000000000
7358  -5.972  19.912  -16.727 0.0000000000
7359  -6.738  18.381  -13.976 0.0000000000
9177  -5.619  25.739  -18.848 0.0000000000
9178  -7.212  24.495  -15.707 0.0000000000
9179  -6.997  22.910  -12.956 0.0000000000
9180  -6.525  20.761  -10.392 0.0000000000
9181  -6.625  25.659  -10.267 0.0000000000
9182  -6.385  22.359  -9.147 0.0000000000
11152  -6.658  17.842  -10.266 0.0000000000
11153  -6.604  16.232  -10.314 0.0000000000
12557  -8.283  28.562  -12.460 0.0000000000
12559  -5.532  23.968  -5.552 0.0000000000
14827  -6.016  29.014  -5.297 0.0000000000
14828  -5.210  27.636  -3.707 0.0000000000
14961  -6.020  28.165  -6.067 0.0000000000
16177  -6.646  21.940  -15.467 0.0000000000
16178  -6.516  20.689  -15.438 0.0000000000
16179  -6.838  19.822  -14.065 0.0000000000
16181  -6.526  14.100  -11.281 0.0000000000
18675  -6.352  17.866  -15.259 0.0000000000
20385  -6.130  26.899  -18.029 0.0000000000
20386  -6.444  25.363  -17.383 0.0000000000
20387  -7.168  26.186  -16.458 0.0000000000
20388  -7.352  25.083  -12.750 0.0000000000
20389  -7.543  24.422  -13.482 0.0000000000
20390  -6.900  23.541  -12.254 0.0000000000
20391  -6.670  21.763  -11.630 0.0000000000
20392  -6.613  22.582  -11.060 0.0000000000
20393  -6.473  28.075  -10.004 0.0000000000
20394  -6.538  27.235  -10.738 0.0000000000
20395  -6.577  26.513  -9.569 0.0000000000
20396  -5.910  22.326  -7.153 0.0000000000
20397  -6.318  23.219  -8.486 0.0000000000
20398  -6.069  21.454  -7.892 0.0000000000
20399  -6.191  20.561  -8.562 0.0000000000
20400  -5.780  19.654  -7.390 0.0000000000
24682  -6.903  20.071  -12.841 0.0000000000
24683  -6.895  18.694  -12.814 0.0000000000
24684  -6.789  17.466  -11.593 0.0000000000
27207  -7.816  28.511  -16.014 0.0000000000
27208  -7.902  26.894  -15.460 0.0000000000
27209  -8.448  27.404  -14.396 0.0000000000
27210  -8.024  26.476  -13.040 0.0000000000
27211  -6.956  25.714  -12.043 0.0000000000
27212  -6.226  26.473  -7.623 0.0000000000
27213  -6.361  25.674  -8.317 0.0000000000
27214  -6.016  24.844  -7.021 0.0000000000
27215  -5.705  23.230  -6.434 0.0000000000
30925  -6.379  28.906  -9.277 0.0000000000
30928  -6.234  28.092  -8.131 0.0000000000
30929  -6.058  27.244  -6.868 0.0000000000
32587  -5.518  22.932  -18.429 0.0000000000
32588  -5.514  21.556  -18.233 0.0000000000
32589  -5.962  21.279  -16.911 0.0000000000
32590  -6.375  19.268  -15.302 0.0000000000
32591  -6.600  16.835  -13.841 0.0000000000
32592  -6.787  17.292  -12.788 0.0000000000
32593  -6.664  15.718  -12.650 0.0000000000
37746  -4.866  24.472  -20.828 0.0000000000
37772  -4.994  25.864  -20.441 0.0000000000
37773  -5.228  24.436  -19.415 0.0000000000
37774  -5.901  24.170  -17.982 0.0000000000
37775  -6.699  23.596  -16.470 0.0000000000
37776  -7.044  22.916  -14.986 0.0000000000
37777  -7.740  25.225  -14.887 0.0000000000
37778  -7.364  23.690  -14.246 0.0000000000
37779  -6.959  22.067  -13.582 0.0000000000
37780  -6.771  20.938  -12.270 0.0000000000
37781  -6.647  19.890  -11.077 0.0000000000
37782  -6.465  18.744  -9.728 0.0000000000
37783  -6.899  27.860  -11.666 0.0000000000
37784  -6.633  26.380  -11.351 0.0000000000
37785  -6.540  24.928  -10.981 0.0000000000
37786  -6.529  24.936  -9.047 0.0000000000
37787  -6.559  24.095  -9.733 0.0000000000
37788  -6.562  23.288  -10.442 0.0000000000
37789  -6.467  21.590  -9.759 0.0000000000
37790  -6.344  19.715  -9.136 0.0000000000
41872  -6.493  17.238  -9.675 0.0000000000
41873  -6.437  16.423  -9.696 0.0000000000
46897  -6.795  21.609  -14.782 0.0000000000
46898  -6.719  20.910  -14.709 0.0000000000
46899  -6.867  20.521  -14.088 0.0000000000
49395  -6.478  16.572  -14.432 0.0000000000
49396  -6.368  17.051  -15.178 0.0000000000
51101  -6.845  28.593  -17.296 0.0000000000
51105  -6.493  27.334  -17.522 0.0000000000
51106  -6.650  26.555  -17.233 0.0000000000
51107  -7.016  26.978  -16.760 0.0000000000
51108  -6.909  24.644  -12.210 0.0000000000
51109  -7.060  24.303  -12.498 0.0000000000
51110  -6.777  23.853  -11.958 0.0000000000
51111  -6.713  23.053  -11.667 0.0000000000
51112  -6.642  23.422  -11.380 0.0000000000
51113  -6.513  27.721  -9.446 0.0000000000
51114  -6.556  27.301  -9.823 0.0000000000
51115  -6.533  26.928  -9.214 0.0000000000
51116  -5.718  21.383  -6.858 0.0000000000
51117  -5.999  21.888  -7.520 0.0000000000
51119  -5.925  20.556  -7.643 0.0000000000
56497  -6.856  19.516  -12.194 0.0000000000
56498  -6.871  18.828  -12.212 0.0000000000
56499  -6.813  18.259  -11.588 0.0000000000
60703  -8.205  29.601  -15.747 0.0000000000
60704  -7.735  29.325  -16.266 0.0000000000
60705  -8.253  28.768  -15.482 0.0000000000
60706  -8.232  27.963  -15.201 0.0000000000
60708  -8.169  27.480  -12.731 0.0000000000
60709  -8.324  27.183  -13.199 0.0000000000
60710  -7.831  26.765  -12.614 0.0000000000
60711  -7.475  26.092  -12.535 0.0000000000
60712  -7.225  26.413  -12.168 0.0000000000
60713  -6.051  26.011  -6.930 0.0000000000
60714  -6.116  25.654  -7.343 0.0000000000
60715  -5.899  25.213  -6.601 0.0000000000
67911  -6.439  29.277  -9.814 0.0000000000
67912  -6.412  29.688  -9.445 0.0000000000
67918  -6.017  29.318  -7.999 0.0000000000
67919  -6.191  28.896  -8.372 0.0000000000
67920  -6.094  28.499  -7.751 0.0000000000
67921  -6.139  27.666  -7.494 0.0000000000
67922  -6.044  28.102  -7.130 0.0000000000
67923  -5.917  27.726  -5.317 0.0000000000
67924  -5.984  27.311  -5.724 0.0000000000
71572  -5.832  22.839  -17.737 0.0000000000
71573  -5.751  22.150  -17.694 0.0000000000
71574  -6.058  21.953  -16.971 0.0000000000
71575  -6.673  19.578  -14.686 0.0000000000
71576  -6.439  19.973  -15.367 0.0000000000
71577  -6.611  18.831  -14.621 0.0000000000
71578  -6.545  18.065  -14.508 0.0000000000
71579  -6.660  17.638  -13.906 0.0000000000
71580  -6.807  17.330  -12.186 0.0000000000
71581  -6.878  17.995  -12.762 0.0000000000
71582  -6.746  16.580  -12.206 0.0000000000
71583  -6.391  13.048  -11.222 0.0000000000
71584  -6.708  14.935  -12.077 0.0000000000
79065  -5.708  20.783  -17.469 0.0000000000
79066  -5.543  20.847  -18.077 0.0000000000
84126  -4.806  24.549  -21.388 0.0000000000
84127  -4.766  25.195  -21.361 0.0000000000
84191  -5.524  26.520  -19.298 0.0000000000
84193  -5.293  25.842  -19.648 0.0000000000
84194  -5.127  25.158  -19.924 0.0000000000
84195  -5.399  25.121  -19.139 0.0000000000
84196  -5.523  24.337  -18.703 0.0000000000
84197  -5.700  24.962  -18.435 0.0000000000
84198  -6.924  24.906  -16.542 0.0000000000
84199  -6.604  24.445  -16.915 0.0000000000
84200  -6.970  24.062  -16.113 0.0000000000
84201  -6.946  23.251  -15.700 0.0000000000
84202  -7.171  23.685  -15.282 0.0000000000
84203  -8.134  26.368  -14.663 0.0000000000
84204  -7.914  26.043  -15.154 0.0000000000
84205  -7.937  25.556  -14.411 0.0000000000
84206  -7.223  23.681  -13.228 0.0000000000
84207  -7.442  24.065  -13.873 0.0000000000
84208  -7.169  23.311  -13.595 0.0000000000
84209  -7.125  22.918  -13.963 0.0000000000
84210  -6.991  22.445  -13.265 0.0000000000
84211  -6.855  21.505  -12.892 0.0000000000
84212  -6.833  21.933  -12.572 0.0000000000
84213  -6.609  21.285  -10.998 0.0000000000
84214  -6.661  20.856  -11.351 0.0000000000
84215  -6.599  20.358  -10.710 0.0000000000
84216  -6.588  19.350  -10.364 0.0000000000
84217  -6.502  19.816  -10.086 0.0000000000
84219  -7.120  28.621  -11.785 0.0000000000
84220  -6.640  28.316  -11.353 0.0000000000
84221  -6.595  26.449  -10.515 0.0000000000
84222  -6.592  26.801  -11.031 0.0000000000
84223  -6.613  26.011  -10.812 0.0000000000
84224  -6.583  25.647  -11.173 0.0000000000
84225  -6.589  25.290  -10.629 0.0000000000
84226  -6.298  24.868  -8.042 0.0000000000
84227  -6.445  25.287  -8.680 0.0000000000
84228  -6.370  24.466  -8.410 0.0000000000
84229  -6.351  22.812  -8.816 0.0000000000
84230  -6.426  23.642  -9.062 0.0000000000
84231  -6.465  23.214  -9.450 0.0000000000
84232  -6.575  23.691  -10.110 0.0000000000
84233  -6.504  22.813  -9.782 0.0000000000
84234  -6.547  22.442  -10.101 0.0000000000
84235  -6.430  21.949  -9.444 0.0000000000
84236  -6.099  19.649  -8.245 0.0000000000
84237  -6.276  20.158  -8.851 0.0000000000
84238  -6.207  19.266  -8.552 0.0000000000
93802  -6.706  18.393  -10.893 0.0000000000
93803  -6.716  17.664  -10.957 0.0000000000
93804  -6.646  16.970  -10.255 0.0000000000
96330  -8.516  28.226  -12.871 0.0000000000
96331  -7.927  27.824  -12.301 0.0000000000
96332  -5.634  25.142  -5.420 0.0000000000
96333  -5.708  24.779  -5.842 0.0000000000
100417  -5.895  28.158  -4.934 0.0000000000
100418  -5.442  27.464  -4.130 0.0000000000
100419  -5.823  28.297  -4.477 0.0000000000
100420  -5.596  28.468  -4.043 0.0000000000
100656  -5.901  29.413  -7.029 0.0000000000
100657  -6.002  28.569  -6.763 0.0000000000
100658  -5.995  29.020  -6.375 0.0000000000
100659  -6.046  28.588  -5.701 0.0000000000
102847  -6.447  22.276  -16.234 0.0000000000
102848  -6.337  21.662  -16.210 0.0000000000
102849  -6.549  21.293  -15.430 0.0000000000
102850  -6.709  20.266  -14.713 0.0000000000
102851  -6.795  19.109  -14.032 0.0000000000
102853  -6.650  15.133  -11.509 0.0000000000
102854  -6.393  13.399  -10.719 0.0000000000
102855  -6.254  12.344  -10.636 0.0000000000
107343  -6.164  18.960  -16.043 0.0000000000
107345  -6.197  18.202  -15.968 0.0000000000
110421  -5.826  26.371  -18.484 0.0000000000
110422  -5.975  25.582  -18.106 0.0000000000
110423  -6.297  26.115  -17.708 0.0000000000
110424  -6.799  25.761  -16.920 0.0000000000
110425  -7.235  25.358  -16.130 0.0000000000
110426  -7.821  25.475  -13.324 0.0000000000
110427  -7.792  25.137  -13.743 0.0000000000
110428  -7.482  24.748  -13.126 0.0000000000
110429  -7.180  24.006  -12.856 0.0000000000
110430  -6.952  23.253  -12.603 0.0000000000
110431  -6.807  22.345  -12.297 0.0000000000
110432  -6.784  22.700  -11.968 0.0000000000
110433  -6.638  22.146  -11.319 0.0000000000
110434  -6.536  21.639  -10.690 0.0000000000
110435  -6.427  28.405  -10.530 0.0000000000
110436  -6.460  27.984  -10.876 0.0000000000
110437  -6.500  27.615  -10.395 0.0000000000
110438  -6.571  26.877  -10.174 0.0000000000
110439  -6.611  26.092  -9.919 0.0000000000
110440  -6.085  23.201  -7.471 0.0000000000
110441  -6.260  23.610  -8.132 0.0000000000
110442  -6.138  22.776  -7.822 0.0000000000
110443  -6.205  22.378  -8.188 0.0000000000
110444  -6.256  21.968  -8.532 0.0000000000
110445  -6.274  21.469  -8.856 0.0000000000
110446  -6.110  21.022  -8.257 0.0000000000
110447  -6.008  20.109  -7.943 0.0000000000
110448  -5.886  19.190  -7.652 0.0000000000
119032  -6.906  20.689  -13.513 0.0000000000
119033  -6.933  20.027  -13.478 0.0000000000
119034  -6.907  19.394  -12.849 0.0000000000
119035  -6.842  18.086  -12.205 0.0000000000
119036  -6.755  16.690  -11.608 0.0000000000
119037  -6.723  16.785  -10.988 0.0000000000
119038  -6.698  16.024  -10.967 0.0000000000
124922  -7.234  29.017  -16.838 0.0000000000
124923  -7.366  28.178  -16.521 0.0000000000
124924  -7.475  27.365  -16.253 0.0000000000
124925  -7.878  27.709  -15.746 0.0000000000
124926  -8.247  27.149  -14.921 0.0000000000
124927  -8.310  26.592  -14.173 0.0000000000
124929  -8.413  26.871  -13.656 0.0000000000
124930  -8.136  26.165  -13.499 0.0000000000
124931  -7.721  25.795  -12.899 0.0000000000
124932  -7.120  25.419  -12.416 0.0000000000
124933  -6.730  24.969  -11.864 0.0000000000
124934  -6.389  26.924  -8.277 0.0000000000
124935  -6.455  26.519  -8.608 0.0000000000
124936  -6.321  26.091  -7.995 0.0000000000
124937  -6.201  25.257  -7.689 0.0000000000
124938  -6.104  24.453  -7.409 0.0000000000
124939  -5.780  24.425  -6.288 0.0000000000
124940  -5.869  24.041  -6.715 0.0000000000
124941  -5.962  23.631  -7.114 0.0000000000
124942  -5.819  22.772  -6.787 0.0000000000
124943  -5.631  21.857  -6.484 0.0000000000
134404  -6.384  29.175  -10.664 0.0000000000
134405  -6.429  28.860  -10.184 0.0000000000
134406  -6.447  28.493  -9.633 0.0000000000
134407  -6.423  28.127  -9.091 0.0000000000
134414  -6.308  29.306  -8.930 0.0000000000
134415  -6.321  28.527  -8.743 0.0000000000
134416  -6.361  27.726  -8.519 0.0000000000
134417  -6.261  27.274  -7.886 0.0000000000
134418  -6.140  26.827  -7.210 0.0000000000
134419  -6.002  26.383  -6.505 0.0000000000
134420  -6.017  27.708  -6.452 0.0000000000
134421  -5.972  26.825  -6.101 0.0000000000
134422  -5.843  25.963  -5.760 0.0000000000
138997  -5.284  22.957  -19.090 0.0000000000
138998  -5.318  22.307  -18.963 0.0000000000
138999  -5.506  22.243  -18.361 0.0000000000
139000  -5.713  21.451  -17.615 0.0000000000
139001  -5.973  20.594  -16.791 0.0000000000
139002  -6.244  21.033  -16.190 0.0000000000
139003  -6.200  20.317  -16.077 0.0000000000
139004  -6.180  19.639  -16.039 0.0000000000
139005  -6.371  18.569  -15.290 0.0000000000
139006  -6.491  17.332  -14.481 0.0000000000
139007  -6.561  16.000  -13.781 0.0000000000
139008  -6.932  19.335  -13.432 0.0000000000
139009  -6.896  18.615  -13.382 0.0000000000
139010  -6.787  17.911  -13.359 0.0000000000
139011  -6.696  15.782  -12.190 0.0000000000
139012  -6.719  16.535  -12.741 0.0000000000
139013  -6.705  17.142  -13.299 0.0000000000
139014  -6.648  16.332  -13.243 0.0000000000
139015  -6.617  15.425  -13.187 0.0000000000
154200  -5.008  23.745  -20.265 0.0000000000
154279  -4.914  25.162  -20.690 0.0000000000
154280  -5.019  24.467  -20.175 0.0000000000
154281  -5.146  23.722  -19.621 0.0000000000
154282  -5.344  23.688  -18.926 0.0000000000
154283  -5.687  23.586  -18.252 0.0000000000
154284  -6.109  23.381  -17.501 0.0000000000
154285  -6.161  24.750  -17.676 0.0000000000
154286  -6.359  23.929  -17.209 0.0000000000
154287  -6.425  23.096  -16.746 0.0000000000
154288  -6.660  22.773  -15.990 0.0000000000
154289  -6.862  22.469  -15.238 0.0000000000
154290  -6.926  22.128  -14.588 0.0000000000
154291  -7.537  26.558  -15.983 0.0000000000
154292  -7.550  25.702  -15.662 0.0000000000
154293  -7.532  24.858  -15.335 0.0000000000
154294  -7.704  24.820  -14.161 0.0000000000
154295  -7.582  24.436  -14.557 0.0000000000
154296  -7.359  24.083  -14.946 0.0000000000
154297  -7.186  23.331  -14.620 0.0000000000
154298  -7.028  22.544  -14.296 0.0000000000
154299  -6.920  21.646  -13.895 0.0000000000
154300  -6.876  21.095  -13.210 0.0000000000
154301  -6.814  20.515  -12.568 0.0000000000
154302  -6.753  19.948  -11.940 0.0000000000
154303  -6.713  21.346  -11.981 0.0000000000
154304  -6.707  20.412  -11.691 0.0000000000
154305  -6.712  19.430  -11.280 0.0000000000
154306  -6.661  18.901  -10.647 0.0000000000
154307  -6.560  18.311  -10.007 0.0000000000
154308  -6.403  17.672  -9.393 0.0000000000
154310  -7.555  28.199  -12.049 0.0000000000
154311  -7.189  27.470  -11.962 0.0000000000
154312  -6.507  27.586  -11.233 0.0000000000
154313  -6.779  27.135  -11.515 0.0000000000
154314  -6.985  26.754  -11.833 0.0000000000
154315  -6.777  26.021  -11.680 0.0000000000
154316  -6.579  25.317  -11.519 0.0000000000
154317  -6.555  24.556  -11.313 0.0000000000
154318  -6.511  26.119  -8.948 0.0000000000
154319  -6.549  25.692  -9.309 0.0000000000
154320  -6.609  25.324  -9.689 0.0000000000
154321  -6.424  24.080  -8.763 0.0000000000
154322  -6.543  24.515  -9.383 0.0000000000
154323  -6.636  24.921  -10.039 0.0000000000
154324  -6.586  24.518  -10.381 0.0000000000
154325  -6.528  24.143  -10.740 0.0000000000
154326  -6.559  23.770  -11.088 0.0000000000
154327  -6.586  22.962  -10.766 0.0000000000
154328  -6.566  22.098  -10.408 0.0000000000
154329  -6.487  21.162  -10.066 0.0000000000
154330  -6.337  21.068  -9.138 0.0000000000
154331  -6.402  20.632  -9.425 0.0000000000
154332  -6.443  20.212  -9.756 0.0000000000
154333  -6.394  19.256  -9.465 0.0000000000
