#!ascii label  , from subject fsaverage vox2ras=TkReg
387
74  -8.258  5.947  36.421 0.0000000000
509  -8.292  21.804  27.857 0.0000000000
944  -5.907  9.542  34.397 0.0000000000
2170  -5.441  25.086  23.539 0.0000000000
2172  -6.276  17.503  29.537 0.0000000000
2173  -8.357  13.951  32.465 0.0000000000
2174  -9.946  10.584  35.325 0.0000000000
2864  -6.893  7.872  35.534 0.0000000000
4789  -7.781  26.032  24.691 0.0000000000
4790  -6.731  23.742  26.142 0.0000000000
4791  -5.006  22.317  24.423 0.0000000000
4792  -6.131  21.348  27.273 0.0000000000
4793  -5.339  18.840  27.596 0.0000000000
4794  -7.297  19.846  28.875 0.0000000000
4798  -9.273  12.068  33.885 0.0000000000
6308  -5.085  10.996  32.620 0.0000000000
9074  -5.123  25.979  20.688 0.0000000000
9079  -4.654  15.995  27.743 0.0000000000
9080  -5.115  14.909  30.093 0.0000000000
9082  -7.355  15.779  31.035 0.0000000000
9083  -6.144  13.485  31.993 0.0000000000
9084  -7.137  11.751  33.479 0.0000000000
9085  -8.129  9.944  34.661 0.0000000000
9086  -9.352  8.244  35.736 0.0000000000
9095  -10.546  6.469  36.942 0.0000000000
12468  -9.087  22.781  27.080 0.0000000000
12469  -8.067  23.841  26.386 0.0000000000
12470  -7.522  22.841  27.034 0.0000000000
12471  -6.421  22.561  26.694 0.0000000000
12472  -7.197  21.718  27.637 0.0000000000
12473  -6.757  20.631  28.095 0.0000000000
12474  -7.758  20.865  28.404 0.0000000000
14354  -5.507  10.257  33.609 0.0000000000
20126  -6.397  25.807  24.376 0.0000000000
20127  -6.913  27.018  23.769 0.0000000000
20128  -5.824  26.493  23.094 0.0000000000
20129  -5.315  27.041  21.755 0.0000000000
20130  -5.092  25.552  22.107 0.0000000000
20132  -5.035  24.087  22.482 0.0000000000
20133  -5.062  20.862  24.846 0.0000000000
20140  -5.710  18.270  28.664 0.0000000000
20141  -4.970  17.386  27.640 0.0000000000
20142  -5.243  16.909  28.841 0.0000000000
20143  -4.726  15.483  28.956 0.0000000000
20144  -5.718  16.221  29.784 0.0000000000
20148  -8.872  14.963  32.059 0.0000000000
20149  -8.382  15.943  31.352 0.0000000000
20150  -7.842  14.885  31.808 0.0000000000
20151  -6.728  14.658  31.525 0.0000000000
20152  -7.245  13.797  32.257 0.0000000000
20153  -6.663  12.660  32.754 0.0000000000
20154  -7.784  12.802  32.930 0.0000000000
20155  -9.658  11.370  34.598 0.0000000000
20156  -8.778  11.026  34.246 0.0000000000
20157  -9.229  10.194  34.916 0.0000000000
20158  -8.728  9.056  35.204 0.0000000000
20159  -9.709  9.439  35.519 0.0000000000
23588  -6.337  8.740  35.044 0.0000000000
27052  -8.778  24.911  25.421 0.0000000000
27053  -7.138  24.940  25.476 0.0000000000
27054  -5.961  24.427  24.916 0.0000000000
27055  -5.122  23.692  23.976 0.0000000000
27056  -5.687  23.237  25.481 0.0000000000
27057  -5.499  21.947  25.960 0.0000000000
27058  -5.246  20.644  26.391 0.0000000000
27059  -5.065  19.157  26.372 0.0000000000
27060  -5.707  20.209  27.507 0.0000000000
27061  -6.301  19.558  28.433 0.0000000000
27062  -6.820  18.769  29.258 0.0000000000
27067  -9.255  13.993  32.784 0.0000000000
27068  -8.803  12.957  33.183 0.0000000000
30805  -9.837  21.718  27.973 0.0000000000
30806  -8.937  20.910  28.649 0.0000000000
37462  -7.620  28.072  23.038 0.0000000000
37470  -5.249  22.608  22.945 0.0000000000
37483  -4.402  14.098  29.153 0.0000000000
37484  -4.626  13.632  30.314 0.0000000000
37485  -8.247  19.953  29.203 0.0000000000
37486  -7.819  18.927  29.634 0.0000000000
37487  -7.344  17.893  29.959 0.0000000000
37488  -8.821  16.929  30.925 0.0000000000
37489  -7.884  16.899  30.664 0.0000000000
37490  -6.817  16.707  30.313 0.0000000000
37491  -6.251  15.482  30.681 0.0000000000
37492  -5.618  14.237  31.135 0.0000000000
37493  -5.061  13.003  31.382 0.0000000000
37494  -5.551  12.280  32.348 0.0000000000
37495  -6.033  11.498  33.272 0.0000000000
37496  -6.529  10.642  33.982 0.0000000000
37497  -8.282  11.855  33.600 0.0000000000
37498  -7.644  10.831  34.049 0.0000000000
37499  -6.929  9.758  34.571 0.0000000000
37500  -7.530  8.875  35.108 0.0000000000
37501  -8.169  7.933  35.603 0.0000000000
37502  -8.814  7.067  36.063 0.0000000000
37526  -10.289  9.784  36.063 0.0000000000
37527  -10.204  8.611  36.172 0.0000000000
37528  -9.989  7.420  36.315 0.0000000000
43188  -8.638  22.321  27.468 0.0000000000
43189  -8.263  22.841  27.084 0.0000000000
43190  -7.895  22.334  27.419 0.0000000000
43191  -7.363  22.306  27.311 0.0000000000
43192  -7.677  21.766  27.767 0.0000000000
43193  -7.465  21.273  28.039 0.0000000000
43194  -7.991  21.337  28.146 0.0000000000
45074  -5.727  9.921  34.024 0.0000000000
50846  -5.895  25.489  23.987 0.0000000000
50847  -6.103  26.195  23.716 0.0000000000
50848  -5.633  25.805  23.296 0.0000000000
50849  -5.364  26.023  22.652 0.0000000000
50850  -5.204  25.306  22.852 0.0000000000
50851  -5.024  24.850  22.277 0.0000000000
50852  -5.061  24.597  23.030 0.0000000000
50853  -5.118  20.124  25.014 0.0000000000
50860  -5.996  17.911  29.153 0.0000000000
50861  -5.484  17.592  28.757 0.0000000000
50862  -5.757  17.270  29.230 0.0000000000
50863  -5.470  16.580  29.311 0.0000000000
50864  -6.011  16.879  29.656 0.0000000000
50868  -8.612  14.490  32.257 0.0000000000
50869  -8.392  14.977  31.903 0.0000000000
50870  -8.107  14.431  32.125 0.0000000000
50871  -7.538  14.339  32.033 0.0000000000
50872  -7.811  13.875  32.348 0.0000000000
50873  -7.513  13.306  32.589 0.0000000000
50874  -8.079  13.382  32.687 0.0000000000
50875  -9.778  10.991  34.967 0.0000000000
50876  -9.450  10.785  34.768 0.0000000000
50877  -9.638  10.381  35.116 0.0000000000
50878  -9.455  9.794  35.230 0.0000000000
50879  -9.844  10.001  35.432 0.0000000000
54674  -6.607  8.341  35.298 0.0000000000
54676  -6.343  7.697  35.588 0.0000000000
60446  -7.347  23.854  26.299 0.0000000000
60447  -7.586  24.419  25.936 0.0000000000
60448  -6.898  24.347  25.816 0.0000000000
60449  -6.507  24.782  25.278 0.0000000000
60450  -6.327  24.155  25.588 0.0000000000
60451  -5.804  23.845  25.227 0.0000000000
60452  -6.168  23.558  25.899 0.0000000000
60453  -6.275  21.959  26.985 0.0000000000
60454  -5.959  22.323  26.388 0.0000000000
60455  -5.811  21.674  26.668 0.0000000000
60456  -5.340  21.264  26.184 0.0000000000
60457  -5.627  21.065  26.916 0.0000000000
60458  -5.429  20.469  26.991 0.0000000000
60459  -5.877  20.812  27.440 0.0000000000
60460  -7.064  20.246  28.478 0.0000000000
60461  -6.556  20.108  28.274 0.0000000000
60462  -6.842  19.740  28.677 0.0000000000
60463  -6.553  19.199  28.883 0.0000000000
60464  -7.063  19.313  29.067 0.0000000000
60473  -9.424  13.548  33.155 0.0000000000
83416  -8.670  25.983  24.657 0.0000000000
83419  -6.535  27.430  23.233 0.0000000000
83420  -7.232  27.571  23.422 0.0000000000
83426  -5.071  26.501  21.211 0.0000000000
83427  -5.180  27.260  21.014 0.0000000000
83438  -5.036  23.009  24.200 0.0000000000
83439  -4.927  23.144  23.433 0.0000000000
83440  -4.957  22.451  23.615 0.0000000000
83460  -5.210  19.022  26.985 0.0000000000
83461  -5.049  18.434  26.361 0.0000000000
83462  -5.084  18.272  26.988 0.0000000000
83463  -4.770  16.692  27.703 0.0000000000
83464  -4.754  16.840  27.067 0.0000000000
83470  -4.897  15.173  29.522 0.0000000000
83471  -4.544  14.786  29.052 0.0000000000
83472  -4.681  14.534  29.643 0.0000000000
83473  -4.477  13.845  29.746 0.0000000000
83474  -4.874  14.288  30.245 0.0000000000
83476  -8.560  20.466  28.931 0.0000000000
83479  -8.304  18.923  29.778 0.0000000000
83480  -8.064  18.465  29.955 0.0000000000
83481  -7.600  18.445  29.837 0.0000000000
83482  -7.848  17.949  30.132 0.0000000000
83486  -7.876  15.889  31.223 0.0000000000
83487  -8.136  16.424  31.019 0.0000000000
83488  -7.617  16.345  30.859 0.0000000000
83489  -7.357  16.844  30.502 0.0000000000
83490  -7.080  16.242  30.682 0.0000000000
83491  -6.534  16.070  30.488 0.0000000000
83492  -6.789  15.650  30.883 0.0000000000
83493  -6.442  14.077  31.779 0.0000000000
83494  -6.166  14.486  31.365 0.0000000000
83495  -5.877  13.880  31.572 0.0000000000
83496  -5.325  13.601  31.274 0.0000000000
83497  -5.590  13.261  31.739 0.0000000000
83498  -5.296  12.656  31.856 0.0000000000
83499  -5.827  12.889  32.165 0.0000000000
83500  -6.915  12.213  33.131 0.0000000000
83501  -6.343  12.080  33.021 0.0000000000
83502  -6.587  11.641  33.434 0.0000000000
83503  -6.297  11.079  33.684 0.0000000000
83504  -6.834  11.208  33.745 0.0000000000
83505  -9.032  12.484  33.539 0.0000000000
83506  -8.578  12.416  33.370 0.0000000000
83507  -8.836  11.937  33.726 0.0000000000
83508  -8.451  10.491  34.439 0.0000000000
83509  -8.196  10.907  34.123 0.0000000000
83510  -7.870  10.380  34.364 0.0000000000
83511  -7.312  10.262  34.309 0.0000000000
83512  -7.539  9.844  34.610 0.0000000000
83513  -7.187  9.322  34.854 0.0000000000
83514  -7.824  9.399  34.891 0.0000000000
83515  -9.049  8.634  35.474 0.0000000000
83516  -8.456  8.502  35.393 0.0000000000
83517  -8.744  8.082  35.645 0.0000000000
83518  -8.474  7.513  35.817 0.0000000000
83519  -9.089  7.644  35.900 0.0000000000
83581  -10.248  9.205  36.122 0.0000000000
83583  -10.652  7.130  36.935 0.0000000000
83584  -10.414  7.570  36.583 0.0000000000
83585  -10.282  6.949  36.651 0.0000000000
83586  -9.795  6.807  36.446 0.0000000000
83587  -10.101  6.324  36.685 0.0000000000
92708  -7.195  7.359  35.777 0.0000000000
92709  -6.650  7.191  35.828 0.0000000000
96171  -8.975  23.779  26.280 0.0000000000
96172  -8.630  23.309  26.708 0.0000000000
96173  -7.787  23.347  26.752 0.0000000000
96174  -7.150  23.287  26.610 0.0000000000
96175  -6.573  23.154  26.413 0.0000000000
96176  -6.942  22.736  26.893 0.0000000000
96177  -6.787  22.163  27.197 0.0000000000
96178  -6.631  21.558  27.516 0.0000000000
96179  -6.412  21.031  27.730 0.0000000000
96180  -6.946  21.160  27.926 0.0000000000
96181  -7.264  20.764  28.278 0.0000000000
96182  -7.540  20.362  28.670 0.0000000000
99566  -5.300  10.625  33.123 0.0000000000
109954  -7.029  26.018  24.620 0.0000000000
109955  -7.296  26.556  24.250 0.0000000000
109956  -6.637  26.439  24.076 0.0000000000
109957  -6.318  26.806  23.496 0.0000000000
109959  -5.692  27.544  22.281 0.0000000000
109960  -5.550  26.818  22.461 0.0000000000
109961  -5.183  26.287  21.928 0.0000000000
109962  -5.064  25.767  21.387 0.0000000000
109963  -5.244  25.238  20.893 0.0000000000
109964  -5.114  25.042  21.589 0.0000000000
109965  -5.224  24.309  21.805 0.0000000000
109966  -5.383  23.566  22.042 0.0000000000
109967  -5.031  21.601  24.649 0.0000000000
109968  -5.039  21.756  23.835 0.0000000000
109969  -5.153  21.030  24.067 0.0000000000
109980  -5.488  18.592  28.141 0.0000000000
109981  -5.181  18.097  27.590 0.0000000000
109982  -5.299  17.856  28.187 0.0000000000
109983  -5.081  17.166  28.272 0.0000000000
109984  -4.863  16.474  28.278 0.0000000000
109985  -4.670  15.772  28.317 0.0000000000
109986  -4.943  16.230  28.872 0.0000000000
109987  -5.175  15.881  29.406 0.0000000000
109988  -5.402  15.553  29.927 0.0000000000
109995  -8.864  15.941  31.455 0.0000000000
109996  -8.647  15.474  31.686 0.0000000000
109997  -8.135  15.444  31.576 0.0000000000
109998  -7.582  15.336  31.435 0.0000000000
109999  -7.017  15.226  31.267 0.0000000000
110000  -7.270  14.779  31.667 0.0000000000
110001  -6.991  14.228  31.921 0.0000000000
110002  -6.699  13.661  32.156 0.0000000000
110003  -6.392  13.084  32.387 0.0000000000
110004  -6.950  13.237  32.480 0.0000000000
110005  -7.215  12.758  32.846 0.0000000000
110006  -7.439  12.275  33.205 0.0000000000
110007  -9.472  11.721  34.221 0.0000000000
110008  -9.059  11.553  34.061 0.0000000000
110009  -9.264  11.192  34.403 0.0000000000
110010  -9.017  10.640  34.569 0.0000000000
110011  -8.736  10.048  34.730 0.0000000000
110012  -8.432  9.488  34.918 0.0000000000
110013  -8.979  9.604  35.053 0.0000000000
110014  -9.266  9.209  35.346 0.0000000000
110015  -9.555  8.854  35.598 0.0000000000
116480  -6.071  9.139  34.773 0.0000000000
116481  -5.657  8.877  34.675 0.0000000000
116485  -6.094  6.982  35.877 0.0000000000
124559  -9.199  25.427  24.968 0.0000000000
124560  -8.248  25.492  25.081 0.0000000000
124561  -8.400  24.389  25.896 0.0000000000
124562  -7.903  24.962  25.513 0.0000000000
124563  -7.443  25.500  25.096 0.0000000000
124564  -6.717  25.424  24.984 0.0000000000
124565  -6.175  25.127  24.671 0.0000000000
124566  -5.677  24.778  24.232 0.0000000000
124567  -5.247  24.375  23.750 0.0000000000
124568  -5.495  24.108  24.488 0.0000000000
124569  -5.355  23.480  24.746 0.0000000000
124570  -5.252  22.835  24.979 0.0000000000
124571  -6.056  22.935  26.123 0.0000000000
124572  -5.597  22.603  25.720 0.0000000000
124573  -5.214  22.145  25.215 0.0000000000
124574  -5.152  21.432  25.425 0.0000000000
124575  -5.098  20.729  25.597 0.0000000000
124576  -5.076  20.016  25.755 0.0000000000
124577  -5.063  19.269  25.763 0.0000000000
124578  -5.133  19.925  26.395 0.0000000000
124579  -5.327  19.771  26.983 0.0000000000
124580  -5.537  19.558  27.546 0.0000000000
124581  -6.186  20.494  27.908 0.0000000000
124582  -6.032  19.902  28.001 0.0000000000
124583  -5.728  19.282  28.080 0.0000000000
124584  -5.960  18.970  28.577 0.0000000000
124585  -6.267  18.584  29.053 0.0000000000
124586  -6.541  18.127  29.413 0.0000000000
124597  -8.835  14.011  32.615 0.0000000000
124598  -8.620  13.468  32.805 0.0000000000
124599  -9.021  13.484  32.992 0.0000000000
124600  -9.191  13.022  33.365 0.0000000000
124604  -9.644  12.241  34.047 0.0000000000
124605  -9.833  11.911  34.371 0.0000000000
134081  -9.898  22.693  27.044 0.0000000000
134082  -9.469  22.240  27.483 0.0000000000
134083  -9.040  21.793  27.909 0.0000000000
134084  -8.615  21.412  28.231 0.0000000000
134085  -9.362  21.323  28.328 0.0000000000
134086  -9.646  20.847  28.736 0.0000000000
153348  -7.677  27.052  23.863 0.0000000000
153357  -5.480  27.793  21.555 0.0000000000
153372  -4.957  23.871  23.215 0.0000000000
153373  -5.117  23.337  22.715 0.0000000000
153402  -4.933  17.534  27.011 0.0000000000
153411  -4.477  15.057  28.413 0.0000000000
153414  -4.319  13.379  29.264 0.0000000000
153417  -8.294  20.913  28.505 0.0000000000
153418  -8.018  20.407  28.796 0.0000000000
153419  -7.773  19.899  29.060 0.0000000000
153421  -8.029  19.425  29.428 0.0000000000
153422  -7.551  19.382  29.261 0.0000000000
153423  -7.334  18.878  29.456 0.0000000000
153424  -7.084  18.315  29.621 0.0000000000
153425  -6.812  17.706  29.773 0.0000000000
153428  -8.588  17.464  30.601 0.0000000000
153429  -8.608  16.443  31.131 0.0000000000
153430  -8.368  16.939  30.813 0.0000000000
153431  -8.125  17.439  30.465 0.0000000000
153432  -7.624  17.395  30.302 0.0000000000
153433  -7.087  17.310  30.135 0.0000000000
153434  -6.544  17.093  29.922 0.0000000000
153435  -6.271  16.488  30.096 0.0000000000
153436  -5.990  15.872  30.262 0.0000000000
153437  -5.689  15.241  30.419 0.0000000000
153438  -6.496  15.073  31.114 0.0000000000
153439  -5.932  14.864  30.908 0.0000000000
153440  -5.380  14.592  30.641 0.0000000000
153441  -5.098  13.958  30.767 0.0000000000
153442  -4.841  13.313  30.862 0.0000000000
153443  -4.638  12.637  30.971 0.0000000000
153444  -4.856  12.352  31.478 0.0000000000
153445  -5.089  12.000  31.989 0.0000000000
153446  -5.313  11.653  32.516 0.0000000000
153447  -6.075  12.498  32.606 0.0000000000
153448  -5.785  11.906  32.832 0.0000000000
153449  -5.526  11.284  32.991 0.0000000000
153450  -5.754  10.895  33.446 0.0000000000
153451  -6.015  10.513  33.870 0.0000000000
153452  -6.213  10.101  34.197 0.0000000000
153453  -8.334  12.911  33.015 0.0000000000
153454  -8.023  12.343  33.259 0.0000000000
153455  -7.698  11.793  33.523 0.0000000000
153456  -8.573  11.394  33.931 0.0000000000
153457  -7.964  11.342  33.821 0.0000000000
153458  -7.397  11.295  33.772 0.0000000000
153459  -7.073  10.744  34.028 0.0000000000
153460  -6.734  10.204  34.279 0.0000000000
153461  -6.390  9.683  34.530 0.0000000000
153462  -6.621  9.257  34.808 0.0000000000
153463  -6.929  8.832  35.068 0.0000000000
153464  -7.235  8.379  35.312 0.0000000000
153465  -8.137  8.946  35.132 0.0000000000
153466  -7.861  8.407  35.351 0.0000000000
153467  -7.529  7.886  35.565 0.0000000000
153468  -7.822  7.393  35.811 0.0000000000
153469  -8.172  6.958  36.004 0.0000000000
153470  -8.504  6.524  36.217 0.0000000000
153542  -10.112  10.192  35.699 0.0000000000
153543  -10.036  9.617  35.766 0.0000000000
153544  -9.946  9.032  35.833 0.0000000000
153545  -9.835  8.436  35.907 0.0000000000
153546  -10.462  8.214  36.528 0.0000000000
153547  -10.122  8.013  36.225 0.0000000000
153548  -9.687  7.802  36.023 0.0000000000
153549  -9.435  7.200  36.182 0.0000000000
153550  -9.139  6.593  36.314 0.0000000000
153551  -8.848  6.019  36.439 0.0000000000
