#!ascii label  , from subject fsaverage vox2ras=TkReg
688
414  -18.136  -77.388  32.475 0.0000000000
415  -16.976  -76.388  40.772 0.0000000000
569  -19.904  -60.206  15.814 0.0000000000
780  -19.421  -71.071  25.042 0.0000000000
781  -18.742  -70.673  29.086 0.0000000000
1692  -21.080  -69.406  18.729 0.0000000000
1693  -20.100  -70.827  21.579 0.0000000000
1928  -17.146  -76.331  36.510 0.0000000000
1930  -16.009  -77.311  44.308 0.0000000000
2345  -19.621  -61.025  11.594 0.0000000000
3179  -21.041  -61.632  20.723 0.0000000000
3180  -22.219  -64.123  17.778 0.0000000000
3181  -22.303  -64.894  19.466 0.0000000000
3780  -20.369  -66.847  23.938 0.0000000000
3781  -19.603  -66.969  25.549 0.0000000000
4234  -17.170  -76.329  38.537 0.0000000000
4235  -17.635  -79.171  37.074 0.0000000000
4236  -17.712  -79.005  39.327 0.0000000000
4241  -19.646  -78.755  42.387 0.0000000000
5219  -19.720  -60.298  13.766 0.0000000000
5242  -17.636  -73.645  32.805 0.0000000000
5243  -18.472  -74.256  30.390 0.0000000000
6014  -19.169  -70.932  27.016 0.0000000000
6015  -18.358  -74.519  25.468 0.0000000000
6287  -17.297  -75.514  43.261 0.0000000000
6875  -20.411  -60.339  17.589 0.0000000000
6876  -21.143  -63.082  14.275 0.0000000000
6877  -21.717  -63.495  16.126 0.0000000000
7788  -21.841  -65.809  21.121 0.0000000000
7789  -21.148  -66.468  22.514 0.0000000000
7790  -20.615  -70.284  20.158 0.0000000000
8385  -16.877  -73.445  34.768 0.0000000000
8387  -16.494  -73.399  36.808 0.0000000000
8388  -17.594  -76.785  34.515 0.0000000000
8394  -16.317  -76.907  42.739 0.0000000000
8395  -17.654  -77.309  43.743 0.0000000000
8396  -18.008  -78.500  43.171 0.0000000000
8397  -17.880  -78.944  41.571 0.0000000000
9593  -20.150  -61.458  9.983 0.0000000000
9623  -18.669  -74.647  27.837 0.0000000000
9755  -17.899  -59.699  9.899 0.0000000000
10859  -20.872  -61.942  21.595 0.0000000000
10860  -21.923  -63.137  20.233 0.0000000000
10861  -21.746  -63.544  21.056 0.0000000000
11914  -17.120  -76.342  39.650 0.0000000000
11915  -17.497  -77.711  38.833 0.0000000000
11916  -17.488  -77.707  39.948 0.0000000000
12899  -19.780  -60.216  14.811 0.0000000000
12900  -20.343  -61.578  13.143 0.0000000000
12901  -20.453  -61.544  14.100 0.0000000000
12922  -18.046  -75.532  32.617 0.0000000000
12923  -18.175  -75.903  31.353 0.0000000000
13033  -18.641  -58.922  14.882 0.0000000000
13864  -19.012  -70.778  28.102 0.0000000000
13865  -19.006  -72.770  26.215 0.0000000000
13866  -18.983  -72.794  27.213 0.0000000000
15300  -21.322  -61.947  16.896 0.0000000000
15301  -21.628  -62.128  17.724 0.0000000000
15302  -22.032  -65.775  16.857 0.0000000000
15303  -21.866  -65.394  16.016 0.0000000000
17100  -20.759  -64.529  23.445 0.0000000000
17102  -20.395  -68.880  22.782 0.0000000000
17103  -20.696  -68.664  22.102 0.0000000000
17104  -20.352  -70.626  20.868 0.0000000000
17107  -19.304  -69.120  26.125 0.0000000000
17108  -19.603  -69.079  25.233 0.0000000000
17109  -19.644  -71.003  24.155 0.0000000000
18460  -16.963  -74.851  37.551 0.0000000000
18462  -16.991  -74.915  36.489 0.0000000000
18463  -17.009  -74.971  35.528 0.0000000000
18464  -17.274  -76.511  35.508 0.0000000000
18466  -17.576  -77.933  35.633 0.0000000000
18467  -17.923  -80.496  37.670 0.0000000000
18475  -15.084  -77.060  44.906 0.0000000000
18476  -13.976  -76.906  44.819 0.0000000000
18477  -15.136  -77.037  44.224 0.0000000000
18478  -15.264  -76.707  43.427 0.0000000000
18479  -16.048  -77.183  43.545 0.0000000000
18480  -18.290  -75.946  42.620 0.0000000000
18481  -17.476  -76.535  43.553 0.0000000000
18482  -18.588  -77.034  42.994 0.0000000000
18483  -19.585  -79.505  42.171 0.0000000000
18484  -18.922  -78.844  43.030 0.0000000000
18485  -18.789  -79.446  42.564 0.0000000000
18486  -17.938  -78.776  42.510 0.0000000000
18487  -18.527  -79.831  41.972 0.0000000000
18488  -18.207  -80.036  41.072 0.0000000000
21419  -19.767  -61.385  10.626 0.0000000000
21421  -20.611  -62.303  10.173 0.0000000000
21442  -21.711  -67.696  19.984 0.0000000000
21443  -21.940  -67.167  19.289 0.0000000000
21444  -21.232  -68.768  18.102 0.0000000000
21490  -18.152  -76.415  28.770 0.0000000000
21491  -18.638  -74.489  29.099 0.0000000000
21492  -17.961  -76.354  27.485 0.0000000000
21820  -18.529  -59.629  12.712 0.0000000000
21822  -18.483  -60.249  11.607 0.0000000000
21823  -18.589  -60.599  10.682 0.0000000000
24156  -21.838  -62.450  18.517 0.0000000000
24157  -21.962  -62.788  19.329 0.0000000000
24158  -22.312  -64.529  18.611 0.0000000000
24159  -22.068  -66.218  17.650 0.0000000000
25238  -20.008  -66.877  24.788 0.0000000000
25239  -20.156  -69.034  23.477 0.0000000000
26053  -16.849  -74.922  38.571 0.0000000000
26054  -17.149  -76.271  37.541 0.0000000000
26055  -17.378  -77.702  36.684 0.0000000000
26056  -17.288  -77.577  37.710 0.0000000000
26057  -17.628  -79.078  38.185 0.0000000000
26058  -17.835  -80.259  38.796 0.0000000000
26063  -15.925  -77.055  44.682 0.0000000000
26065  -19.579  -77.685  42.219 0.0000000000
26067  -20.214  -79.353  41.211 0.0000000000
27827  -19.681  -60.611  12.605 0.0000000000
27828  -20.364  -62.080  11.015 0.0000000000
27829  -20.314  -61.799  12.043 0.0000000000
27869  -17.684  -72.042  32.034 0.0000000000
27870  -18.125  -74.025  31.615 0.0000000000
27871  -18.288  -76.186  30.083 0.0000000000
28069  -18.618  -59.235  13.788 0.0000000000
29391  -19.100  -69.034  27.054 0.0000000000
29393  -18.871  -69.007  27.969 0.0000000000
29394  -19.255  -70.962  26.049 0.0000000000
29395  -19.023  -72.774  25.193 0.0000000000
30030  -17.005  -74.407  42.790 0.0000000000
30031  -17.975  -74.840  42.215 0.0000000000
31403  -20.149  -60.236  16.746 0.0000000000
31404  -20.704  -61.648  15.125 0.0000000000
31405  -20.983  -61.725  16.080 0.0000000000
31406  -21.442  -63.183  15.280 0.0000000000
31408  -22.000  -63.716  16.984 0.0000000000
31409  -21.605  -64.996  15.186 0.0000000000
33755  -20.351  -62.619  23.212 0.0000000000
33756  -21.473  -63.941  21.871 0.0000000000
33757  -21.127  -64.258  22.643 0.0000000000
33758  -21.492  -66.143  21.822 0.0000000000
33759  -21.432  -68.066  20.708 0.0000000000
33760  -20.774  -66.709  23.222 0.0000000000
33761  -21.074  -68.409  21.423 0.0000000000
33762  -20.850  -69.907  19.473 0.0000000000
33766  -19.277  -67.072  26.408 0.0000000000
33767  -19.893  -69.069  24.336 0.0000000000
35438  -17.261  -73.605  33.749 0.0000000000
35439  -17.618  -75.312  33.565 0.0000000000
35446  -16.592  -73.379  35.782 0.0000000000
35447  -17.289  -75.111  34.545 0.0000000000
35448  -17.916  -77.062  33.531 0.0000000000
35449  -18.108  -78.753  33.609 0.0000000000
35466  -16.650  -76.536  41.802 0.0000000000
35467  -16.658  -76.043  44.152 0.0000000000
35468  -16.718  -76.822  44.327 0.0000000000
35469  -16.793  -77.359  44.119 0.0000000000
35470  -18.810  -78.003  43.128 0.0000000000
35471  -17.831  -77.980  43.567 0.0000000000
35472  -16.934  -77.604  43.648 0.0000000000
35473  -17.110  -77.650  42.932 0.0000000000
35474  -17.300  -77.711  42.108 0.0000000000
35475  -17.381  -77.730  41.083 0.0000000000
35476  -17.805  -78.977  40.492 0.0000000000
35477  -17.989  -80.069  39.979 0.0000000000
39028  -20.896  -62.995  13.282 0.0000000000
39046  -22.116  -65.351  20.319 0.0000000000
39047  -22.058  -66.685  18.513 0.0000000000
39103  -18.269  -72.365  30.750 0.0000000000
39104  -18.568  -72.496  29.616 0.0000000000
39105  -18.858  -72.693  28.385 0.0000000000
39106  -18.585  -74.682  26.645 0.0000000000
39501  -17.402  -59.937  10.444 0.0000000000
39502  -19.132  -60.613  9.913 0.0000000000
39503  -19.727  -60.359  9.416 0.0000000000
41580  -21.366  -62.727  21.350 0.0000000000
41581  -21.238  -62.898  21.791 0.0000000000
42632  -16.672  -75.793  40.701 0.0000000000
42633  -16.810  -75.687  40.163 0.0000000000
42634  -17.049  -76.351  40.226 0.0000000000
42635  -17.317  -77.012  39.788 0.0000000000
42636  -17.281  -77.016  40.360 0.0000000000
43619  -19.834  -60.235  15.344 0.0000000000
43620  -20.182  -60.896  14.475 0.0000000000
43621  -20.214  -60.895  14.996 0.0000000000
43642  -18.045  -76.463  32.558 0.0000000000
43643  -18.094  -76.652  31.928 0.0000000000
43644  -18.065  -77.575  31.864 0.0000000000
43750  -19.454  -59.461  16.379 0.0000000000
43752  -19.356  -59.469  15.918 0.0000000000
43753  -19.316  -59.443  15.439 0.0000000000
44582  -18.448  -69.770  29.450 0.0000000000
44583  -18.631  -69.780  28.996 0.0000000000
44584  -18.868  -70.732  28.592 0.0000000000
44585  -19.053  -71.780  27.655 0.0000000000
44586  -18.983  -71.706  28.165 0.0000000000
46020  -21.186  -61.366  18.060 0.0000000000
46021  -21.304  -61.503  18.444 0.0000000000
46022  -21.686  -66.527  16.351 0.0000000000
47822  -20.300  -69.971  22.155 0.0000000000
47823  -20.418  -69.844  21.826 0.0000000000
47824  -20.237  -70.799  21.216 0.0000000000
47825  -20.010  -71.421  20.291 0.0000000000
47826  -19.927  -71.575  20.641 0.0000000000
47827  -19.423  -70.074  25.555 0.0000000000
47828  -19.526  -70.101  25.083 0.0000000000
47829  -19.504  -71.066  24.581 0.0000000000
49180  -17.073  -75.593  37.029 0.0000000000
49181  -16.949  -74.880  37.039 0.0000000000
49182  -17.080  -75.620  36.530 0.0000000000
49183  -17.066  -75.682  36.009 0.0000000000
49184  -17.194  -76.395  36.007 0.0000000000
49185  -17.413  -77.230  35.547 0.0000000000
49186  -17.298  -77.119  36.033 0.0000000000
49195  -15.609  -77.187  44.599 0.0000000000
49196  -15.143  -77.084  44.589 0.0000000000
49197  -15.596  -77.195  44.251 0.0000000000
49198  -15.594  -77.137  43.870 0.0000000000
49199  -16.000  -77.297  43.953 0.0000000000
49201  -18.450  -76.493  42.821 0.0000000000
49202  -18.918  -76.816  42.471 0.0000000000
49204  -19.193  -79.531  42.414 0.0000000000
49205  -19.074  -79.876  42.226 0.0000000000
49206  -18.669  -79.695  42.313 0.0000000000
49207  -18.926  -80.091  41.942 0.0000000000
49208  -18.763  -80.264  41.644 0.0000000000
52139  -19.603  -61.191  11.089 0.0000000000
52140  -20.231  -61.820  10.412 0.0000000000
52141  -20.064  -61.674  10.813 0.0000000000
52162  -21.460  -68.653  19.356 0.0000000000
52163  -21.553  -68.284  19.044 0.0000000000
52164  -21.189  -69.089  18.436 0.0000000000
52211  -18.098  -76.452  28.129 0.0000000000
52540  -19.096  -60.311  12.196 0.0000000000
52541  -18.489  -59.953  12.146 0.0000000000
52542  -19.073  -60.543  11.684 0.0000000000
52543  -19.064  -60.787  11.162 0.0000000000
55619  -21.049  -61.450  20.293 0.0000000000
55620  -21.583  -62.004  19.584 0.0000000000
55621  -21.561  -62.142  20.070 0.0000000000
55622  -22.181  -64.028  19.872 0.0000000000
55623  -22.208  -63.826  19.462 0.0000000000
55624  -22.316  -64.722  19.033 0.0000000000
55625  -22.281  -65.418  18.135 0.0000000000
55626  -22.290  -65.614  18.565 0.0000000000
57424  -19.820  -66.912  25.166 0.0000000000
57425  -20.144  -67.947  24.159 0.0000000000
57426  -19.969  -67.944  24.558 0.0000000000
58780  -16.995  -75.634  39.035 0.0000000000
58781  -16.724  -74.944  39.067 0.0000000000
58782  -17.032  -75.625  38.532 0.0000000000
58783  -17.067  -75.624  38.013 0.0000000000
58784  -17.159  -76.274  38.047 0.0000000000
58785  -17.223  -76.872  37.629 0.0000000000
58786  -17.249  -76.962  38.106 0.0000000000
58787  -17.629  -78.383  39.067 0.0000000000
58788  -17.583  -78.387  38.497 0.0000000000
58789  -17.693  -79.064  38.760 0.0000000000
58790  -17.729  -79.693  38.494 0.0000000000
58791  -17.751  -79.626  39.054 0.0000000000
58798  -15.507  -76.890  44.964 0.0000000000
58799  -15.892  -76.803  44.802 0.0000000000
61739  -19.706  -60.433  13.196 0.0000000000
61740  -20.039  -61.198  12.310 0.0000000000
61741  -20.059  -61.042  12.868 0.0000000000
61742  -20.586  -62.351  12.725 0.0000000000
61743  -20.541  -62.337  12.266 0.0000000000
61807  -17.339  -72.749  32.964 0.0000000000
61808  -17.681  -72.954  32.385 0.0000000000
61809  -17.883  -73.838  32.279 0.0000000000
61811  -18.239  -76.101  30.737 0.0000000000
62140  -19.255  -59.556  14.394 0.0000000000
62141  -18.626  -59.061  14.332 0.0000000000
62142  -19.221  -59.715  13.839 0.0000000000
62143  -19.185  -59.884  13.261 0.0000000000
64630  -18.931  -69.914  27.972 0.0000000000
64632  -19.101  -69.978  27.481 0.0000000000
64633  -19.143  -69.989  27.009 0.0000000000
64634  -19.207  -70.910  26.534 0.0000000000
64635  -19.205  -71.899  25.588 0.0000000000
64636  -19.174  -71.828  26.106 0.0000000000
64637  -18.738  -73.662  25.833 0.0000000000
64638  -18.742  -73.635  25.342 0.0000000000
64639  -18.293  -74.489  24.977 0.0000000000
68939  -20.258  -60.286  17.172 0.0000000000
68940  -20.606  -60.974  16.456 0.0000000000
68941  -20.749  -61.041  16.887 0.0000000000
68942  -21.597  -62.731  16.481 0.0000000000
68943  -21.414  -62.592  16.088 0.0000000000
68944  -21.561  -63.352  15.668 0.0000000000
68945  -21.474  -63.947  14.778 0.0000000000
68946  -21.607  -64.111  15.220 0.0000000000
68947  -22.103  -63.266  18.178 0.0000000000
68948  -22.022  -63.049  17.780 0.0000000000
68949  -22.161  -63.918  17.375 0.0000000000
68951  -21.731  -65.172  15.598 0.0000000000
74339  -20.168  -62.722  23.608 0.0000000000
74340  -20.791  -63.419  22.945 0.0000000000
74341  -20.587  -63.524  23.360 0.0000000000
74342  -21.009  -65.478  23.004 0.0000000000
74343  -21.227  -65.314  22.667 0.0000000000
74344  -21.325  -66.326  22.155 0.0000000000
74345  -21.495  -67.126  21.274 0.0000000000
74346  -21.324  -67.295  21.637 0.0000000000
74349  -20.551  -66.751  23.594 0.0000000000
74350  -20.731  -69.579  21.122 0.0000000000
74351  -20.900  -68.534  21.759 0.0000000000
74352  -20.891  -69.369  20.795 0.0000000000
74353  -21.067  -69.198  20.478 0.0000000000
74354  -20.731  -70.093  19.804 0.0000000000
74364  -19.071  -67.113  26.822 0.0000000000
74365  -19.792  -70.021  24.198 0.0000000000
74366  -19.767  -69.064  24.796 0.0000000000
74367  -19.886  -70.062  23.713 0.0000000000
74368  -19.977  -70.058  23.277 0.0000000000
74743  -19.677  -62.004  23.724 0.0000000000
78407  -16.578  -72.619  34.976 0.0000000000
78408  -16.759  -72.657  34.460 0.0000000000
78409  -17.064  -73.496  34.276 0.0000000000
78410  -17.549  -74.486  33.604 0.0000000000
78411  -17.292  -74.321  34.114 0.0000000000
78429  -16.521  -73.325  36.270 0.0000000000
78430  -17.259  -75.839  34.973 0.0000000000
78431  -17.118  -75.033  34.999 0.0000000000
78432  -17.448  -75.966  34.533 0.0000000000
78433  -17.615  -76.070  34.082 0.0000000000
78434  -17.769  -76.930  34.037 0.0000000000
78435  -18.034  -77.926  33.505 0.0000000000
78436  -17.891  -77.704  34.084 0.0000000000
78442  -17.471  -78.384  36.879 0.0000000000
78443  -17.583  -78.486  36.332 0.0000000000
78444  -17.742  -79.234  36.569 0.0000000000
78475  -15.801  -76.787  43.067 0.0000000000
78477  -15.970  -76.511  42.601 0.0000000000
78478  -16.160  -76.264  42.128 0.0000000000
78479  -16.472  -76.710  42.284 0.0000000000
78480  -16.881  -75.290  43.490 0.0000000000
78482  -16.967  -75.830  43.714 0.0000000000
78483  -17.588  -76.944  43.705 0.0000000000
78484  -17.070  -76.702  43.974 0.0000000000
78485  -17.098  -77.061  44.079 0.0000000000
78486  -16.748  -77.129  44.291 0.0000000000
78487  -17.183  -77.360  43.987 0.0000000000
78488  -19.623  -78.220  42.320 0.0000000000
78489  -19.171  -77.894  42.753 0.0000000000
78490  -19.251  -78.386  42.778 0.0000000000
78491  -18.476  -78.716  43.143 0.0000000000
78492  -18.416  -78.427  43.311 0.0000000000
78493  -17.911  -78.251  43.402 0.0000000000
78494  -17.361  -77.818  43.654 0.0000000000
78495  -17.465  -77.997  43.411 0.0000000000
78496  -17.013  -77.663  43.332 0.0000000000
78497  -17.587  -78.185  43.090 0.0000000000
78498  -17.908  -78.850  42.066 0.0000000000
78499  -17.583  -78.244  42.277 0.0000000000
78500  -17.604  -78.338  41.826 0.0000000000
78501  -17.317  -77.739  41.646 0.0000000000
78502  -17.604  -78.378  41.315 0.0000000000
78503  -17.636  -78.392  40.707 0.0000000000
78504  -17.863  -78.968  41.048 0.0000000000
78505  -18.363  -80.539  40.714 0.0000000000
78506  -18.140  -80.065  40.519 0.0000000000
78507  -18.195  -80.655  40.220 0.0000000000
78508  -18.097  -80.758  39.656 0.0000000000
87299  -20.452  -61.417  9.690 0.0000000000
87301  -20.949  -61.921  9.522 0.0000000000
87322  -20.981  -62.386  14.704 0.0000000000
87323  -20.881  -62.339  14.212 0.0000000000
87324  -21.008  -63.019  13.781 0.0000000000
87367  -21.744  -64.860  21.518 0.0000000000
87368  -21.876  -64.623  21.134 0.0000000000
87369  -21.994  -65.566  20.726 0.0000000000
87370  -21.701  -67.769  18.294 0.0000000000
87371  -22.050  -66.933  18.923 0.0000000000
87372  -21.734  -67.485  17.974 0.0000000000
87373  -21.764  -67.230  17.604 0.0000000000
87510  -18.194  -73.128  31.201 0.0000000000
87511  -17.980  -72.205  31.402 0.0000000000
87512  -18.381  -73.310  30.566 0.0000000000
87513  -18.703  -74.571  28.482 0.0000000000
87514  -18.674  -73.444  29.362 0.0000000000
87515  -18.790  -73.574  28.762 0.0000000000
87516  -18.792  -72.585  29.026 0.0000000000
87517  -18.864  -73.656  28.113 0.0000000000
87518  -18.834  -73.738  27.493 0.0000000000
87519  -18.616  -74.668  27.235 0.0000000000
88510  -19.390  -61.044  10.298 0.0000000000
88511  -18.794  -60.647  10.265 0.0000000000
88512  -19.692  -61.014  9.987 0.0000000000
88513  -20.039  -60.967  9.661 0.0000000000
89119  -18.522  -59.655  9.618 0.0000000000
89120  -19.426  -59.982  9.378 0.0000000000
89121  -18.847  -60.007  9.648 0.0000000000
93275  -20.984  -61.823  21.165 0.0000000000
93276  -21.547  -62.302  20.539 0.0000000000
93277  -21.498  -62.534  20.961 0.0000000000
93278  -21.896  -63.348  20.632 0.0000000000
93279  -22.087  -64.217  20.289 0.0000000000
95173  -16.928  -75.662  39.588 0.0000000000
95174  -17.181  -76.331  39.086 0.0000000000
95175  -17.290  -77.025  38.605 0.0000000000
95176  -17.344  -77.011  39.213 0.0000000000
95177  -17.514  -77.703  39.390 0.0000000000
95178  -17.643  -78.401  39.601 0.0000000000
96947  -19.757  -60.256  14.290 0.0000000000
96948  -20.084  -60.943  13.439 0.0000000000
96949  -20.109  -60.906  13.970 0.0000000000
96950  -20.403  -61.595  13.604 0.0000000000
96951  -20.661  -62.319  13.191 0.0000000000
96988  -17.850  -74.609  32.671 0.0000000000
96989  -18.022  -74.766  32.068 0.0000000000
96990  -18.089  -75.702  31.986 0.0000000000
97189  -19.260  -59.514  14.895 0.0000000000
98683  -18.795  -69.833  28.487 0.0000000000
98684  -19.062  -70.866  27.538 0.0000000000
98685  -19.139  -71.854  26.585 0.0000000000
98686  -19.088  -71.818  27.120 0.0000000000
98687  -19.033  -72.770  26.737 0.0000000000
98688  -18.781  -73.683  26.317 0.0000000000
101268  -20.913  -61.148  17.261 0.0000000000
101269  -21.079  -61.275  17.651 0.0000000000
101270  -21.534  -62.051  17.294 0.0000000000
101271  -21.764  -62.792  16.951 0.0000000000
101272  -22.196  -64.967  17.342 0.0000000000
101273  -22.112  -64.753  16.939 0.0000000000
101274  -21.932  -65.558  16.457 0.0000000000
104508  -20.418  -63.616  23.803 0.0000000000
104509  -20.220  -63.741  24.188 0.0000000000
104510  -20.591  -64.619  23.852 0.0000000000
104511  -20.823  -65.585  23.398 0.0000000000
104512  -20.423  -67.860  23.357 0.0000000000
104513  -20.596  -67.760  23.020 0.0000000000
104514  -20.525  -68.793  22.442 0.0000000000
104515  -20.554  -69.704  21.475 0.0000000000
104516  -20.466  -70.461  20.515 0.0000000000
104517  -20.239  -71.106  19.561 0.0000000000
104518  -20.119  -71.255  19.929 0.0000000000
104522  -19.303  -68.102  26.287 0.0000000000
104523  -19.463  -69.145  25.609 0.0000000000
104524  -19.668  -70.055  24.646 0.0000000000
106950  -16.383  -72.597  35.480 0.0000000000
106960  -16.790  -74.125  36.679 0.0000000000
106961  -16.778  -74.133  36.132 0.0000000000
106962  -16.929  -74.933  36.048 0.0000000000
106963  -17.125  -75.765  35.508 0.0000000000
106964  -17.387  -76.630  34.999 0.0000000000
106965  -17.713  -77.514  34.594 0.0000000000
106966  -17.533  -77.376  35.049 0.0000000000
106969  -17.786  -79.838  37.345 0.0000000000
106983  -14.506  -76.923  45.194 0.0000000000
106984  -13.926  -76.822  45.197 0.0000000000
106985  -14.555  -76.972  44.914 0.0000000000
106986  -14.606  -76.978  44.543 0.0000000000
106988  -14.698  -76.739  43.769 0.0000000000
106989  -15.186  -76.911  43.856 0.0000000000
106990  -15.672  -76.971  43.484 0.0000000000
106991  -16.160  -77.070  43.149 0.0000000000
106992  -17.789  -75.705  42.951 0.0000000000
106993  -17.401  -76.034  43.421 0.0000000000
106994  -17.936  -76.240  43.147 0.0000000000
106995  -18.062  -76.728  43.303 0.0000000000
106996  -18.160  -77.191  43.420 0.0000000000
106997  -19.634  -79.155  42.309 0.0000000000
106998  -19.299  -78.865  42.802 0.0000000000
106999  -19.270  -79.198  42.636 0.0000000000
107000  -18.872  -79.179  42.812 0.0000000000
107001  -18.425  -78.990  42.904 0.0000000000
107002  -17.989  -78.674  42.858 0.0000000000
107003  -18.369  -79.190  42.605 0.0000000000
107004  -18.262  -79.311  42.269 0.0000000000
107005  -18.148  -79.418  41.859 0.0000000000
107006  -18.092  -79.502  41.355 0.0000000000
107007  -18.370  -79.946  41.558 0.0000000000
107008  -18.562  -80.411  41.192 0.0000000000
112283  -19.979  -61.501  10.239 0.0000000000
112284  -20.735  -61.966  9.744 0.0000000000
112285  -20.523  -61.974  10.012 0.0000000000
112286  -20.846  -62.386  9.820 0.0000000000
112324  -21.828  -66.753  20.605 0.0000000000
112325  -21.998  -66.521  20.268 0.0000000000
112326  -21.819  -67.408  19.651 0.0000000000
112327  -21.630  -68.011  18.670 0.0000000000
112328  -21.253  -68.494  17.705 0.0000000000
112410  -18.469  -75.400  29.556 0.0000000000
112411  -18.552  -74.408  29.736 0.0000000000
112412  -18.452  -75.488  28.905 0.0000000000
112413  -18.483  -75.551  28.231 0.0000000000
112414  -18.370  -75.545  27.611 0.0000000000
112415  -18.251  -75.545  27.027 0.0000000000
112416  -17.809  -76.277  26.915 0.0000000000
113006  -17.873  -59.328  12.609 0.0000000000
113007  -17.822  -59.701  12.048 0.0000000000
113008  -17.808  -59.972  11.543 0.0000000000
113009  -17.839  -60.208  11.015 0.0000000000
113010  -18.459  -60.452  11.144 0.0000000000
113011  -19.190  -60.921  10.756 0.0000000000
115797  -18.258  -69.741  29.929 0.0000000000
117804  -21.398  -61.668  18.834 0.0000000000
117806  -21.897  -62.635  18.901 0.0000000000
117807  -22.188  -63.450  18.593 0.0000000000
117808  -21.951  -62.925  19.803 0.0000000000
117809  -22.197  -63.639  19.013 0.0000000000
117810  -22.299  -64.354  18.171 0.0000000000
117811  -22.233  -65.212  17.708 0.0000000000
117812  -22.043  -66.012  17.232 0.0000000000
117813  -21.729  -66.754  16.748 0.0000000000
120330  -20.207  -66.851  24.391 0.0000000000
120331  -20.291  -67.902  23.773 0.0000000000
120332  -20.264  -68.972  23.137 0.0000000000
120333  -20.166  -69.994  22.514 0.0000000000
120334  -19.334  -71.997  24.563 0.0000000000
120335  -19.400  -72.044  24.066 0.0000000000
122232  -16.928  -74.882  38.072 0.0000000000
122233  -17.076  -75.598  37.517 0.0000000000
122234  -17.130  -76.316  36.993 0.0000000000
122235  -17.253  -77.021  36.552 0.0000000000
122236  -17.245  -76.953  37.093 0.0000000000
122237  -17.323  -77.628  37.222 0.0000000000
122238  -17.449  -78.360  37.387 0.0000000000
122239  -17.401  -77.678  38.258 0.0000000000
122240  -17.485  -78.349  37.912 0.0000000000
122241  -17.616  -79.106  37.609 0.0000000000
122242  -17.764  -79.771  37.898 0.0000000000
122243  -17.887  -80.395  38.248 0.0000000000
122253  -15.056  -76.928  45.103 0.0000000000
122254  -15.580  -77.069  44.832 0.0000000000
122255  -16.009  -77.222  44.514 0.0000000000
122257  -19.402  -77.112  42.054 0.0000000000
122263  -19.954  -79.035  41.832 0.0000000000
122264  -19.927  -79.478  41.804 0.0000000000
126371  -19.637  -60.804  12.105 0.0000000000
126372  -20.029  -61.519  11.304 0.0000000000
126373  -20.020  -61.312  11.812 0.0000000000
126374  -20.305  -61.964  11.534 0.0000000000
126376  -20.324  -61.640  12.598 0.0000000000
126377  -20.532  -62.430  11.752 0.0000000000
126467  -17.023  -71.122  32.794 0.0000000000
126468  -17.380  -71.991  32.616 0.0000000000
126469  -17.975  -73.047  31.782 0.0000000000
126470  -18.368  -74.127  30.957 0.0000000000
126471  -18.176  -74.963  31.487 0.0000000000
126472  -18.349  -75.125  30.794 0.0000000000
126473  -18.448  -75.213  30.220 0.0000000000
126474  -18.236  -76.306  29.419 0.0000000000
126936  -18.582  -59.430  13.227 0.0000000000
126937  -19.160  -60.066  12.720 0.0000000000
130244  -19.182  -69.066  26.596 0.0000000000
130245  -19.326  -70.042  26.039 0.0000000000
130252  -18.954  -69.025  27.511 0.0000000000
130253  -19.212  -70.013  26.540 0.0000000000
130254  -19.383  -71.010  25.548 0.0000000000
130255  -19.279  -72.008  25.062 0.0000000000
130258  -19.030  -72.745  25.710 0.0000000000
131973  -16.551  -75.884  41.220 0.0000000000
131977  -16.753  -74.756  43.271 0.0000000000
131978  -17.182  -74.963  43.029 0.0000000000
131980  -17.468  -74.627  42.520 0.0000000000
131981  -17.634  -75.151  42.810 0.0000000000
131982  -18.150  -75.384  42.432 0.0000000000
135707  -20.026  -60.198  16.302 0.0000000000
135708  -20.319  -60.887  15.515 0.0000000000
135709  -20.474  -60.936  16.003 0.0000000000
135710  -20.856  -61.683  15.625 0.0000000000
135711  -21.115  -62.416  15.186 0.0000000000
135712  -21.180  -61.840  16.515 0.0000000000
135713  -21.259  -62.463  15.669 0.0000000000
135714  -21.289  -63.138  14.768 0.0000000000
135715  -21.357  -63.853  14.312 0.0000000000
135718  -21.725  -62.254  18.132 0.0000000000
135719  -21.890  -62.868  17.393 0.0000000000
135720  -21.863  -63.562  16.576 0.0000000000
135721  -21.991  -64.560  16.524 0.0000000000
135722  -21.865  -64.386  16.118 0.0000000000
135723  -21.716  -64.267  15.677 0.0000000000
135793  -18.169  -78.288  32.501 0.0000000000
135794  -18.054  -78.430  31.923 0.0000000000
142379  -20.492  -62.429  22.835 0.0000000000
142380  -21.080  -63.070  22.182 0.0000000000
142381  -20.946  -63.255  22.567 0.0000000000
142382  -21.313  -64.149  22.234 0.0000000000
142383  -21.573  -65.077  21.877 0.0000000000
142384  -20.933  -64.385  23.053 0.0000000000
142385  -21.385  -65.184  22.284 0.0000000000
142386  -21.684  -65.997  21.496 0.0000000000
142387  -21.661  -66.941  20.929 0.0000000000
142388  -21.554  -67.889  20.339 0.0000000000
142389  -21.331  -68.814  19.725 0.0000000000
142392  -20.952  -66.616  22.886 0.0000000000
142393  -20.778  -67.655  22.686 0.0000000000
142394  -20.976  -67.606  22.350 0.0000000000
142395  -21.166  -67.478  22.014 0.0000000000
142396  -21.243  -68.250  21.080 0.0000000000
142397  -21.193  -69.008  20.123 0.0000000000
142398  -20.988  -69.639  19.114 0.0000000000
142410  -19.434  -67.054  25.950 0.0000000000
142411  -19.468  -68.074  25.856 0.0000000000
142412  -19.667  -68.066  25.387 0.0000000000
142413  -19.831  -67.987  24.971 0.0000000000
142414  -20.015  -69.001  23.924 0.0000000000
142415  -20.065  -70.000  22.866 0.0000000000
142416  -20.006  -70.884  21.939 0.0000000000
142417  -19.495  -71.950  23.650 0.0000000000
142873  -19.823  -61.879  23.321 0.0000000000
147315  -17.152  -72.718  33.479 0.0000000000
147317  -16.949  -72.727  33.951 0.0000000000
147318  -17.430  -73.646  33.277 0.0000000000
147319  -17.689  -74.559  33.148 0.0000000000
147320  -17.830  -75.454  33.082 0.0000000000
147321  -17.874  -76.325  33.052 0.0000000000
147341  -16.292  -72.638  35.971 0.0000000000
147342  -16.697  -73.440  35.278 0.0000000000
147343  -16.833  -74.166  35.623 0.0000000000
147344  -16.945  -74.277  35.102 0.0000000000
147345  -17.106  -74.266  34.601 0.0000000000
147346  -17.452  -75.151  34.024 0.0000000000
147347  -17.760  -76.184  33.557 0.0000000000
147348  -18.035  -77.223  33.007 0.0000000000
147349  -18.088  -78.102  33.025 0.0000000000
147350  -18.078  -78.968  33.109 0.0000000000
147351  -18.029  -79.762  33.257 0.0000000000
147352  -18.007  -78.460  34.187 0.0000000000
147353  -18.126  -79.510  33.783 0.0000000000
147358  -17.452  -77.796  36.102 0.0000000000
147359  -17.741  -78.649  35.802 0.0000000000
147401  -16.347  -76.037  41.688 0.0000000000
147402  -16.865  -76.439  41.287 0.0000000000
147404  -16.201  -75.795  44.358 0.0000000000
147405  -16.289  -76.266  44.504 0.0000000000
147406  -17.002  -76.311  43.836 0.0000000000
147407  -16.688  -76.454  44.280 0.0000000000
147408  -16.316  -76.635  44.589 0.0000000000
147409  -16.342  -76.943  44.560 0.0000000000
147410  -16.384  -77.188  44.385 0.0000000000
147411  -16.424  -77.335  44.144 0.0000000000
147412  -19.056  -77.359  42.625 0.0000000000
147413  -18.684  -77.519  43.109 0.0000000000
147414  -18.255  -77.599  43.472 0.0000000000
147415  -18.882  -78.461  43.107 0.0000000000
147416  -18.338  -78.043  43.392 0.0000000000
147417  -17.709  -77.672  43.677 0.0000000000
147418  -17.238  -77.608  43.875 0.0000000000
147419  -16.849  -77.511  43.859 0.0000000000
147420  -16.426  -77.411  43.931 0.0000000000
147421  -16.471  -77.370  43.630 0.0000000000
147422  -16.562  -77.335  43.233 0.0000000000
147423  -16.703  -77.279  42.830 0.0000000000
147424  -17.569  -78.207  42.705 0.0000000000
147425  -17.192  -77.702  42.540 0.0000000000
147426  -16.849  -77.229  42.409 0.0000000000
147427  -16.964  -77.102  41.955 0.0000000000
147428  -17.056  -77.066  41.447 0.0000000000
147429  -17.193  -77.050  40.900 0.0000000000
147430  -17.480  -77.726  40.483 0.0000000000
147431  -17.638  -78.383  40.189 0.0000000000
147432  -17.747  -78.988  39.938 0.0000000000
147433  -18.052  -79.519  40.799 0.0000000000
147434  -17.959  -79.528  40.244 0.0000000000
147435  -17.808  -79.573  39.645 0.0000000000
147436  -17.893  -80.179  39.376 0.0000000000
158014  -21.405  -62.441  9.362 0.0000000000
158020  -20.471  -62.224  10.530 0.0000000000
158038  -20.551  -61.583  14.609 0.0000000000
158039  -20.731  -62.285  13.704 0.0000000000
158092  -21.643  -63.730  21.479 0.0000000000
158093  -21.987  -64.419  20.739 0.0000000000
158094  -22.190  -65.123  19.892 0.0000000000
158095  -22.106  -66.281  19.836 0.0000000000
158096  -22.190  -66.045  19.436 0.0000000000
158097  -22.245  -65.819  19.006 0.0000000000
158098  -22.104  -66.465  18.089 0.0000000000
158099  -21.757  -66.953  17.169 0.0000000000
158262  -18.617  -70.609  29.701 0.0000000000
158263  -17.352  -71.221  32.170 0.0000000000
158264  -17.687  -71.304  31.574 0.0000000000
158265  -17.996  -71.379  30.984 0.0000000000
158266  -18.537  -73.392  29.951 0.0000000000
158267  -18.413  -72.407  30.186 0.0000000000
158268  -18.202  -71.434  30.445 0.0000000000
158269  -18.466  -71.483  29.888 0.0000000000
158270  -18.754  -71.584  29.292 0.0000000000
158271  -18.845  -71.672  28.737 0.0000000000
158272  -18.912  -72.774  27.795 0.0000000000
158273  -18.821  -73.785  26.894 0.0000000000
158274  -18.456  -74.585  26.069 0.0000000000
159461  -17.613  -59.850  10.134 0.0000000000
159462  -17.998  -60.304  10.565 0.0000000000
159463  -18.207  -60.273  10.200 0.0000000000
159464  -18.537  -60.161  9.885 0.0000000000
159465  -19.471  -60.515  9.595 0.0000000000
159466  -20.315  -60.894  9.343 0.0000000000
159467  -20.582  -60.773  9.140 0.0000000000
160195  -19.996  -60.051  9.089 0.0000000000
160196  -20.331  -60.395  9.168 0.0000000000
