#!ascii label  , from subject fsaverage vox2ras=TkReg
633
386  -9.711  42.693  45.356 0.0000000000
495  -13.784  30.659  48.954 0.0000000000
1086  -18.036  34.182  49.238 0.0000000000
1861  -6.178  44.360  43.506 0.0000000000
1862  -7.937  39.426  48.942 0.0000000000
2132  -12.409  36.986  47.494 0.0000000000
2133  -9.608  33.749  51.471 0.0000000000
2140  -15.086  24.552  52.345 0.0000000000
3006  -20.690  29.998  50.759 0.0000000000
4090  -8.762  45.600  43.285 0.0000000000
4092  -7.599  44.226  45.258 0.0000000000
4093  -6.932  42.085  46.516 0.0000000000
4094  -8.845  41.402  47.362 0.0000000000
4698  -15.921  32.553  48.955 0.0000000000
4699  -15.254  35.426  48.042 0.0000000000
4700  -13.228  33.934  48.563 0.0000000000
4701  -10.888  35.353  49.283 0.0000000000
4702  -11.413  32.307  50.067 0.0000000000
6562  -19.412  34.757  47.283 0.0000000000
6564  -18.354  31.111  49.949 0.0000000000
6565  -16.469  29.140  49.114 0.0000000000
8208  -6.107  41.841  44.197 0.0000000000
8209  -6.762  39.537  47.164 0.0000000000
8210  -6.997  36.885  49.820 0.0000000000
8961  -12.376  40.804  44.571 0.0000000000
8962  -16.900  36.889  47.492 0.0000000000
8963  -14.099  38.197  46.210 0.0000000000
8964  -11.164  39.851  46.515 0.0000000000
8965  -10.115  38.516  48.573 0.0000000000
8966  -8.921  36.669  50.443 0.0000000000
8967  -7.601  34.580  51.838 0.0000000000
8987  -17.230  25.837  50.803 0.0000000000
8988  -14.026  27.223  49.768 0.0000000000
8990  -12.253  25.927  52.438 0.0000000000
8991  -11.459  28.995  50.906 0.0000000000
8992  -9.681  30.550  52.721 0.0000000000
8993  -7.776  31.627  53.531 0.0000000000
8994  -6.841  31.027  51.788 0.0000000000
11770  -9.192  44.235  44.370 0.0000000000
11771  -8.158  45.055  44.302 0.0000000000
11772  -8.648  43.592  45.461 0.0000000000
11773  -8.154  42.844  46.393 0.0000000000
11774  -9.221  42.060  46.366 0.0000000000
12378  -14.864  31.595  48.768 0.0000000000
12379  -14.580  33.241  48.706 0.0000000000
12380  -13.544  32.336  48.922 0.0000000000
12381  -12.342  33.157  49.198 0.0000000000
12382  -12.484  31.478  49.456 0.0000000000
14779  -19.613  30.653  50.590 0.0000000000
14780  -18.680  29.668  50.420 0.0000000000
14781  -17.467  30.174  49.555 0.0000000000
14782  -17.830  28.630  49.976 0.0000000000
18033  -6.359  45.633  42.936 0.0000000000
18039  -6.045  43.036  43.923 0.0000000000
18040  -7.462  40.846  47.790 0.0000000000
18041  -6.785  40.877  46.989 0.0000000000
18042  -7.150  39.607  48.270 0.0000000000
18043  -6.905  38.231  48.512 0.0000000000
18044  -7.419  38.252  49.507 0.0000000000
19852  -13.947  39.963  44.740 0.0000000000
19853  -18.975  34.776  48.593 0.0000000000
19854  -18.277  36.043  47.645 0.0000000000
19855  -17.541  35.590  48.477 0.0000000000
19856  -13.836  36.075  47.472 0.0000000000
19857  -14.719  36.814  47.151 0.0000000000
19858  -13.296  37.633  46.776 0.0000000000
19859  -12.540  38.998  46.127 0.0000000000
19860  -11.831  38.536  47.067 0.0000000000
19861  -10.666  39.281  47.582 0.0000000000
19862  -11.204  37.881  48.037 0.0000000000
19863  -10.316  34.519  50.336 0.0000000000
19864  -9.898  36.135  49.948 0.0000000000
19865  -9.323  35.199  50.979 0.0000000000
19866  -8.248  35.693  51.260 0.0000000000
19867  -8.666  34.337  51.923 0.0000000000
19918  -16.098  24.979  51.304 0.0000000000
19919  -15.552  26.380  49.979 0.0000000000
19920  -14.451  25.605  50.915 0.0000000000
19926  -11.182  26.719  53.125 0.0000000000
19927  -11.655  27.355  51.525 0.0000000000
19928  -10.628  28.174  52.443 0.0000000000
19929  -10.529  29.773  51.821 0.0000000000
19930  -9.812  29.000  53.311 0.0000000000
19932  -7.859  30.348  54.412 0.0000000000
19933  -7.063  30.251  54.003 0.0000000000
19934  -7.087  31.518  52.905 0.0000000000
19935  -6.804  29.759  52.970 0.0000000000
19936  -7.006  29.487  51.682 0.0000000000
19937  -6.857  28.298  53.203 0.0000000000
23842  -20.949  29.901  49.589 0.0000000000
25797  -7.169  45.463  43.862 0.0000000000
25798  -6.747  44.477  44.648 0.0000000000
25799  -6.491  43.294  45.126 0.0000000000
25800  -7.183  43.230  46.022 0.0000000000
25801  -7.793  41.891  47.184 0.0000000000
25802  -8.427  40.443  48.239 0.0000000000
26888  -16.987  33.404  49.250 0.0000000000
26889  -16.704  34.910  48.770 0.0000000000
26890  -15.664  34.081  48.721 0.0000000000
26891  -14.289  34.725  48.193 0.0000000000
26892  -12.916  35.399  47.998 0.0000000000
26893  -11.584  36.168  48.378 0.0000000000
26894  -11.965  34.612  48.744 0.0000000000
26895  -11.252  33.791  49.649 0.0000000000
26896  -10.474  33.046  50.774 0.0000000000
29828  -10.267  43.262  44.259 0.0000000000
30673  -19.281  33.366  49.336 0.0000000000
30674  -20.495  31.247  50.028 0.0000000000
30675  -19.407  32.053  50.025 0.0000000000
30676  -18.221  32.711  49.650 0.0000000000
30677  -17.197  31.803  49.345 0.0000000000
30678  -16.209  30.904  48.951 0.0000000000
30679  -15.076  29.903  48.704 0.0000000000
34929  -6.386  42.047  45.583 0.0000000000
34930  -6.428  40.816  45.755 0.0000000000
34934  -6.640  35.373  49.861 0.0000000000
37130  -11.575  42.212  43.905 0.0000000000
37131  -10.917  41.807  44.854 0.0000000000
37134  -16.106  38.166  46.417 0.0000000000
37135  -16.113  36.229  47.841 0.0000000000
37136  -15.437  37.526  46.877 0.0000000000
37137  -14.772  38.742  45.859 0.0000000000
37138  -13.303  39.423  45.366 0.0000000000
37139  -11.719  40.371  45.451 0.0000000000
37140  -10.388  41.296  45.946 0.0000000000
37141  -9.953  40.663  47.017 0.0000000000
37142  -9.572  39.988  48.013 0.0000000000
37143  -9.009  39.048  48.950 0.0000000000
37144  -10.563  36.923  48.982 0.0000000000
37145  -9.529  37.633  49.489 0.0000000000
37146  -8.429  38.077  49.761 0.0000000000
37147  -7.841  37.016  50.441 0.0000000000
37148  -7.233  35.786  50.946 0.0000000000
37149  -6.836  34.371  51.001 0.0000000000
37206  -19.555  26.931  51.937 0.0000000000
37208  -18.654  25.769  51.985 0.0000000000
37209  -18.193  26.987  50.727 0.0000000000
37210  -16.728  27.364  49.682 0.0000000000
37211  -15.199  28.064  49.117 0.0000000000
37212  -13.849  28.930  49.182 0.0000000000
37215  -14.241  24.024  53.501 0.0000000000
37218  -13.639  25.125  52.161 0.0000000000
37219  -12.961  26.505  50.949 0.0000000000
37220  -12.589  28.118  50.142 0.0000000000
37221  -12.495  29.753  49.692 0.0000000000
37222  -11.372  30.591  50.479 0.0000000000
37223  -10.500  31.338  51.333 0.0000000000
37224  -9.611  32.144  52.139 0.0000000000
37225  -8.887  29.761  54.107 0.0000000000
37226  -8.769  31.252  53.428 0.0000000000
37227  -8.724  32.800  52.725 0.0000000000
37228  -7.800  33.106  52.686 0.0000000000
37229  -7.076  32.953  51.971 0.0000000000
37230  -6.762  32.461  50.812 0.0000000000
37231  -6.946  30.817  50.521 0.0000000000
42490  -9.442  43.519  44.917 0.0000000000
42491  -8.914  43.941  44.931 0.0000000000
42492  -9.168  43.132  45.460 0.0000000000
42493  -8.918  42.834  45.976 0.0000000000
42494  -9.447  42.369  45.881 0.0000000000
43098  -14.324  31.096  48.795 0.0000000000
43099  -14.243  31.899  48.835 0.0000000000
43100  -13.660  31.490  48.945 0.0000000000
43101  -13.010  31.902  49.148 0.0000000000
43102  -13.101  31.038  49.172 0.0000000000
45499  -19.321  29.489  50.898 0.0000000000
45500  -18.888  28.970  50.695 0.0000000000
45501  -18.263  29.158  50.204 0.0000000000
45502  -18.493  28.428  50.505 0.0000000000
48753  -6.261  45.002  43.234 0.0000000000
48759  -6.100  43.700  43.743 0.0000000000
48760  -7.752  40.155  48.394 0.0000000000
48761  -7.345  40.280  48.061 0.0000000000
48762  -7.522  39.562  48.665 0.0000000000
48763  -7.302  38.925  48.888 0.0000000000
48764  -7.681  38.892  49.246 0.0000000000
50571  -14.250  40.168  44.525 0.0000000000
50572  -14.697  39.590  45.090 0.0000000000
50573  -18.528  34.525  48.989 0.0000000000
50574  -18.277  35.208  48.573 0.0000000000
50575  -17.831  34.880  48.891 0.0000000000
50576  -13.116  36.517  47.371 0.0000000000
50577  -13.584  36.831  47.130 0.0000000000
50578  -12.846  37.342  47.133 0.0000000000
50579  -12.526  38.103  46.866 0.0000000000
50580  -12.145  37.785  47.305 0.0000000000
50581  -11.528  38.219  47.575 0.0000000000
50582  -11.768  37.426  47.748 0.0000000000
50583  -9.955  34.152  50.882 0.0000000000
50584  -9.816  34.876  50.645 0.0000000000
50585  -9.491  34.484  51.176 0.0000000000
50586  -9.019  34.784  51.460 0.0000000000
50587  -9.166  34.071  51.742 0.0000000000
50637  -16.373  24.540  52.153 0.0000000000
50638  -15.609  24.713  51.804 0.0000000000
50639  -15.298  25.241  51.019 0.0000000000
50640  -14.810  25.040  51.573 0.0000000000
50645  -10.970  26.427  53.907 0.0000000000
50646  -10.666  27.100  53.522 0.0000000000
50647  -10.847  27.429  52.767 0.0000000000
50648  -10.362  27.833  53.188 0.0000000000
50649  -10.226  28.607  52.905 0.0000000000
50650  -9.961  28.241  53.617 0.0000000000
50653  -6.924  29.481  54.153 0.0000000000
50654  -6.875  30.069  53.570 0.0000000000
50655  -6.829  29.242  53.647 0.0000000000
50656  -6.809  29.036  53.060 0.0000000000
50657  -6.784  28.486  53.774 0.0000000000
58353  -7.875  44.688  44.790 0.0000000000
58354  -7.657  45.274  44.139 0.0000000000
58355  -7.390  44.867  44.565 0.0000000000
58356  -6.936  45.031  44.221 0.0000000000
58357  -7.143  44.402  44.991 0.0000000000
58358  -6.955  43.869  45.354 0.0000000000
58359  -7.354  43.770  45.674 0.0000000000
58360  -8.480  42.119  46.897 0.0000000000
58361  -7.943  42.402  46.785 0.0000000000
58362  -8.312  41.690  47.330 0.0000000000
58363  -8.130  41.198  47.760 0.0000000000
58364  -8.627  40.956  47.789 0.0000000000
60173  -16.463  33.012  49.119 0.0000000000
60174  -16.357  33.778  49.027 0.0000000000
60175  -15.784  33.390  48.875 0.0000000000
60176  -13.915  33.588  48.629 0.0000000000
60177  -14.419  34.019  48.493 0.0000000000
60178  -13.773  34.355  48.315 0.0000000000
60179  -13.607  35.059  48.044 0.0000000000
60180  -13.106  34.671  48.268 0.0000000000
60181  -12.427  34.975  48.320 0.0000000000
60182  -12.611  34.273  48.577 0.0000000000
60183  -11.867  32.723  49.610 0.0000000000
60184  -11.750  33.452  49.411 0.0000000000
60185  -11.353  33.045  49.868 0.0000000000
60186  -10.871  33.387  50.211 0.0000000000
60187  -10.930  32.650  50.414 0.0000000000
65563  -10.024  43.923  43.831 0.0000000000
65564  -10.579  43.407  43.805 0.0000000000
67371  -19.699  33.554  48.873 0.0000000000
67372  -19.833  32.917  49.323 0.0000000000
67373  -20.944  30.087  50.250 0.0000000000
67374  -20.837  30.788  49.884 0.0000000000
67375  -20.597  30.692  50.385 0.0000000000
67376  -19.002  30.896  50.299 0.0000000000
67377  -19.502  31.359  50.279 0.0000000000
67378  -18.890  31.675  50.056 0.0000000000
67379  -18.829  32.372  49.832 0.0000000000
67380  -18.289  31.927  49.792 0.0000000000
67381  -17.706  32.277  49.544 0.0000000000
67382  -17.788  31.471  49.632 0.0000000000
67383  -16.971  29.681  49.311 0.0000000000
67384  -16.834  30.495  49.216 0.0000000000
67385  -16.297  29.996  48.992 0.0000000000
67386  -15.659  30.315  48.779 0.0000000000
67387  -15.752  29.481  48.837 0.0000000000
77155  -5.994  42.256  43.252 0.0000000000
77160  -6.698  42.714  45.849 0.0000000000
77161  -6.418  42.689  45.372 0.0000000000
77162  -6.629  42.083  46.077 0.0000000000
77163  -6.753  40.208  47.096 0.0000000000
77164  -6.578  40.854  46.415 0.0000000000
77165  -6.592  40.144  46.479 0.0000000000
77166  -6.495  40.037  45.833 0.0000000000
77169  -6.736  38.793  47.258 0.0000000000
77170  -6.943  37.563  49.169 0.0000000000
77171  -6.794  37.490  48.596 0.0000000000
77172  -6.812  36.834  49.247 0.0000000000
77174  -6.812  36.150  49.869 0.0000000000
82593  -12.713  40.973  44.201 0.0000000000
82594  -12.301  41.671  43.840 0.0000000000
82595  -11.954  41.505  44.233 0.0000000000
82596  -11.252  42.031  44.367 0.0000000000
82597  -11.613  41.318  44.652 0.0000000000
82600  -18.998  35.375  46.867 0.0000000000
82601  -17.579  36.514  47.602 0.0000000000
82602  -17.803  36.671  47.125 0.0000000000
82603  -17.164  37.162  47.091 0.0000000000
82604  -16.743  37.793  46.585 0.0000000000
82605  -16.514  37.532  46.943 0.0000000000
82606  -15.969  35.188  48.387 0.0000000000
82607  -16.412  35.552  48.320 0.0000000000
82608  -15.692  35.820  47.944 0.0000000000
82609  -14.399  37.535  46.685 0.0000000000
82610  -15.090  37.218  47.001 0.0000000000
82611  -14.764  37.863  46.524 0.0000000000
82612  -15.103  38.146  46.363 0.0000000000
82613  -14.429  38.475  46.030 0.0000000000
82614  -14.084  39.048  45.557 0.0000000000
82615  -13.700  38.777  45.783 0.0000000000
82616  -11.837  39.438  46.298 0.0000000000
82617  -12.134  39.655  45.790 0.0000000000
82618  -11.458  40.133  45.997 0.0000000000
82619  -11.040  40.853  45.675 0.0000000000
82620  -10.792  40.563  46.236 0.0000000000
82621  -10.093  40.956  46.476 0.0000000000
82622  -10.534  40.247  46.774 0.0000000000
82623  -10.405  38.968  48.108 0.0000000000
82624  -10.070  39.710  47.853 0.0000000000
82625  -9.877  39.240  48.307 0.0000000000
82626  -9.329  39.527  48.494 0.0000000000
82627  -9.603  38.787  48.796 0.0000000000
82628  -11.225  35.749  48.824 0.0000000000
82629  -11.050  36.560  48.664 0.0000000000
82630  -10.696  36.151  49.121 0.0000000000
82631  -9.414  36.415  50.228 0.0000000000
82632  -9.712  36.898  49.724 0.0000000000
82633  -9.223  37.169  49.955 0.0000000000
82634  -8.995  37.933  49.663 0.0000000000
82635  -8.690  37.422  50.100 0.0000000000
82636  -8.138  37.554  50.126 0.0000000000
82637  -8.386  36.889  50.525 0.0000000000
82638  -7.942  35.195  51.637 0.0000000000
82639  -7.721  35.817  51.179 0.0000000000
82640  -7.417  35.221  51.414 0.0000000000
82641  -6.990  35.135  51.064 0.0000000000
82642  -7.157  34.538  51.516 0.0000000000
82789  -17.499  25.250  51.507 0.0000000000
82790  -18.197  25.221  52.134 0.0000000000
82791  -17.988  25.717  51.419 0.0000000000
82792  -18.471  26.347  51.303 0.0000000000
82793  -17.744  26.389  50.693 0.0000000000
82794  -17.515  27.148  50.184 0.0000000000
82795  -16.964  26.550  50.153 0.0000000000
82796  -14.766  26.773  49.829 0.0000000000
82797  -15.356  27.189  49.505 0.0000000000
82798  -14.624  27.578  49.388 0.0000000000
82799  -14.508  28.476  49.066 0.0000000000
82800  -13.919  28.035  49.376 0.0000000000
82812  -12.024  25.675  53.202 0.0000000000
82814  -12.592  25.292  53.011 0.0000000000
82815  -13.250  24.907  52.900 0.0000000000
82816  -12.905  25.509  52.279 0.0000000000
82817  -13.279  25.771  51.504 0.0000000000
82818  -12.563  26.178  51.669 0.0000000000
82819  -11.494  28.157  51.189 0.0000000000
82820  -12.072  27.702  50.797 0.0000000000
82821  -11.973  28.531  50.497 0.0000000000
82822  -12.525  28.946  49.876 0.0000000000
82823  -11.937  29.378  50.246 0.0000000000
82824  -11.892  30.186  50.058 0.0000000000
82825  -11.367  29.795  50.687 0.0000000000
82826  -10.106  30.144  52.297 0.0000000000
82827  -10.488  30.503  51.567 0.0000000000
82828  -10.073  30.923  52.019 0.0000000000
82829  -10.056  31.719  51.745 0.0000000000
82830  -9.639  31.336  52.426 0.0000000000
82832  -9.084  28.996  54.444 0.0000000000
82833  -8.564  29.308  54.739 0.0000000000
82834  -7.817  30.929  53.966 0.0000000000
82835  -8.298  30.761  53.987 0.0000000000
82836  -8.251  31.510  53.566 0.0000000000
82837  -8.739  32.094  53.082 0.0000000000
82838  -8.232  32.297  53.173 0.0000000000
82839  -8.229  32.969  52.813 0.0000000000
82840  -7.777  32.403  53.111 0.0000000000
82841  -6.912  31.295  52.403 0.0000000000
82842  -7.115  32.223  52.433 0.0000000000
82843  -6.922  31.978  51.922 0.0000000000
82844  -6.845  32.695  51.435 0.0000000000
82845  -6.826  31.738  51.287 0.0000000000
82846  -6.832  31.652  50.664 0.0000000000
82847  -6.852  30.946  51.150 0.0000000000
94914  -8.969  44.913  43.832 0.0000000000
94915  -8.446  45.355  43.804 0.0000000000
94916  -8.669  44.680  44.362 0.0000000000
94917  -8.397  44.357  44.904 0.0000000000
94918  -8.127  43.961  45.391 0.0000000000
94919  -7.875  43.546  45.837 0.0000000000
94920  -8.397  43.238  45.943 0.0000000000
94921  -8.682  42.492  46.453 0.0000000000
94922  -9.000  41.790  46.888 0.0000000000
96008  -15.400  32.048  48.817 0.0000000000
96009  -15.276  32.867  48.780 0.0000000000
96010  -14.753  32.420  48.764 0.0000000000
96011  -14.077  32.770  48.785 0.0000000000
96012  -13.402  33.180  48.787 0.0000000000
96013  -12.794  33.563  48.834 0.0000000000
96014  -12.915  32.765  49.044 0.0000000000
96015  -12.410  32.321  49.386 0.0000000000
96016  -11.926  31.907  49.743 0.0000000000
100328  -20.279  29.693  51.117 0.0000000000
100329  -20.183  30.375  50.770 0.0000000000
100330  -19.734  29.981  50.933 0.0000000000
100331  -19.141  30.170  50.583 0.0000000000
100332  -18.483  30.375  50.145 0.0000000000
100333  -17.904  30.696  49.764 0.0000000000
100334  -18.036  29.910  49.934 0.0000000000
100335  -17.619  29.407  49.697 0.0000000000
100336  -17.194  28.857  49.480 0.0000000000
106198  -5.937  42.863  43.127 0.0000000000
106199  -6.054  42.424  44.027 0.0000000000
106200  -7.172  41.514  47.176 0.0000000000
106201  -6.841  41.488  46.757 0.0000000000
106202  -7.066  40.919  47.418 0.0000000000
106203  -6.988  40.284  47.615 0.0000000000
106204  -6.921  39.624  47.744 0.0000000000
106205  -6.860  38.910  47.828 0.0000000000
106206  -7.037  38.946  48.399 0.0000000000
106207  -7.123  38.269  49.051 0.0000000000
106208  -7.187  37.574  49.700 0.0000000000
109460  -13.823  40.777  44.031 0.0000000000
109461  -13.470  40.578  44.236 0.0000000000
109462  -13.189  40.343  44.562 0.0000000000
109463  -19.308  34.823  48.020 0.0000000000
109464  -18.908  35.476  47.552 0.0000000000
109465  -18.671  35.404  48.131 0.0000000000
109466  -17.971  35.865  48.121 0.0000000000
109467  -17.249  36.256  48.033 0.0000000000
109468  -14.546  35.696  47.671 0.0000000000
109469  -15.028  36.071  47.607 0.0000000000
109470  -14.302  36.420  47.297 0.0000000000
109471  -14.002  37.176  46.887 0.0000000000
109472  -13.689  37.892  46.424 0.0000000000
109473  -13.316  38.535  46.081 0.0000000000
109474  -12.918  38.346  46.444 0.0000000000
109475  -12.181  38.795  46.572 0.0000000000
109476  -11.484  39.177  46.777 0.0000000000
109477  -10.902  39.561  47.043 0.0000000000
109478  -11.221  38.902  47.298 0.0000000000
109479  -10.971  38.594  47.825 0.0000000000
109480  -10.668  38.203  48.329 0.0000000000
109481  -10.591  34.963  49.791 0.0000000000
109482  -10.390  35.753  49.633 0.0000000000
109483  -10.114  35.304  50.146 0.0000000000
109484  -9.595  35.666  50.464 0.0000000000
109485  -9.131  35.933  50.735 0.0000000000
109486  -8.605  36.169  50.898 0.0000000000
109487  -8.808  35.479  51.183 0.0000000000
109488  -8.475  35.017  51.604 0.0000000000
109489  -8.136  34.513  51.972 0.0000000000
109579  -16.893  24.870  51.763 0.0000000000
109580  -16.638  25.336  50.975 0.0000000000
109581  -16.406  26.014  50.340 0.0000000000
109582  -15.812  25.557  50.582 0.0000000000
109583  -14.986  25.904  50.342 0.0000000000
109584  -14.179  26.387  50.294 0.0000000000
109593  -11.524  26.052  53.551 0.0000000000
109594  -11.666  26.355  52.726 0.0000000000
109595  -11.904  26.605  51.899 0.0000000000
109596  -11.354  27.034  52.318 0.0000000000
109597  -11.113  27.767  51.941 0.0000000000
109598  -10.994  28.571  51.647 0.0000000000
109599  -10.956  29.376  51.374 0.0000000000
109600  -10.568  29.006  52.087 0.0000000000
109601  -10.153  29.397  52.571 0.0000000000
109602  -9.724  29.769  52.984 0.0000000000
109604  -8.023  29.569  54.851 0.0000000000
109606  -7.424  30.337  54.262 0.0000000000
109607  -7.396  30.963  53.759 0.0000000000
109608  -7.373  31.629  53.310 0.0000000000
109609  -7.068  30.869  53.453 0.0000000000
109610  -6.856  30.664  52.962 0.0000000000
109611  -6.835  30.379  52.349 0.0000000000
109612  -6.911  30.261  51.685 0.0000000000
109613  -6.878  29.620  52.333 0.0000000000
109614  -6.924  28.884  52.405 0.0000000000
109615  -6.994  28.127  52.552 0.0000000000
121631  -7.900  45.760  43.695 0.0000000000
121632  -7.413  45.957  43.462 0.0000000000
121634  -6.728  45.620  43.452 0.0000000000
121635  -6.563  45.060  43.785 0.0000000000
121636  -6.420  44.447  44.128 0.0000000000
121637  -6.303  43.859  44.362 0.0000000000
121638  -6.604  43.882  44.896 0.0000000000
121639  -6.813  43.282  45.617 0.0000000000
121640  -7.046  42.667  46.285 0.0000000000
121641  -7.639  43.087  46.243 0.0000000000
121642  -7.437  42.586  46.595 0.0000000000
121643  -7.316  42.022  46.919 0.0000000000
121644  -7.626  41.374  47.515 0.0000000000
121645  -7.919  40.668  48.086 0.0000000000
121646  -8.208  39.924  48.639 0.0000000000
124178  -17.483  33.832  49.315 0.0000000000
124179  -17.338  34.547  49.052 0.0000000000
124180  -16.844  34.191  49.085 0.0000000000
124181  -16.205  34.546  48.778 0.0000000000
124182  -15.477  34.773  48.431 0.0000000000
124183  -15.083  33.700  48.650 0.0000000000
124184  -14.945  34.393  48.439 0.0000000000
124185  -14.765  35.053  48.124 0.0000000000
124186  -14.069  35.365  47.834 0.0000000000
124187  -13.374  35.762  47.708 0.0000000000
124188  -12.669  36.149  47.682 0.0000000000
124189  -11.984  36.581  47.927 0.0000000000
124190  -12.193  35.691  48.102 0.0000000000
124191  -11.783  35.320  48.568 0.0000000000
124192  -11.436  34.925  48.988 0.0000000000
124193  -12.161  33.882  48.971 0.0000000000
124194  -11.576  34.172  49.197 0.0000000000
124195  -11.095  34.558  49.445 0.0000000000
124196  -10.770  34.182  49.974 0.0000000000
124197  -10.438  33.782  50.559 0.0000000000
124198  -10.048  33.437  51.152 0.0000000000
131429  -9.268  45.138  43.300 0.0000000000
131430  -9.474  44.445  43.823 0.0000000000
131431  -9.723  43.746  44.333 0.0000000000
131432  -9.995  43.007  44.801 0.0000000000
133722  -19.150  34.075  48.965 0.0000000000
133723  -18.662  33.832  49.321 0.0000000000
133724  -20.821  30.452  49.147 0.0000000000
133725  -20.735  31.293  49.392 0.0000000000
133726  -20.411  31.868  49.591 0.0000000000
133727  -20.081  31.025  50.410 0.0000000000
133728  -20.000  31.665  50.076 0.0000000000
133729  -19.948  32.323  49.703 0.0000000000
133730  -19.384  32.693  49.684 0.0000000000
133731  -18.777  33.087  49.584 0.0000000000
133732  -18.164  33.490  49.483 0.0000000000
133733  -17.593  33.068  49.500 0.0000000000
133734  -17.103  32.606  49.307 0.0000000000
133735  -16.571  32.210  49.175 0.0000000000
133736  -17.324  30.987  49.434 0.0000000000
133737  -16.726  31.321  49.152 0.0000000000
133738  -16.063  31.702  48.962 0.0000000000
133739  -15.524  31.219  48.813 0.0000000000
133740  -14.964  30.743  48.736 0.0000000000
133741  -14.409  30.284  48.800 0.0000000000
145809  -6.229  43.210  44.588 0.0000000000
145810  -6.199  42.582  44.775 0.0000000000
145811  -6.205  41.983  44.933 0.0000000000
145812  -6.591  41.482  46.283 0.0000000000
145813  -6.388  41.518  45.715 0.0000000000
145821  -6.744  38.111  48.003 0.0000000000
145826  -6.635  34.640  49.862 0.0000000000
152358  -11.244  42.880  43.595 0.0000000000
152359  -10.911  42.774  44.079 0.0000000000
152360  -10.594  42.585  44.576 0.0000000000
152361  -10.309  42.274  45.083 0.0000000000
152365  -18.445  36.099  47.057 0.0000000000
152369  -16.386  38.414  46.078 0.0000000000
152370  -15.790  38.776  45.943 0.0000000000
152371  -17.128  35.211  48.709 0.0000000000
152372  -16.846  35.949  48.210 0.0000000000
152373  -16.527  36.597  47.718 0.0000000000
152374  -15.426  36.507  47.467 0.0000000000
152375  -15.791  36.868  47.379 0.0000000000
152376  -16.183  37.211  47.216 0.0000000000
152377  -15.823  37.849  46.688 0.0000000000
152378  -15.481  38.445  46.181 0.0000000000
152379  -15.118  39.030  45.667 0.0000000000
152380  -14.424  39.312  45.349 0.0000000000
152381  -13.675  39.679  45.063 0.0000000000
152382  -12.872  40.113  44.935 0.0000000000
152383  -12.915  39.187  45.725 0.0000000000
152384  -12.503  39.888  45.336 0.0000000000
152385  -12.009  40.619  44.959 0.0000000000
152386  -11.296  41.089  45.136 0.0000000000
152387  -10.594  41.562  45.378 0.0000000000
152388  -10.032  41.990  45.666 0.0000000000
152389  -9.777  41.664  46.170 0.0000000000
152390  -9.569  41.370  46.694 0.0000000000
152391  -9.399  41.071  47.213 0.0000000000
152392  -10.353  39.948  47.323 0.0000000000
152393  -9.774  40.365  47.520 0.0000000000
152394  -9.224  40.701  47.690 0.0000000000
152395  -9.001  40.266  48.154 0.0000000000
152396  -8.739  39.743  48.615 0.0000000000
152397  -8.470  39.256  49.007 0.0000000000
152398  -11.393  37.036  48.212 0.0000000000
152399  -10.896  37.381  48.523 0.0000000000
152400  -10.348  37.746  48.800 0.0000000000
152401  -10.223  36.535  49.449 0.0000000000
152402  -10.063  37.289  49.246 0.0000000000
152403  -9.849  38.055  49.040 0.0000000000
152404  -9.294  38.380  49.253 0.0000000000
152405  -8.730  38.600  49.362 0.0000000000
152406  -8.188  38.745  49.374 0.0000000000
152407  -7.901  38.193  49.716 0.0000000000
152408  -7.626  37.641  50.002 0.0000000000
152409  -7.373  37.053  50.238 0.0000000000
152410  -8.042  36.354  50.854 0.0000000000
152411  -7.538  36.435  50.711 0.0000000000
152412  -7.092  36.342  50.413 0.0000000000
152413  -6.867  35.654  50.503 0.0000000000
152414  -6.725  34.922  50.488 0.0000000000
152415  -6.658  34.136  50.412 0.0000000000
152591  -18.866  25.240  52.699 0.0000000000
152592  -19.283  25.788  52.544 0.0000000000
152593  -19.104  26.309  51.923 0.0000000000
152594  -18.897  26.936  51.354 0.0000000000
152595  -18.645  27.631  50.844 0.0000000000
152596  -17.957  27.797  50.275 0.0000000000
152597  -17.302  27.998  49.782 0.0000000000
152598  -16.624  28.229  49.334 0.0000000000
152599  -16.161  26.783  49.775 0.0000000000
152600  -15.987  27.659  49.320 0.0000000000
152601  -15.846  28.574  49.006 0.0000000000
152602  -15.084  28.972  48.848 0.0000000000
152603  -14.407  29.367  48.865 0.0000000000
152604  -13.794  29.782  49.044 0.0000000000
152613  -14.652  24.305  52.913 0.0000000000
152621  -13.963  24.591  52.870 0.0000000000
152622  -14.339  24.817  52.176 0.0000000000
152623  -14.009  25.394  51.455 0.0000000000
152624  -13.682  26.088  50.859 0.0000000000
152625  -13.409  26.856  50.315 0.0000000000
152626  -12.253  26.924  51.159 0.0000000000
152627  -12.729  27.268  50.441 0.0000000000
152628  -13.272  27.676  49.890 0.0000000000
152629  -13.220  28.486  49.585 0.0000000000
152630  -13.171  29.329  49.400 0.0000000000
152631  -13.133  30.167  49.262 0.0000000000
152632  -12.481  30.609  49.550 0.0000000000
152633  -11.907  31.028  49.902 0.0000000000
152634  -11.403  31.416  50.260 0.0000000000
152635  -10.912  30.164  51.136 0.0000000000
152636  -10.923  30.977  50.897 0.0000000000
152637  -10.948  31.813  50.659 0.0000000000
152638  -10.493  32.194  51.042 0.0000000000
152639  -10.042  32.570  51.432 0.0000000000
152640  -9.614  32.913  51.831 0.0000000000
152641  -9.542  28.634  54.059 0.0000000000
152642  -9.376  29.380  53.738 0.0000000000
152643  -9.270  30.175  53.422 0.0000000000
152644  -8.388  30.051  54.351 0.0000000000
152645  -8.804  30.505  53.760 0.0000000000
152646  -9.233  30.942  53.107 0.0000000000
152647  -9.185  31.739  52.789 0.0000000000
152648  -9.177  32.514  52.455 0.0000000000
152649  -9.171  33.252  52.106 0.0000000000
152650  -8.709  33.505  52.329 0.0000000000
152651  -8.216  33.702  52.375 0.0000000000
152652  -7.719  33.806  52.245 0.0000000000
152653  -7.403  32.361  52.849 0.0000000000
152654  -7.390  33.084  52.394 0.0000000000
152655  -7.283  33.803  51.948 0.0000000000
152656  -6.954  33.637  51.506 0.0000000000
152657  -6.742  33.421  50.955 0.0000000000
152658  -6.667  33.166  50.323 0.0000000000
152659  -6.752  32.349  50.194 0.0000000000
152660  -6.890  31.530  50.022 0.0000000000
152662  -6.981  30.124  50.989 0.0000000000
152663  -7.112  29.988  50.433 0.0000000000
152669  -6.880  27.537  53.343 0.0000000000
