#!ascii label  , from subject fsaverage vox2ras=TkReg
867
52  -14.617  59.436  13.795 0.0000000000
258  -8.030  64.385  -2.299 0.0000000000
382  -8.849  62.276  8.858 0.0000000000
384  -7.942  60.092  21.673 0.0000000000
738  -8.792  58.243  0.271 0.0000000000
877  -11.516  64.024  12.687 0.0000000000
878  -8.414  61.812  15.621 0.0000000000
879  -11.042  61.215  18.301 0.0000000000
888  -21.570  58.610  12.829 0.0000000000
890  -16.642  61.536  9.521 0.0000000000
891  -11.809  63.856  6.947 0.0000000000
1852  -9.888  57.913  5.532 0.0000000000
1853  -11.179  53.169  8.905 0.0000000000
1871  -12.437  63.051  0.301 0.0000000000
1872  -7.910  62.963  3.604 0.0000000000
2658  -10.360  55.498  1.531 0.0000000000
2797  -13.241  62.349  13.701 0.0000000000
2798  -11.296  63.104  15.629 0.0000000000
2799  -12.958  60.423  16.192 0.0000000000
2808  -17.858  58.279  12.544 0.0000000000
2810  -15.866  60.996  11.695 0.0000000000
2811  -13.843  62.992  11.151 0.0000000000
4072  -8.722  60.246  6.891 0.0000000000
4073  -10.021  57.828  8.806 0.0000000000
4074  -9.472  59.680  10.365 0.0000000000
4075  -7.567  61.260  18.716 0.0000000000
4111  -15.162  62.613  -0.956 0.0000000000
4112  -14.770  61.811  2.108 0.0000000000
4113  -9.333  64.447  8.216 0.0000000000
4114  -9.558  64.050  5.267 0.0000000000
4115  -7.881  62.957  6.315 0.0000000000
4116  -7.634  60.125  4.387 0.0000000000
5936  -7.820  61.469  -0.892 0.0000000000
6187  -9.922  63.837  10.922 0.0000000000
6188  -9.531  61.597  12.326 0.0000000000
6189  -9.678  63.619  14.186 0.0000000000
6190  -9.139  62.920  17.377 0.0000000000
6191  -9.016  61.309  20.233 0.0000000000
6211  -14.339  61.655  5.349 0.0000000000
6212  -14.075  62.523  8.473 0.0000000000
6213  -11.616  64.518  9.799 0.0000000000
7252  -16.613  56.908  15.177 0.0000000000
7253  -14.495  57.352  16.775 0.0000000000
8182  -11.481  55.672  4.384 0.0000000000
8184  -11.475  55.840  7.569 0.0000000000
8187  -9.205  59.450  13.781 0.0000000000
8193  -12.621  58.436  18.936 0.0000000000
8195  -9.387  59.791  23.421 0.0000000000
8232  -12.954  64.094  -2.476 0.0000000000
8233  -10.175  64.377  -0.946 0.0000000000
8234  -12.191  62.883  3.690 0.0000000000
8235  -10.075  63.555  2.242 0.0000000000
8236  -8.336  63.366  0.743 0.0000000000
8237  -7.849  60.509  1.993 0.0000000000
8238  -9.036  57.805  2.866 0.0000000000
10338  -11.493  54.318  2.290 0.0000000000
10477  -13.957  60.923  13.790 0.0000000000
10478  -13.148  61.413  14.924 0.0000000000
10479  -13.797  59.916  15.067 0.0000000000
10488  -16.066  58.679  12.857 0.0000000000
10489  -16.905  59.694  11.928 0.0000000000
10490  -15.165  60.222  12.652 0.0000000000
10491  -14.368  61.665  12.560 0.0000000000
11752  -8.623  61.344  7.798 0.0000000000
11753  -9.355  60.115  8.562 0.0000000000
11754  -9.340  60.978  9.490 0.0000000000
11793  -8.827  63.612  8.566 0.0000000000
11794  -8.506  63.768  7.295 0.0000000000
11795  -8.239  62.694  7.560 0.0000000000
11796  -7.928  61.645  6.613 0.0000000000
13733  -8.283  59.673  -0.239 0.0000000000
13735  -8.290  58.136  -1.149 0.0000000000
14152  -10.625  64.182  11.815 0.0000000000
14153  -10.062  63.486  12.591 0.0000000000
14154  -10.573  63.920  13.430 0.0000000000
14155  -11.293  62.257  16.955 0.0000000000
14156  -10.247  63.271  16.489 0.0000000000
14157  -10.156  62.354  17.974 0.0000000000
14158  -8.966  62.121  18.833 0.0000000000
14159  -9.945  61.419  19.338 0.0000000000
14186  -18.092  61.079  10.212 0.0000000000
14190  -16.693  61.170  8.271 0.0000000000
14191  -15.346  61.563  7.737 0.0000000000
14192  -15.260  61.966  9.034 0.0000000000
14193  -12.643  63.748  11.997 0.0000000000
14194  -12.802  63.790  10.566 0.0000000000
14195  -11.657  64.343  11.282 0.0000000000
14196  -10.547  64.639  10.445 0.0000000000
15996  -18.279  56.711  15.074 0.0000000000
17977  -10.762  56.859  4.914 0.0000000000
17978  -11.668  55.871  5.987 0.0000000000
17979  -10.953  57.034  6.517 0.0000000000
17980  -9.284  57.481  10.341 0.0000000000
17985  -9.038  61.728  14.068 0.0000000000
17986  -9.322  60.521  13.079 0.0000000000
17987  -8.716  60.675  14.770 0.0000000000
18000  -14.533  56.525  18.189 0.0000000000
18001  -13.514  57.838  17.761 0.0000000000
18006  -10.248  59.791  22.458 0.0000000000
18093  -13.710  62.806  -0.394 0.0000000000
18094  -14.124  63.407  -1.802 0.0000000000
18095  -12.641  63.579  -1.170 0.0000000000
18096  -11.483  64.270  -1.752 0.0000000000
18097  -11.303  63.719  -0.344 0.0000000000
18098  -13.059  62.736  6.176 0.0000000000
18099  -13.200  62.351  4.513 0.0000000000
18100  -11.934  63.252  5.385 0.0000000000
18101  -8.590  63.736  4.385 0.0000000000
18102  -9.857  63.698  3.809 0.0000000000
18103  -8.880  63.582  2.990 0.0000000000
18104  -9.141  63.657  1.453 0.0000000000
18105  -8.177  63.072  2.216 0.0000000000
18106  -7.960  62.031  1.469 0.0000000000
18107  -7.533  61.813  2.779 0.0000000000
18108  -8.530  58.935  4.862 0.0000000000
18109  -8.147  58.801  3.571 0.0000000000
18110  -9.328  57.788  4.205 0.0000000000
18111  -10.197  56.767  3.560 0.0000000000
23216  -9.473  56.795  0.896 0.0000000000
23217  -8.836  56.535  -0.556 0.0000000000
23218  -9.701  55.175  0.149 0.0000000000
23467  -12.408  63.428  13.332 0.0000000000
23468  -11.410  63.697  14.186 0.0000000000
23469  -12.347  62.834  14.730 0.0000000000
23470  -12.250  61.930  16.006 0.0000000000
23471  -12.060  60.825  17.187 0.0000000000
23486  -19.717  58.224  12.669 0.0000000000
23487  -20.656  59.486  11.851 0.0000000000
23488  -18.832  59.482  11.791 0.0000000000
23489  -17.691  60.619  11.174 0.0000000000
23490  -16.417  61.527  10.744 0.0000000000
23491  -15.204  62.202  10.288 0.0000000000
23492  -14.931  62.106  11.461 0.0000000000
23493  -13.567  62.866  12.441 0.0000000000
25762  -9.149  59.122  6.167 0.0000000000
25763  -10.267  58.099  7.115 0.0000000000
25764  -9.638  59.171  7.728 0.0000000000
25765  -9.610  58.775  9.589 0.0000000000
25766  -9.332  58.443  11.172 0.0000000000
25768  -7.962  60.628  16.315 0.0000000000
25833  -14.959  62.086  0.472 0.0000000000
25834  -13.534  62.446  1.233 0.0000000000
25835  -10.526  64.505  7.623 0.0000000000
25836  -10.642  64.082  6.149 0.0000000000
25837  -9.428  64.239  6.745 0.0000000000
25838  -8.398  63.789  5.875 0.0000000000
25839  -7.765  62.998  5.052 0.0000000000
25840  -7.369  61.618  4.094 0.0000000000
25841  -7.628  61.718  5.355 0.0000000000
25842  -8.122  60.392  5.636 0.0000000000
29797  -9.348  63.125  9.944 0.0000000000
29798  -9.520  61.784  10.524 0.0000000000
29799  -9.753  62.712  11.647 0.0000000000
29800  -9.526  62.692  13.329 0.0000000000
29801  -8.871  62.873  14.908 0.0000000000
29802  -10.303  63.812  14.950 0.0000000000
29803  -9.345  63.528  15.738 0.0000000000
29804  -8.537  62.705  16.526 0.0000000000
29805  -8.113  62.251  18.115 0.0000000000
29806  -8.200  61.542  19.539 0.0000000000
29807  -8.430  60.808  20.965 0.0000000000
29852  -15.596  61.048  6.099 0.0000000000
29853  -14.179  62.121  7.037 0.0000000000
29854  -12.976  63.365  7.669 0.0000000000
29855  -13.979  62.821  9.819 0.0000000000
29856  -12.908  63.684  9.183 0.0000000000
29857  -11.723  64.309  8.386 0.0000000000
29858  -10.381  64.777  9.075 0.0000000000
29859  -9.560  64.347  9.581 0.0000000000
32302  -15.484  58.035  14.151 0.0000000000
32303  -14.498  58.346  15.278 0.0000000000
32304  -15.530  57.121  15.888 0.0000000000
32355  -21.670  57.452  15.314 0.0000000000
32356  -20.707  57.710  13.870 0.0000000000
32357  -18.884  57.295  13.665 0.0000000000
32358  -17.079  57.419  13.718 0.0000000000
34852  -12.062  54.413  3.729 0.0000000000
34854  -12.275  54.583  5.348 0.0000000000
34855  -12.086  54.698  6.913 0.0000000000
34856  -11.427  54.514  8.363 0.0000000000
34857  -10.695  56.858  8.169 0.0000000000
34863  -9.562  60.624  11.313 0.0000000000
34864  -9.468  59.418  12.100 0.0000000000
34865  -9.348  58.262  12.705 0.0000000000
34881  -13.596  58.738  16.356 0.0000000000
34882  -12.667  59.318  17.444 0.0000000000
34883  -11.761  59.811  18.595 0.0000000000
34885  -11.942  59.087  20.208 0.0000000000
34886  -10.916  60.337  19.748 0.0000000000
34887  -10.065  60.584  20.873 0.0000000000
34888  -9.264  60.540  21.784 0.0000000000
34889  -8.564  60.166  22.596 0.0000000000
34992  -16.281  62.801  -4.175 0.0000000000
34993  -14.796  63.731  -4.061 0.0000000000
34994  -15.744  63.325  -2.238 0.0000000000
34995  -14.457  63.910  -3.023 0.0000000000
34996  -13.133  64.181  -3.736 0.0000000000
34997  -11.522  64.512  -3.188 0.0000000000
34998  -10.183  64.779  -2.421 0.0000000000
34999  -9.065  64.695  -1.576 0.0000000000
35000  -14.534  61.640  3.703 0.0000000000
35001  -13.352  62.289  2.858 0.0000000000
35002  -12.290  62.803  2.045 0.0000000000
35003  -10.865  63.554  4.582 0.0000000000
35004  -11.151  63.247  2.963 0.0000000000
35005  -11.261  63.220  1.200 0.0000000000
35006  -10.148  63.743  0.595 0.0000000000
35007  -9.097  64.161  -0.048 0.0000000000
35008  -8.209  64.041  -0.749 0.0000000000
35009  -7.945  62.587  -0.070 0.0000000000
35010  -8.151  60.890  0.618 0.0000000000
35011  -8.376  59.360  1.166 0.0000000000
35012  -7.522  60.175  3.131 0.0000000000
35013  -8.176  59.002  2.385 0.0000000000
35014  -9.012  57.967  1.721 0.0000000000
35015  -9.868  56.690  2.222 0.0000000000
35016  -10.945  55.626  2.963 0.0000000000
41058  -12.041  53.717  2.650 0.0000000000
41197  -14.299  60.197  13.777 0.0000000000
41198  -13.886  60.419  14.411 0.0000000000
41199  -14.206  59.668  14.445 0.0000000000
41208  -15.280  59.027  13.217 0.0000000000
41209  -15.594  59.442  12.685 0.0000000000
41210  -14.866  59.825  13.172 0.0000000000
41211  -14.486  60.591  13.114 0.0000000000
42053  -8.420  64.687  -2.743 0.0000000000
42472  -8.707  61.826  8.286 0.0000000000
42473  -9.022  61.199  8.576 0.0000000000
42474  -9.084  61.637  9.140 0.0000000000
42513  -8.779  62.982  8.699 0.0000000000
42514  -8.538  63.219  8.049 0.0000000000
42515  -8.500  62.529  8.186 0.0000000000
42516  -8.351  62.024  7.695 0.0000000000
44453  -8.505  58.860  -0.003 0.0000000000
44454  -8.298  58.982  -0.728 0.0000000000
44455  -8.579  58.164  -0.462 0.0000000000
44872  -11.089  64.126  12.282 0.0000000000
44873  -10.685  63.967  12.671 0.0000000000
44874  -11.065  64.004  13.054 0.0000000000
44875  -11.190  61.719  17.614 0.0000000000
44876  -10.751  62.343  17.442 0.0000000000
44877  -10.612  61.823  18.130 0.0000000000
44878  -10.021  61.878  18.630 0.0000000000
44879  -10.469  61.354  18.825 0.0000000000
44905  -21.964  59.067  12.271 0.0000000000
44906  -17.384  61.322  9.860 0.0000000000
44908  -17.411  61.202  9.245 0.0000000000
44910  -16.688  61.383  8.900 0.0000000000
44911  -15.982  61.556  8.661 0.0000000000
44912  -15.962  61.730  9.254 0.0000000000
44913  -12.072  63.947  12.374 0.0000000000
44914  -12.148  64.127  11.696 0.0000000000
44915  -11.600  64.192  12.011 0.0000000000
44916  -11.132  64.340  11.603 0.0000000000
47438  -13.936  63.395  -4.847 0.0000000000
48697  -10.342  57.381  5.240 0.0000000000
48698  -10.891  56.973  5.721 0.0000000000
48699  -10.502  57.571  5.989 0.0000000000
48700  -9.056  57.339  11.041 0.0000000000
48705  -8.719  61.806  14.819 0.0000000000
48706  -8.872  61.212  14.396 0.0000000000
48707  -8.511  61.269  15.190 0.0000000000
48721  -14.011  56.798  18.736 0.0000000000
48813  -13.059  62.956  -0.081 0.0000000000
48814  -13.153  63.190  -0.847 0.0000000000
48815  -12.531  63.317  -0.488 0.0000000000
48816  -11.972  63.675  -0.786 0.0000000000
48817  -11.873  63.375  -0.029 0.0000000000
48818  -12.430  63.349  6.578 0.0000000000
48819  -12.474  63.021  5.784 0.0000000000
48820  -11.822  63.566  6.187 0.0000000000
48821  -8.229  63.390  3.990 0.0000000000
48822  -8.738  63.629  3.690 0.0000000000
48823  -8.326  63.417  3.295 0.0000000000
48824  -8.500  63.395  2.588 0.0000000000
48825  -8.004  62.989  2.920 0.0000000000
48826  -7.793  62.494  2.543 0.0000000000
48827  -7.617  62.418  3.229 0.0000000000
48828  -9.174  58.396  5.176 0.0000000000
48829  -8.903  58.294  4.547 0.0000000000
48830  -9.618  57.824  4.880 0.0000000000
48831  -10.043  57.332  4.582 0.0000000000
50790  -11.628  53.257  8.319 0.0000000000
54053  -9.943  56.130  1.227 0.0000000000
54054  -9.611  56.002  0.487 0.0000000000
54055  -10.043  55.362  0.833 0.0000000000
54472  -12.850  62.967  13.603 0.0000000000
54473  -12.364  63.149  14.028 0.0000000000
54474  -12.816  62.580  14.222 0.0000000000
54475  -13.090  60.975  15.568 0.0000000000
54476  -12.744  61.740  15.479 0.0000000000
54477  -12.652  61.211  16.094 0.0000000000
54478  -12.194  61.413  16.589 0.0000000000
54479  -12.498  60.643  16.668 0.0000000000
54503  -18.800  58.179  12.511 0.0000000000
54504  -19.264  58.810  12.170 0.0000000000
54505  -18.331  58.846  12.117 0.0000000000
54506  -16.352  60.366  11.787 0.0000000000
54507  -17.305  60.176  11.538 0.0000000000
54508  -16.738  60.786  11.394 0.0000000000
54509  -17.048  61.150  10.990 0.0000000000
54510  -16.198  61.280  11.240 0.0000000000
54511  -15.664  61.758  11.079 0.0000000000
54512  -15.443  61.594  11.575 0.0000000000
54513  -13.740  61.983  13.167 0.0000000000
54514  -14.002  62.304  12.558 0.0000000000
54515  -13.398  62.648  13.116 0.0000000000
54516  -12.980  63.176  12.919 0.0000000000
58297  -8.887  59.673  6.492 0.0000000000
58298  -9.402  59.204  6.886 0.0000000000
58299  -9.190  59.729  7.256 0.0000000000
58300  -9.485  59.891  9.499 0.0000000000
58301  -9.581  59.448  9.086 0.0000000000
58302  -9.502  59.244  9.965 0.0000000000
58303  -9.429  58.615  10.391 0.0000000000
58304  -9.425  59.093  10.792 0.0000000000
58413  -15.524  61.647  1.837 0.0000000000
58414  -15.580  61.798  1.093 0.0000000000
58415  -14.862  61.948  1.345 0.0000000000
58416  -14.242  62.273  0.923 0.0000000000
58417  -14.135  62.128  1.679 0.0000000000
58418  -9.900  64.535  7.951 0.0000000000
58419  -9.961  64.409  7.227 0.0000000000
58420  -9.387  64.333  7.483 0.0000000000
58421  -8.155  63.405  6.830 0.0000000000
58422  -8.452  63.775  6.579 0.0000000000
58423  -8.074  63.468  6.136 0.0000000000
58424  -8.044  63.445  5.443 0.0000000000
58425  -7.788  63.020  5.715 0.0000000000
58426  -7.622  62.401  5.257 0.0000000000
58427  -7.700  62.385  5.842 0.0000000000
58428  -8.277  60.930  6.753 0.0000000000
58429  -8.003  61.017  6.120 0.0000000000
58430  -8.408  60.325  6.288 0.0000000000
58431  -8.576  59.750  5.882 0.0000000000
64238  -7.647  62.401  -1.248 0.0000000000
65497  -9.605  63.528  10.465 0.0000000000
65498  -9.614  62.901  10.782 0.0000000000
65499  -9.837  63.294  11.279 0.0000000000
65500  -9.941  63.506  13.373 0.0000000000
65501  -9.829  63.096  12.920 0.0000000000
65502  -9.572  63.186  13.746 0.0000000000
65503  -9.191  62.802  14.135 0.0000000000
65504  -9.154  63.318  14.533 0.0000000000
65505  -11.327  63.458  14.925 0.0000000000
65506  -10.854  63.815  14.578 0.0000000000
65507  -10.804  63.516  15.318 0.0000000000
65508  -9.701  63.151  16.955 0.0000000000
65509  -9.738  63.549  16.150 0.0000000000
65510  -9.264  63.344  16.589 0.0000000000
65511  -8.932  63.168  16.145 0.0000000000
65512  -8.791  62.935  16.975 0.0000000000
65513  -8.324  62.476  17.328 0.0000000000
65514  -8.591  62.630  17.766 0.0000000000
65515  -9.013  61.702  19.535 0.0000000000
65516  -8.504  61.883  19.210 0.0000000000
65517  -8.613  61.475  19.920 0.0000000000
65518  -8.281  61.177  20.245 0.0000000000
65519  -8.686  61.061  20.596 0.0000000000
65596  -20.146  59.979  11.426 0.0000000000
65613  -14.668  62.058  8.137 0.0000000000
65614  -14.755  61.825  7.387 0.0000000000
65615  -14.090  62.375  7.814 0.0000000000
65616  -13.522  62.746  7.447 0.0000000000
65617  -13.504  62.960  8.112 0.0000000000
65618  -14.522  62.560  10.693 0.0000000000
65619  -14.587  62.510  10.048 0.0000000000
65620  -13.947  62.948  10.475 0.0000000000
65621  -12.231  64.177  10.172 0.0000000000
65622  -12.826  63.759  9.861 0.0000000000
65623  -12.239  64.164  9.454 0.0000000000
65624  -12.339  64.037  8.772 0.0000000000
65625  -11.632  64.454  9.088 0.0000000000
65626  -11.028  64.626  8.741 0.0000000000
65627  -10.985  64.734  9.468 0.0000000000
65628  -10.122  64.326  10.720 0.0000000000
65629  -10.015  64.519  10.020 0.0000000000
65630  -9.739  64.106  10.253 0.0000000000
65631  -9.391  63.802  9.774 0.0000000000
70897  -15.987  57.427  14.580 0.0000000000
70898  -15.472  57.580  14.983 0.0000000000
70899  -16.051  57.024  15.510 0.0000000000
71024  -21.158  57.577  14.602 0.0000000000
71025  -20.304  57.306  14.476 0.0000000000
71026  -19.805  57.423  13.763 0.0000000000
71027  -19.440  57.094  14.430 0.0000000000
71029  -17.678  56.949  14.334 0.0000000000
71030  -16.782  57.109  14.432 0.0000000000
71031  -16.236  57.688  13.885 0.0000000000
76972  -11.811  55.053  4.081 0.0000000000
76973  -12.230  54.533  4.569 0.0000000000
76974  -11.936  55.156  4.892 0.0000000000
76975  -11.635  55.895  6.777 0.0000000000
76976  -11.967  55.311  6.466 0.0000000000
76977  -11.781  55.270  7.249 0.0000000000
76978  -11.816  54.613  7.671 0.0000000000
76979  -11.502  55.174  8.016 0.0000000000
76980  -10.184  58.061  7.936 0.0000000000
76981  -10.540  57.501  7.654 0.0000000000
76982  -10.356  57.324  8.479 0.0000000000
76995  -9.610  61.674  11.448 0.0000000000
76996  -9.540  61.217  10.911 0.0000000000
76997  -9.587  61.079  11.807 0.0000000000
76998  -9.277  59.989  13.452 0.0000000000
76999  -9.438  59.931  12.573 0.0000000000
77000  -9.384  59.380  12.950 0.0000000000
77001  -9.418  58.825  12.427 0.0000000000
77002  -9.331  58.826  13.251 0.0000000000
77004  -8.146  60.159  15.833 0.0000000000
77040  -14.473  57.823  16.064 0.0000000000
77041  -14.045  58.529  15.843 0.0000000000
77042  -14.007  57.998  16.534 0.0000000000
77043  -13.041  58.120  18.330 0.0000000000
77044  -13.058  58.551  17.589 0.0000000000
77045  -12.587  58.819  18.165 0.0000000000
77046  -12.209  59.571  18.023 0.0000000000
77047  -12.189  59.093  18.767 0.0000000000
77052  -11.976  58.748  21.012 0.0000000000
77054  -11.410  59.700  19.948 0.0000000000
77056  -10.497  60.514  20.324 0.0000000000
77058  -9.801  59.821  22.952 0.0000000000
77059  -9.748  60.216  22.141 0.0000000000
77060  -9.323  60.207  22.583 0.0000000000
77061  -8.906  60.396  22.190 0.0000000000
77062  -8.947  60.032  23.013 0.0000000000
77315  -16.365  63.314  -3.771 0.0000000000
77316  -15.569  63.336  -4.145 0.0000000000
77317  -15.561  63.743  -3.676 0.0000000000
77319  -16.279  62.975  -1.816 0.0000000000
77320  -15.439  63.032  -1.632 0.0000000000
77321  -13.559  63.820  -2.161 0.0000000000
77322  -14.319  63.756  -2.434 0.0000000000
77323  -13.702  64.015  -2.756 0.0000000000
77324  -13.816  64.101  -3.365 0.0000000000
77325  -13.065  64.228  -3.094 0.0000000000
77326  -12.306  64.353  -3.490 0.0000000000
77327  -12.307  64.343  -2.844 0.0000000000
77328  -10.800  64.354  -1.373 0.0000000000
77329  -10.857  64.555  -2.069 0.0000000000
77330  -10.232  64.622  -1.664 0.0000000000
77331  -9.658  64.792  -1.935 0.0000000000
77332  -9.649  64.597  -1.243 0.0000000000
77333  -15.075  61.259  4.890 0.0000000000
77334  -15.187  61.310  4.108 0.0000000000
77335  -14.408  61.622  4.494 0.0000000000
77336  -12.685  62.646  4.102 0.0000000000
77337  -13.281  62.301  3.717 0.0000000000
77338  -12.758  62.593  3.297 0.0000000000
77339  -12.823  62.574  2.461 0.0000000000
77340  -12.240  62.823  2.878 0.0000000000
77341  -10.075  64.100  5.733 0.0000000000
77342  -10.730  63.823  5.362 0.0000000000
77343  -10.197  63.856  4.966 0.0000000000
77344  -9.968  63.644  3.076 0.0000000000
77345  -10.523  63.497  3.430 0.0000000000
77346  -10.621  63.406  2.622 0.0000000000
77347  -11.209  63.197  2.094 0.0000000000
77348  -10.679  63.378  1.760 0.0000000000
77349  -10.669  63.479  0.900 0.0000000000
77350  -10.141  63.556  1.363 0.0000000000
77351  -8.708  63.555  1.084 0.0000000000
77352  -9.125  63.883  0.660 0.0000000000
77353  -8.656  63.877  0.352 0.0000000000
77354  -8.592  64.232  -0.368 0.0000000000
77355  -8.278  63.697  -0.003 0.0000000000
77358  -7.853  61.286  1.749 0.0000000000
77359  -8.024  61.448  1.086 0.0000000000
77360  -8.030  60.649  1.360 0.0000000000
77361  -8.261  60.094  0.900 0.0000000000
77362  -8.137  59.888  1.620 0.0000000000
77363  -7.386  60.841  4.214 0.0000000000
77364  -7.356  60.857  3.551 0.0000000000
77365  -7.504  60.077  3.754 0.0000000000
77366  -8.553  58.279  3.219 0.0000000000
77367  -8.110  58.840  2.965 0.0000000000
77368  -8.566  58.395  2.633 0.0000000000
77369  -8.596  58.525  2.050 0.0000000000
77370  -9.005  57.893  2.305 0.0000000000
77371  -9.432  57.297  1.973 0.0000000000
77372  -9.491  57.255  2.518 0.0000000000
77373  -10.844  56.248  3.915 0.0000000000
77374  -10.587  56.192  3.226 0.0000000000
77375  -11.200  55.657  3.644 0.0000000000
77376  -11.534  55.054  3.338 0.0000000000
92336  -10.907  54.911  1.938 0.0000000000
92337  -10.575  54.738  1.208 0.0000000000
92338  -11.183  54.122  1.581 0.0000000000
92587  -13.583  61.650  13.757 0.0000000000
92588  -13.199  61.859  14.308 0.0000000000
92589  -13.545  61.124  14.354 0.0000000000
92590  -13.498  60.665  15.011 0.0000000000
92591  -13.378  60.181  15.649 0.0000000000
92606  -16.936  58.436  12.656 0.0000000000
92607  -17.366  58.973  12.190 0.0000000000
92608  -16.455  59.146  12.341 0.0000000000
92609  -16.006  59.921  12.224 0.0000000000
92610  -15.522  60.601  12.145 0.0000000000
92611  -15.106  61.271  12.068 0.0000000000
92612  -14.775  60.957  12.596 0.0000000000
92613  -14.128  61.306  13.159 0.0000000000
94882  -8.630  60.851  7.352 0.0000000000
94883  -9.055  60.306  7.660 0.0000000000
94884  -9.008  60.760  8.117 0.0000000000
94885  -9.331  60.555  8.975 0.0000000000
94886  -9.463  60.314  9.913 0.0000000000
94887  -7.591  60.979  19.380 0.0000000000
94955  -8.998  64.123  8.440 0.0000000000
94956  -8.919  64.115  7.735 0.0000000000
94957  -8.601  63.720  7.946 0.0000000000
94958  -8.292  63.292  7.439 0.0000000000
94959  -7.958  62.838  6.936 0.0000000000
94960  -7.827  62.330  6.467 0.0000000000
94961  -8.048  62.183  7.083 0.0000000000
94962  -8.281  61.515  7.210 0.0000000000
98447  -8.048  60.546  -0.543 0.0000000000
98448  -7.728  60.723  -1.337 0.0000000000
98449  -8.019  59.840  -0.982 0.0000000000
98450  -8.028  58.998  -1.371 0.0000000000
98451  -8.025  58.095  -1.744 0.0000000000
99202  -10.236  64.041  11.393 0.0000000000
99203  -10.049  63.617  11.762 0.0000000000
99204  -10.319  63.848  12.225 0.0000000000
99205  -10.230  63.794  13.080 0.0000000000
99206  -10.130  63.790  13.798 0.0000000000
99207  -11.292  62.751  16.317 0.0000000000
99208  -10.779  63.193  16.043 0.0000000000
99209  -10.778  62.833  16.776 0.0000000000
99210  -10.220  62.805  17.246 0.0000000000
99211  -9.621  62.712  17.712 0.0000000000
99212  -9.010  62.545  18.131 0.0000000000
99213  -9.528  62.277  18.426 0.0000000000
99214  -9.475  61.849  19.096 0.0000000000
99215  -9.460  61.408  19.816 0.0000000000
99271  -16.123  61.078  7.267 0.0000000000
99272  -16.032  61.318  7.982 0.0000000000
99273  -15.285  61.803  8.432 0.0000000000
99274  -14.620  62.220  8.753 0.0000000000
99275  -13.229  63.422  11.586 0.0000000000
99276  -13.326  63.406  10.906 0.0000000000
99277  -12.734  63.811  11.317 0.0000000000
99278  -12.228  64.141  10.930 0.0000000000
99279  -11.643  64.481  10.554 0.0000000000
99280  -11.062  64.692  10.171 0.0000000000
99281  -11.114  64.524  10.881 0.0000000000
99282  -10.618  64.377  11.140 0.0000000000
102520  -19.136  56.836  15.155 0.0000000000
106087  -11.126  56.276  4.659 0.0000000000
106088  -11.645  55.817  5.202 0.0000000000
106089  -11.264  56.397  5.471 0.0000000000
106090  -11.332  56.456  6.263 0.0000000000
106091  -11.276  56.457  7.052 0.0000000000
106092  -9.707  57.620  9.612 0.0000000000
106093  -9.972  57.143  9.232 0.0000000000
106101  -9.286  61.606  13.191 0.0000000000
106102  -9.406  61.048  12.694 0.0000000000
106103  -9.174  61.109  13.570 0.0000000000
106104  -9.068  60.596  13.939 0.0000000000
106105  -8.955  60.060  14.286 0.0000000000
106128  -14.539  56.926  17.486 0.0000000000
106129  -13.991  57.544  17.235 0.0000000000
106130  -14.021  57.164  17.972 0.0000000000
106131  -13.519  57.441  18.507 0.0000000000
106132  -13.061  57.756  19.092 0.0000000000
106138  -10.735  59.737  21.915 0.0000000000
106139  -10.763  59.309  22.737 0.0000000000
106140  -10.277  59.389  23.290 0.0000000000
106295  -14.422  62.660  -0.670 0.0000000000
106296  -14.664  63.035  -1.395 0.0000000000
106297  -13.905  63.072  -1.130 0.0000000000
106298  -13.353  63.472  -1.506 0.0000000000
106299  -12.814  63.858  -1.802 0.0000000000
106300  -12.220  64.175  -2.131 0.0000000000
106301  -12.074  63.991  -1.472 0.0000000000
106302  -11.389  64.038  -1.097 0.0000000000
106303  -10.715  64.062  -0.656 0.0000000000
106304  -13.676  62.149  5.779 0.0000000000
106305  -13.727  62.004  4.905 0.0000000000
106306  -13.110  62.467  5.350 0.0000000000
106307  -12.591  62.765  4.934 0.0000000000
106308  -12.054  63.020  4.528 0.0000000000
106309  -9.059  63.922  4.826 0.0000000000
106310  -9.692  63.894  4.540 0.0000000000
106311  -9.200  63.793  4.107 0.0000000000
106312  -9.335  63.688  3.399 0.0000000000
106313  -9.466  63.641  2.649 0.0000000000
106314  -9.606  63.626  1.835 0.0000000000
106315  -9.065  63.610  2.237 0.0000000000
106316  -8.664  63.463  1.862 0.0000000000
106317  -8.335  63.126  1.496 0.0000000000
106318  -8.127  62.724  1.136 0.0000000000
106319  -8.000  62.592  1.849 0.0000000000
106320  -7.719  61.942  2.129 0.0000000000
106321  -7.577  61.223  2.352 0.0000000000
106322  -8.014  59.514  4.588 0.0000000000
106323  -7.811  59.402  3.964 0.0000000000
106324  -8.282  58.823  4.190 0.0000000000
106325  -8.686  58.269  3.853 0.0000000000
106326  -9.048  57.773  3.461 0.0000000000
106327  -9.580  57.257  3.159 0.0000000000
106328  -9.742  57.336  3.917 0.0000000000
106329  -10.449  56.828  4.270 0.0000000000
115610  -9.082  57.518  0.571 0.0000000000
115611  -8.860  57.394  -0.160 0.0000000000
115612  -9.143  56.677  0.155 0.0000000000
115613  -9.227  55.830  -0.211 0.0000000000
115614  -9.272  54.949  -0.505 0.0000000000
115615  -10.214  54.562  0.532 0.0000000000
116197  -11.980  63.797  13.046 0.0000000000
116198  -11.477  63.880  13.431 0.0000000000
116199  -11.915  63.575  13.757 0.0000000000
116200  -11.861  63.317  14.480 0.0000000000
116201  -11.803  63.032  15.217 0.0000000000
116202  -12.785  62.175  14.840 0.0000000000
116203  -12.298  62.409  15.381 0.0000000000
116204  -11.784  62.581  15.886 0.0000000000
116205  -11.781  62.114  16.477 0.0000000000
116206  -11.734  61.597  17.094 0.0000000000
116207  -11.577  61.019  17.742 0.0000000000
116240  -20.692  58.435  12.731 0.0000000000
116241  -21.130  58.989  12.273 0.0000000000
116242  -20.205  58.864  12.254 0.0000000000
116243  -19.801  59.455  11.855 0.0000000000
116244  -19.251  60.001  11.453 0.0000000000
116245  -17.841  59.543  11.800 0.0000000000
116246  -18.270  60.046  11.458 0.0000000000
116247  -18.625  60.491  11.073 0.0000000000
116248  -17.930  60.979  10.768 0.0000000000
116249  -17.244  61.327  10.460 0.0000000000
116250  -16.556  61.667  10.129 0.0000000000
116251  -15.907  61.867  9.882 0.0000000000
116252  -15.833  61.891  10.530 0.0000000000
116253  -15.113  62.216  10.920 0.0000000000
116254  -14.397  62.582  11.354 0.0000000000
116255  -14.686  61.949  12.026 0.0000000000
116256  -14.184  62.475  11.936 0.0000000000
116257  -13.723  62.991  11.787 0.0000000000
116258  -13.117  63.383  12.222 0.0000000000
116259  -12.544  63.614  12.668 0.0000000000
121552  -9.486  58.485  5.831 0.0000000000
121553  -10.102  58.052  6.304 0.0000000000
121554  -9.722  58.616  6.581 0.0000000000
121555  -9.859  58.675  7.390 0.0000000000
121556  -9.941  58.556  8.291 0.0000000000
121557  -9.521  59.653  8.111 0.0000000000
121558  -9.740  59.002  8.654 0.0000000000
121559  -9.791  58.326  9.176 0.0000000000
121560  -9.466  58.131  9.994 0.0000000000
121561  -9.290  57.959  10.776 0.0000000000
121562  -9.198  57.822  11.485 0.0000000000
121563  -8.098  61.737  16.444 0.0000000000
121564  -8.147  61.220  16.006 0.0000000000
121717  -15.017  62.313  -0.212 0.0000000000
121718  -14.312  62.442  0.070 0.0000000000
121719  -13.619  62.615  0.412 0.0000000000
121720  -12.967  62.772  0.708 0.0000000000
121721  -11.177  64.268  7.280 0.0000000000
121722  -11.169  64.026  6.568 0.0000000000
121723  -10.609  64.399  6.931 0.0000000000
121724  -10.021  64.264  6.476 0.0000000000
121725  -9.480  64.137  6.008 0.0000000000
121726  -8.874  64.098  7.020 0.0000000000
121727  -8.909  64.018  6.284 0.0000000000
121728  -8.943  64.023  5.552 0.0000000000
121729  -8.486  63.756  5.126 0.0000000000
121730  -8.074  63.443  4.704 0.0000000000
121731  -7.814  62.957  4.310 0.0000000000
121732  -7.561  62.351  3.897 0.0000000000
121733  -7.512  62.367  4.631 0.0000000000
121734  -7.434  61.625  4.725 0.0000000000
121735  -7.586  60.918  4.853 0.0000000000
121736  -7.752  61.705  5.975 0.0000000000
121737  -7.777  61.049  5.470 0.0000000000
121738  -7.875  60.265  5.017 0.0000000000
121739  -8.282  59.638  5.233 0.0000000000
121740  -8.807  59.031  5.508 0.0000000000
129763  -8.559  57.291  -0.883 0.0000000000
131347  -9.072  62.724  9.389 0.0000000000
131348  -9.233  62.063  9.702 0.0000000000
131349  -9.442  62.472  10.235 0.0000000000
131350  -9.620  62.278  11.102 0.0000000000
131351  -9.655  62.159  11.970 0.0000000000
131352  -9.924  63.099  12.120 0.0000000000
131353  -9.754  62.595  12.484 0.0000000000
131354  -9.525  62.106  12.848 0.0000000000
131355  -9.257  62.221  13.698 0.0000000000
131356  -8.914  62.331  14.496 0.0000000000
131357  -8.638  62.378  15.264 0.0000000000
131358  -10.963  63.913  13.804 0.0000000000
131359  -10.447  63.905  14.178 0.0000000000
131360  -9.951  63.789  14.561 0.0000000000
131361  -10.244  63.578  15.710 0.0000000000
131362  -9.787  63.712  15.313 0.0000000000
131363  -9.465  63.586  14.936 0.0000000000
131364  -9.043  63.301  15.315 0.0000000000
131365  -8.676  62.901  15.695 0.0000000000
131366  -8.396  62.343  16.078 0.0000000000
131367  -8.141  62.188  16.887 0.0000000000
131368  -7.930  62.012  17.669 0.0000000000
131369  -7.791  61.777  18.438 0.0000000000
131370  -8.508  62.247  18.486 0.0000000000
131371  -8.125  61.897  18.823 0.0000000000
131372  -7.847  61.486  19.134 0.0000000000
131373  -7.933  61.134  19.811 0.0000000000
131374  -8.050  60.816  20.518 0.0000000000
131375  -8.193  60.515  21.325 0.0000000000
131473  -21.472  59.496  11.746 0.0000000000
131494  -14.955  61.298  5.723 0.0000000000
131495  -15.457  61.256  6.915 0.0000000000
131496  -14.860  61.530  6.564 0.0000000000
131497  -14.252  61.795  6.211 0.0000000000
131498  -13.617  62.427  6.614 0.0000000000
131499  -13.002  63.058  6.967 0.0000000000
131500  -12.411  63.626  7.312 0.0000000000
131501  -15.239  62.134  9.644 0.0000000000
131502  -14.569  62.386  9.395 0.0000000000
131503  -14.006  62.705  9.133 0.0000000000
131504  -13.355  63.356  10.206 0.0000000000
131505  -13.418  63.239  9.512 0.0000000000
131506  -13.451  63.105  8.808 0.0000000000
131507  -12.940  63.530  8.419 0.0000000000
131508  -12.397  63.881  8.029 0.0000000000
131509  -11.797  64.115  7.665 0.0000000000
131510  -11.099  64.506  7.991 0.0000000000
131511  -10.434  64.654  8.361 0.0000000000
131512  -9.850  64.630  8.664 0.0000000000
131513  -10.439  64.736  9.761 0.0000000000
131514  -9.853  64.679  9.348 0.0000000000
131515  -9.428  64.429  8.909 0.0000000000
131516  -9.168  64.026  9.089 0.0000000000
131517  -9.030  63.422  9.210 0.0000000000
138172  -15.026  58.704  13.891 0.0000000000
138173  -14.557  58.874  14.495 0.0000000000
138174  -14.976  58.195  14.646 0.0000000000
138175  -14.971  57.709  15.502 0.0000000000
138176  -15.003  57.226  16.352 0.0000000000
138178  -15.538  56.661  16.671 0.0000000000
138179  -15.034  56.764  17.033 0.0000000000
138319  -21.978  58.300  13.463 0.0000000000
138326  -22.016  57.754  14.643 0.0000000000
138327  -21.566  57.932  13.992 0.0000000000
138328  -21.129  58.131  13.293 0.0000000000
138329  -20.221  57.866  13.190 0.0000000000
138330  -19.270  57.689  13.069 0.0000000000
138331  -18.334  57.670  12.988 0.0000000000
138332  -18.564  56.973  14.373 0.0000000000
138333  -17.973  57.285  13.620 0.0000000000
138334  -17.419  57.776  13.047 0.0000000000
138335  -16.530  57.983  13.215 0.0000000000
138336  -15.722  58.320  13.443 0.0000000000
145585  -12.520  53.942  4.971 0.0000000000
145586  -12.487  53.991  5.758 0.0000000000
145587  -12.000  55.216  5.678 0.0000000000
145588  -12.218  54.640  6.128 0.0000000000
145589  -12.338  54.045  6.559 0.0000000000
145590  -12.101  54.037  7.333 0.0000000000
145591  -11.757  53.946  8.019 0.0000000000
145592  -11.313  53.841  8.661 0.0000000000
145593  -10.598  57.556  6.820 0.0000000000
145594  -10.917  57.005  7.363 0.0000000000
145595  -11.106  56.368  7.887 0.0000000000
145598  -11.156  55.722  8.329 0.0000000000
145601  -10.829  53.743  9.206 0.0000000000
145611  -9.386  61.398  10.028 0.0000000000
145612  -9.502  60.784  10.396 0.0000000000
145613  -9.556  60.154  10.837 0.0000000000
145614  -9.517  60.486  12.162 0.0000000000
145615  -9.552  60.014  11.703 0.0000000000
145616  -9.521  59.537  11.243 0.0000000000
145617  -9.437  58.915  11.601 0.0000000000
145618  -9.355  58.301  11.927 0.0000000000
145619  -9.226  57.724  12.197 0.0000000000
145620  -8.299  60.709  15.563 0.0000000000
145621  -8.548  60.117  15.089 0.0000000000
145625  -9.083  58.915  14.104 0.0000000000
145626  -9.204  58.312  13.545 0.0000000000
145665  -14.114  59.097  15.126 0.0000000000
145666  -13.684  59.359  15.729 0.0000000000
145667  -13.257  59.585  16.272 0.0000000000
145668  -13.526  58.263  17.045 0.0000000000
145669  -13.091  58.999  16.880 0.0000000000
145670  -12.800  59.837  16.787 0.0000000000
145671  -12.342  60.100  17.313 0.0000000000
145672  -11.851  60.301  17.882 0.0000000000
145673  -11.381  60.504  18.426 0.0000000000
145676  -12.695  58.114  19.766 0.0000000000
145678  -12.336  58.447  20.400 0.0000000000
145679  -12.257  58.790  19.565 0.0000000000
145680  -11.797  59.397  19.350 0.0000000000
145681  -11.344  60.060  19.146 0.0000000000
145682  -10.901  60.702  18.990 0.0000000000
145683  -10.416  60.898  19.587 0.0000000000
145684  -9.957  60.996  20.107 0.0000000000
145685  -9.510  60.978  20.554 0.0000000000
145686  -10.191  60.192  21.648 0.0000000000
145687  -9.584  60.579  21.363 0.0000000000
145688  -9.123  60.879  20.985 0.0000000000
145689  -8.826  60.740  21.381 0.0000000000
145690  -8.507  60.511  21.770 0.0000000000
145691  -8.262  60.202  22.178 0.0000000000
145717  -8.303  59.885  23.007 0.0000000000
145718  -8.052  59.847  22.546 0.0000000000
145997  -15.475  62.863  -4.534 0.0000000000
145998  -14.782  63.367  -4.474 0.0000000000
145999  -13.963  63.726  -4.457 0.0000000000
146002  -16.073  63.515  -2.805 0.0000000000
146003  -14.878  63.397  -2.043 0.0000000000
146004  -15.153  63.654  -2.640 0.0000000000
146005  -15.382  63.787  -3.177 0.0000000000
146006  -14.653  63.955  -3.574 0.0000000000
146007  -13.910  64.006  -4.000 0.0000000000
146009  -12.362  64.254  -4.120 0.0000000000
146010  -11.497  64.482  -3.893 0.0000000000
146011  -10.801  64.646  -3.580 0.0000000000
146012  -11.550  64.433  -2.446 0.0000000000
146013  -10.820  64.653  -2.826 0.0000000000
146015  -9.573  64.843  -2.773 0.0000000000
146016  -9.035  64.795  -2.319 0.0000000000
146017  -8.481  64.646  -1.969 0.0000000000
146020  -14.665  61.718  2.896 0.0000000000
146021  -13.825  61.965  4.105 0.0000000000
146022  -13.888  61.944  3.278 0.0000000000
146023  -14.026  62.019  2.448 0.0000000000
146024  -13.414  62.330  1.989 0.0000000000
146025  -12.884  62.614  1.598 0.0000000000
146026  -12.355  62.858  1.154 0.0000000000
146027  -11.273  63.717  5.773 0.0000000000
146028  -11.399  63.420  4.965 0.0000000000
146029  -11.557  63.242  4.120 0.0000000000
146030  -10.350  63.643  4.228 0.0000000000
146031  -11.040  63.384  3.759 0.0000000000
146032  -11.656  63.099  3.304 0.0000000000
146033  -11.683  63.022  2.472 0.0000000000
146034  -11.779  63.007  1.602 0.0000000000
146035  -11.815  63.096  0.757 0.0000000000
146036  -11.246  63.421  0.436 0.0000000000
146037  -10.649  63.737  0.137 0.0000000000
146038  -10.121  64.050  -0.165 0.0000000000
146039  -9.643  63.732  1.029 0.0000000000
146040  -9.653  63.980  0.325 0.0000000000
146041  -9.618  64.299  -0.482 0.0000000000
146042  -9.057  64.468  -0.825 0.0000000000
146043  -8.568  64.461  -1.169 0.0000000000
146044  -8.126  64.259  -1.492 0.0000000000
146047  -7.858  62.064  -0.483 0.0000000000
146048  -8.041  62.216  0.746 0.0000000000
146049  -8.034  61.735  0.295 0.0000000000
146050  -8.042  61.149  -0.116 0.0000000000
146051  -8.227  60.297  0.191 0.0000000000
146052  -8.382  59.510  0.457 0.0000000000
146053  -8.601  58.801  0.737 0.0000000000
146054  -7.347  61.721  3.431 0.0000000000
146055  -7.444  61.025  2.956 0.0000000000
146056  -7.629  60.360  2.559 0.0000000000
146057  -7.720  59.396  3.359 0.0000000000
146058  -7.799  59.541  2.750 0.0000000000
146059  -7.968  59.723  2.217 0.0000000000
146060  -8.316  59.187  1.835 0.0000000000
146061  -8.637  58.681  1.451 0.0000000000
146062  -8.903  58.117  1.032 0.0000000000
146063  -9.264  57.365  1.319 0.0000000000
146064  -9.707  56.722  1.601 0.0000000000
146065  -10.131  56.113  1.874 0.0000000000
146066  -10.009  56.708  2.840 0.0000000000
146067  -10.325  56.132  2.504 0.0000000000
146068  -10.643  55.548  2.239 0.0000000000
146069  -11.232  54.996  2.653 0.0000000000
146070  -11.808  54.407  2.985 0.0000000000
