#!ascii label  , from subject fsaverage vox2ras=TkReg
708
122  -28.292  26.039  7.744 0.0000000000
528  -37.101  29.501  3.406 0.0000000000
529  -35.682  32.605  -3.418 0.0000000000
1168  -36.501  29.408  -5.305 0.0000000000
2225  -39.731  20.775  10.028 0.0000000000
2226  -36.962  23.747  9.478 0.0000000000
2227  -34.125  26.477  8.304 0.0000000000
2228  -32.023  29.255  6.352 0.0000000000
2230  -36.263  32.640  0.417 0.0000000000
2231  -30.423  31.582  3.205 0.0000000000
2232  -29.817  30.878  -0.544 0.0000000000
3111  -27.763  26.670  5.951 0.0000000000
4927  -40.695  23.194  8.661 0.0000000000
4928  -38.382  22.335  9.912 0.0000000000
4929  -39.251  24.531  7.976 0.0000000000
4931  -36.592  27.026  6.694 0.0000000000
4932  -35.364  28.164  5.913 0.0000000000
4933  -33.010  27.865  7.445 0.0000000000
4934  -34.438  29.608  4.930 0.0000000000
4940  -35.863  33.194  -1.584 0.0000000000
4941  -33.237  32.424  1.997 0.0000000000
4942  -32.760  32.726  -0.006 0.0000000000
4943  -30.046  31.585  1.309 0.0000000000
4944  -32.617  31.937  -1.598 0.0000000000
4946  -33.127  29.428  -4.345 0.0000000000
4947  -33.903  28.717  -6.486 0.0000000000
6710  -35.930  31.070  -4.551 0.0000000000
7692  -29.080  25.064  9.367 0.0000000000
9212  -39.667  16.476  8.528 0.0000000000
9238  -41.026  18.800  9.338 0.0000000000
9239  -38.689  18.122  10.166 0.0000000000
9240  -37.603  19.724  10.856 0.0000000000
9241  -36.264  21.196  11.082 0.0000000000
9242  -34.795  22.729  10.934 0.0000000000
9243  -37.886  25.749  7.389 0.0000000000
9244  -35.498  25.141  8.937 0.0000000000
9245  -33.356  24.171  10.604 0.0000000000
9246  -31.965  25.502  9.870 0.0000000000
9247  -30.779  26.903  8.756 0.0000000000
9248  -29.811  28.203  7.420 0.0000000000
9254  -36.600  31.178  2.080 0.0000000000
9255  -33.822  31.135  3.607 0.0000000000
9256  -31.149  30.649  4.924 0.0000000000
9257  -28.882  29.237  5.791 0.0000000000
9258  -28.314  29.724  3.949 0.0000000000
9261  -32.727  30.558  -2.777 0.0000000000
9262  -29.832  30.064  -2.381 0.0000000000
10787  -28.159  24.325  8.266 0.0000000000
10789  -27.928  24.742  7.336 0.0000000000
10790  -27.769  25.010  6.469 0.0000000000
10791  -28.011  26.417  6.882 0.0000000000
12608  -39.990  23.911  8.325 0.0000000000
12611  -36.664  28.289  5.144 0.0000000000
12612  -36.119  28.875  4.712 0.0000000000
12613  -34.880  28.862  5.432 0.0000000000
12614  -35.768  29.567  4.145 0.0000000000
12620  -35.769  33.042  -2.591 0.0000000000
12621  -34.317  33.051  -0.810 0.0000000000
12622  -34.170  32.857  -1.716 0.0000000000
12623  -32.622  32.451  -0.845 0.0000000000
12624  -34.117  32.343  -2.478 0.0000000000
16896  -29.580  24.520  10.064 0.0000000000
20474  -40.935  16.761  8.289 0.0000000000
20538  -40.949  21.129  9.536 0.0000000000
20540  -40.434  19.789  9.764 0.0000000000
20541  -39.822  18.479  9.728 0.0000000000
20542  -39.213  19.456  10.255 0.0000000000
20543  -38.178  18.904  10.548 0.0000000000
20544  -38.615  20.270  10.484 0.0000000000
20545  -37.651  23.066  9.675 0.0000000000
20546  -37.316  21.835  10.486 0.0000000000
20547  -36.557  22.528  10.392 0.0000000000
20548  -35.526  21.949  11.023 0.0000000000
20549  -35.823  23.242  10.257 0.0000000000
20551  -39.209  26.050  6.696 0.0000000000
20552  -38.574  26.665  6.356 0.0000000000
20553  -35.300  26.752  7.513 0.0000000000
20554  -35.996  26.110  7.835 0.0000000000
20555  -34.799  25.806  8.625 0.0000000000
20556  -34.422  24.698  9.793 0.0000000000
20557  -33.688  25.378  9.502 0.0000000000
20558  -32.649  24.844  10.285 0.0000000000
20559  -33.026  26.063  9.135 0.0000000000
20560  -32.474  28.546  6.939 0.0000000000
20561  -31.910  27.503  8.148 0.0000000000
20562  -31.336  28.176  7.579 0.0000000000
20563  -30.258  27.550  8.097 0.0000000000
20564  -30.858  28.831  6.967 0.0000000000
20576  -37.580  33.062  -1.371 0.0000000000
20580  -36.481  32.022  1.253 0.0000000000
20581  -35.188  31.201  2.861 0.0000000000
20582  -35.010  31.980  2.064 0.0000000000
20583  -31.794  32.116  2.664 0.0000000000
20584  -32.102  31.638  3.542 0.0000000000
20585  -30.729  31.199  4.125 0.0000000000
20586  -29.914  30.058  5.460 0.0000000000
20587  -29.527  30.495  4.554 0.0000000000
20588  -28.566  29.534  4.913 0.0000000000
20589  -29.258  30.787  3.665 0.0000000000
20590  -29.923  31.288  0.369 0.0000000000
20595  -36.137  30.180  -4.879 0.0000000000
20596  -34.241  30.839  -3.451 0.0000000000
20597  -34.390  30.016  -3.867 0.0000000000
20599  -31.309  29.885  -3.397 0.0000000000
27301  -40.196  22.104  9.498 0.0000000000
27302  -39.133  21.593  10.034 0.0000000000
27303  -39.483  22.805  9.284 0.0000000000
27304  -38.787  23.495  8.980 0.0000000000
27305  -38.034  24.150  8.685 0.0000000000
27307  -37.974  27.201  5.958 0.0000000000
27308  -37.223  27.741  5.580 0.0000000000
27309  -35.916  27.612  6.315 0.0000000000
27310  -34.695  27.431  7.118 0.0000000000
27311  -33.477  27.168  7.905 0.0000000000
27312  -34.172  28.062  6.660 0.0000000000
27313  -33.675  28.797  6.199 0.0000000000
27314  -33.212  29.542  5.617 0.0000000000
27323  -37.396  33.273  -2.391 0.0000000000
27324  -36.060  33.041  -0.552 0.0000000000
27325  -34.769  32.569  1.228 0.0000000000
27326  -34.529  32.964  0.248 0.0000000000
27327  -32.978  32.734  0.988 0.0000000000
27328  -31.529  32.315  1.653 0.0000000000
27329  -30.184  31.700  2.279 0.0000000000
27330  -31.366  32.241  0.738 0.0000000000
27331  -31.218  31.914  -0.127 0.0000000000
27332  -31.200  31.415  -0.938 0.0000000000
27334  -34.742  29.320  -4.651 0.0000000000
27336  -33.452  29.039  -5.353 0.0000000000
31016  -35.756  31.916  -4.083 0.0000000000
33498  -28.614  25.587  8.576 0.0000000000
37957  -42.230  19.150  8.957 0.0000000000
37959  -40.406  17.614  9.021 0.0000000000
37960  -39.197  17.216  9.380 0.0000000000
37965  -38.003  21.102  10.545 0.0000000000
37966  -36.956  20.508  11.019 0.0000000000
37967  -35.916  19.828  11.491 0.0000000000
37968  -35.227  20.607  11.595 0.0000000000
37969  -34.467  21.327  11.663 0.0000000000
37970  -33.750  22.088  11.594 0.0000000000
37971  -39.888  25.436  6.985 0.0000000000
37972  -38.583  25.141  7.652 0.0000000000
37973  -37.320  24.781  8.417 0.0000000000
37974  -37.177  26.410  7.092 0.0000000000
37975  -36.667  25.461  8.134 0.0000000000
37976  -36.200  24.442  9.245 0.0000000000
37977  -35.071  24.029  10.030 0.0000000000
37978  -34.078  23.489  10.784 0.0000000000
37982  -31.000  24.861  10.368 0.0000000000
37983  -32.445  26.773  8.704 0.0000000000
37984  -31.358  26.250  9.326 0.0000000000
37985  -30.421  25.506  9.830 0.0000000000
37986  -29.873  26.098  9.188 0.0000000000
37987  -29.345  26.633  8.475 0.0000000000
37988  -28.893  27.226  7.680 0.0000000000
38006  -36.752  30.298  2.785 0.0000000000
38007  -35.440  30.367  3.525 0.0000000000
38008  -34.053  30.377  4.294 0.0000000000
38009  -32.821  30.251  5.008 0.0000000000
38010  -33.518  31.876  2.838 0.0000000000
38011  -32.467  30.982  4.297 0.0000000000
38012  -31.566  29.986  5.671 0.0000000000
38013  -30.367  29.500  6.238 0.0000000000
38014  -29.330  28.808  6.684 0.0000000000
38015  -28.488  27.746  6.847 0.0000000000
38016  -28.143  28.056  5.958 0.0000000000
38017  -27.885  28.301  5.052 0.0000000000
38018  -27.696  28.436  4.083 0.0000000000
38019  -29.066  30.883  2.706 0.0000000000
38025  -34.180  31.628  -3.060 0.0000000000
38026  -32.653  31.256  -2.183 0.0000000000
38027  -31.225  30.850  -1.706 0.0000000000
38028  -32.816  29.925  -3.494 0.0000000000
38029  -31.198  30.345  -2.476 0.0000000000
38030  -29.804  30.441  -1.398 0.0000000000
41507  -28.197  25.153  8.058 0.0000000000
41508  -28.025  24.524  7.830 0.0000000000
41509  -28.071  25.389  7.592 0.0000000000
41510  -27.947  25.581  7.122 0.0000000000
41511  -28.156  26.245  7.323 0.0000000000
43330  -37.306  29.161  3.677 0.0000000000
43331  -36.823  28.869  4.329 0.0000000000
43332  -36.580  29.192  4.064 0.0000000000
43333  -35.908  29.207  4.441 0.0000000000
43334  -36.397  29.536  3.785 0.0000000000
43338  -36.510  32.711  -3.945 0.0000000000
43339  -36.534  32.946  -3.495 0.0000000000
43340  -35.669  32.870  -2.988 0.0000000000
43341  -34.975  32.979  -2.149 0.0000000000
43342  -34.892  32.766  -2.546 0.0000000000
43343  -34.088  32.673  -2.102 0.0000000000
43344  -34.884  32.506  -2.930 0.0000000000
51193  -41.112  16.397  8.037 0.0000000000
51258  -40.331  20.959  9.785 0.0000000000
51259  -40.701  20.473  9.715 0.0000000000
51260  -40.083  20.279  9.938 0.0000000000
51261  -39.820  19.609  10.001 0.0000000000
51262  -39.470  20.125  10.181 0.0000000000
51263  -38.916  19.850  10.409 0.0000000000
51264  -39.154  20.535  10.261 0.0000000000
51265  -37.329  23.429  9.559 0.0000000000
51266  -37.081  22.846  10.043 0.0000000000
51267  -36.761  23.162  9.954 0.0000000000
51268  -36.186  22.890  10.332 0.0000000000
51269  -36.404  23.505  9.881 0.0000000000
51273  -34.699  26.629  7.906 0.0000000000
51274  -35.050  26.280  8.065 0.0000000000
51275  -34.445  26.122  8.474 0.0000000000
51276  -34.229  25.661  9.025 0.0000000000
51277  -33.893  25.951  8.894 0.0000000000
51278  -33.322  25.710  9.350 0.0000000000
51279  -33.579  26.291  8.720 0.0000000000
51280  -32.223  28.904  6.665 0.0000000000
51281  -31.913  28.397  7.261 0.0000000000
51282  -31.664  28.730  6.977 0.0000000000
51283  -31.047  28.506  7.309 0.0000000000
51284  -31.460  29.078  6.670 0.0000000000
51296  -36.903  32.885  -0.472 0.0000000000
51298  -36.993  32.639  0.023 0.0000000000
51299  -37.145  32.353  0.430 0.0000000000
51300  -36.387  32.348  0.859 0.0000000000
51301  -35.736  32.013  1.685 0.0000000000
51302  -35.658  32.336  1.248 0.0000000000
51303  -31.086  31.898  2.940 0.0000000000
51304  -31.255  31.693  3.416 0.0000000000
51305  -30.586  31.419  3.671 0.0000000000
51306  -30.124  30.865  4.349 0.0000000000
51307  -29.960  31.071  3.903 0.0000000000
51308  -29.384  30.660  4.121 0.0000000000
51309  -29.794  31.222  3.440 0.0000000000
51310  -29.890  31.072  -0.090 0.0000000000
51311  -29.337  30.893  0.562 0.0000000000
51312  -29.297  30.712  0.072 0.0000000000
51314  -29.259  30.529  -0.410 0.0000000000
51315  -36.291  29.789  -5.094 0.0000000000
51316  -35.281  30.099  -4.357 0.0000000000
51317  -35.390  29.711  -4.591 0.0000000000
55412  -27.750  25.859  6.196 0.0000000000
55413  -27.724  25.110  5.963 0.0000000000
55414  -27.664  25.984  5.710 0.0000000000
55416  -27.654  26.788  5.490 0.0000000000
60858  -41.368  23.355  8.347 0.0000000000
60859  -41.757  22.965  8.504 0.0000000000
60860  -41.091  22.819  8.791 0.0000000000
60861  -40.830  22.251  9.174 0.0000000000
60862  -40.434  22.665  9.097 0.0000000000
60863  -39.832  22.465  9.403 0.0000000000
60864  -40.067  23.011  8.977 0.0000000000
60865  -39.608  24.213  8.136 0.0000000000
60866  -39.362  23.704  8.646 0.0000000000
60867  -39.016  24.023  8.479 0.0000000000
60868  -38.443  23.806  8.833 0.0000000000
60869  -38.661  24.341  8.332 0.0000000000
60871  -37.870  27.834  5.218 0.0000000000
60872  -37.598  28.098  4.989 0.0000000000
60873  -36.019  28.211  5.520 0.0000000000
60874  -36.275  27.958  5.728 0.0000000000
60875  -35.603  27.916  6.120 0.0000000000
60876  -35.273  27.531  6.735 0.0000000000
60877  -35.003  27.819  6.514 0.0000000000
60878  -34.422  27.741  6.898 0.0000000000
60879  -34.748  28.108  6.289 0.0000000000
60880  -34.657  29.236  5.189 0.0000000000
60881  -34.270  28.846  5.810 0.0000000000
60882  -34.039  29.217  5.585 0.0000000000
60883  -33.432  29.168  5.920 0.0000000000
60884  -33.830  29.592  5.273 0.0000000000
60898  -36.625  33.230  -1.967 0.0000000000
60899  -36.724  33.173  -1.460 0.0000000000
60900  -35.961  33.148  -1.070 0.0000000000
60901  -35.297  33.004  -0.164 0.0000000000
60902  -35.197  33.129  -0.724 0.0000000000
60903  -33.536  32.915  -0.394 0.0000000000
60904  -33.614  32.935  0.099 0.0000000000
60905  -32.877  32.765  0.472 0.0000000000
60906  -32.249  32.547  1.332 0.0000000000
60907  -32.155  32.561  0.840 0.0000000000
60908  -31.462  32.321  1.194 0.0000000000
60909  -32.051  32.494  0.378 0.0000000000
60910  -32.607  32.210  -1.239 0.0000000000
60911  -31.897  32.189  -0.459 0.0000000000
60912  -31.874  31.965  -0.852 0.0000000000
60913  -31.199  31.681  -0.536 0.0000000000
60914  -31.879  31.694  -1.223 0.0000000000
60918  -34.720  28.628  -6.532 0.0000000000
60919  -34.434  28.775  -5.942 0.0000000000
60920  -33.659  28.867  -5.910 0.0000000000
60921  -32.628  29.092  -5.367 0.0000000000
73727  -28.951  24.288  9.683 0.0000000000
73729  -28.720  24.516  9.268 0.0000000000
73730  -28.515  24.759  8.853 0.0000000000
73731  -28.850  25.317  8.980 0.0000000000
84460  -39.831  16.136  8.180 0.0000000000
84462  -39.256  15.953  8.429 0.0000000000
84464  -39.058  16.247  8.792 0.0000000000
84658  -41.615  18.966  9.137 0.0000000000
84659  -41.948  18.519  8.892 0.0000000000
84660  -41.357  18.349  9.061 0.0000000000
84661  -41.053  17.763  8.897 0.0000000000
84662  -40.733  18.200  9.236 0.0000000000
84663  -39.248  18.296  9.912 0.0000000000
84664  -39.532  17.827  9.571 0.0000000000
84665  -38.948  17.653  9.765 0.0000000000
84666  -38.613  17.045  9.615 0.0000000000
84667  -38.407  17.509  10.011 0.0000000000
84669  -38.167  17.887  10.302 0.0000000000
84670  -37.909  19.325  10.732 0.0000000000
84671  -37.690  18.683  10.719 0.0000000000
84672  -37.406  19.047  10.899 0.0000000000
84675  -38.765  21.973  9.990 0.0000000000
84676  -38.539  21.365  10.297 0.0000000000
84677  -38.216  21.737  10.270 0.0000000000
84678  -36.812  21.537  10.769 0.0000000000
84679  -37.190  21.178  10.782 0.0000000000
84680  -36.641  20.878  11.043 0.0000000000
84681  -36.433  20.191  11.255 0.0000000000
84682  -36.079  20.513  11.321 0.0000000000
84683  -35.570  20.201  11.564 0.0000000000
84684  -35.740  20.882  11.338 0.0000000000
84685  -35.155  22.345  10.989 0.0000000000
84686  -35.006  21.645  11.344 0.0000000000
84687  -34.623  22.044  11.317 0.0000000000
84688  -34.094  21.699  11.636 0.0000000000
84689  -34.246  22.461  11.276 0.0000000000
84693  -38.573  25.930  7.027 0.0000000000
84694  -38.909  25.611  7.154 0.0000000000
84695  -38.264  25.460  7.498 0.0000000000
84696  -37.918  24.950  8.044 0.0000000000
84697  -37.601  25.262  7.895 0.0000000000
84698  -37.265  27.105  6.339 0.0000000000
84699  -37.584  26.808  6.573 0.0000000000
84700  -36.917  26.715  6.894 0.0000000000
84701  -35.728  25.636  8.388 0.0000000000
84702  -36.341  25.795  7.992 0.0000000000
84703  -36.054  25.307  8.530 0.0000000000
84704  -36.385  24.946  8.681 0.0000000000
84705  -35.846  24.790  9.088 0.0000000000
84706  -35.649  24.239  9.634 0.0000000000
84707  -35.306  24.592  9.501 0.0000000000
84708  -33.876  24.444  10.207 0.0000000000
84709  -34.220  24.111  10.326 0.0000000000
84710  -33.711  23.827  10.704 0.0000000000
84711  -33.556  23.193  11.126 0.0000000000
84712  -33.201  23.507  11.040 0.0000000000
84714  -32.843  23.848  10.923 0.0000000000
84715  -32.298  25.178  10.087 0.0000000000
84716  -32.132  24.536  10.585 0.0000000000
84717  -31.781  24.863  10.392 0.0000000000
84718  -31.299  24.521  10.621 0.0000000000
84719  -31.475  25.220  10.130 0.0000000000
84720  -33.230  27.504  7.692 0.0000000000
84721  -32.963  26.976  8.314 0.0000000000
84722  -32.683  27.341  8.097 0.0000000000
84723  -31.325  27.211  8.477 0.0000000000
84724  -31.615  26.901  8.741 0.0000000000
84725  -31.063  26.573  9.050 0.0000000000
84726  -30.857  25.913  9.599 0.0000000000
84727  -30.579  26.219  9.305 0.0000000000
84728  -30.139  25.793  9.536 0.0000000000
84729  -30.319  26.556  8.987 0.0000000000
84730  -30.025  27.860  7.772 0.0000000000
84731  -29.800  27.147  8.298 0.0000000000
84732  -29.534  27.441  7.939 0.0000000000
84733  -29.112  26.919  8.085 0.0000000000
84734  -29.318  27.755  7.562 0.0000000000
84776  -37.255  31.541  1.313 0.0000000000
84780  -36.638  30.730  2.455 0.0000000000
84781  -36.094  30.345  3.154 0.0000000000
84782  -35.999  30.776  2.816 0.0000000000
84783  -34.506  31.185  3.238 0.0000000000
84784  -34.592  30.772  3.615 0.0000000000
84785  -33.950  30.770  3.954 0.0000000000
84786  -33.451  30.344  4.645 0.0000000000
84787  -33.295  30.713  4.310 0.0000000000
84788  -33.998  32.505  1.630 0.0000000000
84789  -34.154  32.247  2.045 0.0000000000
84790  -33.389  32.186  2.427 0.0000000000
84791  -31.625  31.186  4.260 0.0000000000
84792  -32.286  31.342  3.922 0.0000000000
84793  -31.802  30.830  4.626 0.0000000000
84794  -31.985  30.472  5.004 0.0000000000
84795  -31.340  30.313  5.309 0.0000000000
84796  -30.948  29.784  5.962 0.0000000000
84797  -30.722  30.086  5.613 0.0000000000
84798  -29.369  29.688  5.635 0.0000000000
84799  -29.599  29.464  6.109 0.0000000000
84800  -29.097  29.029  6.262 0.0000000000
84801  -28.863  28.308  6.797 0.0000000000
84802  -28.651  28.502  6.354 0.0000000000
84803  -28.296  27.906  6.417 0.0000000000
84804  -28.469  28.698  5.885 0.0000000000
84805  -28.434  29.677  4.444 0.0000000000
84806  -28.176  28.979  4.992 0.0000000000
84807  -28.049  29.055  4.491 0.0000000000
84808  -27.778  28.371  4.548 0.0000000000
84809  -27.950  29.091  4.005 0.0000000000
84810  -30.109  31.708  1.773 0.0000000000
84811  -29.582  31.351  2.527 0.0000000000
84812  -29.514  31.275  2.017 0.0000000000
84826  -34.938  31.800  -3.555 0.0000000000
84827  -35.028  31.368  -3.806 0.0000000000
84828  -33.434  30.719  -3.049 0.0000000000
84829  -33.410  31.076  -2.809 0.0000000000
84830  -32.685  30.903  -2.503 0.0000000000
84831  -31.935  31.071  -1.911 0.0000000000
84832  -31.976  30.732  -2.261 0.0000000000
84833  -33.944  29.369  -4.467 0.0000000000
84834  -33.768  29.630  -4.025 0.0000000000
84835  -32.945  29.663  -3.897 0.0000000000
84836  -30.544  30.023  -2.905 0.0000000000
84837  -31.249  30.115  -2.919 0.0000000000
84838  -30.508  30.250  -2.454 0.0000000000
84839  -30.481  30.446  -1.977 0.0000000000
84840  -29.825  30.240  -1.890 0.0000000000
93145  -28.179  23.457  8.460 0.0000000000
93147  -28.047  23.652  8.006 0.0000000000
93148  -27.960  23.849  7.541 0.0000000000
93151  -27.834  24.882  6.875 0.0000000000
93152  -27.827  25.738  6.655 0.0000000000
93153  -27.877  26.560  6.429 0.0000000000
96421  -40.965  23.730  8.193 0.0000000000
96422  -40.345  23.561  8.508 0.0000000000
96423  -40.594  24.078  8.000 0.0000000000
96424  -40.218  24.400  7.802 0.0000000000
96425  -39.888  24.697  7.629 0.0000000000
96427  -37.350  28.364  4.761 0.0000000000
96428  -37.088  28.621  4.552 0.0000000000
96429  -36.393  28.554  4.950 0.0000000000
96430  -35.754  28.508  5.310 0.0000000000
96431  -35.128  28.471  5.682 0.0000000000
96432  -35.485  28.858  5.073 0.0000000000
96433  -35.274  29.238  4.817 0.0000000000
96434  -35.103  29.596  4.534 0.0000000000
96443  -36.588  33.131  -3.045 0.0000000000
96444  -35.801  33.152  -2.090 0.0000000000
96445  -35.106  33.132  -1.220 0.0000000000
96446  -35.029  33.083  -1.697 0.0000000000
96447  -34.243  32.990  -1.270 0.0000000000
96448  -33.439  32.840  -0.844 0.0000000000
96449  -32.677  32.623  -0.446 0.0000000000
96450  -33.368  32.704  -1.278 0.0000000000
96451  -33.349  32.455  -1.674 0.0000000000
96452  -33.361  32.167  -2.057 0.0000000000
104141  -29.195  24.040  10.035 0.0000000000
104142  -29.327  24.808  9.725 0.0000000000
110580  -40.621  15.957  7.765 0.0000000000
110581  -40.429  16.280  8.042 0.0000000000
110582  -40.271  16.630  8.359 0.0000000000
110696  -41.588  21.272  9.265 0.0000000000
110698  -41.316  20.641  9.457 0.0000000000
110699  -41.038  19.994  9.555 0.0000000000
110700  -40.747  19.300  9.564 0.0000000000
110701  -40.415  18.626  9.546 0.0000000000
110702  -40.131  19.126  9.777 0.0000000000
110703  -39.528  18.973  10.018 0.0000000000
110704  -38.958  18.781  10.239 0.0000000000
110705  -38.430  18.517  10.369 0.0000000000
110706  -38.688  19.166  10.400 0.0000000000
110707  -38.402  19.571  10.553 0.0000000000
110708  -38.106  20.007  10.683 0.0000000000
110709  -37.976  22.692  9.807 0.0000000000
110710  -37.825  22.101  10.200 0.0000000000
110711  -37.456  22.464  10.119 0.0000000000
110712  -36.937  22.186  10.439 0.0000000000
110713  -36.397  21.864  10.776 0.0000000000
110714  -35.892  21.552  11.065 0.0000000000
110715  -36.024  22.236  10.732 0.0000000000
110716  -35.651  22.607  10.667 0.0000000000
110717  -35.298  22.995  10.608 0.0000000000
110721  -38.891  26.360  6.547 0.0000000000
110722  -38.192  26.222  6.889 0.0000000000
110723  -35.920  26.872  7.108 0.0000000000
110724  -36.276  26.588  7.266 0.0000000000
110725  -35.656  26.420  7.670 0.0000000000
110726  -35.406  25.958  8.218 0.0000000000
110727  -35.128  25.475  8.793 0.0000000000
110728  -34.960  24.916  9.379 0.0000000000
110729  -34.587  25.279  9.210 0.0000000000
110730  -34.042  25.068  9.630 0.0000000000
110731  -33.521  24.778  10.080 0.0000000000
110732  -33.003  24.503  10.456 0.0000000000
110733  -33.170  25.096  9.944 0.0000000000
110734  -32.811  25.466  9.725 0.0000000000
110735  -32.472  25.799  9.518 0.0000000000
110736  -32.724  28.182  7.202 0.0000000000
110737  -32.439  27.682  7.820 0.0000000000
110738  -32.152  28.007  7.562 0.0000000000
110739  -31.616  27.825  7.876 0.0000000000
110740  -31.041  27.554  8.177 0.0000000000
110741  -30.513  27.258  8.424 0.0000000000
110742  -30.755  27.898  7.871 0.0000000000
110743  -30.530  28.212  7.559 0.0000000000
110744  -30.328  28.564  7.232 0.0000000000
110771  -37.216  31.975  0.865 0.0000000000
110772  -36.542  31.617  1.667 0.0000000000
110773  -35.891  31.210  2.463 0.0000000000
110774  -35.821  31.634  2.061 0.0000000000
110775  -35.078  31.623  2.481 0.0000000000
110776  -34.393  31.568  2.856 0.0000000000
110777  -32.492  32.293  2.355 0.0000000000
110778  -32.644  32.053  2.793 0.0000000000
110779  -31.945  31.892  3.120 0.0000000000
110780  -31.420  31.453  3.849 0.0000000000
110781  -30.953  30.926  4.539 0.0000000000
110782  -30.522  30.364  5.209 0.0000000000
110783  -30.316  30.622  4.811 0.0000000000
110784  -29.715  30.285  5.001 0.0000000000
110785  -29.163  29.890  5.183 0.0000000000
110786  -28.713  29.381  5.355 0.0000000000
110787  -29.019  30.029  4.774 0.0000000000
110788  -28.878  30.180  4.327 0.0000000000
110789  -28.763  30.299  3.872 0.0000000000
110790  -29.989  31.459  0.831 0.0000000000
110791  -29.449  31.185  1.531 0.0000000000
110792  -29.382  31.067  1.046 0.0000000000
110799  -36.041  30.620  -4.730 0.0000000000
110800  -35.124  30.946  -4.002 0.0000000000
110801  -35.205  30.514  -4.147 0.0000000000
110802  -34.337  30.422  -3.668 0.0000000000
110803  -33.513  30.335  -3.283 0.0000000000
110804  -32.328  29.469  -4.326 0.0000000000
110805  -32.134  29.685  -3.861 0.0000000000
125141  -41.212  21.770  9.240 0.0000000000
125142  -40.577  21.623  9.525 0.0000000000
125143  -40.000  21.434  9.836 0.0000000000
125144  -39.426  21.191  10.048 0.0000000000
125145  -39.654  21.838  9.762 0.0000000000
125146  -39.288  22.218  9.694 0.0000000000
125147  -38.936  22.580  9.611 0.0000000000
125148  -39.727  23.372  8.819 0.0000000000
125149  -39.134  23.165  9.144 0.0000000000
125150  -38.571  22.925  9.472 0.0000000000
125151  -38.207  23.273  9.315 0.0000000000
125152  -37.872  23.633  9.179 0.0000000000
125153  -37.469  23.965  9.057 0.0000000000
125156  -38.245  27.566  5.408 0.0000000000
125157  -37.586  27.465  5.777 0.0000000000
125158  -36.910  27.375  6.149 0.0000000000
125159  -36.914  28.022  5.362 0.0000000000
125160  -36.572  27.679  5.930 0.0000000000
125161  -36.227  27.299  6.520 0.0000000000
125162  -35.573  27.206  6.931 0.0000000000
125163  -34.973  27.100  7.333 0.0000000000
125164  -34.378  26.991  7.723 0.0000000000
125165  -33.815  26.833  8.113 0.0000000000
125166  -34.096  27.315  7.512 0.0000000000
125167  -33.813  27.649  7.302 0.0000000000
125168  -33.576  27.987  7.063 0.0000000000
125169  -34.523  28.467  6.033 0.0000000000
125170  -33.935  28.420  6.408 0.0000000000
125171  -33.337  28.347  6.811 0.0000000000
125172  -33.079  28.706  6.567 0.0000000000
125173  -32.837  29.066  6.287 0.0000000000
125174  -32.622  29.430  5.985 0.0000000000
125194  -37.516  33.207  -1.905 0.0000000000
125195  -36.852  33.065  -1.001 0.0000000000
125196  -36.166  32.872  -0.076 0.0000000000
125197  -35.535  32.622  0.793 0.0000000000
125198  -35.392  32.851  0.336 0.0000000000
125199  -34.628  32.785  0.753 0.0000000000
125200  -33.854  32.719  1.150 0.0000000000
125201  -34.417  33.030  -0.301 0.0000000000
125202  -33.734  32.850  0.627 0.0000000000
125203  -33.098  32.605  1.510 0.0000000000
125204  -32.359  32.463  1.856 0.0000000000
125205  -31.653  32.269  2.142 0.0000000000
125206  -30.949  31.997  2.444 0.0000000000
125207  -30.280  31.689  2.769 0.0000000000
125208  -30.797  32.030  2.016 0.0000000000
125209  -30.747  32.015  1.517 0.0000000000
125210  -30.668  31.942  1.058 0.0000000000
125211  -31.932  32.368  -0.049 0.0000000000
125212  -31.253  32.101  0.308 0.0000000000
125213  -30.610  31.808  0.593 0.0000000000
125214  -30.569  31.610  0.148 0.0000000000
125215  -30.533  31.406  -0.275 0.0000000000
125216  -30.508  31.150  -0.712 0.0000000000
125218  -35.589  29.358  -4.937 0.0000000000
125220  -34.950  29.064  -5.096 0.0000000000
125221  -34.122  29.138  -4.929 0.0000000000
125224  -33.282  29.220  -4.831 0.0000000000
125225  -32.461  29.270  -4.842 0.0000000000
134653  -36.531  32.390  -4.330 0.0000000000
134654  -35.745  32.303  -3.793 0.0000000000
134655  -36.600  31.990  -4.671 0.0000000000
141634  -28.285  24.157  8.682 0.0000000000
141635  -28.347  24.960  8.463 0.0000000000
141636  -28.454  25.792  8.167 0.0000000000
154836  -42.568  18.694  8.775 0.0000000000
154840  -40.682  17.196  8.637 0.0000000000
154841  -40.037  17.023  8.752 0.0000000000
154842  -40.112  18.017  9.409 0.0000000000
154843  -39.791  17.416  9.201 0.0000000000
154844  -39.434  16.823  8.979 0.0000000000
154845  -38.828  16.636  9.218 0.0000000000
154851  -37.926  18.278  10.529 0.0000000000
154857  -38.844  20.963  10.302 0.0000000000
154858  -38.298  20.715  10.532 0.0000000000
154859  -37.797  20.414  10.743 0.0000000000
154860  -37.684  21.454  10.512 0.0000000000
154861  -37.502  20.784  10.766 0.0000000000
154862  -37.275  20.116  10.963 0.0000000000
154863  -36.777  19.804  11.157 0.0000000000
154864  -36.276  19.465  11.383 0.0000000000
154869  -35.411  21.253  11.339 0.0000000000
154870  -34.868  20.954  11.631 0.0000000000
154876  -40.218  25.166  7.129 0.0000000000
154877  -39.571  25.008  7.450 0.0000000000
154878  -39.516  25.724  6.837 0.0000000000
154879  -39.248  25.289  7.277 0.0000000000
154880  -38.913  24.852  7.806 0.0000000000
154881  -38.251  24.652  8.192 0.0000000000
154882  -37.646  24.465  8.554 0.0000000000
154883  -37.078  24.317  8.937 0.0000000000
154884  -38.248  26.933  6.173 0.0000000000
154885  -37.879  26.527  6.723 0.0000000000
154886  -37.514  26.086  7.249 0.0000000000
154887  -36.591  26.279  7.441 0.0000000000
154888  -36.931  25.959  7.607 0.0000000000
154889  -37.274  25.601  7.755 0.0000000000
154890  -36.983  25.110  8.275 0.0000000000
154891  -36.749  24.624  8.815 0.0000000000
154892  -36.570  24.095  9.359 0.0000000000
154893  -36.031  23.870  9.782 0.0000000000
154894  -35.454  23.643  10.148 0.0000000000
154895  -34.940  23.397  10.508 0.0000000000
154896  -34.765  24.358  9.914 0.0000000000
154897  -34.578  23.770  10.409 0.0000000000
154898  -34.443  23.127  10.870 0.0000000000
154899  -33.912  22.821  11.205 0.0000000000
154905  -32.486  24.208  10.774 0.0000000000
154909  -30.827  24.086  10.847 0.0000000000
154910  -30.539  24.406  10.589 0.0000000000
154911  -33.283  26.630  8.531 0.0000000000
154912  -32.740  26.409  8.928 0.0000000000
154913  -32.184  26.135  9.305 0.0000000000
154914  -32.171  27.142  8.420 0.0000000000
154915  -31.901  26.532  9.020 0.0000000000
154916  -31.648  25.873  9.609 0.0000000000
154917  -31.166  25.576  9.865 0.0000000000
154918  -30.725  25.200  10.144 0.0000000000
154919  -30.258  24.721  10.306 0.0000000000
154920  -29.954  25.049  9.995 0.0000000000
154921  -29.714  25.318  9.654 0.0000000000
154922  -29.451  25.605  9.320 0.0000000000
154923  -30.054  26.875  8.634 0.0000000000
154924  -29.616  26.401  8.821 0.0000000000
154925  -29.195  25.863  8.950 0.0000000000
154926  -28.960  26.115  8.559 0.0000000000
154927  -28.732  26.397  8.165 0.0000000000
154928  -28.564  26.663  7.734 0.0000000000
154982  -36.921  29.885  3.102 0.0000000000
154983  -36.245  29.934  3.474 0.0000000000
154984  -35.592  29.962  3.843 0.0000000000
154985  -34.906  29.981  4.238 0.0000000000
154986  -35.288  30.776  3.224 0.0000000000
154987  -34.720  30.375  3.932 0.0000000000
154988  -34.242  29.992  4.611 0.0000000000
154989  -33.622  29.983  4.960 0.0000000000
154990  -33.020  29.902  5.317 0.0000000000
154991  -32.421  29.786  5.678 0.0000000000
154992  -34.935  32.305  1.629 0.0000000000
154993  -34.294  31.935  2.455 0.0000000000
154994  -33.671  31.494  3.260 0.0000000000
154995  -32.755  31.793  3.209 0.0000000000
154996  -32.942  31.449  3.596 0.0000000000
154997  -33.130  31.074  3.968 0.0000000000
154998  -32.660  30.611  4.667 0.0000000000
154999  -32.223  30.126  5.360 0.0000000000
155000  -31.819  29.623  6.030 0.0000000000
155001  -31.206  29.431  6.317 0.0000000000
155002  -30.615  29.181  6.607 0.0000000000
155003  -30.082  28.885  6.852 0.0000000000
155004  -30.138  29.785  5.868 0.0000000000
155005  -29.829  29.181  6.486 0.0000000000
155006  -29.585  28.540  7.058 0.0000000000
155007  -29.098  28.060  7.192 0.0000000000
155008  -28.698  27.518  7.264 0.0000000000
155009  -28.380  26.941  7.303 0.0000000000
155010  -28.208  27.125  6.891 0.0000000000
155011  -28.051  27.252  6.443 0.0000000000
155012  -27.878  27.374  6.003 0.0000000000
155013  -28.314  28.834  5.444 0.0000000000
155014  -27.982  28.189  5.523 0.0000000000
155015  -27.786  27.493  5.533 0.0000000000
155016  -27.687  27.609  5.058 0.0000000000
155017  -27.584  27.669  4.552 0.0000000000
155019  -29.696  31.296  2.993 0.0000000000
155020  -29.153  30.874  3.229 0.0000000000
155025  -27.871  29.141  3.526 0.0000000000
155037  -34.922  32.161  -3.270 0.0000000000
155038  -34.153  32.015  -2.805 0.0000000000
155039  -33.376  31.824  -2.324 0.0000000000
155040  -34.222  31.228  -3.294 0.0000000000
155041  -33.384  31.474  -2.577 0.0000000000
155042  -32.637  31.621  -1.906 0.0000000000
155043  -31.913  31.376  -1.559 0.0000000000
155044  -31.206  31.134  -1.328 0.0000000000
155045  -30.500  30.896  -1.126 0.0000000000
155046  -34.571  29.654  -4.272 0.0000000000
155047  -33.618  29.965  -3.647 0.0000000000
155048  -32.731  30.250  -3.115 0.0000000000
155049  -32.004  29.918  -3.413 0.0000000000
155050  -31.959  30.162  -2.964 0.0000000000
155051  -31.942  30.452  -2.592 0.0000000000
155052  -31.213  30.610  -2.118 0.0000000000
155053  -30.490  30.670  -1.538 0.0000000000
155054  -29.820  30.637  -0.990 0.0000000000
