#!ascii label  , from subject fsaverage vox2ras=TkReg
648
303  -11.137  -90.408  27.608 0.0000000000
304  -17.433  -91.003  17.358 0.0000000000
783  -17.857  -87.018  20.827 0.0000000000
784  -20.136  -84.763  16.459 0.0000000000
1697  -12.015  -85.719  30.543 0.0000000000
1698  -14.681  -86.347  25.282 0.0000000000
1699  -14.353  -91.012  21.870 0.0000000000
1700  -15.087  -95.122  18.473 0.0000000000
1702  -19.420  -94.287  15.534 0.0000000000
2703  -21.517  -83.404  18.611 0.0000000000
2705  -21.919  -83.383  14.560 0.0000000000
3788  -17.254  -85.827  28.111 0.0000000000
3789  -17.956  -85.607  25.207 0.0000000000
3790  -17.259  -88.799  18.997 0.0000000000
3791  -16.334  -89.428  21.297 0.0000000000
3792  -15.685  -91.199  19.379 0.0000000000
3793  -14.479  -93.423  20.168 0.0000000000
3794  -16.282  -92.876  17.965 0.0000000000
3795  -17.133  -94.664  16.910 0.0000000000
3796  -18.109  -92.741  15.901 0.0000000000
5250  -10.713  -87.482  28.496 0.0000000000
6017  -19.085  -85.747  23.014 0.0000000000
6018  -20.587  -85.163  21.012 0.0000000000
6019  -19.064  -86.037  18.793 0.0000000000
6020  -18.483  -87.875  16.829 0.0000000000
6021  -19.051  -90.033  15.511 0.0000000000
6022  -20.189  -86.639  14.862 0.0000000000
6023  -22.406  -85.311  13.330 0.0000000000
7799  -14.470  -86.771  33.577 0.0000000000
7800  -16.006  -86.091  31.036 0.0000000000
7801  -13.406  -85.888  27.855 0.0000000000
7802  -12.772  -88.458  26.365 0.0000000000
7803  -16.119  -86.883  22.682 0.0000000000
7804  -14.550  -89.211  23.736 0.0000000000
7805  -12.877  -90.720  24.852 0.0000000000
7806  -12.768  -93.278  22.454 0.0000000000
7807  -12.687  -95.196  19.953 0.0000000000
9631  -10.732  -85.903  33.204 0.0000000000
10383  -22.521  -80.849  17.623 0.0000000000
11468  -19.174  -86.020  26.513 0.0000000000
11469  -19.647  -85.826  25.184 0.0000000000
11470  -17.257  -89.942  18.196 0.0000000000
11471  -16.500  -90.145  19.211 0.0000000000
11472  -16.533  -91.148  18.371 0.0000000000
11473  -15.897  -92.101  18.613 0.0000000000
11474  -16.895  -92.003  17.560 0.0000000000
11475  -17.183  -92.826  16.940 0.0000000000
11476  -17.765  -91.888  16.639 0.0000000000
12930  -10.858  -89.137  28.216 0.0000000000
12931  -9.731  -88.515  29.270 0.0000000000
12932  -9.887  -89.998  28.728 0.0000000000
13868  -21.467  -84.889  21.971 0.0000000000
13869  -21.886  -83.909  20.840 0.0000000000
13870  -20.865  -83.995  17.587 0.0000000000
13871  -20.340  -84.748  18.750 0.0000000000
13872  -19.583  -85.376  17.715 0.0000000000
13873  -18.513  -86.784  17.725 0.0000000000
13874  -19.195  -86.287  16.648 0.0000000000
13875  -19.234  -87.298  15.827 0.0000000000
13876  -19.941  -85.576  15.668 0.0000000000
17122  -18.505  -86.711  32.577 0.0000000000
17123  -17.040  -86.668  32.495 0.0000000000
17124  -17.693  -86.268  31.033 0.0000000000
17125  -15.932  -85.684  26.676 0.0000000000
17126  -15.481  -85.620  28.067 0.0000000000
17127  -14.165  -86.132  26.605 0.0000000000
17128  -12.640  -87.131  26.707 0.0000000000
17129  -13.450  -87.494  25.612 0.0000000000
17130  -18.269  -86.137  21.941 0.0000000000
17131  -17.501  -86.001  22.758 0.0000000000
17132  -17.051  -87.017  21.697 0.0000000000
17133  -15.387  -90.362  21.626 0.0000000000
17134  -15.486  -89.406  22.424 0.0000000000
17135  -14.644  -90.227  22.902 0.0000000000
17136  -13.762  -89.947  24.407 0.0000000000
17137  -13.586  -90.807  23.225 0.0000000000
17138  -12.644  -91.802  23.614 0.0000000000
17139  -13.488  -92.105  22.182 0.0000000000
17140  -14.799  -94.341  19.411 0.0000000000
17141  -13.772  -94.517  20.397 0.0000000000
17142  -14.019  -95.327  19.297 0.0000000000
17146  -15.288  -95.875  17.545 0.0000000000
17147  -18.245  -94.580  16.118 0.0000000000
17149  -18.990  -95.393  16.172 0.0000000000
17152  -19.912  -89.398  14.605 0.0000000000
17153  -19.393  -91.006  14.855 0.0000000000
17154  -20.577  -90.334  14.108 0.0000000000
21510  -13.257  -86.211  32.053 0.0000000000
21511  -12.518  -86.356  33.286 0.0000000000
21512  -11.374  -85.837  31.940 0.0000000000
23297  -22.203  -82.787  19.754 0.0000000000
23298  -22.343  -81.749  18.697 0.0000000000
23299  -21.927  -82.462  17.556 0.0000000000
23300  -21.432  -83.333  16.398 0.0000000000
23301  -21.050  -84.046  15.506 0.0000000000
25250  -18.287  -86.112  29.478 0.0000000000
25251  -18.753  -86.075  27.980 0.0000000000
25252  -17.599  -85.764  26.651 0.0000000000
25253  -16.366  -85.678  25.267 0.0000000000
25254  -17.480  -87.895  19.851 0.0000000000
25255  -17.052  -88.323  20.918 0.0000000000
25256  -16.825  -89.182  20.081 0.0000000000
25257  -15.935  -90.301  20.436 0.0000000000
25258  -14.998  -91.212  20.478 0.0000000000
25259  -14.224  -92.222  20.819 0.0000000000
25260  -15.051  -92.301  19.643 0.0000000000
25261  -15.338  -93.188  19.087 0.0000000000
25262  -15.698  -93.973  18.409 0.0000000000
25263  -16.101  -94.806  17.719 0.0000000000
25264  -16.630  -93.706  17.434 0.0000000000
25265  -17.640  -93.727  16.471 0.0000000000
25266  -18.670  -93.503  15.500 0.0000000000
25268  -21.806  -89.481  13.534 0.0000000000
27882  -10.960  -86.053  29.189 0.0000000000
27883  -10.247  -85.742  30.590 0.0000000000
27884  -9.779  -86.809  29.696 0.0000000000
27885  -8.739  -87.673  30.328 0.0000000000
29399  -20.214  -85.739  24.102 0.0000000000
29400  -20.837  -85.529  23.114 0.0000000000
29401  -19.892  -85.584  22.074 0.0000000000
29402  -19.147  -85.955  20.950 0.0000000000
29403  -21.016  -84.297  19.787 0.0000000000
29404  -19.822  -85.431  19.887 0.0000000000
29405  -18.549  -86.658  19.773 0.0000000000
29406  -17.947  -87.361  18.815 0.0000000000
29407  -17.804  -88.334  17.959 0.0000000000
29408  -17.989  -89.647  17.110 0.0000000000
29409  -18.217  -90.583  16.361 0.0000000000
29410  -18.682  -89.012  16.184 0.0000000000
29411  -19.492  -88.391  15.184 0.0000000000
29412  -20.534  -87.710  14.308 0.0000000000
29413  -20.972  -84.924  14.647 0.0000000000
29414  -21.260  -85.960  13.964 0.0000000000
29415  -21.784  -87.052  13.603 0.0000000000
31446  -11.154  -91.532  26.474 0.0000000000
31447  -9.976  -91.124  27.657 0.0000000000
33786  -16.257  -86.966  33.857 0.0000000000
33787  -15.232  -86.500  32.395 0.0000000000
33788  -14.062  -85.951  30.799 0.0000000000
33789  -16.610  -85.844  29.524 0.0000000000
33790  -14.766  -85.686  29.411 0.0000000000
33791  -12.658  -85.734  29.160 0.0000000000
33792  -11.759  -86.552  27.964 0.0000000000
33793  -11.734  -88.108  27.388 0.0000000000
33794  -11.888  -89.463  27.119 0.0000000000
33795  -18.532  -85.616  23.933 0.0000000000
33796  -16.837  -85.812  23.868 0.0000000000
33797  -15.252  -86.643  23.912 0.0000000000
33798  -16.170  -88.301  21.924 0.0000000000
33799  -15.125  -88.120  23.095 0.0000000000
33800  -14.225  -87.834  24.482 0.0000000000
33801  -13.695  -88.800  25.217 0.0000000000
33802  -12.943  -89.688  25.810 0.0000000000
33803  -12.083  -90.632  26.323 0.0000000000
33804  -11.938  -91.762  25.142 0.0000000000
33806  -11.798  -94.100  22.029 0.0000000000
33807  -13.565  -93.388  21.353 0.0000000000
33808  -12.664  -94.416  21.268 0.0000000000
33823  -18.542  -91.529  15.646 0.0000000000
33824  -19.036  -92.400  15.120 0.0000000000
33825  -19.823  -93.204  14.919 0.0000000000
39129  -10.235  -85.637  34.198 0.0000000000
39131  -9.148  -85.693  33.180 0.0000000000
42190  -17.293  -90.480  17.773 0.0000000000
42191  -16.866  -90.597  18.334 0.0000000000
42192  -16.964  -91.095  17.886 0.0000000000
42193  -16.655  -91.629  17.939 0.0000000000
42194  -17.151  -91.562  17.487 0.0000000000
42195  -17.324  -91.934  17.105 0.0000000000
42196  -17.607  -91.432  16.993 0.0000000000
43650  -11.001  -89.790  28.002 0.0000000000
43651  -10.383  -89.596  28.567 0.0000000000
43652  -10.512  -90.229  28.191 0.0000000000
44590  -20.470  -84.342  17.026 0.0000000000
44591  -20.210  -84.666  17.685 0.0000000000
44592  -19.856  -85.044  17.094 0.0000000000
44593  -19.334  -85.780  17.170 0.0000000000
44594  -19.628  -85.504  16.560 0.0000000000
44595  -19.555  -85.920  16.159 0.0000000000
44596  -20.016  -85.143  16.044 0.0000000000
47843  -18.135  -86.520  31.777 0.0000000000
47844  -18.426  -86.369  30.981 0.0000000000
47845  -15.239  -85.818  25.929 0.0000000000
47846  -15.011  -85.702  26.661 0.0000000000
47847  -14.424  -86.237  25.937 0.0000000000
47848  -13.702  -86.778  25.992 0.0000000000
47849  -14.010  -86.895  25.420 0.0000000000
47850  -18.015  -86.501  21.342 0.0000000000
47851  -17.583  -86.485  21.777 0.0000000000
47852  -17.422  -87.103  21.319 0.0000000000
47853  -14.847  -90.625  21.745 0.0000000000
47854  -15.027  -90.298  22.233 0.0000000000
47855  -14.524  -90.552  22.424 0.0000000000
47856  -14.137  -90.467  23.115 0.0000000000
47857  -13.994  -90.920  22.565 0.0000000000
47858  -13.471  -91.362  22.670 0.0000000000
47859  -13.868  -91.488  21.995 0.0000000000
47860  -14.954  -94.724  18.962 0.0000000000
47861  -14.481  -94.908  19.444 0.0000000000
47862  -14.588  -95.255  18.930 0.0000000000
47863  -14.060  -95.632  18.705 0.0000000000
47864  -14.596  -95.606  18.284 0.0000000000
47866  -15.161  -95.480  17.993 0.0000000000
47867  -18.817  -94.451  15.786 0.0000000000
47868  -18.594  -95.003  16.073 0.0000000000
47869  -19.227  -94.832  15.850 0.0000000000
47870  -19.650  -95.215  15.970 0.0000000000
47872  -20.465  -89.015  14.245 0.0000000000
47873  -20.177  -89.860  14.329 0.0000000000
47874  -20.807  -89.476  14.024 0.0000000000
52230  -12.650  -85.897  31.322 0.0000000000
52231  -12.280  -86.008  31.993 0.0000000000
52232  -11.674  -85.719  31.247 0.0000000000
54188  -22.641  -81.434  19.294 0.0000000000
54189  -22.644  -80.927  18.779 0.0000000000
54191  -22.212  -81.653  17.603 0.0000000000
54192  -22.073  -82.122  17.003 0.0000000000
54193  -21.689  -82.899  16.969 0.0000000000
54194  -21.897  -82.561  16.409 0.0000000000
57445  -18.567  -85.787  25.836 0.0000000000
57446  -18.368  -85.853  26.574 0.0000000000
57447  -17.802  -85.707  25.926 0.0000000000
57448  -16.991  -85.653  25.949 0.0000000000
57449  -17.183  -85.600  25.244 0.0000000000
57450  -17.341  -88.305  19.425 0.0000000000
57451  -17.170  -88.584  19.931 0.0000000000
57452  -17.030  -88.998  19.528 0.0000000000
57453  -16.104  -90.696  19.307 0.0000000000
57454  -16.222  -90.219  19.803 0.0000000000
57455  -15.757  -90.760  19.847 0.0000000000
57456  -15.466  -90.781  20.417 0.0000000000
57457  -15.343  -91.245  19.872 0.0000000000
57458  -14.949  -91.731  19.987 0.0000000000
57459  -15.344  -91.688  19.459 0.0000000000
57460  -16.098  -92.472  18.291 0.0000000000
57461  -15.618  -92.603  18.827 0.0000000000
57462  -15.799  -92.951  18.520 0.0000000000
57463  -15.517  -93.559  18.785 0.0000000000
57464  -15.969  -93.403  18.195 0.0000000000
57465  -16.155  -93.779  17.938 0.0000000000
57466  -16.400  -93.276  17.697 0.0000000000
57467  -17.666  -92.806  16.391 0.0000000000
57468  -17.381  -93.260  16.681 0.0000000000
57469  -17.880  -93.228  16.168 0.0000000000
57470  -18.147  -93.637  15.941 0.0000000000
57471  -18.365  -93.137  15.654 0.0000000000
61830  -10.789  -86.676  28.731 0.0000000000
61831  -10.326  -86.390  29.361 0.0000000000
61832  -10.233  -87.138  29.071 0.0000000000
61833  -9.242  -88.918  29.493 0.0000000000
61834  -9.224  -88.082  29.774 0.0000000000
61835  -8.762  -88.524  30.010 0.0000000000
64643  -21.377  -85.423  23.621 0.0000000000
64644  -21.604  -85.156  23.087 0.0000000000
64645  -21.026  -85.019  21.466 0.0000000000
64646  -20.746  -85.329  22.031 0.0000000000
64647  -20.278  -85.402  21.577 0.0000000000
64648  -19.494  -85.732  21.541 0.0000000000
64649  -19.876  -85.536  21.021 0.0000000000
64650  -21.891  -83.115  19.135 0.0000000000
64651  -21.616  -83.619  19.770 0.0000000000
64652  -21.257  -83.849  19.196 0.0000000000
64653  -19.705  -85.367  18.777 0.0000000000
64654  -20.075  -85.075  19.340 0.0000000000
64655  -19.490  -85.678  19.322 0.0000000000
64656  -19.237  -86.009  19.840 0.0000000000
64657  -18.871  -86.342  19.275 0.0000000000
64658  -18.234  -86.990  19.272 0.0000000000
64659  -18.493  -86.711  18.774 0.0000000000
64660  -18.420  -87.270  17.238 0.0000000000
64661  -18.098  -87.513  17.816 0.0000000000
64662  -18.120  -88.095  17.351 0.0000000000
64663  -17.871  -88.966  17.510 0.0000000000
64664  -18.224  -88.741  16.955 0.0000000000
64665  -18.324  -89.325  16.655 0.0000000000
64666  -18.574  -88.415  16.514 0.0000000000
64667  -19.698  -86.980  15.314 0.0000000000
64668  -19.341  -87.838  15.491 0.0000000000
64669  -19.816  -87.526  14.975 0.0000000000
64670  -19.991  -88.051  14.724 0.0000000000
64671  -20.318  -87.186  14.541 0.0000000000
64672  -21.497  -83.715  15.032 0.0000000000
64673  -20.957  -84.441  15.051 0.0000000000
64674  -21.450  -84.125  14.595 0.0000000000
64675  -22.148  -84.799  13.534 0.0000000000
64676  -21.591  -85.119  13.906 0.0000000000
64677  -21.828  -85.642  13.631 0.0000000000
64678  -21.492  -86.517  13.766 0.0000000000
64679  -22.102  -86.169  13.457 0.0000000000
64680  -22.427  -86.675  13.365 0.0000000000
64681  -22.717  -85.820  13.187 0.0000000000
69030  -11.011  -92.066  25.648 0.0000000000
74410  -16.606  -86.364  31.782 0.0000000000
74411  -16.181  -86.612  32.523 0.0000000000
74412  -15.605  -86.302  31.756 0.0000000000
74413  -14.677  -86.252  31.631 0.0000000000
74414  -15.058  -86.030  30.951 0.0000000000
74415  -17.824  -85.962  28.764 0.0000000000
74416  -17.500  -85.964  29.528 0.0000000000
74417  -16.961  -85.854  28.818 0.0000000000
74418  -14.475  -85.608  27.960 0.0000000000
74419  -15.123  -85.625  28.722 0.0000000000
74420  -14.066  -85.600  28.585 0.0000000000
74421  -13.651  -85.633  29.250 0.0000000000
74422  -13.028  -85.815  28.470 0.0000000000
74423  -12.126  -86.040  28.485 0.0000000000
74424  -12.512  -86.210  27.847 0.0000000000
74425  -12.630  -87.824  26.494 0.0000000000
74426  -12.157  -87.603  27.010 0.0000000000
74427  -12.215  -88.303  26.899 0.0000000000
74428  -11.811  -88.797  27.280 0.0000000000
74429  -12.343  -88.952  26.747 0.0000000000
74430  -19.677  -85.727  23.557 0.0000000000
74431  -19.320  -85.680  24.011 0.0000000000
74432  -18.814  -85.711  23.467 0.0000000000
74433  -16.733  -86.359  22.615 0.0000000000
74434  -17.167  -85.925  23.284 0.0000000000
74435  -16.351  -86.237  23.217 0.0000000000
74436  -15.965  -86.106  23.840 0.0000000000
74437  -15.671  -86.749  23.276 0.0000000000
74438  -16.690  -88.820  21.069 0.0000000000
74439  -16.636  -88.290  21.439 0.0000000000
74440  -16.290  -88.836  21.606 0.0000000000
74441  -14.991  -89.339  23.035 0.0000000000
74442  -15.312  -88.820  22.731 0.0000000000
74443  -14.824  -88.738  23.453 0.0000000000
74444  -14.618  -88.010  23.792 0.0000000000
74445  -14.343  -88.543  24.165 0.0000000000
74446  -13.915  -88.317  24.843 0.0000000000
74447  -14.074  -89.010  24.498 0.0000000000
74448  -13.314  -90.275  24.650 0.0000000000
74449  -13.368  -89.797  25.113 0.0000000000
74450  -12.983  -90.216  25.415 0.0000000000
74451  -12.522  -90.151  26.119 0.0000000000
74452  -12.516  -90.689  25.629 0.0000000000
74453  -12.041  -91.176  25.777 0.0000000000
74454  -12.439  -91.225  25.056 0.0000000000
74455  -12.718  -92.541  22.981 0.0000000000
74456  -12.267  -92.397  23.671 0.0000000000
74457  -12.318  -93.107  23.001 0.0000000000
74458  -11.861  -93.599  22.877 0.0000000000
74459  -12.331  -93.789  22.400 0.0000000000
74460  -14.336  -92.888  20.498 0.0000000000
74461  -13.903  -92.795  21.111 0.0000000000
74462  -14.019  -93.443  20.754 0.0000000000
74463  -13.255  -94.900  20.252 0.0000000000
74464  -13.194  -94.461  20.866 0.0000000000
74465  -12.673  -94.816  20.597 0.0000000000
74482  -16.602  -94.708  17.314 0.0000000000
74483  -16.249  -95.284  17.372 0.0000000000
74497  -18.616  -90.313  15.933 0.0000000000
74498  -18.370  -91.042  15.971 0.0000000000
74499  -18.798  -90.800  15.565 0.0000000000
74500  -19.744  -91.487  14.615 0.0000000000
74501  -19.206  -91.757  14.974 0.0000000000
74502  -19.554  -92.172  14.783 0.0000000000
74503  -19.401  -92.789  14.970 0.0000000000
74504  -19.981  -92.575  14.653 0.0000000000
74505  -22.145  -89.888  13.408 0.0000000000
74506  -21.570  -90.353  13.620 0.0000000000
74507  -21.943  -90.776  13.498 0.0000000000
87570  -15.017  -86.948  34.344 0.0000000000
87572  -14.044  -86.782  34.142 0.0000000000
87573  -11.552  -86.093  33.248 0.0000000000
87576  -10.984  -85.842  34.306 0.0000000000
87577  -10.461  -85.817  33.755 0.0000000000
87579  -9.945  -85.687  31.249 0.0000000000
87582  -8.723  -85.863  32.702 0.0000000000
87594  -9.373  -90.860  28.149 0.0000000000
94372  -19.403  -85.922  25.799 0.0000000000
94373  -18.793  -85.691  25.146 0.0000000000
94374  -17.237  -89.347  18.569 0.0000000000
94375  -16.910  -89.506  19.100 0.0000000000
94376  -16.862  -90.058  18.706 0.0000000000
94377  -16.518  -90.629  18.758 0.0000000000
94378  -16.127  -91.167  18.856 0.0000000000
94379  -15.753  -91.658  18.963 0.0000000000
94380  -16.186  -91.652  18.464 0.0000000000
94381  -16.405  -92.045  18.094 0.0000000000
94382  -16.601  -92.433  17.748 0.0000000000
94383  -16.727  -92.836  17.460 0.0000000000
94384  -17.034  -92.391  17.249 0.0000000000
94385  -17.487  -92.373  16.761 0.0000000000
94386  -17.906  -92.332  16.271 0.0000000000
97002  -10.751  -88.345  28.353 0.0000000000
97003  -10.186  -88.002  28.876 0.0000000000
97004  -10.280  -88.872  28.763 0.0000000000
97005  -9.784  -89.344  29.097 0.0000000000
97006  -9.294  -89.678  29.183 0.0000000000
98690  -21.903  -84.742  22.511 0.0000000000
98691  -22.113  -84.259  21.937 0.0000000000
98692  -21.663  -84.467  21.397 0.0000000000
98693  -21.268  -84.603  20.900 0.0000000000
98694  -21.202  -83.697  18.097 0.0000000000
98695  -20.944  -84.107  18.678 0.0000000000
98696  -20.602  -84.384  18.169 0.0000000000
98697  -19.971  -85.059  18.214 0.0000000000
98698  -19.312  -85.724  18.280 0.0000000000
98699  -18.743  -86.410  18.264 0.0000000000
98700  -19.011  -86.086  17.737 0.0000000000
98701  -18.841  -86.538  17.202 0.0000000000
98702  -18.780  -87.066  16.704 0.0000000000
98703  -18.841  -87.588  16.349 0.0000000000
98704  -19.173  -86.770  16.199 0.0000000000
98705  -19.595  -86.449  15.717 0.0000000000
98706  -20.045  -86.107  15.239 0.0000000000
98708  -21.921  -83.811  14.173 0.0000000000
98712  -22.974  -84.972  13.068 0.0000000000
104550  -17.833  -86.707  32.519 0.0000000000
104551  -17.430  -86.452  31.770 0.0000000000
104552  -16.933  -86.171  31.049 0.0000000000
104553  -16.637  -85.707  27.419 0.0000000000
104554  -16.401  -85.707  28.112 0.0000000000
104555  -15.734  -85.650  27.394 0.0000000000
104556  -14.797  -85.660  27.335 0.0000000000
104557  -13.842  -86.020  27.266 0.0000000000
104558  -12.933  -86.416  27.229 0.0000000000
104559  -13.363  -86.625  26.626 0.0000000000
104560  -13.051  -87.337  26.136 0.0000000000
104561  -13.141  -87.969  25.959 0.0000000000
104562  -18.620  -85.850  22.470 0.0000000000
104563  -18.275  -85.805  22.903 0.0000000000
104564  -17.845  -86.052  22.343 0.0000000000
104565  -17.159  -86.433  22.186 0.0000000000
104566  -16.581  -86.999  22.141 0.0000000000
104567  -15.920  -89.978  21.501 0.0000000000
104568  -15.956  -89.437  21.854 0.0000000000
104569  -15.553  -89.943  22.064 0.0000000000
104570  -15.080  -89.873  22.654 0.0000000000
104571  -14.646  -89.761  23.330 0.0000000000
104572  -14.208  -89.612  24.066 0.0000000000
104573  -14.233  -90.137  23.674 0.0000000000
104574  -13.713  -90.371  23.860 0.0000000000
104575  -13.202  -90.743  24.035 0.0000000000
104576  -12.729  -91.208  24.208 0.0000000000
104577  -13.080  -91.249  23.388 0.0000000000
104578  -13.074  -91.905  22.809 0.0000000000
104579  -13.144  -92.683  22.365 0.0000000000
104580  -14.655  -93.911  19.804 0.0000000000
104581  -14.162  -93.980  20.356 0.0000000000
104582  -14.310  -94.479  19.901 0.0000000000
104583  -13.879  -94.961  19.839 0.0000000000
104584  -13.332  -95.298  19.601 0.0000000000
104586  -13.436  -95.645  18.921 0.0000000000
104593  -17.720  -94.671  16.539 0.0000000000
104595  -18.012  -95.118  16.413 0.0000000000
104596  -18.353  -95.557  16.379 0.0000000000
104602  -19.460  -89.793  15.044 0.0000000000
104603  -19.212  -90.532  15.152 0.0000000000
104604  -19.669  -90.237  14.736 0.0000000000
104605  -19.970  -90.699  14.479 0.0000000000
112446  -13.889  -86.500  32.821 0.0000000000
112447  -13.487  -86.580  33.421 0.0000000000
112448  -12.886  -86.324  32.734 0.0000000000
112449  -11.895  -86.078  32.644 0.0000000000
112450  -11.036  -85.892  32.588 0.0000000000
115800  -22.657  -81.947  19.807 0.0000000000
115801  -22.324  -82.266  19.209 0.0000000000
115802  -22.027  -82.580  18.601 0.0000000000
115803  -22.381  -81.248  18.185 0.0000000000
115804  -22.116  -82.081  18.116 0.0000000000
115805  -21.735  -82.955  18.050 0.0000000000
115806  -21.458  -83.269  17.531 0.0000000000
115807  -21.147  -83.631  16.959 0.0000000000
115808  -20.796  -84.031  16.437 0.0000000000
115809  -20.583  -84.393  15.985 0.0000000000
115810  -21.205  -83.667  15.974 0.0000000000
115811  -21.600  -83.302  15.494 0.0000000000
115812  -21.959  -82.946  15.005 0.0000000000
120356  -18.732  -86.275  30.186 0.0000000000
120357  -19.041  -86.248  29.439 0.0000000000
120358  -18.542  -86.095  28.719 0.0000000000
120359  -18.011  -85.948  28.050 0.0000000000
120360  -18.977  -86.037  27.274 0.0000000000
120361  -18.189  -85.902  27.319 0.0000000000
120362  -17.459  -85.785  27.390 0.0000000000
120363  -16.794  -85.693  26.665 0.0000000000
120364  -16.129  -85.698  25.931 0.0000000000
120365  -15.488  -85.889  25.242 0.0000000000
120366  -17.697  -87.474  20.332 0.0000000000
120367  -17.370  -87.661  20.850 0.0000000000
120368  -17.276  -88.141  20.392 0.0000000000
120369  -16.980  -88.748  20.498 0.0000000000
120370  -16.619  -89.343  20.716 0.0000000000
120371  -16.659  -89.622  19.656 0.0000000000
120372  -16.419  -89.765  20.280 0.0000000000
120373  -16.186  -89.897  20.907 0.0000000000
120374  -15.689  -90.379  21.045 0.0000000000
120375  -15.164  -90.741  21.069 0.0000000000
120376  -14.677  -91.119  21.157 0.0000000000
120377  -14.240  -91.583  21.290 0.0000000000
120378  -14.565  -91.681  20.587 0.0000000000
120379  -14.640  -92.295  20.211 0.0000000000
120380  -14.775  -92.859  19.908 0.0000000000
120381  -15.454  -92.170  19.125 0.0000000000
120382  -15.185  -92.753  19.359 0.0000000000
120383  -14.925  -93.323  19.608 0.0000000000
120384  -15.078  -93.751  19.354 0.0000000000
120385  -15.259  -94.156  18.915 0.0000000000
120386  -15.430  -94.567  18.478 0.0000000000
120387  -15.599  -94.945  18.075 0.0000000000
120388  -15.889  -94.369  18.075 0.0000000000
120389  -16.377  -94.197  17.649 0.0000000000
120390  -16.898  -94.162  17.160 0.0000000000
120391  -16.868  -93.252  17.179 0.0000000000
120392  -17.127  -93.702  16.930 0.0000000000
120393  -17.425  -94.172  16.722 0.0000000000
120394  -17.941  -94.150  16.258 0.0000000000
120395  -18.450  -94.053  15.789 0.0000000000
120396  -19.010  -93.901  15.461 0.0000000000
126498  -11.446  -85.752  29.822 0.0000000000
126499  -11.091  -85.670  30.543 0.0000000000
126500  -10.619  -85.841  29.888 0.0000000000
126503  -9.733  -87.605  29.446 0.0000000000
126504  -9.234  -87.236  30.051 0.0000000000
130267  -20.570  -85.683  23.624 0.0000000000
130268  -20.032  -85.701  23.100 0.0000000000
130269  -21.158  -85.256  22.555 0.0000000000
130270  -20.357  -85.571  22.596 0.0000000000
130271  -19.463  -85.714  22.541 0.0000000000
130272  -19.046  -85.859  22.027 0.0000000000
130273  -18.718  -86.095  21.453 0.0000000000
130274  -18.479  -86.476  20.864 0.0000000000
130275  -22.040  -83.332  20.305 0.0000000000
130276  -21.462  -84.119  20.338 0.0000000000
130277  -20.871  -84.748  20.404 0.0000000000
130278  -20.666  -84.485  19.282 0.0000000000
130279  -20.433  -84.878  19.866 0.0000000000
130280  -20.182  -85.242  20.451 0.0000000000
130281  -19.528  -85.730  20.433 0.0000000000
130282  -18.874  -86.330  20.341 0.0000000000
130283  -18.222  -86.877  20.298 0.0000000000
130284  -17.939  -87.280  19.779 0.0000000000
130285  -17.695  -87.630  19.326 0.0000000000
130286  -17.533  -88.085  18.937 0.0000000000
130287  -18.242  -87.114  18.275 0.0000000000
130288  -17.802  -87.794  18.392 0.0000000000
130289  -17.516  -88.590  18.475 0.0000000000
130290  -17.546  -89.163  18.066 0.0000000000
130291  -17.623  -89.811  17.630 0.0000000000
130292  -17.721  -90.370  17.200 0.0000000000
130293  -17.868  -90.840  16.826 0.0000000000
130294  -18.095  -90.125  16.728 0.0000000000
130295  -18.443  -89.830  16.287 0.0000000000
130296  -18.843  -89.542  15.836 0.0000000000
130297  -18.922  -88.124  16.035 0.0000000000
130298  -19.059  -88.717  15.698 0.0000000000
130299  -19.244  -89.247  15.376 0.0000000000
130300  -19.682  -88.916  14.928 0.0000000000
130301  -20.189  -88.572  14.494 0.0000000000
130302  -20.787  -88.193  14.147 0.0000000000
130303  -20.466  -84.785  15.543 0.0000000000
130304  -20.451  -85.247  15.133 0.0000000000
130305  -20.554  -85.764  14.732 0.0000000000
130306  -21.474  -84.614  14.225 0.0000000000
130307  -21.060  -85.440  14.299 0.0000000000
130308  -20.710  -86.296  14.410 0.0000000000
130309  -20.892  -86.853  14.126 0.0000000000
130310  -21.120  -87.381  13.927 0.0000000000
130315  -23.257  -85.489  12.961 0.0000000000
135822  -11.210  -90.969  27.085 0.0000000000
135823  -10.619  -90.822  27.697 0.0000000000
135824  -10.622  -91.373  27.105 0.0000000000
142465  -15.878  -87.046  34.480 0.0000000000
142466  -15.395  -86.903  33.763 0.0000000000
142467  -16.627  -86.851  33.195 0.0000000000
142468  -15.785  -86.760  33.140 0.0000000000
142469  -14.901  -86.644  32.979 0.0000000000
142470  -14.281  -86.381  32.213 0.0000000000
142471  -13.680  -86.107  31.457 0.0000000000
142472  -12.973  -85.778  30.671 0.0000000000
142473  -17.981  -86.153  30.238 0.0000000000
142474  -17.214  -86.033  30.295 0.0000000000
142475  -16.371  -85.929  30.250 0.0000000000
142476  -16.058  -85.709  28.792 0.0000000000
142477  -15.742  -85.755  29.493 0.0000000000
142478  -15.428  -85.861  30.212 0.0000000000
142479  -14.417  -85.795  30.105 0.0000000000
142480  -13.334  -85.674  29.967 0.0000000000
142481  -12.325  -85.705  29.859 0.0000000000
142482  -11.729  -85.858  29.146 0.0000000000
142483  -11.332  -86.299  28.571 0.0000000000
142484  -11.206  -86.989  28.175 0.0000000000
142485  -12.198  -86.809  27.301 0.0000000000
142486  -11.688  -87.314  27.563 0.0000000000
142487  -11.210  -87.817  27.957 0.0000000000
142488  -11.292  -88.607  27.808 0.0000000000
142489  -11.387  -89.318  27.669 0.0000000000
142490  -11.528  -89.969  27.403 0.0000000000
142492  -19.018  -85.627  24.529 0.0000000000
142493  -18.217  -85.570  24.517 0.0000000000
142494  -17.991  -85.751  23.360 0.0000000000
142495  -17.689  -85.662  23.885 0.0000000000
142496  -17.368  -85.571  24.515 0.0000000000
142497  -16.550  -85.703  24.514 0.0000000000
142498  -15.718  -85.977  24.547 0.0000000000
142499  -14.952  -86.496  24.629 0.0000000000
142500  -17.002  -87.684  21.319 0.0000000000
142501  -16.580  -87.644  21.763 0.0000000000
142502  -16.087  -87.633  22.250 0.0000000000
142503  -15.824  -88.834  22.142 0.0000000000
142504  -15.659  -88.234  22.466 0.0000000000
142505  -15.583  -87.466  22.829 0.0000000000
142506  -15.080  -87.369  23.468 0.0000000000
142507  -14.678  -87.234  24.151 0.0000000000
142508  -14.333  -87.068  24.816 0.0000000000
142509  -13.845  -87.648  25.081 0.0000000000
142510  -13.567  -88.133  25.477 0.0000000000
142511  -13.273  -88.618  25.825 0.0000000000
142512  -13.767  -89.425  24.837 0.0000000000
142513  -13.385  -89.232  25.552 0.0000000000
142514  -12.900  -89.101  26.173 0.0000000000
142515  -12.438  -89.597  26.492 0.0000000000
142516  -12.028  -90.096  26.771 0.0000000000
142517  -11.648  -90.577  26.969 0.0000000000
142518  -11.656  -91.089  26.448 0.0000000000
142519  -11.550  -91.670  25.847 0.0000000000
142520  -11.448  -92.262  25.017 0.0000000000
142521  -12.280  -91.785  24.400 0.0000000000
142522  -11.841  -92.373  24.371 0.0000000000
142527  -13.829  -92.147  21.475 0.0000000000
142528  -13.529  -92.760  21.749 0.0000000000
142529  -13.171  -93.375  21.921 0.0000000000
142530  -13.637  -94.008  20.938 0.0000000000
142531  -13.154  -93.986  21.463 0.0000000000
142532  -12.735  -93.914  21.937 0.0000000000
142533  -12.244  -94.286  21.652 0.0000000000
142555  -15.715  -95.369  17.683 0.0000000000
142556  -15.843  -95.842  17.324 0.0000000000
142573  -18.015  -91.257  16.467 0.0000000000
142574  -18.135  -91.737  16.110 0.0000000000
142575  -18.294  -92.226  15.758 0.0000000000
142576  -18.974  -91.283  15.239 0.0000000000
142577  -18.728  -91.993  15.335 0.0000000000
142578  -18.563  -92.602  15.482 0.0000000000
142579  -18.861  -92.979  15.285 0.0000000000
142580  -19.225  -93.346  15.142 0.0000000000
142581  -19.642  -93.730  15.236 0.0000000000
142582  -21.200  -89.920  13.766 0.0000000000
142583  -20.977  -90.792  13.915 0.0000000000
158344  -10.779  -85.668  31.239 0.0000000000
158345  -10.501  -85.723  31.924 0.0000000000
158346  -10.222  -85.777  32.594 0.0000000000
158348  -9.442  -85.763  32.617 0.0000000000
158349  -9.929  -85.806  33.193 0.0000000000
158350  -9.659  -85.645  33.710 0.0000000000
158362  -9.963  -90.610  28.241 0.0000000000
158363  -9.365  -90.328  28.738 0.0000000000
