#!ascii label  , from subject fsaverage vox2ras=TkReg
311
422  -4.378  12.164  30.484 0.0000000000
424  -4.199  -0.759  33.713 0.0000000000
506  -6.211  26.770  17.993 0.0000000000
1946  -5.869  13.896  26.570 0.0000000000
1948  -6.153  7.819  28.958 0.0000000000
1949  -6.213  1.571  31.152 0.0000000000
2171  -5.168  19.392  25.189 0.0000000000
4274  -4.628  13.101  28.330 0.0000000000
4275  -6.044  10.886  27.772 0.0000000000
4276  -4.990  9.995  29.366 0.0000000000
4277  -4.388  2.543  32.999 0.0000000000
4278  -5.244  3.708  31.553 0.0000000000
4279  -5.163  0.500  32.325 0.0000000000
4280  -6.195  -1.806  31.988 0.0000000000
4281  -4.833  -2.847  32.868 0.0000000000
4769  -6.397  23.956  19.067 0.0000000000
6309  -4.354  9.012  31.281 0.0000000000
8443  -5.068  6.997  30.463 0.0000000000
8444  -6.186  4.700  30.174 0.0000000000
9075  -5.934  23.087  21.696 0.0000000000
9076  -6.457  20.268  22.709 0.0000000000
9078  -5.533  16.691  25.699 0.0000000000
11954  -4.321  12.646  29.363 0.0000000000
11955  -4.805  11.563  28.873 0.0000000000
11956  -4.392  11.097  29.779 0.0000000000
11957  -4.322  0.903  33.344 0.0000000000
11958  -4.713  1.495  32.586 0.0000000000
11959  -4.543  -0.109  32.896 0.0000000000
11960  -4.985  -1.105  32.637 0.0000000000
11961  -4.405  -1.751  33.189 0.0000000000
12447  -6.153  25.687  17.406 0.0000000000
12449  -6.394  25.339  18.516 0.0000000000
18586  -6.092  12.727  26.257 0.0000000000
18588  -6.046  9.691  27.531 0.0000000000
18593  -4.491  7.994  30.705 0.0000000000
18594  -4.537  6.432  31.223 0.0000000000
18595  -5.830  2.674  31.382 0.0000000000
18596  -5.857  4.254  30.892 0.0000000000
18597  -6.223  3.099  30.715 0.0000000000
20131  -5.467  24.489  21.183 0.0000000000
20134  -5.540  21.240  23.423 0.0000000000
20135  -5.853  19.839  23.945 0.0000000000
20136  -6.502  18.791  23.236 0.0000000000
20137  -6.033  18.384  24.450 0.0000000000
20138  -6.138  17.100  24.786 0.0000000000
20139  -5.402  18.046  25.359 0.0000000000
26126  -5.217  13.578  27.467 0.0000000000
26127  -5.963  12.352  27.213 0.0000000000
26128  -5.477  12.050  28.015 0.0000000000
26129  -5.609  10.490  28.632 0.0000000000
26130  -5.712  9.042  29.180 0.0000000000
26131  -4.424  4.206  32.619 0.0000000000
26132  -4.667  4.780  31.783 0.0000000000
26133  -4.756  3.142  32.216 0.0000000000
26134  -5.240  2.115  31.973 0.0000000000
26135  -5.796  1.095  31.748 0.0000000000
26136  -6.239  -0.070  31.585 0.0000000000
26137  -5.710  -0.565  32.150 0.0000000000
26138  -5.627  -2.281  32.464 0.0000000000
30081  -4.348  10.639  30.889 0.0000000000
35605  -4.446  9.527  30.261 0.0000000000
35606  -5.016  8.496  29.929 0.0000000000
35607  -5.793  7.435  29.758 0.0000000000
35608  -5.134  5.341  31.034 0.0000000000
35609  -5.783  5.900  30.365 0.0000000000
35610  -6.170  6.261  29.567 0.0000000000
35617  -6.341  -1.317  31.351 0.0000000000
37465  -5.079  27.410  20.223 0.0000000000
37466  -5.671  26.422  19.354 0.0000000000
37467  -6.044  24.962  19.880 0.0000000000
37468  -6.400  23.531  20.419 0.0000000000
37469  -6.564  22.067  20.952 0.0000000000
37471  -6.285  21.697  22.224 0.0000000000
37477  -6.164  15.750  25.197 0.0000000000
37478  -5.753  15.310  26.151 0.0000000000
37479  -4.965  17.716  26.414 0.0000000000
37480  -4.861  16.310  26.664 0.0000000000
37481  -5.003  14.951  27.017 0.0000000000
37482  -4.508  14.565  28.025 0.0000000000
42674  -4.268  12.383  29.921 0.0000000000
42675  -4.353  11.860  29.572 0.0000000000
42676  -4.279  11.636  30.091 0.0000000000
42677  -4.259  0.079  33.529 0.0000000000
42678  -4.379  0.391  33.053 0.0000000000
42679  -4.286  -0.417  33.243 0.0000000000
42680  -4.468  -0.935  33.058 0.0000000000
42681  -4.230  -1.265  33.391 0.0000000000
43167  -6.267  26.249  17.665 0.0000000000
43168  -6.265  25.514  17.955 0.0000000000
43169  -6.305  26.062  18.255 0.0000000000
49304  -6.056  14.065  26.095 0.0000000000
49306  -6.070  13.277  26.409 0.0000000000
49307  -6.122  8.573  28.707 0.0000000000
49309  -6.152  7.993  28.566 0.0000000000
49310  -6.044  7.392  28.485 0.0000000000
49311  -6.167  7.220  28.858 0.0000000000
49313  -4.348  6.970  31.372 0.0000000000
49315  -6.043  2.113  31.274 0.0000000000
49316  -6.048  2.874  31.073 0.0000000000
49317  -6.214  2.321  30.952 0.0000000000
49319  -6.281  1.769  30.820 0.0000000000
49321  -6.297  0.966  31.028 0.0000000000
50854  -5.305  20.276  24.297 0.0000000000
50855  -5.478  19.535  24.539 0.0000000000
50856  -5.978  19.114  24.192 0.0000000000
50857  -5.540  18.878  24.767 0.0000000000
50858  -5.698  18.217  24.903 0.0000000000
50859  -5.273  18.717  25.270 0.0000000000
58904  -4.929  13.352  27.879 0.0000000000
58905  -5.388  12.833  27.721 0.0000000000
58906  -5.028  12.565  28.155 0.0000000000
58907  -4.899  10.797  29.130 0.0000000000
58908  -5.208  11.024  28.743 0.0000000000
58909  -5.297  10.256  28.998 0.0000000000
58910  -5.664  9.778  28.902 0.0000000000
58911  -5.339  9.499  29.280 0.0000000000
58912  -4.419  3.381  32.814 0.0000000000
58913  -4.552  3.693  32.392 0.0000000000
58914  -4.530  2.830  32.569 0.0000000000
58915  -4.902  1.012  32.418 0.0000000000
58916  -4.972  1.810  32.249 0.0000000000
58917  -5.208  1.295  32.146 0.0000000000
58918  -5.508  1.595  31.865 0.0000000000
58919  -5.481  0.793  32.045 0.0000000000
58920  -5.765  0.300  31.951 0.0000000000
58921  -5.431  -0.010  32.234 0.0000000000
58922  -4.908  -1.983  32.762 0.0000000000
58923  -5.286  -1.704  32.544 0.0000000000
58924  -5.212  -2.549  32.663 0.0000000000
58925  -5.534  -3.109  32.603 0.0000000000
60389  -6.366  23.242  19.368 0.0000000000
78802  -5.987  11.638  27.494 0.0000000000
78803  -6.109  11.815  27.049 0.0000000000
78804  -6.124  11.047  27.344 0.0000000000
78806  -5.906  9.882  27.119 0.0000000000
78817  -4.347  9.825  31.098 0.0000000000
78818  -4.293  10.068  30.527 0.0000000000
78819  -4.309  9.262  30.728 0.0000000000
78820  -4.701  7.510  30.544 0.0000000000
78821  -4.711  8.255  30.280 0.0000000000
78822  -5.048  7.771  30.181 0.0000000000
78823  -5.407  7.998  29.817 0.0000000000
78824  -5.424  7.240  30.110 0.0000000000
78825  -4.935  4.247  31.629 0.0000000000
78826  -4.850  5.065  31.367 0.0000000000
78827  -5.200  4.514  31.279 0.0000000000
78828  -6.057  4.477  30.526 0.0000000000
78829  -5.846  5.028  30.585 0.0000000000
78830  -6.033  5.272  30.254 0.0000000000
78831  -6.015  6.068  29.981 0.0000000000
78832  -6.191  5.482  29.880 0.0000000000
78833  -6.204  5.707  29.480 0.0000000000
78834  -6.210  4.931  29.791 0.0000000000
78847  -6.230  -0.935  31.804 0.0000000000
78848  -6.328  -0.679  31.474 0.0000000000
78849  -6.329  -1.565  31.678 0.0000000000
83428  -5.072  26.705  20.468 0.0000000000
83429  -5.194  26.949  19.791 0.0000000000
83430  -5.351  26.196  20.022 0.0000000000
83431  -5.863  25.705  19.616 0.0000000000
83432  -5.558  25.452  20.280 0.0000000000
83433  -5.718  23.785  21.405 0.0000000000
83434  -6.032  24.012  20.816 0.0000000000
83435  -6.254  23.313  21.044 0.0000000000
83436  -6.507  22.793  20.683 0.0000000000
83437  -6.428  22.597  21.324 0.0000000000
83441  -6.058  20.759  23.073 0.0000000000
83442  -5.922  21.442  22.811 0.0000000000
83443  -6.402  20.965  22.478 0.0000000000
83444  -6.578  21.199  21.843 0.0000000000
83445  -6.569  20.461  22.089 0.0000000000
83447  -6.514  19.700  22.334 0.0000000000
83455  -5.847  16.897  25.244 0.0000000000
83456  -6.176  16.444  24.981 0.0000000000
83457  -5.930  16.231  25.451 0.0000000000
83458  -5.989  15.540  25.668 0.0000000000
83459  -5.649  15.992  25.919 0.0000000000
83465  -4.644  16.155  27.184 0.0000000000
83466  -4.909  15.621  26.833 0.0000000000
83467  -4.605  15.458  27.350 0.0000000000
83468  -4.661  14.749  27.521 0.0000000000
83469  -4.542  15.273  27.873 0.0000000000
95246  -4.414  12.904  28.814 0.0000000000
95247  -4.711  12.320  28.604 0.0000000000
95248  -4.472  12.087  29.066 0.0000000000
95249  -4.547  11.335  29.298 0.0000000000
95250  -4.599  10.558  29.518 0.0000000000
95251  -4.376  1.736  33.187 0.0000000000
95252  -4.515  2.000  32.754 0.0000000000
95253  -4.473  1.195  32.922 0.0000000000
95254  -4.629  0.714  32.723 0.0000000000
95255  -4.826  0.219  32.578 0.0000000000
95256  -5.075  -0.277  32.491 0.0000000000
95257  -4.736  -0.625  32.764 0.0000000000
95258  -4.670  -1.433  32.883 0.0000000000
95259  -4.584  -2.301  33.010 0.0000000000
96136  -6.225  24.818  18.233 0.0000000000
96137  -6.414  24.636  18.766 0.0000000000
107185  -6.086  10.117  28.068 0.0000000000
107186  -6.119  10.280  27.619 0.0000000000
107194  -4.358  8.229  31.475 0.0000000000
107195  -4.316  8.480  30.921 0.0000000000
107196  -4.358  7.712  31.144 0.0000000000
107197  -4.506  7.216  30.957 0.0000000000
107198  -4.747  6.688  30.832 0.0000000000
107199  -5.553  3.201  31.485 0.0000000000
107200  -5.538  3.985  31.212 0.0000000000
107201  -5.849  3.471  31.147 0.0000000000
107202  -6.070  3.691  30.805 0.0000000000
107203  -6.226  3.915  30.435 0.0000000000
109970  -5.691  20.544  23.704 0.0000000000
109971  -6.180  20.061  23.340 0.0000000000
109972  -6.499  19.513  22.974 0.0000000000
109973  -6.294  19.331  23.589 0.0000000000
109974  -6.344  18.607  23.847 0.0000000000
109975  -6.282  17.901  24.117 0.0000000000
109977  -6.060  17.728  24.609 0.0000000000
109978  -5.789  17.557  25.062 0.0000000000
109979  -5.446  17.383  25.507 0.0000000000
122402  -5.583  13.729  27.025 0.0000000000
122403  -5.935  13.112  26.887 0.0000000000
122404  -5.664  12.961  27.330 0.0000000000
122405  -5.734  12.210  27.619 0.0000000000
122406  -5.787  11.469  27.904 0.0000000000
122407  -5.123  11.792  28.443 0.0000000000
122408  -5.547  11.253  28.331 0.0000000000
122409  -5.871  10.681  28.204 0.0000000000
122410  -5.901  9.944  28.493 0.0000000000
122411  -5.935  9.186  28.799 0.0000000000
122412  -5.977  8.420  29.082 0.0000000000
122414  -4.450  5.322  31.946 0.0000000000
122415  -4.505  4.493  32.218 0.0000000000
122416  -4.723  3.967  32.019 0.0000000000
122417  -4.970  3.418  31.886 0.0000000000
122418  -4.762  2.317  32.396 0.0000000000
122419  -5.003  2.623  32.071 0.0000000000
122420  -5.260  2.914  31.791 0.0000000000
122421  -5.525  2.405  31.691 0.0000000000
122422  -5.809  1.878  31.593 0.0000000000
122423  -6.034  1.351  31.465 0.0000000000
122424  -6.217  0.795  31.361 0.0000000000
122425  -6.032  0.540  31.667 0.0000000000
122426  -6.022  -0.316  31.879 0.0000000000
122427  -5.984  -1.184  32.088 0.0000000000
122428  -5.343  -0.813  32.403 0.0000000000
122429  -5.669  -1.435  32.320 0.0000000000
132116  -4.491  11.912  31.034 0.0000000000
132117  -4.343  11.396  30.666 0.0000000000
132118  -4.458  11.153  31.239 0.0000000000
132141  -4.288  2.270  33.465 0.0000000000
147793  -6.088  12.551  26.734 0.0000000000
147796  -6.055  10.462  27.212 0.0000000000
147811  -4.283  10.857  30.309 0.0000000000
147812  -4.412  10.321  29.999 0.0000000000
147813  -4.639  9.774  29.783 0.0000000000
147814  -4.474  8.759  30.479 0.0000000000
147815  -4.672  9.011  30.058 0.0000000000
147816  -4.987  9.232  29.685 0.0000000000
147817  -5.361  8.751  29.564 0.0000000000
147818  -5.774  8.255  29.451 0.0000000000
147819  -6.013  7.643  29.345 0.0000000000
147820  -4.587  5.602  31.506 0.0000000000
147821  -4.790  5.877  31.103 0.0000000000
147822  -5.080  6.143  30.770 0.0000000000
147823  -5.504  4.790  30.945 0.0000000000
147824  -5.454  5.601  30.692 0.0000000000
147825  -5.416  6.426  30.423 0.0000000000
147826  -5.784  6.652  30.075 0.0000000000
147827  -6.011  6.839  29.662 0.0000000000
147828  -6.156  7.048  29.252 0.0000000000
147829  -6.153  6.462  29.136 0.0000000000
147850  -6.361  -2.169  31.537 0.0000000000
147918  -4.153  -1.615  33.873 0.0000000000
147919  -4.176  -2.069  33.552 0.0000000000
147920  -4.319  -2.625  33.343 0.0000000000
147921  -4.468  -3.166  33.129 0.0000000000
153361  -5.477  27.118  19.080 0.0000000000
153362  -5.953  26.599  18.659 0.0000000000
153363  -6.137  25.911  18.939 0.0000000000
153364  -6.255  25.186  19.197 0.0000000000
153365  -6.371  24.477  19.465 0.0000000000
153366  -5.792  24.723  20.558 0.0000000000
153367  -6.261  24.265  20.153 0.0000000000
153368  -6.469  23.778  19.746 0.0000000000
153369  -6.495  23.015  20.042 0.0000000000
153370  -6.494  22.273  20.319 0.0000000000
153374  -5.560  22.837  22.325 0.0000000000
153375  -5.398  21.920  23.171 0.0000000000
153376  -5.760  22.137  22.561 0.0000000000
153377  -6.123  22.390  21.984 0.0000000000
153378  -6.531  21.916  21.586 0.0000000000
153379  -6.536  21.361  21.231 0.0000000000
153393  -6.225  16.541  24.480 0.0000000000
153394  -6.194  15.854  24.723 0.0000000000
153395  -6.158  15.115  24.961 0.0000000000
153398  -5.796  14.629  26.360 0.0000000000
153399  -5.082  18.560  25.778 0.0000000000
153400  -5.079  17.883  25.824 0.0000000000
153401  -5.065  17.229  25.921 0.0000000000
153403  -4.895  17.017  26.512 0.0000000000
153404  -5.115  16.484  26.158 0.0000000000
153405  -5.227  15.790  26.363 0.0000000000
153406  -5.352  15.120  26.565 0.0000000000
153407  -5.454  14.456  26.778 0.0000000000
153408  -5.110  14.277  27.224 0.0000000000
153409  -4.784  14.082  27.693 0.0000000000
153410  -4.552  13.863  28.171 0.0000000000
153412  -4.361  14.340  28.558 0.0000000000
153413  -4.353  13.629  28.685 0.0000000000
153415  -4.328  13.113  29.847 0.0000000000
153416  -4.476  12.901  30.411 0.0000000000
