#!ascii label  , from subject fsaverage vox2ras=TkReg
550
338  -49.684  -61.520  -1.430 0.0000000000
339  -46.842  -64.832  -5.069 0.0000000000
1220  -46.033  -61.308  4.999 0.0000000000
1377  -43.038  -65.490  -5.434 0.0000000000
1760  -43.723  -63.014  -0.705 0.0000000000
1761  -44.078  -65.947  -3.000 0.0000000000
1762  -48.872  -64.347  -3.621 0.0000000000
2298  -44.066  -61.137  2.217 0.0000000000
2299  -50.274  -59.840  1.703 0.0000000000
2485  -44.814  -68.644  -5.061 0.0000000000
3893  -46.747  -62.103  -1.183 0.0000000000
3894  -46.567  -63.537  -2.382 0.0000000000
3895  -49.267  -63.047  -2.516 0.0000000000
5102  -48.877  -61.251  5.070 0.0000000000
5103  -47.893  -60.230  3.201 0.0000000000
5104  -50.815  -60.258  3.425 0.0000000000
5566  -46.011  -65.674  -4.194 0.0000000000
5567  -44.215  -67.270  -4.103 0.0000000000
5568  -45.702  -66.619  -5.182 0.0000000000
7085  -45.272  -65.121  -5.587 0.0000000000
7946  -41.192  -65.009  -0.405 0.0000000000
7948  -43.727  -64.484  -1.958 0.0000000000
7949  -46.275  -64.946  -3.390 0.0000000000
7950  -48.268  -64.984  -4.683 0.0000000000
7951  -51.204  -63.172  -3.578 0.0000000000
9451  -43.660  -61.982  0.670 0.0000000000
9452  -46.899  -60.652  0.211 0.0000000000
9453  -44.927  -61.042  3.555 0.0000000000
9454  -47.249  -60.212  1.647 0.0000000000
9455  -49.953  -60.241  -0.010 0.0000000000
10009  -42.376  -68.269  -3.107 0.0000000000
10010  -43.124  -69.765  -4.211 0.0000000000
10012  -44.367  -67.142  -5.704 0.0000000000
10013  -44.391  -69.818  -5.904 0.0000000000
11573  -48.251  -61.733  -1.326 0.0000000000
11574  -47.978  -62.546  -1.892 0.0000000000
11575  -49.417  -62.338  -1.965 0.0000000000
12783  -49.818  -60.679  4.146 0.0000000000
12784  -51.193  -60.907  4.331 0.0000000000
13246  -46.631  -65.343  -4.709 0.0000000000
13247  -45.818  -66.202  -4.665 0.0000000000
13248  -46.165  -65.678  -5.088 0.0000000000
17438  -42.362  -63.828  -0.548 0.0000000000
17439  -42.450  -64.598  -1.200 0.0000000000
17440  -43.686  -63.709  -1.320 0.0000000000
17441  -47.800  -64.028  -3.024 0.0000000000
17442  -46.434  -64.280  -2.850 0.0000000000
17443  -47.600  -64.683  -3.505 0.0000000000
17444  -47.423  -65.232  -4.112 0.0000000000
17445  -48.725  -64.804  -4.149 0.0000000000
17447  -51.536  -62.781  -3.077 0.0000000000
21063  -42.285  -62.384  1.758 0.0000000000
21064  -43.836  -61.438  1.430 0.0000000000
21065  -45.315  -61.207  0.405 0.0000000000
21066  -45.428  -60.696  1.152 0.0000000000
21069  -45.428  -61.080  4.217 0.0000000000
21070  -49.060  -59.986  2.453 0.0000000000
21071  -47.494  -60.165  2.424 0.0000000000
21072  -48.748  -59.976  1.613 0.0000000000
21073  -48.565  -60.078  0.813 0.0000000000
21074  -50.100  -59.947  0.831 0.0000000000
21075  -51.353  -60.314  0.045 0.0000000000
21076  -51.528  -59.976  0.899 0.0000000000
22456  -42.872  -66.244  -2.378 0.0000000000
22458  -43.118  -66.916  -2.976 0.0000000000
22459  -44.573  -68.011  -4.559 0.0000000000
22460  -43.659  -68.491  -4.146 0.0000000000
22461  -44.014  -69.201  -4.555 0.0000000000
22462  -43.482  -70.516  -4.609 0.0000000000
22463  -44.307  -69.908  -5.033 0.0000000000
22464  -44.130  -65.206  -5.511 0.0000000000
22465  -44.672  -66.078  -5.620 0.0000000000
22466  -43.673  -66.348  -5.567 0.0000000000
22470  -44.647  -71.239  -6.036 0.0000000000
25439  -45.256  -62.515  -0.967 0.0000000000
25440  -45.144  -63.152  -1.596 0.0000000000
25441  -46.532  -62.864  -1.750 0.0000000000
25442  -47.843  -63.273  -2.510 0.0000000000
25443  -49.066  -63.659  -3.076 0.0000000000
27616  -47.471  -61.172  5.036 0.0000000000
27617  -46.847  -60.590  4.093 0.0000000000
27618  -48.379  -60.547  4.062 0.0000000000
27619  -49.398  -60.159  3.249 0.0000000000
27620  -50.544  -59.946  2.555 0.0000000000
27621  -51.744  -59.804  1.829 0.0000000000
27622  -52.024  -60.034  2.742 0.0000000000
28450  -45.053  -65.849  -3.551 0.0000000000
28451  -44.109  -66.651  -3.556 0.0000000000
28452  -44.987  -66.369  -4.022 0.0000000000
28453  -45.126  -66.999  -4.625 0.0000000000
28454  -45.380  -67.566  -5.148 0.0000000000
29546  -50.929  -61.383  -1.448 0.0000000000
29547  -50.720  -62.223  -2.045 0.0000000000
31889  -46.151  -65.014  -5.358 0.0000000000
31890  -45.991  -64.380  -5.523 0.0000000000
31891  -44.931  -64.268  -5.600 0.0000000000
31892  -43.710  -64.306  -5.408 0.0000000000
34186  -41.386  -65.848  -1.092 0.0000000000
34187  -42.570  -65.461  -1.771 0.0000000000
34188  -43.858  -65.267  -2.503 0.0000000000
34189  -45.094  -63.917  -2.121 0.0000000000
34190  -45.100  -64.663  -2.556 0.0000000000
34191  -45.048  -65.278  -3.172 0.0000000000
34192  -46.086  -65.373  -3.842 0.0000000000
34193  -47.120  -65.356  -4.445 0.0000000000
34194  -47.616  -64.900  -4.869 0.0000000000
34195  -50.621  -62.813  -2.508 0.0000000000
34196  -50.400  -63.375  -3.013 0.0000000000
34197  -50.034  -63.769  -3.605 0.0000000000
34200  -49.596  -64.153  -4.171 0.0000000000
34201  -49.134  -64.430  -4.613 0.0000000000
38588  -42.187  -63.381  0.218 0.0000000000
38590  -42.162  -62.839  0.996 0.0000000000
38591  -43.658  -62.537  -0.044 0.0000000000
38592  -45.161  -61.872  -0.316 0.0000000000
38593  -46.744  -61.303  -0.501 0.0000000000
38594  -48.347  -60.930  -0.717 0.0000000000
38597  -44.420  -61.023  2.900 0.0000000000
38598  -46.405  -60.476  3.334 0.0000000000
38599  -45.974  -60.542  2.582 0.0000000000
38600  -45.620  -60.525  1.814 0.0000000000
38601  -47.008  -60.306  0.906 0.0000000000
38602  -48.411  -60.343  0.019 0.0000000000
38603  -49.821  -60.744  -0.745 0.0000000000
38604  -51.165  -60.752  -0.717 0.0000000000
40263  -41.858  -69.740  -3.218 0.0000000000
40264  -43.329  -67.722  -3.647 0.0000000000
40265  -42.693  -69.022  -3.725 0.0000000000
40266  -42.336  -70.493  -3.781 0.0000000000
40267  -42.748  -71.213  -4.195 0.0000000000
40270  -45.578  -65.917  -5.442 0.0000000000
40271  -45.217  -66.837  -5.584 0.0000000000
40272  -44.947  -67.962  -5.594 0.0000000000
40274  -44.158  -68.408  -5.801 0.0000000000
40275  -44.762  -69.161  -5.550 0.0000000000
40276  -44.555  -70.586  -5.467 0.0000000000
42293  -48.979  -61.627  -1.381 0.0000000000
42294  -48.812  -62.038  -1.680 0.0000000000
42295  -49.510  -61.958  -1.687 0.0000000000
43966  -46.795  -65.089  -4.937 0.0000000000
43967  -46.381  -65.484  -4.921 0.0000000000
43968  -46.474  -65.210  -5.090 0.0000000000
48158  -43.012  -63.377  -0.586 0.0000000000
48159  -43.006  -63.743  -0.920 0.0000000000
48160  -43.696  -63.348  -1.017 0.0000000000
48161  -48.363  -64.204  -3.302 0.0000000000
48162  -47.724  -64.377  -3.261 0.0000000000
48163  -48.266  -64.544  -3.557 0.0000000000
48164  -48.155  -64.782  -3.812 0.0000000000
48165  -48.763  -64.616  -3.863 0.0000000000
51784  -43.921  -61.259  1.843 0.0000000000
51785  -44.597  -61.047  1.305 0.0000000000
51786  -44.725  -60.890  1.669 0.0000000000
51788  -45.023  -61.418  4.608 0.0000000000
51789  -45.717  -61.162  4.595 0.0000000000
51790  -49.648  -59.897  2.076 0.0000000000
51791  -48.876  -59.969  2.032 0.0000000000
51792  -49.521  -59.900  1.638 0.0000000000
51793  -49.455  -59.912  1.210 0.0000000000
51794  -50.203  -59.887  1.255 0.0000000000
51795  -50.828  -59.994  0.863 0.0000000000
51796  -50.934  -59.859  1.337 0.0000000000
53176  -43.493  -66.092  -2.679 0.0000000000
53177  -42.990  -66.558  -2.667 0.0000000000
53178  -43.535  -66.464  -2.970 0.0000000000
53179  -44.738  -68.358  -4.764 0.0000000000
53180  -44.262  -68.610  -4.574 0.0000000000
53181  -44.461  -68.987  -4.777 0.0000000000
53182  -44.162  -69.577  -4.787 0.0000000000
53183  -44.567  -69.281  -5.021 0.0000000000
53184  -43.601  -65.344  -5.469 0.0000000000
53185  -43.888  -65.810  -5.526 0.0000000000
53186  -43.356  -65.949  -5.508 0.0000000000
57758  -46.025  -62.313  -1.095 0.0000000000
57759  -45.882  -62.706  -1.402 0.0000000000
57760  -46.610  -62.527  -1.466 0.0000000000
57761  -48.659  -62.795  -2.229 0.0000000000
57762  -47.863  -62.932  -2.207 0.0000000000
57763  -48.551  -63.162  -2.531 0.0000000000
57764  -48.465  -63.483  -2.811 0.0000000000
57765  -49.122  -63.373  -2.802 0.0000000000
61387  -48.187  -61.182  5.060 0.0000000000
61388  -47.909  -60.849  4.561 0.0000000000
61389  -48.644  -60.852  4.551 0.0000000000
61390  -50.264  -60.411  3.761 0.0000000000
61391  -49.601  -60.317  3.664 0.0000000000
61392  -50.107  -60.222  3.321 0.0000000000
61393  -49.940  -60.082  2.900 0.0000000000
61394  -50.686  -60.077  2.979 0.0000000000
61395  -51.310  -59.942  2.627 0.0000000000
61396  -51.421  -60.134  3.087 0.0000000000
62776  -45.537  -65.776  -3.873 0.0000000000
62777  -45.076  -66.109  -3.775 0.0000000000
62778  -45.479  -65.987  -4.096 0.0000000000
62779  -45.766  -66.420  -4.922 0.0000000000
62780  -45.465  -66.601  -4.661 0.0000000000
62781  -45.473  -66.835  -4.927 0.0000000000
62782  -45.230  -67.294  -4.868 0.0000000000
62783  -45.523  -67.122  -5.193 0.0000000000
64958  -51.520  -61.351  -1.454 0.0000000000
69980  -45.371  -63.911  -5.626 0.0000000000
69981  -44.777  -63.849  -5.572 0.0000000000
69982  -44.349  -64.271  -5.507 0.0000000000
69983  -44.127  -63.828  -5.463 0.0000000000
75355  -41.262  -65.406  -0.727 0.0000000000
75356  -43.085  -64.502  -1.600 0.0000000000
75357  -42.502  -65.034  -1.496 0.0000000000
75358  -43.164  -64.934  -1.870 0.0000000000
75359  -43.268  -65.375  -2.165 0.0000000000
75360  -43.809  -64.905  -2.221 0.0000000000
75361  -45.840  -63.324  -1.992 0.0000000000
75362  -45.072  -63.509  -1.850 0.0000000000
75363  -45.811  -63.679  -2.238 0.0000000000
75364  -46.336  -64.667  -3.144 0.0000000000
75365  -45.753  -64.451  -2.722 0.0000000000
75366  -45.709  -64.792  -2.989 0.0000000000
75367  -45.044  -64.997  -2.909 0.0000000000
75368  -45.634  -65.068  -3.277 0.0000000000
75369  -45.541  -65.317  -3.478 0.0000000000
75370  -46.124  -65.175  -3.622 0.0000000000
75371  -47.906  -65.176  -4.438 0.0000000000
75372  -47.253  -65.319  -4.333 0.0000000000
75373  -47.693  -65.193  -4.599 0.0000000000
75374  -47.422  -65.161  -4.672 0.0000000000
75375  -47.945  -64.962  -4.767 0.0000000000
75376  -51.221  -62.283  -2.351 0.0000000000
75377  -50.659  -62.514  -2.294 0.0000000000
75378  -51.169  -62.595  -2.564 0.0000000000
75379  -51.401  -62.999  -3.323 0.0000000000
75380  -51.013  -63.114  -3.018 0.0000000000
75381  -50.857  -63.383  -3.262 0.0000000000
75382  -50.237  -63.577  -3.281 0.0000000000
75383  -50.611  -63.482  -3.557 0.0000000000
75392  -49.375  -64.323  -4.387 0.0000000000
86225  -41.555  -63.914  0.257 0.0000000000
86226  -41.473  -63.673  0.675 0.0000000000
86230  -42.908  -62.149  1.219 0.0000000000
86231  -42.189  -62.624  1.376 0.0000000000
86232  -42.852  -62.408  0.847 0.0000000000
86233  -42.898  -62.650  0.470 0.0000000000
86234  -43.652  -62.250  0.300 0.0000000000
86235  -44.393  -62.183  -0.188 0.0000000000
86236  -44.388  -61.882  0.182 0.0000000000
86237  -46.085  -60.885  0.306 0.0000000000
86238  -46.032  -61.219  -0.057 0.0000000000
86239  -46.824  -60.952  -0.147 0.0000000000
86240  -47.560  -61.071  -0.583 0.0000000000
86241  -47.625  -60.747  -0.258 0.0000000000
86249  -44.666  -61.046  3.251 0.0000000000
86250  -47.380  -60.392  3.637 0.0000000000
86251  -46.631  -60.502  3.701 0.0000000000
86252  -47.158  -60.291  3.231 0.0000000000
86253  -47.376  -60.189  2.020 0.0000000000
86254  -46.717  -60.345  2.493 0.0000000000
86255  -46.553  -60.368  2.129 0.0000000000
86256  -45.808  -60.520  2.188 0.0000000000
86257  -46.422  -60.356  1.731 0.0000000000
86258  -46.310  -60.374  1.349 0.0000000000
86259  -47.128  -60.233  1.254 0.0000000000
86260  -49.271  -60.095  0.399 0.0000000000
86261  -48.451  -60.191  0.416 0.0000000000
86262  -49.172  -60.277  -0.003 0.0000000000
86263  -49.136  -60.482  -0.384 0.0000000000
86264  -49.898  -60.486  -0.368 0.0000000000
86265  -50.512  -60.761  -0.734 0.0000000000
86266  -50.606  -60.477  -0.363 0.0000000000
86267  -52.009  -60.274  0.125 0.0000000000
86272  -52.515  -59.834  1.860 0.0000000000
90412  -41.605  -69.348  -2.832 0.0000000000
90413  -42.045  -68.974  -3.181 0.0000000000
90414  -44.158  -66.954  -3.809 0.0000000000
90415  -43.703  -67.146  -3.607 0.0000000000
90416  -43.753  -67.463  -3.886 0.0000000000
90417  -43.394  -69.100  -4.170 0.0000000000
90418  -43.185  -68.726  -3.928 0.0000000000
90419  -42.937  -69.390  -3.988 0.0000000000
90420  -42.504  -69.739  -3.796 0.0000000000
90421  -42.706  -70.107  -4.034 0.0000000000
90422  -42.542  -70.853  -4.005 0.0000000000
90423  -42.915  -70.482  -4.229 0.0000000000
90424  -43.666  -70.874  -4.823 0.0000000000
90429  -45.761  -65.101  -5.481 0.0000000000
90430  -45.863  -65.473  -5.378 0.0000000000
90431  -45.448  -65.532  -5.538 0.0000000000
90432  -44.508  -66.580  -5.654 0.0000000000
90433  -44.979  -66.458  -5.686 0.0000000000
90434  -44.844  -66.980  -5.674 0.0000000000
90435  -45.078  -67.394  -5.588 0.0000000000
90436  -44.688  -67.558  -5.681 0.0000000000
90440  -43.996  -69.528  -5.931 0.0000000000
90441  -43.889  -68.834  -5.867 0.0000000000
90442  -44.288  -69.173  -5.876 0.0000000000
90443  -44.543  -68.763  -5.742 0.0000000000
90444  -44.575  -69.500  -5.687 0.0000000000
90445  -44.657  -69.869  -5.474 0.0000000000
90446  -44.615  -70.206  -5.741 0.0000000000
94559  -47.463  -61.887  -1.233 0.0000000000
94560  -47.331  -62.320  -1.532 0.0000000000
94561  -48.071  -62.149  -1.609 0.0000000000
94562  -48.716  -62.412  -1.933 0.0000000000
94563  -49.341  -62.679  -2.202 0.0000000000
96736  -49.539  -61.376  5.069 0.0000000000
96737  -49.329  -60.961  4.576 0.0000000000
96738  -50.050  -61.084  4.643 0.0000000000
96739  -50.508  -60.788  4.251 0.0000000000
96740  -50.973  -60.544  3.900 0.0000000000
96741  -51.563  -60.372  3.557 0.0000000000
96742  -51.737  -60.712  4.022 0.0000000000
97570  -46.377  -65.525  -4.463 0.0000000000
97571  -45.851  -65.860  -4.401 0.0000000000
97572  -46.177  -65.724  -4.670 0.0000000000
97573  -46.047  -65.958  -4.902 0.0000000000
97574  -45.918  -66.159  -5.110 0.0000000000
105116  -41.749  -64.384  -0.497 0.0000000000
105117  -41.786  -64.780  -0.812 0.0000000000
105118  -42.381  -64.218  -0.877 0.0000000000
105119  -43.025  -64.121  -1.252 0.0000000000
105120  -43.652  -64.073  -1.683 0.0000000000
105121  -47.204  -63.793  -2.722 0.0000000000
105122  -46.494  -63.906  -2.607 0.0000000000
105123  -47.129  -64.152  -2.949 0.0000000000
105124  -47.033  -64.532  -3.203 0.0000000000
105125  -46.940  -64.847  -3.474 0.0000000000
105126  -46.842  -65.106  -3.728 0.0000000000
105127  -47.523  -64.967  -3.779 0.0000000000
105128  -48.116  -65.020  -4.143 0.0000000000
105129  -48.517  -64.907  -4.445 0.0000000000
105133  -51.931  -62.604  -3.458 0.0000000000
105134  -51.750  -62.771  -3.698 0.0000000000
111641  -41.713  -62.717  2.315 0.0000000000
111642  -42.411  -62.184  2.136 0.0000000000
111643  -43.081  -61.875  1.570 0.0000000000
111644  -43.762  -61.694  1.005 0.0000000000
111645  -44.486  -61.581  0.522 0.0000000000
111646  -44.542  -61.270  0.882 0.0000000000
111647  -45.340  -60.921  0.772 0.0000000000
111648  -46.128  -60.642  0.690 0.0000000000
111652  -44.740  -61.379  4.284 0.0000000000
111653  -45.185  -61.026  3.862 0.0000000000
111654  -48.446  -60.090  2.806 0.0000000000
111655  -47.675  -60.166  2.810 0.0000000000
111656  -48.267  -60.034  2.401 0.0000000000
111657  -48.123  -60.061  2.001 0.0000000000
111658  -48.047  -60.077  1.576 0.0000000000
111659  -47.897  -60.129  1.214 0.0000000000
111660  -48.688  -59.993  1.205 0.0000000000
111661  -49.387  -59.954  0.801 0.0000000000
111662  -50.025  -60.059  0.412 0.0000000000
111663  -50.658  -60.235  -0.006 0.0000000000
111664  -50.727  -60.097  0.430 0.0000000000
111665  -51.442  -60.165  0.461 0.0000000000
111666  -52.112  -60.065  0.538 0.0000000000
114148  -42.255  -66.436  -2.072 0.0000000000
114150  -42.368  -66.811  -2.381 0.0000000000
114151  -42.548  -67.127  -2.658 0.0000000000
114152  -42.753  -67.567  -3.024 0.0000000000
114153  -44.362  -67.660  -4.332 0.0000000000
114154  -43.883  -67.868  -4.128 0.0000000000
114155  -44.074  -68.246  -4.345 0.0000000000
114156  -43.831  -68.851  -4.368 0.0000000000
114157  -43.556  -69.468  -4.379 0.0000000000
114158  -43.307  -70.144  -4.414 0.0000000000
114159  -43.678  -69.865  -4.575 0.0000000000
114160  -43.876  -70.213  -4.817 0.0000000000
114161  -44.065  -70.582  -5.030 0.0000000000
114162  -44.692  -65.113  -5.569 0.0000000000
114163  -44.931  -65.592  -5.631 0.0000000000
114164  -44.383  -65.658  -5.559 0.0000000000
114165  -44.177  -66.199  -5.593 0.0000000000
114166  -44.015  -66.737  -5.666 0.0000000000
114171  -44.151  -70.189  -6.029 0.0000000000
114172  -44.482  -70.502  -5.935 0.0000000000
114173  -44.381  -70.880  -6.188 0.0000000000
118287  -41.440  -71.009  -2.697 0.0000000000
120797  -44.470  -62.740  -0.839 0.0000000000
120798  -44.446  -63.038  -1.172 0.0000000000
120799  -45.200  -62.811  -1.314 0.0000000000
120800  -45.868  -62.983  -1.703 0.0000000000
120801  -46.540  -63.175  -2.069 0.0000000000
120802  -47.200  -62.718  -1.850 0.0000000000
120803  -47.175  -63.049  -2.129 0.0000000000
120804  -47.191  -63.394  -2.466 0.0000000000
120805  -47.819  -63.662  -2.778 0.0000000000
120806  -48.428  -63.865  -3.062 0.0000000000
120807  -49.000  -64.010  -3.323 0.0000000000
125878  -46.784  -61.222  5.055 0.0000000000
125879  -46.451  -60.974  4.587 0.0000000000
125880  -47.174  -60.875  4.577 0.0000000000
125881  -47.636  -60.585  4.092 0.0000000000
125882  -48.137  -60.324  3.619 0.0000000000
125883  -49.106  -60.577  4.077 0.0000000000
125884  -48.850  -60.247  3.642 0.0000000000
125885  -48.658  -60.147  3.213 0.0000000000
125886  -49.246  -60.035  2.834 0.0000000000
125887  -49.798  -59.966  2.503 0.0000000000
125888  -50.372  -59.845  2.136 0.0000000000
125889  -51.007  -59.807  1.772 0.0000000000
125890  -51.127  -59.829  2.216 0.0000000000
125891  -51.890  -59.860  2.273 0.0000000000
125892  -52.645  -59.914  2.312 0.0000000000
125893  -52.169  -60.234  3.165 0.0000000000
127822  -44.567  -65.893  -3.271 0.0000000000
127823  -44.068  -66.328  -3.260 0.0000000000
127824  -44.571  -66.210  -3.523 0.0000000000
127825  -44.572  -66.498  -3.756 0.0000000000
127826  -44.618  -66.797  -4.039 0.0000000000
127827  -45.404  -66.278  -4.340 0.0000000000
127828  -45.059  -66.671  -4.324 0.0000000000
127829  -44.708  -67.135  -4.333 0.0000000000
127830  -44.842  -67.476  -4.582 0.0000000000
127831  -45.077  -67.802  -4.819 0.0000000000
127832  -45.102  -68.074  -5.089 0.0000000000
130664  -50.337  -61.435  -1.455 0.0000000000
130665  -50.204  -61.870  -1.755 0.0000000000
130666  -50.787  -61.740  -1.768 0.0000000000
130667  -51.233  -61.943  -2.089 0.0000000000
130668  -51.696  -61.944  -2.396 0.0000000000
135276  -49.193  -61.649  5.527 0.0000000000
135277  -49.919  -61.817  5.555 0.0000000000
137020  -46.866  -64.555  -5.180 0.0000000000
137021  -46.509  -64.913  -5.221 0.0000000000
137022  -46.530  -64.618  -5.349 0.0000000000
137023  -46.082  -64.709  -5.455 0.0000000000
137024  -45.637  -64.743  -5.559 0.0000000000
137025  -45.928  -63.997  -5.608 0.0000000000
137026  -45.501  -64.340  -5.603 0.0000000000
137027  -45.090  -64.676  -5.604 0.0000000000
137028  -44.505  -64.671  -5.521 0.0000000000
137029  -43.953  -64.764  -5.470 0.0000000000
137030  -43.342  -64.857  -5.401 0.0000000000
143622  -41.538  -66.260  -1.413 0.0000000000
143623  -41.885  -65.211  -1.133 0.0000000000
143624  -41.968  -65.628  -1.425 0.0000000000
143625  -42.145  -66.031  -1.728 0.0000000000
143626  -42.751  -65.878  -2.085 0.0000000000
143627  -43.364  -65.732  -2.420 0.0000000000
143628  -43.965  -65.611  -2.758 0.0000000000
143629  -44.388  -63.390  -1.445 0.0000000000
143630  -44.406  -63.737  -1.722 0.0000000000
143631  -44.356  -64.151  -2.030 0.0000000000
143632  -45.777  -64.089  -2.494 0.0000000000
143633  -45.066  -64.295  -2.372 0.0000000000
143634  -44.388  -64.531  -2.273 0.0000000000
143635  -44.408  -64.948  -2.558 0.0000000000
143636  -44.466  -65.255  -2.842 0.0000000000
143637  -44.560  -65.578  -3.086 0.0000000000
143638  -45.016  -65.599  -3.326 0.0000000000
143639  -45.518  -65.576  -3.660 0.0000000000
143640  -46.041  -65.546  -4.016 0.0000000000
143641  -46.719  -65.300  -4.011 0.0000000000
143642  -46.638  -65.417  -4.180 0.0000000000
143643  -46.567  -65.491  -4.303 0.0000000000
143644  -46.894  -65.335  -4.547 0.0000000000
143645  -47.116  -65.103  -4.764 0.0000000000
143646  -47.242  -64.803  -4.958 0.0000000000
143647  -50.096  -62.307  -1.999 0.0000000000
143648  -50.026  -62.621  -2.234 0.0000000000
143649  -49.956  -62.920  -2.457 0.0000000000
143650  -51.132  -62.858  -2.762 0.0000000000
143651  -50.545  -63.082  -2.759 0.0000000000
143652  -49.833  -63.252  -2.772 0.0000000000
143653  -49.713  -63.525  -3.038 0.0000000000
143654  -49.646  -63.792  -3.318 0.0000000000
143655  -49.470  -64.068  -3.641 0.0000000000
143658  -51.472  -62.841  -3.895 0.0000000000
143661  -50.926  -63.210  -3.819 0.0000000000
143662  -50.370  -63.584  -3.838 0.0000000000
143663  -49.815  -63.968  -3.921 0.0000000000
143664  -49.276  -64.326  -3.919 0.0000000000
143665  -49.181  -64.526  -4.160 0.0000000000
143666  -48.947  -64.673  -4.400 0.0000000000
143667  -48.757  -64.728  -4.666 0.0000000000
143669  -48.922  -64.474  -4.811 0.0000000000
143670  -48.450  -64.753  -4.801 0.0000000000
143671  -48.074  -64.680  -4.923 0.0000000000
143672  -47.701  -64.581  -5.026 0.0000000000
143673  -47.253  -64.507  -5.064 0.0000000000
156719  -41.046  -64.753  -0.060 0.0000000000
156720  -41.620  -64.125  -0.163 0.0000000000
156721  -42.258  -63.613  -0.174 0.0000000000
156722  -42.951  -63.172  -0.232 0.0000000000
156726  -41.584  -62.941  1.911 0.0000000000
156729  -42.148  -63.123  0.609 0.0000000000
156730  -42.899  -62.917  0.155 0.0000000000
156731  -43.679  -62.798  -0.359 0.0000000000
156732  -44.424  -62.483  -0.514 0.0000000000
156733  -45.216  -62.197  -0.648 0.0000000000
156734  -45.983  -61.962  -0.787 0.0000000000
156735  -45.262  -61.535  0.043 0.0000000000
156736  -45.955  -61.592  -0.435 0.0000000000
156737  -46.720  -61.717  -0.850 0.0000000000
156738  -47.493  -61.494  -0.912 0.0000000000
156739  -48.286  -61.324  -1.002 0.0000000000
156740  -49.040  -61.213  -1.096 0.0000000000
156748  -43.673  -61.427  3.092 0.0000000000
156749  -44.225  -61.077  2.562 0.0000000000
156750  -46.132  -60.814  4.165 0.0000000000
156751  -45.899  -60.724  3.813 0.0000000000
156752  -45.676  -60.731  3.437 0.0000000000
156753  -46.939  -60.283  2.854 0.0000000000
156754  -46.185  -60.507  2.936 0.0000000000
156755  -45.453  -60.793  3.104 0.0000000000
156756  -45.241  -60.760  2.707 0.0000000000
156757  -45.018  -60.764  2.355 0.0000000000
156758  -44.873  -60.808  1.989 0.0000000000
156759  -45.520  -60.589  1.496 0.0000000000
156760  -46.203  -60.469  1.032 0.0000000000
156761  -46.923  -60.425  0.594 0.0000000000
156762  -47.788  -60.188  0.832 0.0000000000
156763  -47.708  -60.278  0.451 0.0000000000
156764  -47.671  -60.461  0.090 0.0000000000
156765  -48.391  -60.589  -0.374 0.0000000000
156766  -49.099  -60.801  -0.757 0.0000000000
156767  -49.746  -61.101  -1.109 0.0000000000
156768  -50.395  -61.064  -1.125 0.0000000000
156769  -51.024  -61.067  -1.093 0.0000000000
156770  -51.645  -61.032  -1.083 0.0000000000
156771  -51.270  -60.492  -0.339 0.0000000000
156772  -51.773  -60.755  -0.695 0.0000000000
156777  -51.634  -59.828  1.364 0.0000000000
161744  -41.503  -70.184  -2.765 0.0000000000
161745  -41.764  -70.575  -3.160 0.0000000000
161746  -43.627  -66.782  -3.277 0.0000000000
161747  -43.254  -67.326  -3.310 0.0000000000
161748  -42.906  -68.004  -3.380 0.0000000000
161749  -43.434  -68.111  -3.925 0.0000000000
161750  -42.999  -68.373  -3.712 0.0000000000
161751  -42.554  -68.683  -3.486 0.0000000000
161752  -42.230  -69.365  -3.518 0.0000000000
161753  -42.109  -70.139  -3.528 0.0000000000
161754  -42.013  -70.927  -3.457 0.0000000000
161758  -43.121  -70.844  -4.444 0.0000000000
161764  -46.197  -65.365  -5.227 0.0000000000
161765  -45.921  -65.830  -5.226 0.0000000000
161766  -45.659  -66.288  -5.321 0.0000000000
161767  -45.163  -65.983  -5.621 0.0000000000
161768  -45.350  -66.357  -5.542 0.0000000000
161769  -45.487  -66.720  -5.401 0.0000000000
161770  -45.360  -67.221  -5.408 0.0000000000
161771  -45.196  -67.759  -5.372 0.0000000000
161772  -45.001  -68.297  -5.347 0.0000000000
161775  -43.966  -67.372  -5.737 0.0000000000
161777  -43.844  -68.076  -5.797 0.0000000000
161778  -44.298  -67.780  -5.751 0.0000000000
161779  -44.588  -68.154  -5.708 0.0000000000
161780  -44.838  -68.522  -5.592 0.0000000000
161781  -44.847  -68.924  -5.295 0.0000000000
161782  -44.724  -69.603  -5.241 0.0000000000
161783  -44.506  -70.252  -5.240 0.0000000000
161785  -44.720  -70.883  -5.727 0.0000000000
