#!ascii label  , from subject fsaverage vox2ras=TkReg
632
156  -35.520  -44.063  -21.076 0.0000000000
352  -27.834  -57.313  -14.827 0.0000000000
353  -38.104  -53.810  -19.493 0.0000000000
832  -34.544  -60.835  -15.105 0.0000000000
1414  -30.254  -50.087  -17.334 0.0000000000
1415  -26.423  -49.393  -16.004 0.0000000000
1416  -29.422  -43.316  -20.252 0.0000000000
1417  -30.468  -37.501  -22.626 0.0000000000
1786  -32.282  -55.895  -16.134 0.0000000000
2751  -39.095  -65.255  -17.426 0.0000000000
2752  -38.480  -62.479  -17.406 0.0000000000
3334  -32.918  -46.579  -18.638 0.0000000000
3335  -29.621  -46.722  -18.587 0.0000000000
3336  -32.401  -43.886  -20.414 0.0000000000
3337  -32.094  -40.982  -22.026 0.0000000000
3338  -35.052  -41.478  -21.951 0.0000000000
3933  -30.092  -65.683  -13.462 0.0000000000
3934  -36.765  -57.290  -17.404 0.0000000000
3935  -33.504  -58.451  -15.496 0.0000000000
3936  -35.796  -54.536  -17.246 0.0000000000
3937  -34.814  -51.938  -17.318 0.0000000000
5682  -27.255  -45.342  -16.984 0.0000000000
5689  -32.548  -34.837  -24.634 0.0000000000
5690  -32.592  -34.844  -23.106 0.0000000000
6104  -31.821  -64.579  -15.338 0.0000000000
6105  -35.289  -63.589  -15.249 0.0000000000
6106  -37.618  -59.699  -17.471 0.0000000000
6107  -39.022  -56.464  -19.577 0.0000000000
7152  -27.984  -54.038  -16.467 0.0000000000
7153  -26.679  -53.438  -15.315 0.0000000000
7154  -27.324  -50.119  -16.950 0.0000000000
7155  -27.334  -45.936  -18.141 0.0000000000
7156  -27.909  -42.497  -19.346 0.0000000000
7158  -29.634  -40.127  -21.736 0.0000000000
7159  -31.870  -37.911  -23.568 0.0000000000
8004  -31.101  -62.416  -15.712 0.0000000000
8005  -30.293  -60.122  -15.962 0.0000000000
8006  -29.049  -57.230  -16.289 0.0000000000
8007  -31.190  -53.107  -16.662 0.0000000000
8008  -33.758  -49.170  -17.587 0.0000000000
8009  -36.027  -46.336  -20.008 0.0000000000
10147  -27.757  -52.322  -14.267 0.0000000000
10432  -40.585  -63.436  -18.535 0.0000000000
11014  -34.320  -45.228  -19.938 0.0000000000
11015  -32.624  -45.231  -19.539 0.0000000000
11016  -34.033  -43.971  -20.639 0.0000000000
11017  -33.748  -42.604  -21.258 0.0000000000
11613  -30.189  -66.822  -13.427 0.0000000000
11614  -37.428  -55.502  -18.624 0.0000000000
11615  -36.223  -55.899  -17.274 0.0000000000
11616  -37.042  -53.990  -18.557 0.0000000000
11617  -36.595  -52.804  -18.365 0.0000000000
14012  -33.708  -65.394  -15.218 0.0000000000
14014  -39.409  -60.542  -18.699 0.0000000000
14015  -38.063  -61.025  -17.398 0.0000000000
14016  -38.829  -59.263  -18.759 0.0000000000
14017  -38.278  -58.109  -18.754 0.0000000000
15759  -29.040  -52.115  -16.930 0.0000000000
15760  -27.640  -52.141  -16.647 0.0000000000
15761  -28.672  -50.125  -17.316 0.0000000000
15762  -29.445  -44.992  -19.364 0.0000000000
15763  -28.291  -46.441  -18.438 0.0000000000
15764  -28.214  -44.572  -19.176 0.0000000000
15765  -27.453  -44.094  -18.738 0.0000000000
15766  -28.313  -43.021  -19.819 0.0000000000
15767  -28.669  -41.315  -20.543 0.0000000000
15768  -29.404  -41.844  -20.908 0.0000000000
15769  -33.350  -39.928  -22.629 0.0000000000
15770  -31.938  -39.481  -22.804 0.0000000000
15772  -33.239  -37.104  -24.124 0.0000000000
17559  -33.180  -62.819  -15.289 0.0000000000
17560  -31.536  -63.449  -15.544 0.0000000000
17561  -32.700  -61.735  -15.409 0.0000000000
17562  -32.891  -57.229  -15.766 0.0000000000
17563  -31.803  -59.400  -15.920 0.0000000000
17564  -31.184  -58.024  -16.196 0.0000000000
17565  -29.690  -58.762  -16.089 0.0000000000
17566  -30.543  -56.646  -16.455 0.0000000000
17567  -30.006  -55.201  -16.602 0.0000000000
17568  -31.692  -54.546  -16.382 0.0000000000
17569  -35.727  -50.304  -18.295 0.0000000000
17570  -34.268  -50.641  -17.379 0.0000000000
17571  -35.333  -48.938  -18.396 0.0000000000
17572  -34.936  -47.684  -18.691 0.0000000000
22802  -26.397  -51.349  -15.611 0.0000000000
22803  -26.958  -52.863  -14.730 0.0000000000
22804  -26.729  -50.796  -15.080 0.0000000000
22824  -29.815  -38.803  -21.531 0.0000000000
22826  -30.813  -37.688  -21.808 0.0000000000
23383  -37.351  -65.669  -16.302 0.0000000000
23384  -37.180  -64.279  -16.280 0.0000000000
23385  -38.794  -63.838  -17.466 0.0000000000
23386  -40.036  -61.875  -18.647 0.0000000000
24432  -31.577  -48.296  -17.866 0.0000000000
24433  -29.926  -48.413  -17.922 0.0000000000
24434  -31.217  -46.758  -18.566 0.0000000000
24435  -30.967  -45.224  -19.483 0.0000000000
24436  -30.864  -43.732  -20.327 0.0000000000
24437  -30.769  -42.213  -21.128 0.0000000000
24438  -32.240  -42.457  -21.218 0.0000000000
24439  -33.549  -41.216  -21.951 0.0000000000
25512  -35.825  -59.062  -15.885 0.0000000000
25513  -34.092  -59.692  -15.264 0.0000000000
25514  -35.301  -57.791  -15.943 0.0000000000
25515  -34.773  -56.433  -16.038 0.0000000000
25516  -34.227  -55.090  -16.155 0.0000000000
25517  -33.631  -53.871  -16.431 0.0000000000
25518  -35.359  -53.208  -17.350 0.0000000000
25519  -36.166  -51.522  -18.290 0.0000000000
28658  -26.695  -47.277  -16.472 0.0000000000
28659  -26.905  -48.925  -15.485 0.0000000000
28671  -31.351  -36.208  -23.590 0.0000000000
28672  -31.479  -36.190  -22.904 0.0000000000
28673  -32.085  -34.752  -23.977 0.0000000000
29600  -30.498  -66.366  -14.640 0.0000000000
29601  -32.015  -65.818  -15.195 0.0000000000
29602  -33.513  -64.045  -15.225 0.0000000000
29603  -34.971  -62.214  -15.118 0.0000000000
29604  -37.059  -63.006  -16.130 0.0000000000
29605  -36.729  -61.601  -15.970 0.0000000000
29606  -36.308  -60.233  -15.867 0.0000000000
29607  -37.186  -58.480  -17.501 0.0000000000
29608  -37.836  -56.898  -18.663 0.0000000000
29609  -38.534  -55.191  -19.531 0.0000000000
32046  -27.529  -55.758  -15.750 0.0000000000
32047  -27.176  -55.497  -15.082 0.0000000000
32048  -27.020  -53.935  -15.917 0.0000000000
32049  -26.743  -51.943  -16.165 0.0000000000
32050  -26.589  -49.776  -16.540 0.0000000000
32051  -28.377  -48.309  -17.791 0.0000000000
32052  -27.288  -48.131  -17.411 0.0000000000
32053  -26.687  -47.615  -17.034 0.0000000000
32054  -26.910  -45.642  -17.611 0.0000000000
32055  -27.314  -43.894  -18.130 0.0000000000
32058  -28.553  -41.156  -19.899 0.0000000000
32059  -29.135  -39.972  -21.128 0.0000000000
32060  -29.925  -38.840  -22.253 0.0000000000
32061  -30.717  -40.636  -21.982 0.0000000000
32062  -30.659  -39.050  -22.695 0.0000000000
32063  -30.914  -37.589  -23.248 0.0000000000
32064  -31.924  -36.577  -24.125 0.0000000000
32065  -33.434  -35.639  -24.710 0.0000000000
34338  -30.254  -65.200  -14.755 0.0000000000
34339  -29.939  -64.268  -14.841 0.0000000000
34340  -29.710  -63.144  -14.956 0.0000000000
34341  -32.293  -60.540  -15.623 0.0000000000
34342  -30.736  -61.362  -15.802 0.0000000000
34343  -29.425  -61.942  -15.101 0.0000000000
34344  -29.173  -60.542  -15.294 0.0000000000
34345  -28.712  -59.068  -15.355 0.0000000000
34346  -28.101  -57.605  -15.549 0.0000000000
34347  -28.471  -55.745  -16.342 0.0000000000
34348  -29.524  -53.746  -16.761 0.0000000000
34349  -30.705  -51.669  -16.923 0.0000000000
34350  -33.005  -52.523  -16.599 0.0000000000
34351  -32.472  -51.128  -16.783 0.0000000000
34352  -31.960  -49.703  -17.258 0.0000000000
34353  -33.333  -47.900  -17.998 0.0000000000
34354  -34.573  -46.499  -19.248 0.0000000000
34355  -35.783  -45.174  -20.580 0.0000000000
40675  -27.495  -55.023  -14.428 0.0000000000
40676  -28.057  -54.357  -13.933 0.0000000000
40705  -32.199  -36.232  -22.061 0.0000000000
41734  -34.998  -44.653  -20.496 0.0000000000
41735  -34.174  -44.581  -20.315 0.0000000000
41736  -34.863  -44.061  -20.845 0.0000000000
41737  -34.718  -43.471  -21.087 0.0000000000
41738  -35.406  -43.409  -21.319 0.0000000000
42334  -37.738  -54.591  -19.123 0.0000000000
42335  -37.221  -54.736  -18.589 0.0000000000
42336  -37.556  -53.887  -19.095 0.0000000000
44081  -27.878  -57.094  -14.524 0.0000000000
44734  -39.828  -59.679  -19.260 0.0000000000
44735  -39.123  -59.888  -18.738 0.0000000000
44736  -39.491  -59.156  -19.260 0.0000000000
44737  -39.164  -58.502  -19.248 0.0000000000
46479  -29.642  -51.100  -17.179 0.0000000000
46480  -28.842  -51.143  -17.104 0.0000000000
46481  -29.428  -50.235  -17.375 0.0000000000
46482  -29.440  -44.149  -19.832 0.0000000000
46483  -28.797  -44.717  -19.333 0.0000000000
46484  -28.829  -43.873  -19.773 0.0000000000
46485  -28.159  -43.768  -19.482 0.0000000000
46486  -28.823  -42.992  -20.156 0.0000000000
46487  -28.908  -42.203  -20.546 0.0000000000
46488  -29.368  -42.659  -20.559 0.0000000000
48279  -33.823  -61.954  -15.155 0.0000000000
48280  -32.943  -62.250  -15.342 0.0000000000
48281  -33.593  -61.313  -15.214 0.0000000000
48282  -32.584  -56.543  -15.946 0.0000000000
48283  -31.989  -57.619  -15.995 0.0000000000
48284  -31.664  -56.979  -16.158 0.0000000000
48285  -30.871  -57.353  -16.331 0.0000000000
48286  -31.371  -56.284  -16.315 0.0000000000
48287  -31.104  -55.594  -16.457 0.0000000000
48288  -31.988  -55.228  -16.268 0.0000000000
48290  -35.517  -49.642  -18.313 0.0000000000
53522  -26.388  -50.342  -15.772 0.0000000000
53523  -26.534  -51.189  -15.312 0.0000000000
53524  -26.397  -50.052  -15.539 0.0000000000
53544  -30.097  -38.209  -22.051 0.0000000000
53545  -30.324  -38.112  -21.685 0.0000000000
53546  -30.563  -37.610  -22.189 0.0000000000
54331  -38.205  -65.528  -16.831 0.0000000000
54332  -38.104  -64.830  -16.843 0.0000000000
54333  -38.978  -64.542  -17.477 0.0000000000
54335  -40.354  -62.607  -18.597 0.0000000000
54336  -40.942  -61.620  -19.116 0.0000000000
54337  -40.520  -60.919  -19.188 0.0000000000
56079  -32.270  -47.285  -18.212 0.0000000000
56080  -31.391  -47.526  -18.229 0.0000000000
56081  -32.079  -46.557  -18.660 0.0000000000
56082  -32.495  -44.581  -19.972 0.0000000000
56083  -31.799  -45.253  -19.455 0.0000000000
56084  -31.689  -44.495  -19.944 0.0000000000
56085  -30.877  -44.604  -19.876 0.0000000000
56086  -31.596  -43.807  -20.364 0.0000000000
56087  -31.535  -43.139  -20.773 0.0000000000
56088  -32.323  -43.258  -20.766 0.0000000000
56089  -34.369  -41.998  -21.683 0.0000000000
56090  -33.644  -41.906  -21.596 0.0000000000
56091  -34.269  -41.325  -21.958 0.0000000000
56092  -34.154  -40.645  -22.270 0.0000000000
57879  -36.310  -58.112  -16.636 0.0000000000
57880  -35.555  -58.468  -15.920 0.0000000000
57881  -36.070  -57.483  -16.627 0.0000000000
57882  -36.004  -55.221  -17.233 0.0000000000
57883  -35.571  -56.124  -16.595 0.0000000000
57884  -35.306  -55.445  -16.583 0.0000000000
57885  -34.488  -55.716  -16.077 0.0000000000
57886  -35.050  -54.788  -16.616 0.0000000000
57887  -34.812  -54.126  -16.737 0.0000000000
57888  -35.587  -53.859  -17.297 0.0000000000
57890  -36.389  -52.143  -18.299 0.0000000000
63122  -26.918  -46.333  -16.731 0.0000000000
63123  -26.995  -47.209  -16.181 0.0000000000
63124  -27.259  -46.310  -16.424 0.0000000000
63144  -31.732  -35.757  -24.089 0.0000000000
63145  -31.742  -35.381  -23.863 0.0000000000
63146  -32.037  -34.991  -24.212 0.0000000000
65074  -34.493  -64.496  -15.194 0.0000000000
65075  -33.629  -64.713  -15.204 0.0000000000
65076  -34.385  -63.828  -15.142 0.0000000000
65077  -34.263  -63.229  -15.094 0.0000000000
65078  -35.144  -62.907  -15.179 0.0000000000
65079  -37.888  -63.387  -16.820 0.0000000000
65080  -37.116  -63.649  -16.211 0.0000000000
65081  -37.756  -62.714  -16.757 0.0000000000
65082  -37.842  -60.357  -17.425 0.0000000000
65083  -37.468  -61.282  -16.709 0.0000000000
65084  -37.271  -60.631  -16.698 0.0000000000
65085  -36.515  -60.885  -15.910 0.0000000000
65086  -37.051  -60.009  -16.672 0.0000000000
65087  -36.813  -59.392  -16.642 0.0000000000
65088  -37.418  -59.050  -17.508 0.0000000000
65089  -38.622  -57.297  -19.177 0.0000000000
65090  -38.045  -57.514  -18.712 0.0000000000
65091  -38.390  -56.649  -19.158 0.0000000000
65092  -38.159  -55.992  -19.135 0.0000000000
65093  -38.762  -55.825  -19.539 0.0000000000
70314  -27.697  -54.870  -16.171 0.0000000000
70315  -27.281  -54.833  -15.827 0.0000000000
70316  -27.448  -53.918  -16.236 0.0000000000
70317  -27.450  -51.255  -16.693 0.0000000000
70318  -27.126  -51.965  -16.453 0.0000000000
70319  -26.993  -50.981  -16.593 0.0000000000
70320  -26.671  -50.840  -16.319 0.0000000000
70321  -26.946  -49.915  -16.792 0.0000000000
70322  -29.749  -47.545  -18.281 0.0000000000
70323  -29.116  -48.412  -17.914 0.0000000000
70324  -29.024  -47.617  -18.217 0.0000000000
70325  -27.717  -46.290  -18.251 0.0000000000
70326  -27.741  -47.326  -17.908 0.0000000000
70327  -27.286  -47.048  -17.736 0.0000000000
70328  -26.921  -47.889  -17.253 0.0000000000
70329  -26.952  -46.928  -17.490 0.0000000000
70330  -26.780  -46.572  -17.330 0.0000000000
70331  -27.041  -45.823  -17.855 0.0000000000
70332  -27.643  -43.261  -19.042 0.0000000000
70333  -27.429  -43.782  -18.585 0.0000000000
70334  -27.536  -43.226  -18.672 0.0000000000
70338  -28.120  -41.889  -19.576 0.0000000000
70339  -29.118  -40.746  -21.142 0.0000000000
70340  -28.839  -40.603  -20.887 0.0000000000
70341  -29.273  -40.105  -21.439 0.0000000000
70342  -29.468  -39.481  -21.677 0.0000000000
70343  -29.736  -39.505  -21.968 0.0000000000
70344  -31.420  -41.588  -21.560 0.0000000000
70345  -30.732  -41.415  -21.518 0.0000000000
70346  -31.350  -40.848  -21.928 0.0000000000
70347  -31.887  -38.615  -23.263 0.0000000000
70348  -31.278  -39.416  -22.691 0.0000000000
70349  -31.289  -38.661  -23.051 0.0000000000
70350  -30.774  -38.389  -22.929 0.0000000000
70351  -31.325  -37.842  -23.421 0.0000000000
70352  -31.376  -37.056  -23.709 0.0000000000
70353  -31.881  -37.228  -23.876 0.0000000000
70354  -33.963  -36.565  -24.337 0.0000000000
70355  -33.336  -36.324  -24.460 0.0000000000
70356  -34.063  -35.845  -24.596 0.0000000000
70357  -34.183  -35.200  -24.828 0.0000000000
75714  -31.125  -65.395  -15.074 0.0000000000
75715  -30.365  -65.714  -14.699 0.0000000000
75716  -31.017  -64.864  -15.166 0.0000000000
75717  -31.315  -62.971  -15.640 0.0000000000
75718  -30.685  -63.831  -15.329 0.0000000000
75719  -30.482  -63.353  -15.401 0.0000000000
75720  -29.829  -63.709  -14.902 0.0000000000
75721  -30.304  -62.800  -15.487 0.0000000000
75722  -33.809  -59.060  -15.385 0.0000000000
75723  -33.117  -60.136  -15.410 0.0000000000
75724  -32.892  -59.527  -15.535 0.0000000000
75725  -31.023  -59.778  -15.982 0.0000000000
75726  -31.290  -60.402  -15.860 0.0000000000
75727  -30.564  -60.816  -15.867 0.0000000000
75728  -29.992  -61.676  -15.585 0.0000000000
75729  -29.839  -61.046  -15.669 0.0000000000
75730  -29.274  -61.269  -15.199 0.0000000000
75731  -29.611  -60.344  -15.704 0.0000000000
75732  -29.362  -57.981  -16.204 0.0000000000
75733  -29.109  -58.918  -15.808 0.0000000000
75734  -28.776  -58.211  -15.834 0.0000000000
75735  -28.449  -58.306  -15.447 0.0000000000
75736  -28.465  -57.422  -15.921 0.0000000000
75737  -28.173  -56.628  -16.004 0.0000000000
75738  -28.714  -56.457  -16.307 0.0000000000
75739  -30.589  -54.244  -16.648 0.0000000000
75740  -29.771  -54.490  -16.669 0.0000000000
75741  -30.309  -53.471  -16.743 0.0000000000
75742  -30.087  -52.586  -16.885 0.0000000000
75743  -30.945  -52.414  -16.757 0.0000000000
75744  -34.252  -52.839  -16.853 0.0000000000
75745  -33.321  -53.219  -16.506 0.0000000000
75746  -33.967  -52.153  -16.867 0.0000000000
75747  -34.003  -49.882  -17.466 0.0000000000
75748  -33.390  -50.863  -16.998 0.0000000000
75749  -33.152  -50.180  -17.106 0.0000000000
75750  -32.214  -50.426  -16.998 0.0000000000
75751  -32.879  -49.453  -17.301 0.0000000000
75752  -32.662  -48.804  -17.549 0.0000000000
75753  -33.536  -48.504  -17.740 0.0000000000
75754  -35.517  -46.938  -19.316 0.0000000000
75755  -34.747  -47.097  -18.968 0.0000000000
75756  -35.369  -46.368  -19.595 0.0000000000
75757  -35.242  -45.789  -19.899 0.0000000000
75758  -35.901  -45.778  -20.249 0.0000000000
91442  -26.915  -54.563  -15.136 0.0000000000
91443  -27.234  -55.242  -14.734 0.0000000000
91444  -26.995  -54.208  -14.901 0.0000000000
91445  -27.336  -52.729  -14.433 0.0000000000
91446  -27.491  -53.695  -14.319 0.0000000000
91447  -27.914  -53.389  -14.101 0.0000000000
91448  -28.545  -54.104  -13.755 0.0000000000
91449  -28.334  -53.166  -13.846 0.0000000000
91517  -31.986  -35.516  -23.029 0.0000000000
91518  -31.728  -36.369  -22.511 0.0000000000
91519  -32.427  -35.517  -22.669 0.0000000000
92503  -39.963  -65.045  -17.981 0.0000000000
92504  -39.834  -64.354  -18.059 0.0000000000
92505  -40.746  -64.163  -18.481 0.0000000000
93552  -33.631  -45.851  -19.277 0.0000000000
93553  -32.746  -45.897  -19.039 0.0000000000
93554  -33.490  -45.179  -19.716 0.0000000000
93555  -33.374  -44.483  -20.189 0.0000000000
93556  -33.247  -43.910  -20.501 0.0000000000
93557  -33.117  -43.269  -20.858 0.0000000000
93558  -33.879  -43.371  -20.927 0.0000000000
93559  -34.543  -42.751  -21.375 0.0000000000
94631  -30.123  -66.233  -13.442 0.0000000000
94632  -37.063  -56.342  -18.027 0.0000000000
94633  -36.469  -56.599  -17.325 0.0000000000
94634  -36.858  -55.652  -17.958 0.0000000000
94635  -36.630  -54.991  -17.894 0.0000000000
94636  -36.432  -54.332  -17.848 0.0000000000
94637  -36.253  -53.694  -17.837 0.0000000000
94638  -36.808  -53.422  -18.456 0.0000000000
97779  -27.734  -45.392  -16.794 0.0000000000
97791  -33.005  -34.676  -24.834 0.0000000000
98951  -35.407  -64.198  -15.337 0.0000000000
98952  -38.943  -61.499  -18.070 0.0000000000
98953  -38.258  -61.742  -17.396 0.0000000000
98954  -38.696  -60.826  -18.085 0.0000000000
98955  -38.442  -60.123  -18.099 0.0000000000
98956  -38.226  -59.523  -18.102 0.0000000000
98957  -38.005  -58.870  -18.140 0.0000000000
98958  -38.540  -58.678  -18.759 0.0000000000
98959  -38.872  -57.883  -19.217 0.0000000000
98960  -39.277  -57.084  -19.597 0.0000000000
102093  -28.496  -53.052  -16.759 0.0000000000
102094  -27.778  -53.152  -16.531 0.0000000000
102095  -28.267  -52.106  -16.836 0.0000000000
102096  -28.115  -51.165  -16.980 0.0000000000
102097  -27.951  -50.222  -17.148 0.0000000000
102098  -29.540  -45.860  -18.986 0.0000000000
102099  -28.923  -46.634  -18.604 0.0000000000
102100  -28.869  -45.589  -19.026 0.0000000000
102101  -28.228  -45.547  -18.793 0.0000000000
102102  -27.706  -45.225  -18.601 0.0000000000
102103  -27.386  -44.986  -18.433 0.0000000000
102104  -27.759  -44.288  -18.980 0.0000000000
102105  -27.856  -43.408  -19.315 0.0000000000
102106  -27.988  -42.698  -19.608 0.0000000000
102107  -28.194  -41.876  -19.956 0.0000000000
102108  -28.439  -42.117  -20.161 0.0000000000
102109  -28.999  -41.598  -20.802 0.0000000000
102110  -29.549  -40.960  -21.350 0.0000000000
102111  -32.685  -40.511  -22.250 0.0000000000
102112  -31.997  -40.277  -22.414 0.0000000000
102113  -32.639  -39.672  -22.736 0.0000000000
102114  -32.601  -38.962  -23.110 0.0000000000
102115  -32.562  -38.217  -23.511 0.0000000000
102116  -32.532  -37.526  -23.883 0.0000000000
102117  -33.224  -37.789  -23.819 0.0000000000
102118  -33.888  -37.293  -24.039 0.0000000000
105333  -32.483  -63.692  -15.450 0.0000000000
105334  -31.665  -63.987  -15.448 0.0000000000
105335  -32.313  -63.104  -15.471 0.0000000000
105336  -32.083  -62.564  -15.544 0.0000000000
105337  -31.885  -62.045  -15.609 0.0000000000
105338  -33.199  -57.872  -15.625 0.0000000000
105339  -32.640  -58.989  -15.677 0.0000000000
105340  -32.331  -58.335  -15.833 0.0000000000
105341  -31.494  -58.663  -16.054 0.0000000000
105342  -30.729  -59.141  -16.121 0.0000000000
105343  -30.009  -59.499  -16.044 0.0000000000
105344  -30.400  -58.432  -16.267 0.0000000000
105345  -30.083  -57.712  -16.393 0.0000000000
105346  -29.761  -56.947  -16.466 0.0000000000
105347  -29.481  -56.212  -16.509 0.0000000000
105348  -30.260  -55.913  -16.539 0.0000000000
105349  -30.865  -54.924  -16.539 0.0000000000
105350  -31.411  -53.864  -16.516 0.0000000000
105351  -35.357  -51.093  -17.796 0.0000000000
105352  -34.537  -51.295  -17.318 0.0000000000
105353  -35.089  -50.419  -17.837 0.0000000000
105354  -34.833  -49.736  -17.894 0.0000000000
105355  -34.596  -49.019  -17.982 0.0000000000
105356  -34.395  -48.377  -18.143 0.0000000000
105357  -35.138  -48.285  -18.522 0.0000000000
114770  -26.517  -52.408  -15.465 0.0000000000
114771  -26.796  -53.207  -14.981 0.0000000000
114772  -26.637  -52.191  -15.108 0.0000000000
114773  -26.848  -51.964  -14.888 0.0000000000
114774  -27.192  -51.614  -14.701 0.0000000000
114810  -29.689  -39.216  -20.968 0.0000000000
115999  -36.419  -65.898  -15.873 0.0000000000
116000  -36.385  -65.225  -15.855 0.0000000000
116001  -37.250  -64.967  -16.319 0.0000000000
116002  -37.988  -64.117  -16.840 0.0000000000
116003  -38.662  -63.168  -17.436 0.0000000000
116004  -39.656  -63.612  -18.072 0.0000000000
116005  -39.446  -62.897  -18.061 0.0000000000
116006  -39.178  -62.163  -18.054 0.0000000000
116007  -39.702  -61.205  -18.674 0.0000000000
116008  -40.168  -60.276  -19.236 0.0000000000
118446  -30.933  -49.176  -17.634 0.0000000000
118447  -30.090  -49.296  -17.620 0.0000000000
118448  -30.769  -48.365  -17.917 0.0000000000
118449  -30.589  -47.531  -18.281 0.0000000000
118450  -30.423  -46.691  -18.685 0.0000000000
118451  -31.926  -45.893  -19.054 0.0000000000
118452  -31.096  -45.889  -19.075 0.0000000000
118453  -30.271  -45.920  -19.068 0.0000000000
118454  -30.184  -45.029  -19.552 0.0000000000
118455  -30.135  -44.293  -19.954 0.0000000000
118456  -30.095  -43.563  -20.376 0.0000000000
118457  -30.076  -42.752  -20.777 0.0000000000
118458  -30.792  -42.910  -20.762 0.0000000000
118459  -31.453  -42.273  -21.231 0.0000000000
118460  -32.156  -41.721  -21.644 0.0000000000
118461  -32.989  -42.576  -21.234 0.0000000000
118462  -32.845  -41.799  -21.604 0.0000000000
118463  -32.749  -41.215  -21.887 0.0000000000
118464  -33.449  -40.593  -22.264 0.0000000000
118465  -34.032  -39.887  -22.652 0.0000000000
120966  -35.248  -59.929  -15.335 0.0000000000
120967  -34.318  -60.254  -15.169 0.0000000000
120968  -34.990  -59.317  -15.369 0.0000000000
120969  -34.738  -58.717  -15.430 0.0000000000
120970  -34.458  -58.130  -15.541 0.0000000000
120971  -35.826  -56.826  -16.618 0.0000000000
120972  -35.038  -57.103  -15.987 0.0000000000
120973  -34.163  -57.446  -15.627 0.0000000000
120974  -33.822  -56.785  -15.729 0.0000000000
120975  -33.509  -56.178  -15.866 0.0000000000
120976  -33.236  -55.471  -16.034 0.0000000000
120977  -32.919  -54.820  -16.184 0.0000000000
120978  -33.943  -54.476  -16.276 0.0000000000
120979  -34.533  -53.479  -16.819 0.0000000000
120980  -35.097  -52.577  -17.358 0.0000000000
120981  -36.049  -52.946  -17.812 0.0000000000
120982  -35.846  -52.305  -17.808 0.0000000000
120983  -35.619  -51.698  -17.816 0.0000000000
120984  -35.940  -50.912  -18.288 0.0000000000
128306  -26.454  -48.288  -16.256 0.0000000000
128307  -26.555  -49.119  -15.747 0.0000000000
128308  -26.722  -48.048  -15.991 0.0000000000
128337  -30.903  -36.879  -23.121 0.0000000000
128338  -30.958  -36.856  -22.806 0.0000000000
128339  -31.322  -36.100  -23.328 0.0000000000
128340  -31.641  -35.582  -23.447 0.0000000000
128341  -32.153  -34.704  -23.555 0.0000000000
130810  -31.225  -65.961  -14.984 0.0000000000
130811  -31.933  -65.180  -15.273 0.0000000000
130812  -32.923  -65.546  -15.290 0.0000000000
130813  -32.874  -64.862  -15.324 0.0000000000
130814  -32.688  -64.287  -15.400 0.0000000000
130815  -33.370  -63.389  -15.246 0.0000000000
130816  -34.053  -62.583  -15.110 0.0000000000
130817  -34.752  -61.512  -15.098 0.0000000000
130818  -36.330  -64.584  -15.808 0.0000000000
130819  -36.257  -63.955  -15.698 0.0000000000
130820  -36.167  -63.280  -15.589 0.0000000000
130821  -37.620  -62.012  -16.729 0.0000000000
130822  -36.920  -62.306  -16.042 0.0000000000
130823  -36.047  -62.576  -15.471 0.0000000000
130824  -35.902  -61.912  -15.411 0.0000000000
130825  -35.717  -61.243  -15.380 0.0000000000
130826  -35.485  -60.579  -15.348 0.0000000000
130827  -36.068  -59.630  -15.865 0.0000000000
130828  -36.551  -58.750  -16.632 0.0000000000
130829  -36.969  -57.907  -17.471 0.0000000000
130830  -37.793  -58.231  -18.191 0.0000000000
130831  -37.588  -57.671  -18.201 0.0000000000
130832  -37.312  -57.030  -18.117 0.0000000000
130833  -37.635  -56.252  -18.645 0.0000000000
130834  -37.940  -55.311  -19.120 0.0000000000
130835  -38.318  -54.505  -19.523 0.0000000000
137448  -27.621  -56.562  -15.294 0.0000000000
137449  -27.483  -56.406  -14.977 0.0000000000
137450  -27.267  -55.610  -15.429 0.0000000000
137451  -27.013  -54.638  -15.547 0.0000000000
137452  -26.825  -53.719  -15.632 0.0000000000
137453  -27.255  -53.013  -16.306 0.0000000000
137454  -26.851  -52.919  -16.049 0.0000000000
137455  -26.612  -52.713  -15.700 0.0000000000
137456  -26.443  -51.609  -15.892 0.0000000000
137457  -26.396  -50.738  -16.056 0.0000000000
137458  -26.367  -49.543  -16.290 0.0000000000
137459  -29.270  -49.251  -17.650 0.0000000000
137460  -28.443  -49.237  -17.506 0.0000000000
137461  -27.864  -49.199  -17.348 0.0000000000
137462  -28.332  -47.297  -18.124 0.0000000000
137463  -27.761  -48.151  -17.609 0.0000000000
137464  -27.304  -49.184  -17.180 0.0000000000
137465  -26.918  -48.944  -16.977 0.0000000000
137466  -26.592  -48.745  -16.757 0.0000000000
137467  -26.519  -48.479  -16.581 0.0000000000
137468  -26.596  -47.565  -16.733 0.0000000000
137469  -26.782  -46.414  -17.022 0.0000000000
137470  -26.967  -45.418  -17.337 0.0000000000
137471  -27.161  -44.853  -18.172 0.0000000000
137472  -27.089  -44.731  -17.844 0.0000000000
137473  -27.297  -44.670  -17.578 0.0000000000
137480  -29.005  -40.431  -20.142 0.0000000000
137481  -28.465  -41.261  -20.210 0.0000000000
137482  -28.825  -40.481  -20.558 0.0000000000
137483  -29.216  -39.813  -20.822 0.0000000000
137484  -29.513  -39.315  -21.369 0.0000000000
137485  -29.714  -38.857  -21.867 0.0000000000
137486  -30.191  -38.126  -22.499 0.0000000000
137487  -30.074  -41.991  -21.133 0.0000000000
137488  -30.097  -41.240  -21.521 0.0000000000
137489  -30.101  -40.421  -21.879 0.0000000000
137490  -31.321  -40.110  -22.355 0.0000000000
137491  -30.680  -39.865  -22.369 0.0000000000
137492  -30.190  -39.684  -22.200 0.0000000000
137493  -30.238  -38.955  -22.495 0.0000000000
137494  -30.316  -38.377  -22.659 0.0000000000
137495  -30.467  -37.754  -22.810 0.0000000000
137496  -31.042  -37.013  -23.422 0.0000000000
137497  -31.570  -36.275  -23.953 0.0000000000
137498  -32.305  -35.608  -24.450 0.0000000000
137499  -32.592  -36.729  -24.216 0.0000000000
137500  -32.683  -36.017  -24.482 0.0000000000
137501  -32.739  -35.484  -24.645 0.0000000000
137502  -33.589  -34.955  -24.872 0.0000000000
144060  -30.151  -66.560  -14.080 0.0000000000
144061  -30.125  -66.029  -14.083 0.0000000000
144062  -29.990  -65.476  -14.136 0.0000000000
144063  -30.900  -64.299  -15.251 0.0000000000
144064  -30.120  -64.702  -14.803 0.0000000000
144065  -29.899  -64.957  -14.185 0.0000000000
144069  -33.363  -60.730  -15.288 0.0000000000
144070  -32.515  -61.121  -15.487 0.0000000000
144071  -31.707  -61.546  -15.681 0.0000000000
144072  -32.057  -59.975  -15.757 0.0000000000
144073  -31.500  -60.958  -15.753 0.0000000000
144074  -30.920  -61.879  -15.753 0.0000000000
144075  -30.123  -62.255  -15.514 0.0000000000
144076  -29.561  -62.556  -15.032 0.0000000000
144081  -29.397  -59.609  -15.793 0.0000000000
144082  -28.958  -59.842  -15.291 0.0000000000
144085  -28.150  -58.293  -14.963 0.0000000000
144086  -27.957  -57.465  -15.164 0.0000000000
144087  -27.830  -56.639  -15.672 0.0000000000
144088  -27.939  -55.847  -16.066 0.0000000000
144089  -28.225  -54.899  -16.399 0.0000000000
144090  -29.192  -55.465  -16.556 0.0000000000
144091  -28.951  -54.646  -16.613 0.0000000000
144092  -28.709  -53.905  -16.667 0.0000000000
144093  -29.269  -52.975  -16.840 0.0000000000
144094  -29.848  -51.853  -17.025 0.0000000000
144095  -30.483  -50.812  -17.102 0.0000000000
144096  -32.615  -54.173  -16.324 0.0000000000
144097  -32.339  -53.619  -16.427 0.0000000000
144098  -32.056  -52.815  -16.540 0.0000000000
144099  -33.664  -51.536  -16.932 0.0000000000
144100  -32.699  -51.833  -16.659 0.0000000000
144101  -31.787  -52.058  -16.699 0.0000000000
144102  -31.561  -51.310  -16.884 0.0000000000
144103  -31.316  -50.587  -17.060 0.0000000000
144104  -31.125  -49.878  -17.335 0.0000000000
144105  -31.779  -49.036  -17.526 0.0000000000
144106  -32.456  -48.033  -17.890 0.0000000000
144107  -33.124  -47.242  -18.305 0.0000000000
144108  -34.192  -47.694  -18.349 0.0000000000
144109  -33.984  -47.019  -18.611 0.0000000000
144110  -33.789  -46.481  -18.893 0.0000000000
144111  -34.421  -45.879  -19.552 0.0000000000
144112  -35.123  -45.214  -20.199 0.0000000000
144113  -35.646  -44.653  -20.829 0.0000000000
162979  -27.515  -56.162  -14.652 0.0000000000
162982  -27.228  -53.935  -14.537 0.0000000000
162983  -27.715  -54.583  -14.194 0.0000000000
162988  -26.699  -49.725  -15.338 0.0000000000
162989  -27.166  -50.586  -14.877 0.0000000000
162990  -27.648  -51.381  -14.401 0.0000000000
163069  -31.087  -36.916  -22.367 0.0000000000
163070  -31.487  -37.073  -21.966 0.0000000000
163072  -32.732  -35.939  -22.119 0.0000000000
163073  -32.665  -36.597  -21.590 0.0000000000
