#!ascii label  , from subject fsaverage vox2ras=TkReg
544
60  -35.763  -9.729  16.924 0.0000000000
273  -34.014  -7.895  11.870 0.0000000000
536  -32.910  -21.661  8.528 0.0000000000
1177  -34.727  -15.806  18.281 0.0000000000
1178  -32.750  -22.752  12.838 0.0000000000
1179  -34.663  -16.140  14.643 0.0000000000
1643  -33.901  -9.049  14.767 0.0000000000
1887  -37.931  -10.600  18.126 0.0000000000
2249  -36.059  -15.575  11.286 0.0000000000
3097  -34.851  -12.595  18.155 0.0000000000
3098  -34.379  -15.973  16.501 0.0000000000
3099  -34.004  -12.776  16.657 0.0000000000
4975  -32.816  -22.356  10.608 0.0000000000
4976  -31.438  -25.032  9.519 0.0000000000
4977  -31.798  -24.555  7.198 0.0000000000
4979  -32.349  -24.082  5.080 0.0000000000
4980  -33.698  -8.526  13.334 0.0000000000
4981  -33.312  -12.539  12.953 0.0000000000
4982  -33.611  -12.305  11.055 0.0000000000
6727  -33.856  -19.069  18.006 0.0000000000
6728  -32.747  -22.675  15.212 0.0000000000
6729  -33.761  -19.379  15.872 0.0000000000
6730  -34.157  -19.605  13.815 0.0000000000
6731  -34.737  -19.382  11.916 0.0000000000
6732  -34.729  -7.280  10.502 0.0000000000
6733  -34.219  -11.914  9.281 0.0000000000
7673  -34.684  -9.411  15.984 0.0000000000
8276  -35.960  -12.856  19.263 0.0000000000
8277  -36.786  -10.190  17.537 0.0000000000
8285  -39.304  -7.617  17.068 0.0000000000
8286  -38.067  -6.931  17.422 0.0000000000
9299  -31.249  -25.292  12.017 0.0000000000
9305  -33.482  -12.582  14.859 0.0000000000
9306  -35.168  -15.857  12.966 0.0000000000
9307  -35.317  -18.710  10.290 0.0000000000
9309  -35.703  -17.868  8.696 0.0000000000
10777  -35.230  -11.064  17.627 0.0000000000
10778  -34.394  -12.677  17.431 0.0000000000
10779  -34.637  -11.095  17.035 0.0000000000
12655  -32.858  -22.016  9.560 0.0000000000
12656  -32.009  -23.323  8.857 0.0000000000
12657  -32.169  -23.026  7.799 0.0000000000
12658  -32.014  -24.309  6.184 0.0000000000
12659  -32.304  -22.763  6.783 0.0000000000
12660  -33.821  -8.224  12.599 0.0000000000
12661  -33.241  -10.409  12.156 0.0000000000
12662  -33.401  -10.199  11.289 0.0000000000
15052  -34.379  -17.467  18.164 0.0000000000
15053  -33.709  -19.251  16.948 0.0000000000
15054  -34.196  -17.593  17.182 0.0000000000
15055  -34.481  -16.099  15.540 0.0000000000
15056  -34.358  -17.695  15.284 0.0000000000
15057  -34.636  -17.813  14.291 0.0000000000
15058  -34.467  -19.546  12.863 0.0000000000
15059  -35.078  -17.739  13.460 0.0000000000
15061  -34.125  -9.335  8.894 0.0000000000
18198  -36.581  -13.006  19.712 0.0000000000
18199  -36.884  -11.575  19.001 0.0000000000
18200  -36.263  -11.414  18.585 0.0000000000
18201  -37.310  -10.380  17.828 0.0000000000
18223  -38.622  -7.343  17.285 0.0000000000
20685  -32.744  -22.750  14.021 0.0000000000
20686  -31.916  -24.112  13.640 0.0000000000
20687  -31.847  -24.064  12.339 0.0000000000
20700  -34.257  -9.259  15.446 0.0000000000
20701  -33.769  -10.902  15.611 0.0000000000
20702  -33.484  -10.811  14.787 0.0000000000
20703  -34.308  -14.176  12.012 0.0000000000
20704  -34.127  -14.277  12.929 0.0000000000
20705  -35.595  -15.706  12.163 0.0000000000
20706  -35.939  -17.374  11.908 0.0000000000
20707  -36.338  -17.114  11.096 0.0000000000
20709  -35.687  -13.723  9.363 0.0000000000
24007  -34.829  -14.084  18.356 0.0000000000
24008  -34.451  -15.896  17.399 0.0000000000
24009  -34.454  -14.224  17.544 0.0000000000
24010  -34.190  -14.378  16.660 0.0000000000
24011  -34.074  -14.449  15.755 0.0000000000
27387  -32.822  -22.584  11.685 0.0000000000
27388  -31.890  -23.896  11.102 0.0000000000
27389  -31.955  -23.629  9.967 0.0000000000
27390  -31.612  -24.792  8.328 0.0000000000
27396  -33.708  -8.788  14.038 0.0000000000
27397  -33.236  -10.717  13.925 0.0000000000
27398  -33.200  -10.605  13.016 0.0000000000
27399  -33.414  -12.394  11.969 0.0000000000
27400  -34.651  -14.063  11.092 0.0000000000
31059  -33.280  -20.906  16.676 0.0000000000
31060  -33.339  -21.039  15.602 0.0000000000
31061  -33.449  -21.229  14.436 0.0000000000
31062  -34.225  -17.651  16.247 0.0000000000
31063  -33.944  -19.469  14.841 0.0000000000
31064  -33.576  -21.264  13.341 0.0000000000
31065  -33.695  -21.194  12.275 0.0000000000
31066  -33.802  -20.982  11.244 0.0000000000
31067  -33.870  -20.705  10.239 0.0000000000
31068  -34.333  -7.594  11.142 0.0000000000
31069  -33.578  -10.017  10.432 0.0000000000
31070  -33.811  -9.637  9.651 0.0000000000
31071  -34.481  -11.708  8.391 0.0000000000
33442  -36.366  -8.221  16.794 0.0000000000
33443  -35.204  -9.571  16.471 0.0000000000
33444  -35.777  -7.925  16.586 0.0000000000
33452  -34.541  -6.086  13.140 0.0000000000
35120  -34.611  -17.519  18.882 0.0000000000
35121  -35.064  -15.873  18.979 0.0000000000
35123  -35.738  -14.368  19.537 0.0000000000
35124  -35.243  -14.275  18.940 0.0000000000
35125  -35.401  -12.657  18.772 0.0000000000
35126  -35.750  -11.234  18.093 0.0000000000
35127  -36.248  -9.953  17.244 0.0000000000
35148  -38.997  -9.600  16.870 0.0000000000
35151  -38.432  -9.371  16.886 0.0000000000
35152  -37.962  -9.022  16.949 0.0000000000
35153  -37.460  -8.662  16.918 0.0000000000
35154  -36.956  -8.343  16.867 0.0000000000
38138  -31.307  -25.166  10.745 0.0000000000
38153  -34.151  -11.023  16.393 0.0000000000
38154  -33.699  -12.640  15.797 0.0000000000
38155  -34.006  -14.323  14.891 0.0000000000
38156  -33.330  -12.607  13.872 0.0000000000
38157  -33.993  -14.299  13.932 0.0000000000
38158  -34.869  -16.036  13.800 0.0000000000
38159  -35.547  -17.602  12.658 0.0000000000
38160  -35.010  -19.080  11.069 0.0000000000
38161  -33.955  -20.263  9.338 0.0000000000
38162  -33.920  -12.192  10.137 0.0000000000
38163  -35.186  -13.973  10.178 0.0000000000
38164  -36.582  -15.312  10.491 0.0000000000
38168  -35.524  -18.369  9.481 0.0000000000
38169  -34.054  -19.818  8.470 0.0000000000
38170  -32.974  -21.272  7.554 0.0000000000
38171  -32.518  -22.510  5.699 0.0000000000
38172  -32.723  -23.821  4.034 0.0000000000
41497  -35.473  -10.398  17.262 0.0000000000
41498  -34.882  -11.082  17.367 0.0000000000
41499  -35.179  -10.373  16.997 0.0000000000
43375  -32.884  -21.844  9.056 0.0000000000
43376  -32.442  -22.497  8.640 0.0000000000
43377  -32.510  -22.324  8.156 0.0000000000
43378  -32.247  -22.858  7.320 0.0000000000
43379  -32.537  -22.156  7.640 0.0000000000
43380  -33.903  -8.071  12.221 0.0000000000
43381  -33.538  -9.194  11.929 0.0000000000
43382  -33.628  -9.083  11.507 0.0000000000
45772  -34.585  -16.573  18.211 0.0000000000
45773  -34.258  -17.549  17.673 0.0000000000
45774  -34.454  -16.691  17.748 0.0000000000
45775  -34.548  -16.159  15.094 0.0000000000
45776  -34.609  -16.922  14.987 0.0000000000
45777  -34.796  -16.963  14.524 0.0000000000
45778  -34.838  -17.805  13.862 0.0000000000
45779  -34.916  -16.937  14.085 0.0000000000
48919  -37.407  -11.041  18.651 0.0000000000
48920  -37.091  -10.958  18.504 0.0000000000
48921  -37.621  -10.485  18.027 0.0000000000
51405  -32.768  -22.771  13.463 0.0000000000
51406  -32.272  -23.465  13.158 0.0000000000
51407  -32.284  -23.420  12.581 0.0000000000
51420  -34.053  -9.187  15.103 0.0000000000
51421  -33.802  -10.015  15.142 0.0000000000
51422  -33.649  -9.951  14.740 0.0000000000
51423  -35.165  -14.885  11.635 0.0000000000
51424  -34.986  -14.948  12.101 0.0000000000
51425  -35.814  -15.647  11.714 0.0000000000
51426  -36.198  -16.446  11.725 0.0000000000
51427  -36.383  -16.355  11.266 0.0000000000
55372  -34.860  -13.289  18.319 0.0000000000
55373  -34.645  -14.148  17.958 0.0000000000
55374  -34.609  -13.390  17.900 0.0000000000
55375  -34.191  -12.732  17.049 0.0000000000
55376  -34.208  -13.526  17.090 0.0000000000
55377  -34.085  -13.567  16.674 0.0000000000
55378  -34.145  -14.434  16.198 0.0000000000
55379  -33.954  -13.572  16.257 0.0000000000
61005  -32.799  -22.505  11.137 0.0000000000
61006  -32.327  -23.128  10.806 0.0000000000
61007  -32.373  -22.953  10.289 0.0000000000
61008  -31.841  -23.936  8.004 0.0000000000
61009  -31.758  -24.094  8.531 0.0000000000
61010  -31.697  -24.661  7.756 0.0000000000
61015  -32.187  -24.224  5.629 0.0000000000
61020  -33.678  -8.709  13.676 0.0000000000
61021  -33.355  -9.712  13.535 0.0000000000
61022  -33.382  -9.580  13.142 0.0000000000
61023  -33.253  -11.379  11.579 0.0000000000
61024  -33.227  -11.412  12.047 0.0000000000
61025  -33.494  -12.375  11.519 0.0000000000
61026  -33.895  -13.276  11.506 0.0000000000
61027  -34.037  -13.230  11.035 0.0000000000
68197  -33.654  -19.804  17.936 0.0000000000
68198  -33.337  -20.757  17.260 0.0000000000
68199  -33.537  -20.007  17.342 0.0000000000
68200  -33.710  -19.279  16.441 0.0000000000
68201  -33.515  -20.114  16.270 0.0000000000
68202  -33.575  -20.175  15.783 0.0000000000
68203  -33.403  -21.133  15.028 0.0000000000
68204  -33.637  -20.281  15.194 0.0000000000
68205  -34.373  -15.972  16.922 0.0000000000
68206  -34.320  -16.772  16.883 0.0000000000
68207  -34.354  -16.786  16.390 0.0000000000
68208  -34.241  -18.649  14.566 0.0000000000
68209  -34.160  -18.572  15.065 0.0000000000
68210  -34.041  -19.554  14.329 0.0000000000
68211  -33.825  -20.405  14.120 0.0000000000
68212  -33.879  -20.474  13.540 0.0000000000
68213  -33.629  -21.239  12.798 0.0000000000
68214  -33.967  -20.470  13.028 0.0000000000
68215  -34.618  -19.453  12.389 0.0000000000
68216  -34.199  -20.309  12.107 0.0000000000
68217  -34.277  -20.198  11.594 0.0000000000
68218  -33.844  -20.844  10.752 0.0000000000
68219  -34.348  -20.095  11.091 0.0000000000
68220  -34.499  -7.404  10.825 0.0000000000
68221  -34.028  -8.625  10.391 0.0000000000
68222  -34.178  -8.423  10.051 0.0000000000
68224  -34.084  -10.570  8.544 0.0000000000
73598  -36.078  -8.053  16.705 0.0000000000
73618  -34.459  -6.273  13.470 0.0000000000
73619  -34.624  -5.208  13.737 0.0000000000
77630  -34.849  -16.716  18.908 0.0000000000
77635  -36.239  -12.921  19.518 0.0000000000
77636  -36.143  -13.664  19.714 0.0000000000
77637  -35.838  -13.616  19.439 0.0000000000
77638  -35.461  -14.326  19.250 0.0000000000
77639  -35.561  -13.564  19.202 0.0000000000
77640  -35.322  -13.454  18.896 0.0000000000
77641  -35.676  -12.744  19.024 0.0000000000
77642  -36.522  -10.776  18.045 0.0000000000
77643  -36.011  -11.329  18.334 0.0000000000
77644  -36.270  -10.682  17.860 0.0000000000
77645  -35.982  -10.586  17.670 0.0000000000
77646  -36.509  -10.092  17.397 0.0000000000
77699  -39.555  -9.041  16.417 0.0000000000
77703  -39.943  -7.002  17.200 0.0000000000
77705  -39.540  -7.827  16.896 0.0000000000
77706  -39.077  -8.721  16.604 0.0000000000
77707  -38.849  -8.517  16.780 0.0000000000
77708  -38.181  -9.187  16.859 0.0000000000
77709  -38.632  -8.329  16.924 0.0000000000
77710  -38.286  -7.190  17.360 0.0000000000
77711  -38.003  -8.026  17.059 0.0000000000
77712  -37.754  -7.820  17.113 0.0000000000
77713  -37.199  -8.482  16.958 0.0000000000
77714  -37.514  -7.607  17.154 0.0000000000
77715  -37.220  -7.497  17.136 0.0000000000
77716  -37.782  -6.758  17.421 0.0000000000
85095  -32.737  -22.602  15.830 0.0000000000
85097  -32.400  -23.380  15.043 0.0000000000
85098  -31.535  -24.736  12.844 0.0000000000
85099  -31.591  -24.758  13.482 0.0000000000
85100  -31.250  -25.374  12.689 0.0000000000
85102  -31.048  -25.898  11.908 0.0000000000
85103  -31.583  -24.483  10.296 0.0000000000
85104  -31.555  -24.546  10.868 0.0000000000
85105  -31.362  -25.144  10.091 0.0000000000
85140  -34.948  -9.502  16.288 0.0000000000
85141  -34.638  -10.288  16.474 0.0000000000
85142  -34.430  -10.219  16.150 0.0000000000
85143  -33.543  -11.725  15.282 0.0000000000
85144  -33.660  -11.822  15.700 0.0000000000
85145  -33.572  -12.572  15.331 0.0000000000
85146  -33.756  -13.428  15.432 0.0000000000
85147  -33.708  -13.428  14.935 0.0000000000
85148  -33.155  -11.626  13.435 0.0000000000
85149  -33.207  -11.637  13.888 0.0000000000
85150  -33.315  -12.598  13.402 0.0000000000
85151  -34.650  -15.058  12.944 0.0000000000
85152  -34.065  -14.359  13.412 0.0000000000
85153  -34.525  -15.127  13.384 0.0000000000
85154  -34.443  -15.168  13.875 0.0000000000
85155  -35.055  -15.988  13.412 0.0000000000
85156  -35.370  -16.821  13.321 0.0000000000
85157  -35.519  -16.702  12.905 0.0000000000
85158  -35.736  -18.058  11.133 0.0000000000
85159  -35.585  -18.197  11.533 0.0000000000
85160  -35.144  -18.917  10.665 0.0000000000
85161  -34.527  -19.724  10.216 0.0000000000
85162  -34.629  -19.520  9.799 0.0000000000
85163  -33.722  -10.963  9.812 0.0000000000
85164  -33.599  -11.118  10.231 0.0000000000
85165  -34.045  -12.044  9.719 0.0000000000
85166  -36.475  -14.408  9.481 0.0000000000
85167  -35.467  -13.849  9.760 0.0000000000
85168  -36.245  -14.550  9.934 0.0000000000
85169  -35.997  -14.682  10.355 0.0000000000
85180  -35.609  -18.094  9.080 0.0000000000
85182  -34.122  -19.532  8.095 0.0000000000
85183  -33.514  -20.306  7.531 0.0000000000
85184  -33.432  -20.536  8.001 0.0000000000
85185  -33.032  -21.086  7.032 0.0000000000
85186  -32.665  -21.868  6.609 0.0000000000
93127  -35.023  -11.790  17.953 0.0000000000
93128  -34.623  -12.627  17.790 0.0000000000
93129  -34.728  -11.841  17.633 0.0000000000
93130  -34.471  -11.878  17.279 0.0000000000
93131  -34.229  -11.902  16.929 0.0000000000
96507  -32.832  -22.188  10.050 0.0000000000
96508  -32.398  -22.806  9.743 0.0000000000
96509  -32.393  -22.652  9.157 0.0000000000
96510  -32.089  -23.209  8.305 0.0000000000
96511  -31.911  -23.805  7.477 0.0000000000
96512  -31.917  -24.424  6.703 0.0000000000
96513  -32.026  -23.640  6.988 0.0000000000
96514  -32.092  -23.547  6.481 0.0000000000
96515  -32.224  -23.436  5.901 0.0000000000
96516  -33.762  -8.356  12.979 0.0000000000
96517  -33.400  -9.443  12.748 0.0000000000
96518  -33.458  -9.337  12.337 0.0000000000
96519  -33.296  -10.315  11.728 0.0000000000
96520  -33.393  -11.289  11.143 0.0000000000
100822  -34.104  -18.301  18.086 0.0000000000
100823  -33.730  -19.195  17.469 0.0000000000
100824  -34.010  -18.392  17.590 0.0000000000
100825  -33.951  -18.428  17.095 0.0000000000
100826  -33.934  -18.449  16.578 0.0000000000
100827  -34.408  -16.042  16.021 0.0000000000
100828  -34.407  -16.816  15.923 0.0000000000
100829  -34.484  -16.867  15.451 0.0000000000
100830  -34.514  -17.725  14.832 0.0000000000
100831  -34.413  -18.705  14.071 0.0000000000
100832  -34.304  -19.604  13.335 0.0000000000
100833  -34.599  -18.711  13.588 0.0000000000
100834  -34.818  -18.665  13.168 0.0000000000
100835  -35.001  -18.598  12.730 0.0000000000
100836  -34.874  -7.139  10.196 0.0000000000
100837  -34.366  -8.295  9.696 0.0000000000
106486  -36.722  -12.276  19.415 0.0000000000
106487  -36.404  -12.205  19.215 0.0000000000
106488  -36.109  -12.095  18.981 0.0000000000
106489  -36.565  -11.519  18.812 0.0000000000
106490  -36.761  -10.871  18.290 0.0000000000
106491  -37.023  -10.271  17.680 0.0000000000
106528  -39.646  -6.822  17.369 0.0000000000
106529  -38.975  -7.490  17.190 0.0000000000
106530  -39.279  -6.655  17.448 0.0000000000
106531  -38.955  -6.489  17.543 0.0000000000
106532  -38.588  -6.319  17.618 0.0000000000
110961  -32.736  -22.724  14.603 0.0000000000
110962  -32.356  -23.426  14.428 0.0000000000
110963  -32.316  -23.466  13.782 0.0000000000
110964  -31.877  -24.091  12.987 0.0000000000
110965  -31.507  -24.689  12.168 0.0000000000
110967  -31.307  -25.687  9.369 0.0000000000
110988  -34.453  -9.342  15.728 0.0000000000
110989  -34.184  -10.162  15.820 0.0000000000
110990  -33.971  -10.127  15.472 0.0000000000
110991  -33.629  -10.865  15.222 0.0000000000
110992  -33.411  -11.742  14.792 0.0000000000
110993  -33.714  -13.386  12.450 0.0000000000
110994  -33.639  -13.464  12.904 0.0000000000
110995  -34.213  -14.215  12.466 0.0000000000
110996  -34.799  -14.988  12.514 0.0000000000
110997  -35.363  -15.765  12.554 0.0000000000
110998  -35.754  -16.578  12.537 0.0000000000
110999  -35.947  -16.522  12.121 0.0000000000
111000  -36.202  -17.241  11.539 0.0000000000
111001  -35.948  -17.892  10.754 0.0000000000
111002  -35.032  -12.811  8.826 0.0000000000
111003  -34.883  -12.894  9.293 0.0000000000
111011  -34.826  -18.317  7.794 0.0000000000
111012  -34.857  -18.540  8.207 0.0000000000
117457  -34.789  -14.948  18.332 0.0000000000
117458  -34.581  -15.837  17.833 0.0000000000
117459  -34.629  -15.000  17.923 0.0000000000
117460  -34.476  -15.065  17.479 0.0000000000
117461  -34.355  -15.118  17.057 0.0000000000
117462  -34.372  -13.470  17.498 0.0000000000
117463  -34.279  -14.311  17.102 0.0000000000
117464  -34.332  -15.210  16.596 0.0000000000
117465  -34.311  -15.258  16.112 0.0000000000
117466  -34.334  -15.330  15.645 0.0000000000
117467  -34.345  -15.368  15.192 0.0000000000
125343  -32.785  -22.687  12.238 0.0000000000
125344  -32.285  -23.353  11.980 0.0000000000
125345  -32.322  -23.235  11.398 0.0000000000
125346  -31.915  -23.763  10.528 0.0000000000
125347  -31.648  -24.335  9.716 0.0000000000
125348  -32.015  -23.473  9.428 0.0000000000
125349  -31.692  -24.204  9.126 0.0000000000
125350  -31.511  -24.906  8.916 0.0000000000
125364  -33.765  -8.931  14.400 0.0000000000
125365  -33.502  -9.870  14.354 0.0000000000
125366  -33.416  -9.764  13.959 0.0000000000
125367  -33.180  -10.632  13.469 0.0000000000
125368  -33.178  -11.575  12.972 0.0000000000
125369  -33.177  -10.509  12.565 0.0000000000
125370  -33.200  -11.523  12.496 0.0000000000
125371  -33.371  -12.486  12.469 0.0000000000
125372  -33.754  -13.365  11.934 0.0000000000
125373  -34.475  -14.109  11.548 0.0000000000
125374  -35.397  -14.814  11.208 0.0000000000
134770  -33.055  -21.690  16.581 0.0000000000
134771  -33.030  -21.816  15.994 0.0000000000
134772  -33.489  -20.083  16.800 0.0000000000
134773  -33.286  -20.967  16.123 0.0000000000
134774  -33.058  -21.896  15.386 0.0000000000
134775  -33.097  -21.958  14.821 0.0000000000
134776  -33.123  -22.017  14.238 0.0000000000
134777  -33.150  -22.056  13.689 0.0000000000
134778  -34.365  -16.726  17.309 0.0000000000
134779  -34.153  -17.615  16.722 0.0000000000
134780  -33.984  -18.522  16.060 0.0000000000
134781  -34.295  -17.662  15.761 0.0000000000
134782  -34.072  -18.543  15.554 0.0000000000
134783  -33.852  -19.420  15.360 0.0000000000
134784  -33.736  -20.327  14.663 0.0000000000
134785  -33.529  -21.237  13.912 0.0000000000
134786  -33.186  -22.047  13.067 0.0000000000
134787  -33.239  -21.977  12.531 0.0000000000
134788  -33.308  -21.912  12.020 0.0000000000
134789  -33.290  -21.851  11.458 0.0000000000
134790  -34.080  -20.401  12.558 0.0000000000
134791  -33.768  -21.125  11.757 0.0000000000
134792  -33.310  -21.711  10.896 0.0000000000
134793  -33.326  -21.563  10.383 0.0000000000
134794  -33.351  -21.377  9.917 0.0000000000
134795  -33.342  -21.196  9.367 0.0000000000
134796  -34.188  -7.693  11.516 0.0000000000
134797  -33.770  -8.926  11.138 0.0000000000
134798  -33.876  -8.878  10.709 0.0000000000
134799  -33.738  -9.823  10.039 0.0000000000
134800  -33.831  -10.830  9.371 0.0000000000
134801  -34.017  -9.483  9.283 0.0000000000
134802  -33.976  -10.678  8.984 0.0000000000
134803  -34.326  -11.831  8.816 0.0000000000
134804  -35.208  -12.655  8.418 0.0000000000
141472  -36.110  -8.965  16.661 0.0000000000
141473  -35.496  -9.617  16.685 0.0000000000
141474  -35.795  -8.858  16.589 0.0000000000
141475  -35.523  -8.771  16.429 0.0000000000
141476  -35.236  -8.685  16.239 0.0000000000
141478  -35.482  -7.786  16.383 0.0000000000
141479  -34.973  -8.543  16.014 0.0000000000
141480  -34.759  -8.456  15.776 0.0000000000
141481  -34.554  -8.336  15.517 0.0000000000
141482  -34.383  -8.209  15.158 0.0000000000
141491  -34.214  -8.105  14.874 0.0000000000
141492  -34.124  -7.950  14.537 0.0000000000
141493  -34.047  -7.843  14.196 0.0000000000
141494  -34.031  -7.689  13.859 0.0000000000
141497  -34.074  -7.489  13.539 0.0000000000
141498  -34.143  -7.325  13.213 0.0000000000
141499  -34.223  -7.113  12.865 0.0000000000
141500  -34.309  -6.979  12.534 0.0000000000
141525  -34.704  -5.045  13.398 0.0000000000
141526  -34.672  -5.872  12.839 0.0000000000
141527  -34.481  -6.760  12.200 0.0000000000
141528  -34.618  -6.580  11.867 0.0000000000
141529  -34.773  -6.427  11.532 0.0000000000
141530  -35.000  -6.296  11.219 0.0000000000
141533  -35.152  -6.161  10.924 0.0000000000
141534  -35.388  -6.031  10.631 0.0000000000
146373  -33.975  -19.088  18.397 0.0000000000
146375  -34.354  -18.326  18.838 0.0000000000
146376  -34.224  -18.293  18.481 0.0000000000
146377  -34.486  -17.502  18.518 0.0000000000
146378  -34.716  -16.654  18.576 0.0000000000
146379  -34.879  -15.836  18.617 0.0000000000
146386  -35.369  -15.112  19.290 0.0000000000
146387  -35.154  -15.088  18.954 0.0000000000
146388  -34.977  -15.037  18.631 0.0000000000
146389  -35.044  -14.176  18.652 0.0000000000
146390  -35.091  -13.353  18.625 0.0000000000
146391  -35.157  -12.603  18.455 0.0000000000
146392  -35.814  -12.007  18.731 0.0000000000
146393  -35.534  -11.917  18.491 0.0000000000
146394  -35.289  -11.865  18.189 0.0000000000
146395  -35.490  -11.147  17.859 0.0000000000
146396  -35.716  -10.488  17.465 0.0000000000
146397  -35.994  -9.874  17.059 0.0000000000
146460  -38.453  -10.146  17.488 0.0000000000
146467  -39.354  -8.840  16.602 0.0000000000
146468  -38.692  -9.526  16.864 0.0000000000
146469  -38.129  -10.070  17.410 0.0000000000
146470  -37.845  -9.900  17.309 0.0000000000
146471  -37.599  -9.751  17.251 0.0000000000
146472  -37.339  -9.686  17.129 0.0000000000
146473  -38.349  -8.175  16.975 0.0000000000
146474  -37.729  -8.843  16.902 0.0000000000
146475  -37.108  -9.486  17.109 0.0000000000
146476  -36.851  -9.328  16.998 0.0000000000
146477  -36.575  -9.240  16.902 0.0000000000
146478  -36.356  -9.065  16.827 0.0000000000
146479  -36.667  -8.247  16.862 0.0000000000
146480  -36.920  -7.424  17.092 0.0000000000
155366  -31.983  -24.102  14.270 0.0000000000
155372  -31.859  -23.990  11.701 0.0000000000
155373  -31.528  -24.619  11.525 0.0000000000
155374  -31.277  -25.223  11.379 0.0000000000
155375  -31.212  -25.732  9.973 0.0000000000
155376  -31.135  -25.761  10.618 0.0000000000
155377  -31.083  -25.826  11.257 0.0000000000
155417  -34.906  -10.313  16.721 0.0000000000
155418  -34.381  -11.061  16.706 0.0000000000
155419  -34.005  -11.914  16.571 0.0000000000
155420  -33.968  -10.988  15.989 0.0000000000
155421  -33.820  -11.875  16.144 0.0000000000
155422  -33.818  -12.702  16.249 0.0000000000
155423  -33.844  -13.512  15.823 0.0000000000
155424  -34.003  -14.402  15.320 0.0000000000
155425  -34.342  -15.238  14.765 0.0000000000
155426  -33.358  -10.760  14.351 0.0000000000
155427  -33.324  -11.693  14.342 0.0000000000
155428  -33.414  -12.595  14.367 0.0000000000
155429  -33.638  -13.519  13.395 0.0000000000
155430  -33.612  -13.458  13.930 0.0000000000
155431  -33.639  -13.431  14.432 0.0000000000
155432  -33.993  -14.295  14.447 0.0000000000
155433  -34.391  -15.195  14.321 0.0000000000
155434  -34.763  -16.069  14.232 0.0000000000
155435  -35.132  -16.880  13.707 0.0000000000
155436  -35.304  -17.709  13.071 0.0000000000
155437  -35.229  -18.485  12.293 0.0000000000
155438  -35.720  -17.475  12.264 0.0000000000
155439  -35.390  -18.349  11.882 0.0000000000
155440  -34.890  -19.242  11.466 0.0000000000
155441  -34.452  -19.927  10.615 0.0000000000
155442  -33.918  -20.472  9.791 0.0000000000
155443  -33.385  -20.977  8.909 0.0000000000
155444  -33.509  -10.117  10.842 0.0000000000
155445  -33.474  -11.191  10.665 0.0000000000
155446  -33.725  -12.260  10.589 0.0000000000
155447  -34.698  -13.081  9.711 0.0000000000
155448  -34.462  -13.148  10.119 0.0000000000
155449  -34.202  -13.170  10.555 0.0000000000
155450  -34.892  -14.009  10.636 0.0000000000
155451  -35.655  -14.754  10.768 0.0000000000
155452  -36.299  -15.477  10.867 0.0000000000
155460  -36.956  -16.073  10.475 0.0000000000
155461  -36.673  -16.258  10.848 0.0000000000
155463  -36.111  -17.742  10.351 0.0000000000
155464  -35.470  -18.516  9.906 0.0000000000
155465  -34.829  -18.789  8.643 0.0000000000
155466  -34.802  -19.041  9.041 0.0000000000
155467  -34.745  -19.282  9.411 0.0000000000
155468  -34.022  -20.039  8.892 0.0000000000
155469  -33.409  -20.771  8.433 0.0000000000
155470  -32.944  -21.465  8.050 0.0000000000
155471  -32.609  -21.999  7.133 0.0000000000
155472  -32.399  -22.646  6.207 0.0000000000
155473  -32.384  -23.299  5.351 0.0000000000
155475  -32.522  -23.166  4.821 0.0000000000
155476  -32.501  -23.929  4.545 0.0000000000
