#!ascii label  , from subject fsaverage vox2ras=TkReg
360
131  -39.797  -68.111  -0.016 0.0000000000
553  -41.641  -64.687  5.706 0.0000000000
1218  -43.663  -68.101  9.275 0.0000000000
1219  -44.468  -64.384  8.397 0.0000000000
2297  -39.522  -66.238  3.279 0.0000000000
3138  -43.150  -65.136  10.003 0.0000000000
3293  -39.376  -71.498  0.444 0.0000000000
3295  -40.529  -69.826  -1.622 0.0000000000
5095  -42.792  -66.829  7.368 0.0000000000
5097  -41.687  -67.670  6.077 0.0000000000
5098  -40.718  -68.601  5.078 0.0000000000
5099  -40.356  -65.274  4.635 0.0000000000
5100  -41.204  -63.129  2.867 0.0000000000
5101  -42.148  -62.714  4.190 0.0000000000
6801  -42.360  -66.925  10.215 0.0000000000
6802  -43.396  -65.950  8.880 0.0000000000
6803  -42.895  -64.418  6.986 0.0000000000
6804  -43.371  -62.495  5.184 0.0000000000
7947  -41.695  -66.662  -1.726 0.0000000000
9440  -39.131  -71.053  2.497 0.0000000000
9448  -39.694  -69.969  4.083 0.0000000000
9449  -39.357  -67.290  1.759 0.0000000000
9450  -40.842  -64.041  1.168 0.0000000000
10973  -39.425  -69.906  0.221 0.0000000000
10974  -39.790  -70.634  -0.663 0.0000000000
10975  -40.029  -69.059  -0.887 0.0000000000
12775  -41.964  -65.902  6.596 0.0000000000
12776  -42.235  -67.232  6.725 0.0000000000
12777  -41.395  -66.212  5.952 0.0000000000
12778  -40.804  -66.472  5.369 0.0000000000
12779  -40.990  -64.983  5.200 0.0000000000
12780  -41.061  -63.871  4.459 0.0000000000
12781  -41.655  -63.667  4.964 0.0000000000
15175  -43.946  -64.784  9.323 0.0000000000
15176  -43.318  -65.575  9.487 0.0000000000
15177  -43.808  -65.058  8.596 0.0000000000
15178  -43.248  -65.311  7.841 0.0000000000
15179  -43.692  -64.382  7.644 0.0000000000
15181  -44.510  -63.685  7.470 0.0000000000
21055  -39.822  -67.512  4.305 0.0000000000
21056  -40.178  -69.256  4.562 0.0000000000
21057  -39.410  -68.130  3.665 0.0000000000
21058  -39.213  -68.756  2.998 0.0000000000
21059  -39.358  -66.770  2.577 0.0000000000
21060  -39.906  -65.455  1.384 0.0000000000
21061  -39.911  -65.050  2.275 0.0000000000
21062  -42.559  -62.033  2.520 0.0000000000
21068  -44.072  -61.732  4.407 0.0000000000
22457  -41.951  -67.489  -2.386 0.0000000000
24081  -43.110  -64.632  10.373 0.0000000000
24083  -44.865  -64.200  9.205 0.0000000000
24359  -39.580  -73.063  0.695 0.0000000000
24361  -39.820  -72.178  -0.486 0.0000000000
24362  -40.427  -71.471  -1.460 0.0000000000
24363  -41.154  -70.635  -2.311 0.0000000000
27603  -43.629  -67.521  8.302 0.0000000000
27605  -43.269  -68.014  7.445 0.0000000000
27606  -42.885  -68.478  6.868 0.0000000000
27607  -42.310  -68.978  6.248 0.0000000000
27609  -41.207  -68.026  5.547 0.0000000000
27610  -40.231  -66.922  4.831 0.0000000000
27611  -39.807  -65.738  3.970 0.0000000000
27612  -40.129  -64.548  3.050 0.0000000000
27613  -40.464  -64.200  3.807 0.0000000000
27614  -41.656  -62.857  3.555 0.0000000000
27615  -42.988  -61.886  3.260 0.0000000000
31229  -42.859  -67.598  9.774 0.0000000000
31230  -42.672  -65.949  10.122 0.0000000000
31231  -42.958  -66.479  9.694 0.0000000000
31232  -43.409  -66.985  9.136 0.0000000000
31233  -43.239  -66.394  8.113 0.0000000000
31234  -42.580  -65.560  7.190 0.0000000000
31235  -42.187  -64.506  6.303 0.0000000000
31236  -42.287  -63.487  5.439 0.0000000000
31237  -42.983  -63.423  6.076 0.0000000000
34184  -40.346  -66.431  -0.212 0.0000000000
34185  -40.596  -67.332  -0.977 0.0000000000
38557  -39.186  -71.327  1.482 0.0000000000
38558  -39.250  -69.624  1.280 0.0000000000
38583  -39.346  -70.569  3.384 0.0000000000
38584  -39.162  -69.218  2.204 0.0000000000
38585  -39.508  -67.776  0.903 0.0000000000
38586  -40.049  -65.952  0.532 0.0000000000
38587  -40.984  -64.516  0.324 0.0000000000
38589  -40.945  -63.553  2.033 0.0000000000
38595  -42.714  -62.632  4.677 0.0000000000
38596  -43.487  -61.786  3.858 0.0000000000
40261  -40.946  -68.179  -1.741 0.0000000000
40262  -41.342  -68.915  -2.517 0.0000000000
41693  -39.623  -69.044  0.114 0.0000000000
41694  -39.700  -69.484  -0.352 0.0000000000
41695  -39.898  -68.602  -0.464 0.0000000000
43495  -41.744  -65.327  6.157 0.0000000000
43496  -41.628  -66.041  6.272 0.0000000000
43497  -41.426  -65.430  5.825 0.0000000000
43498  -41.138  -65.568  5.563 0.0000000000
43499  -41.310  -64.868  5.452 0.0000000000
43500  -41.248  -64.335  5.088 0.0000000000
43501  -41.582  -64.200  5.333 0.0000000000
45895  -44.268  -64.579  8.843 0.0000000000
45896  -43.882  -64.907  8.965 0.0000000000
45897  -44.114  -64.694  8.490 0.0000000000
45898  -43.758  -64.741  8.107 0.0000000000
45899  -44.100  -64.386  8.016 0.0000000000
45900  -44.081  -64.011  7.550 0.0000000000
45901  -44.489  -64.098  7.916 0.0000000000
51775  -39.582  -66.895  3.807 0.0000000000
51776  -39.620  -67.803  3.986 0.0000000000
51777  -39.406  -67.180  3.501 0.0000000000
51778  -39.303  -67.468  3.126 0.0000000000
51779  -39.425  -66.486  2.942 0.0000000000
51780  -39.564  -65.907  2.414 0.0000000000
51781  -39.657  -65.591  2.791 0.0000000000
51782  -43.299  -61.554  2.366 0.0000000000
51783  -43.182  -61.682  1.949 0.0000000000
55498  -44.427  -64.334  9.609 0.0000000000
55958  -39.469  -72.293  0.582 0.0000000000
55959  -39.677  -72.611  0.124 0.0000000000
55960  -39.591  -71.817  -0.023 0.0000000000
55961  -40.158  -70.273  -1.136 0.0000000000
55962  -40.092  -71.040  -1.029 0.0000000000
55963  -40.454  -70.654  -1.498 0.0000000000
55964  -40.806  -71.072  -1.909 0.0000000000
55965  -40.841  -70.216  -2.004 0.0000000000
61365  -43.235  -67.193  7.795 0.0000000000
61366  -43.500  -67.797  7.882 0.0000000000
61367  -43.006  -67.447  7.405 0.0000000000
61368  -41.920  -67.498  6.392 0.0000000000
61369  -42.475  -67.828  6.757 0.0000000000
61370  -42.204  -68.135  6.459 0.0000000000
61371  -42.554  -68.739  6.543 0.0000000000
61372  -41.961  -68.341  6.190 0.0000000000
61373  -41.740  -68.550  5.913 0.0000000000
61374  -41.450  -67.842  5.822 0.0000000000
61375  -40.475  -65.849  4.986 0.0000000000
61376  -40.509  -66.662  5.093 0.0000000000
61377  -40.209  -66.081  4.720 0.0000000000
61378  -39.944  -66.357  4.432 0.0000000000
61379  -40.056  -65.494  4.323 0.0000000000
61380  -40.057  -64.948  3.891 0.0000000000
61381  -40.336  -64.717  4.235 0.0000000000
61382  -41.588  -63.247  4.319 0.0000000000
61383  -41.321  -63.348  4.008 0.0000000000
61384  -41.931  -62.770  3.872 0.0000000000
61385  -42.324  -62.357  3.413 0.0000000000
61386  -42.566  -62.299  3.725 0.0000000000
68562  -42.285  -67.441  10.218 0.0000000000
68563  -42.540  -67.824  9.968 0.0000000000
68564  -42.562  -67.255  9.984 0.0000000000
68565  -42.742  -65.242  10.267 0.0000000000
68566  -42.530  -65.662  10.347 0.0000000000
68567  -42.868  -65.544  10.074 0.0000000000
68568  -43.434  -65.771  9.218 0.0000000000
68569  -43.082  -65.993  9.609 0.0000000000
68570  -43.252  -66.223  9.377 0.0000000000
68571  -43.185  -66.718  9.473 0.0000000000
68572  -43.378  -66.457  9.028 0.0000000000
68573  -43.472  -66.705  8.631 0.0000000000
68574  -43.404  -66.165  8.494 0.0000000000
68575  -43.024  -64.890  7.412 0.0000000000
68576  -42.923  -65.419  7.511 0.0000000000
68577  -42.645  -64.960  7.081 0.0000000000
68578  -42.320  -65.086  6.781 0.0000000000
68579  -42.498  -64.449  6.644 0.0000000000
68580  -42.550  -63.941  6.186 0.0000000000
68581  -42.855  -63.920  6.539 0.0000000000
75353  -40.724  -65.659  -0.317 0.0000000000
75354  -40.797  -66.093  -0.664 0.0000000000
86148  -39.218  -72.041  2.105 0.0000000000
86149  -39.144  -71.218  1.982 0.0000000000
86150  -39.173  -70.470  1.383 0.0000000000
86151  -39.120  -70.371  1.878 0.0000000000
86207  -41.063  -69.367  5.147 0.0000000000
86208  -39.879  -69.598  4.353 0.0000000000
86209  -40.465  -70.100  4.722 0.0000000000
86213  -39.714  -71.132  3.888 0.0000000000
86214  -39.510  -70.290  3.752 0.0000000000
86215  -39.190  -67.998  2.398 0.0000000000
86216  -39.144  -68.996  2.603 0.0000000000
86217  -39.227  -68.249  1.992 0.0000000000
86218  -39.283  -68.470  1.581 0.0000000000
86219  -39.404  -67.540  1.346 0.0000000000
86220  -39.708  -66.861  0.738 0.0000000000
86221  -39.644  -66.609  1.140 0.0000000000
86222  -40.308  -64.690  1.264 0.0000000000
86223  -40.389  -64.940  0.837 0.0000000000
86224  -40.906  -64.267  0.734 0.0000000000
86227  -40.625  -63.802  2.964 0.0000000000
86228  -40.477  -64.001  2.554 0.0000000000
86229  -41.073  -63.308  2.461 0.0000000000
86242  -42.791  -62.961  5.307 0.0000000000
86243  -42.477  -62.982  5.048 0.0000000000
86244  -43.019  -62.558  4.898 0.0000000000
86245  -44.459  -61.376  3.995 0.0000000000
86246  -43.748  -61.772  4.134 0.0000000000
86247  -44.136  -61.385  3.714 0.0000000000
86248  -43.915  -61.392  3.407 0.0000000000
90406  -41.122  -66.995  -1.375 0.0000000000
90407  -40.723  -67.780  -1.398 0.0000000000
90408  -41.292  -67.402  -1.726 0.0000000000
90409  -42.209  -67.829  -2.746 0.0000000000
90410  -41.603  -68.141  -2.449 0.0000000000
90411  -41.835  -68.564  -2.817 0.0000000000
93479  -39.324  -70.723  0.319 0.0000000000
93480  -39.539  -71.050  -0.138 0.0000000000
93481  -39.569  -70.296  -0.238 0.0000000000
93482  -39.884  -69.870  -0.769 0.0000000000
93483  -40.257  -69.474  -1.274 0.0000000000
96723  -42.348  -66.405  7.004 0.0000000000
96724  -42.528  -67.028  7.063 0.0000000000
96725  -42.051  -66.581  6.675 0.0000000000
96726  -41.746  -66.802  6.346 0.0000000000
96727  -41.505  -66.973  6.036 0.0000000000
96728  -41.237  -67.113  5.734 0.0000000000
96729  -41.102  -66.345  5.665 0.0000000000
96730  -40.834  -65.702  5.285 0.0000000000
96731  -40.609  -65.087  4.946 0.0000000000
96732  -40.646  -64.539  4.550 0.0000000000
96733  -40.930  -64.428  4.830 0.0000000000
96734  -41.356  -63.786  4.713 0.0000000000
96735  -41.857  -63.188  4.582 0.0000000000
101042  -42.209  -66.603  10.493 0.0000000000
101043  -43.569  -64.991  9.725 0.0000000000
101044  -43.212  -65.366  9.769 0.0000000000
101045  -43.611  -65.171  9.404 0.0000000000
101046  -43.701  -65.354  9.040 0.0000000000
101047  -43.577  -65.482  8.714 0.0000000000
101048  -43.427  -65.649  8.357 0.0000000000
101049  -43.533  -65.166  8.222 0.0000000000
101050  -43.401  -64.821  7.738 0.0000000000
101051  -43.295  -64.393  7.334 0.0000000000
101052  -43.252  -63.924  6.880 0.0000000000
101053  -43.660  -63.944  7.182 0.0000000000
101054  -44.091  -63.559  7.110 0.0000000000
111627  -40.210  -68.100  4.741 0.0000000000
111628  -40.474  -68.950  4.814 0.0000000000
111629  -39.975  -68.406  4.430 0.0000000000
111630  -39.709  -68.731  4.142 0.0000000000
111631  -39.517  -69.065  3.878 0.0000000000
111632  -39.374  -69.402  3.590 0.0000000000
111633  -39.303  -68.451  3.319 0.0000000000
111634  -39.247  -67.754  2.764 0.0000000000
111635  -39.353  -67.029  2.198 0.0000000000
111636  -39.578  -66.344  1.568 0.0000000000
111637  -39.561  -66.157  2.018 0.0000000000
111638  -39.862  -65.315  1.857 0.0000000000
111639  -40.297  -64.479  1.724 0.0000000000
111640  -41.848  -62.551  2.693 0.0000000000
111649  -43.961  -62.099  5.065 0.0000000000
111650  -43.633  -62.131  4.777 0.0000000000
111651  -44.319  -61.741  4.683 0.0000000000
114149  -41.803  -67.100  -2.068 0.0000000000
117628  -42.733  -64.976  10.462 0.0000000000
117629  -43.103  -64.864  10.189 0.0000000000
117632  -43.531  -64.760  9.932 0.0000000000
117633  -43.977  -64.631  9.647 0.0000000000
117634  -44.371  -64.448  9.203 0.0000000000
117635  -44.704  -64.311  8.773 0.0000000000
117636  -44.868  -64.205  8.282 0.0000000000
118281  -40.140  -72.501  -0.963 0.0000000000
118282  -39.757  -71.364  -0.585 0.0000000000
118283  -40.095  -71.824  -1.006 0.0000000000
118284  -40.448  -72.136  -1.464 0.0000000000
118285  -40.790  -71.767  -1.912 0.0000000000
118286  -41.117  -71.400  -2.305 0.0000000000
125847  -43.893  -67.798  8.812 0.0000000000
125849  -43.906  -68.083  8.379 0.0000000000
125852  -42.756  -67.605  7.081 0.0000000000
125853  -43.088  -68.207  7.149 0.0000000000
125855  -43.228  -69.019  6.987 0.0000000000
125860  -41.501  -68.764  5.605 0.0000000000
125861  -40.952  -68.309  5.315 0.0000000000
125862  -40.945  -67.269  5.471 0.0000000000
125863  -40.686  -67.501  5.219 0.0000000000
125864  -40.437  -67.810  4.997 0.0000000000
125865  -40.012  -67.228  4.591 0.0000000000
125866  -39.706  -66.623  4.117 0.0000000000
125867  -39.660  -65.988  3.630 0.0000000000
125868  -39.762  -65.346  3.143 0.0000000000
125869  -39.882  -65.111  3.504 0.0000000000
125870  -40.272  -64.341  3.444 0.0000000000
125871  -40.791  -63.644  3.342 0.0000000000
125872  -40.775  -64.008  4.134 0.0000000000
125873  -41.007  -63.480  3.679 0.0000000000
125874  -41.377  -63.009  3.224 0.0000000000
125875  -42.033  -62.425  3.085 0.0000000000
125876  -42.750  -61.938  2.941 0.0000000000
125877  -43.468  -61.463  2.753 0.0000000000
135231  -42.591  -68.356  10.016 0.0000000000
135232  -42.853  -68.127  9.756 0.0000000000
135233  -43.217  -67.845  9.536 0.0000000000
135235  -42.361  -66.118  10.434 0.0000000000
135236  -42.486  -66.430  10.198 0.0000000000
135237  -42.982  -65.776  9.837 0.0000000000
135238  -42.798  -66.227  9.905 0.0000000000
135239  -42.646  -66.721  9.966 0.0000000000
135240  -42.890  -67.037  9.757 0.0000000000
135241  -43.151  -67.270  9.509 0.0000000000
135242  -43.493  -67.528  9.210 0.0000000000
135243  -43.682  -67.292  8.786 0.0000000000
135244  -43.393  -66.954  8.207 0.0000000000
135245  -43.008  -66.603  7.735 0.0000000000
135246  -43.235  -65.822  8.000 0.0000000000
135247  -42.930  -65.999  7.629 0.0000000000
135248  -42.639  -66.194  7.294 0.0000000000
135249  -42.282  -65.755  6.909 0.0000000000
135250  -42.032  -65.230  6.478 0.0000000000
135251  -41.934  -64.612  6.002 0.0000000000
135252  -41.905  -64.057  5.574 0.0000000000
135253  -42.207  -63.981  5.858 0.0000000000
135254  -42.601  -63.438  5.731 0.0000000000
135255  -43.138  -62.926  5.622 0.0000000000
135256  -43.312  -63.430  6.438 0.0000000000
135257  -43.444  -62.953  5.978 0.0000000000
135258  -43.698  -62.499  5.507 0.0000000000
135259  -44.308  -62.159  5.417 0.0000000000
143618  -40.026  -67.235  -0.121 0.0000000000
143619  -40.132  -67.678  -0.527 0.0000000000
143620  -40.422  -66.851  -0.592 0.0000000000
143621  -40.951  -66.551  -1.043 0.0000000000
156625  -39.456  -73.032  1.179 0.0000000000
156626  -39.300  -72.271  1.151 0.0000000000
156628  -39.248  -72.180  1.614 0.0000000000
156629  -39.240  -71.411  0.966 0.0000000000
156630  -39.249  -70.573  0.864 0.0000000000
156631  -39.338  -69.749  0.769 0.0000000000
156632  -39.489  -68.898  0.629 0.0000000000
156699  -40.757  -69.721  4.902 0.0000000000
156706  -39.485  -71.425  3.471 0.0000000000
156707  -39.230  -70.823  2.951 0.0000000000
156708  -39.250  -69.687  3.224 0.0000000000
156709  -39.179  -69.935  2.809 0.0000000000
156710  -39.135  -70.160  2.381 0.0000000000
156711  -39.178  -69.451  1.791 0.0000000000
156712  -39.370  -68.708  1.093 0.0000000000
156713  -39.638  -67.911  0.428 0.0000000000
156714  -39.884  -67.044  0.312 0.0000000000
156715  -40.196  -66.199  0.160 0.0000000000
156716  -40.573  -65.433  0.035 0.0000000000
156717  -39.974  -65.727  0.967 0.0000000000
156718  -40.458  -65.197  0.430 0.0000000000
156723  -39.986  -64.769  2.664 0.0000000000
156724  -40.379  -64.252  2.151 0.0000000000
156725  -40.865  -63.815  1.609 0.0000000000
156727  -41.514  -63.183  1.500 0.0000000000
156728  -41.467  -63.440  1.082 0.0000000000
156741  -41.971  -63.548  5.200 0.0000000000
156742  -42.157  -63.118  4.826 0.0000000000
156743  -42.401  -62.694  4.453 0.0000000000
156744  -43.336  -62.170  4.523 0.0000000000
156745  -43.062  -62.205  4.273 0.0000000000
156746  -42.796  -62.235  4.033 0.0000000000
156747  -43.212  -61.838  3.575 0.0000000000
161737  -40.255  -68.167  -0.976 0.0000000000
161738  -40.425  -68.614  -1.374 0.0000000000
161739  -40.684  -68.986  -1.718 0.0000000000
161740  -41.442  -67.811  -2.079 0.0000000000
161741  -41.141  -68.535  -2.117 0.0000000000
161742  -40.905  -69.337  -2.088 0.0000000000
161743  -41.212  -69.774  -2.421 0.0000000000
