#!ascii label  , from subject fsaverage vox2ras=TkReg
292
552  -47.412  -74.525  7.198 0.0000000000
1373  -39.939  -74.478  0.770 0.0000000000
2294  -40.949  -73.165  4.727 0.0000000000
2295  -45.632  -71.854  9.717 0.0000000000
2296  -43.239  -70.176  6.358 0.0000000000
5089  -45.987  -76.485  5.617 0.0000000000
5090  -42.646  -75.931  4.505 0.0000000000
5091  -44.325  -73.983  5.890 0.0000000000
5096  -44.053  -69.020  7.617 0.0000000000
6800  -42.458  -68.989  10.372 0.0000000000
9439  -39.903  -74.217  2.817 0.0000000000
9442  -47.202  -73.616  10.521 0.0000000000
9443  -47.508  -72.812  8.629 0.0000000000
9444  -44.419  -70.164  9.367 0.0000000000
9445  -45.791  -70.836  8.068 0.0000000000
9446  -45.323  -72.270  6.637 0.0000000000
9447  -42.313  -71.554  5.487 0.0000000000
12767  -47.981  -75.818  7.284 0.0000000000
12768  -47.410  -76.764  6.330 0.0000000000
12769  -46.832  -75.464  6.435 0.0000000000
12770  -45.238  -75.185  5.802 0.0000000000
12771  -45.976  -74.233  6.368 0.0000000000
15638  -40.667  -75.903  0.624 0.0000000000
21031  -42.989  -77.677  3.027 0.0000000000
21032  -41.820  -74.607  4.811 0.0000000000
21033  -41.117  -75.280  3.789 0.0000000000
21034  -40.316  -73.786  3.858 0.0000000000
21035  -39.339  -72.651  2.682 0.0000000000
21036  -39.708  -72.292  3.656 0.0000000000
21042  -46.483  -72.774  9.988 0.0000000000
21043  -47.516  -73.242  9.548 0.0000000000
21044  -46.656  -72.222  9.158 0.0000000000
21045  -43.033  -68.650  9.804 0.0000000000
21046  -43.380  -69.695  9.891 0.0000000000
21047  -44.014  -69.183  9.278 0.0000000000
21048  -43.680  -69.541  7.076 0.0000000000
21049  -44.939  -69.916  7.846 0.0000000000
21050  -44.630  -70.557  7.093 0.0000000000
21051  -45.693  -71.513  7.283 0.0000000000
21052  -44.252  -71.239  6.450 0.0000000000
21053  -43.849  -71.912  5.978 0.0000000000
21054  -42.806  -70.717  5.740 0.0000000000
24360  -40.052  -73.642  -0.351 0.0000000000
27593  -45.211  -77.517  4.604 0.0000000000
27594  -43.566  -77.113  4.072 0.0000000000
27595  -44.384  -76.273  5.024 0.0000000000
27596  -43.546  -74.952  5.384 0.0000000000
27597  -42.597  -73.677  5.438 0.0000000000
27602  -44.558  -71.518  10.190 0.0000000000
27604  -44.248  -68.582  8.438 0.0000000000
27608  -41.906  -69.471  5.653 0.0000000000
31224  -48.293  -74.833  8.160 0.0000000000
38552  -40.519  -75.757  1.706 0.0000000000
38553  -41.953  -76.591  3.463 0.0000000000
38554  -40.618  -75.618  2.704 0.0000000000
38555  -39.752  -74.407  1.796 0.0000000000
38556  -39.376  -72.984  1.697 0.0000000000
38565  -48.071  -74.397  10.054 0.0000000000
38567  -47.779  -73.576  7.945 0.0000000000
38568  -42.971  -70.107  10.576 0.0000000000
38569  -43.932  -70.606  10.035 0.0000000000
38570  -44.965  -70.977  9.556 0.0000000000
38571  -44.786  -69.545  8.572 0.0000000000
38572  -45.295  -70.436  8.758 0.0000000000
38573  -45.941  -71.297  8.990 0.0000000000
38574  -46.717  -71.804  8.250 0.0000000000
38575  -46.752  -72.499  7.550 0.0000000000
38576  -46.489  -73.347  6.930 0.0000000000
38577  -44.964  -72.988  6.233 0.0000000000
38578  -43.305  -72.730  5.732 0.0000000000
38579  -41.635  -72.369  5.212 0.0000000000
38580  -41.447  -70.122  5.233 0.0000000000
38581  -40.837  -70.943  4.909 0.0000000000
38582  -40.230  -71.646  4.373 0.0000000000
43487  -47.748  -75.173  7.285 0.0000000000
43488  -47.473  -75.622  6.848 0.0000000000
43489  -47.192  -74.954  6.848 0.0000000000
43490  -46.433  -74.842  6.424 0.0000000000
43491  -46.749  -74.378  6.771 0.0000000000
46358  -40.239  -75.184  0.713 0.0000000000
51751  -43.738  -77.999  3.345 0.0000000000
51752  -41.351  -73.884  4.823 0.0000000000
51753  -41.014  -74.242  4.378 0.0000000000
51754  -40.589  -73.515  4.358 0.0000000000
51755  -39.982  -73.042  3.784 0.0000000000
51756  -40.291  -72.847  4.224 0.0000000000
51762  -46.073  -72.330  9.779 0.0000000000
51763  -46.579  -72.500  9.564 0.0000000000
51764  -46.154  -72.013  9.439 0.0000000000
51765  -43.337  -68.395  9.544 0.0000000000
51766  -43.517  -68.930  9.559 0.0000000000
51767  -43.818  -68.653  9.288 0.0000000000
51768  -43.476  -69.864  6.724 0.0000000000
51769  -44.189  -70.054  7.107 0.0000000000
51770  -43.939  -70.396  6.732 0.0000000000
51771  -44.429  -70.904  6.764 0.0000000000
51772  -43.705  -70.735  6.368 0.0000000000
51773  -43.500  -71.019  6.051 0.0000000000
51774  -42.987  -70.453  5.972 0.0000000000
61345  -46.797  -76.630  5.948 0.0000000000
61346  -47.052  -77.236  5.860 0.0000000000
61347  -46.418  -77.121  5.487 0.0000000000
61348  -45.981  -77.631  4.961 0.0000000000
61349  -45.600  -77.005  5.138 0.0000000000
61350  -44.776  -76.954  4.819 0.0000000000
61351  -45.180  -76.381  5.296 0.0000000000
61352  -44.796  -74.573  5.900 0.0000000000
61353  -44.411  -75.093  5.600 0.0000000000
61354  -43.938  -74.460  5.683 0.0000000000
61355  -43.064  -74.309  5.447 0.0000000000
61356  -43.468  -73.832  5.697 0.0000000000
69961  -40.211  -73.248  -0.890 0.0000000000
86135  -41.006  -76.391  1.609 0.0000000000
86136  -40.993  -76.333  2.120 0.0000000000
86137  -43.093  -76.546  4.301 0.0000000000
86138  -42.740  -76.891  3.763 0.0000000000
86139  -42.268  -76.321  3.997 0.0000000000
86140  -40.431  -74.770  3.348 0.0000000000
86141  -40.829  -75.481  3.265 0.0000000000
86142  -40.255  -74.943  2.795 0.0000000000
86143  -40.118  -75.038  2.247 0.0000000000
86144  -39.814  -74.346  2.271 0.0000000000
86145  -39.551  -73.722  1.742 0.0000000000
86146  -39.561  -73.629  2.270 0.0000000000
86147  -39.194  -71.835  2.595 0.0000000000
86169  -47.664  -73.967  10.301 0.0000000000
86170  -47.623  -72.995  9.083 0.0000000000
86171  -47.956  -73.597  9.334 0.0000000000
86172  -47.890  -73.376  8.845 0.0000000000
86173  -48.098  -73.751  8.528 0.0000000000
86174  -47.668  -73.173  8.327 0.0000000000
86176  -42.467  -69.668  10.792 0.0000000000
86177  -42.675  -69.546  10.462 0.0000000000
86178  -43.874  -69.969  9.635 0.0000000000
86179  -43.632  -70.205  9.942 0.0000000000
86180  -44.113  -70.395  9.709 0.0000000000
86181  -44.426  -70.798  9.798 0.0000000000
86182  -44.660  -70.532  9.461 0.0000000000
86183  -44.251  -68.745  7.983 0.0000000000
86184  -44.532  -69.071  8.510 0.0000000000
86185  -44.646  -69.265  8.113 0.0000000000
86186  -45.351  -70.385  7.960 0.0000000000
86187  -45.247  -70.151  8.321 0.0000000000
86188  -45.582  -70.601  8.445 0.0000000000
86189  -45.596  -70.860  8.903 0.0000000000
86190  -45.957  -71.057  8.557 0.0000000000
86191  -46.372  -71.528  8.617 0.0000000000
86192  -46.249  -71.321  8.149 0.0000000000
86193  -45.520  -71.870  6.944 0.0000000000
86194  -46.228  -71.989  7.395 0.0000000000
86195  -46.082  -72.375  7.020 0.0000000000
86196  -46.645  -72.935  7.208 0.0000000000
86197  -45.916  -72.766  6.755 0.0000000000
86198  -45.733  -73.173  6.519 0.0000000000
86199  -45.160  -72.608  6.420 0.0000000000
86200  -43.153  -71.694  5.728 0.0000000000
86201  -43.653  -72.274  5.846 0.0000000000
86202  -42.797  -72.150  5.608 0.0000000000
86203  -42.443  -72.591  5.487 0.0000000000
86204  -41.979  -71.978  5.350 0.0000000000
86205  -41.266  -69.041  5.369 0.0000000000
86206  -41.714  -69.775  5.415 0.0000000000
86210  -40.190  -70.517  4.544 0.0000000000
86211  -40.513  -71.327  4.683 0.0000000000
86212  -39.941  -70.857  4.238 0.0000000000
96709  -48.039  -76.398  7.319 0.0000000000
96710  -47.786  -76.881  6.825 0.0000000000
96711  -47.682  -76.270  6.823 0.0000000000
96712  -47.151  -76.126  6.407 0.0000000000
96713  -46.451  -76.002  6.018 0.0000000000
96714  -45.632  -75.824  5.706 0.0000000000
96715  -46.074  -75.336  6.068 0.0000000000
96716  -45.632  -74.702  6.107 0.0000000000
96717  -45.162  -74.103  6.082 0.0000000000
111586  -42.238  -75.271  4.653 0.0000000000
111587  -41.855  -75.654  4.151 0.0000000000
111588  -41.449  -74.963  4.295 0.0000000000
111589  -40.700  -74.530  3.866 0.0000000000
111590  -40.051  -74.012  3.329 0.0000000000
111591  -39.592  -73.456  2.770 0.0000000000
111592  -39.736  -73.257  3.302 0.0000000000
111593  -39.495  -72.473  3.199 0.0000000000
111594  -39.327  -71.665  3.066 0.0000000000
111603  -46.283  -72.939  10.431 0.0000000000
111604  -46.856  -73.188  10.231 0.0000000000
111605  -47.380  -73.431  10.015 0.0000000000
111606  -47.011  -72.988  9.767 0.0000000000
111607  -47.116  -72.734  9.328 0.0000000000
111608  -47.175  -72.482  8.903 0.0000000000
111609  -42.706  -68.856  10.099 0.0000000000
111610  -42.887  -69.393  10.128 0.0000000000
111611  -43.188  -69.169  9.852 0.0000000000
111612  -43.670  -69.431  9.601 0.0000000000
111613  -44.212  -69.689  9.304 0.0000000000
111614  -43.841  -69.271  7.311 0.0000000000
111615  -44.498  -69.480  7.731 0.0000000000
111616  -44.384  -69.720  7.421 0.0000000000
111617  -44.890  -70.209  7.468 0.0000000000
111618  -45.382  -70.695  7.539 0.0000000000
111619  -45.826  -71.157  7.662 0.0000000000
111620  -45.149  -71.044  7.184 0.0000000000
111621  -44.962  -71.400  6.839 0.0000000000
111622  -44.765  -71.771  6.537 0.0000000000
111623  -44.561  -72.119  6.285 0.0000000000
111624  -44.041  -71.574  6.175 0.0000000000
111625  -43.332  -71.352  5.863 0.0000000000
111626  -42.626  -71.068  5.607 0.0000000000
118277  -39.688  -73.795  0.824 0.0000000000
118278  -39.980  -74.067  0.189 0.0000000000
118279  -39.794  -73.352  0.237 0.0000000000
118280  -39.913  -72.907  -0.402 0.0000000000
125825  -44.821  -77.891  4.120 0.0000000000
125826  -44.046  -77.655  3.853 0.0000000000
125827  -44.394  -77.317  4.344 0.0000000000
125828  -43.937  -76.747  4.576 0.0000000000
125829  -43.499  -76.128  4.838 0.0000000000
125830  -44.833  -75.710  5.434 0.0000000000
125831  -43.974  -75.605  5.224 0.0000000000
125832  -43.100  -75.453  5.000 0.0000000000
125833  -42.665  -74.797  5.099 0.0000000000
125834  -42.209  -74.136  5.163 0.0000000000
125835  -41.721  -73.453  5.150 0.0000000000
125846  -45.093  -71.690  9.967 0.0000000000
125848  -44.106  -68.356  8.863 0.0000000000
125850  -43.843  -68.296  7.940 0.0000000000
125851  -43.647  -68.518  7.541 0.0000000000
125854  -43.468  -68.772  7.245 0.0000000000
125856  -42.892  -69.295  6.634 0.0000000000
125857  -42.742  -69.595  6.306 0.0000000000
125858  -42.520  -69.879  5.961 0.0000000000
125859  -42.142  -69.242  5.954 0.0000000000
135221  -48.157  -75.305  7.729 0.0000000000
135222  -47.935  -74.682  7.662 0.0000000000
135230  -42.330  -68.464  10.310 0.0000000000
156613  -40.563  -75.808  1.189 0.0000000000
156614  -40.154  -75.146  1.257 0.0000000000
156615  -43.242  -77.435  3.576 0.0000000000
156616  -42.450  -77.155  3.239 0.0000000000
156617  -41.715  -76.745  2.916 0.0000000000
156618  -41.516  -75.972  3.645 0.0000000000
156619  -41.235  -76.142  3.091 0.0000000000
156620  -41.064  -76.242  2.567 0.0000000000
156621  -40.483  -75.695  2.207 0.0000000000
156622  -40.085  -75.112  1.773 0.0000000000
156623  -39.824  -74.459  1.313 0.0000000000
156624  -39.589  -73.752  1.288 0.0000000000
156627  -39.335  -72.857  2.200 0.0000000000
156654  -47.841  -73.776  9.798 0.0000000000
156658  -48.094  -74.199  8.068 0.0000000000
156659  -47.636  -74.034  7.559 0.0000000000
156663  -43.150  -69.918  10.209 0.0000000000
156664  -43.459  -70.395  10.292 0.0000000000
156665  -43.782  -70.860  10.369 0.0000000000
156666  -44.245  -71.068  10.105 0.0000000000
156667  -44.800  -71.275  9.875 0.0000000000
156668  -45.291  -71.416  9.637 0.0000000000
156669  -44.293  -68.900  8.914 0.0000000000
156670  -44.463  -69.376  8.918 0.0000000000
156671  -44.663  -69.868  8.984 0.0000000000
156672  -44.944  -69.706  8.194 0.0000000000
156673  -45.036  -70.015  8.647 0.0000000000
156674  -44.896  -70.292  9.080 0.0000000000
156675  -45.153  -70.692  9.195 0.0000000000
156676  -45.423  -71.124  9.311 0.0000000000
156677  -45.771  -71.547  9.367 0.0000000000
156678  -46.305  -71.748  9.055 0.0000000000
156679  -46.753  -71.994  8.743 0.0000000000
156680  -47.136  -72.268  8.395 0.0000000000
156681  -46.307  -71.638  7.747 0.0000000000
156682  -46.777  -72.128  7.892 0.0000000000
156683  -47.233  -72.632  8.094 0.0000000000
156684  -47.269  -72.993  7.762 0.0000000000
156685  -47.169  -73.482  7.403 0.0000000000
156686  -46.977  -73.907  7.071 0.0000000000
156687  -46.258  -73.763  6.642 0.0000000000
156688  -45.482  -73.588  6.255 0.0000000000
156689  -44.646  -73.471  6.041 0.0000000000
156690  -44.389  -72.445  6.114 0.0000000000
156691  -44.104  -72.834  5.974 0.0000000000
156692  -43.805  -73.327  5.833 0.0000000000
156693  -43.003  -73.208  5.630 0.0000000000
156694  -42.102  -73.012  5.356 0.0000000000
156695  -41.308  -72.747  5.003 0.0000000000
156696  -42.351  -70.126  5.695 0.0000000000
156697  -42.145  -70.424  5.499 0.0000000000
156698  -41.842  -70.857  5.351 0.0000000000
156700  -41.138  -70.522  5.069 0.0000000000
156701  -41.541  -71.287  5.212 0.0000000000
156702  -41.207  -71.717  5.043 0.0000000000
156703  -40.886  -72.063  4.833 0.0000000000
156704  -40.602  -72.433  4.563 0.0000000000
156705  -39.982  -71.988  4.046 0.0000000000
