#!ascii label  , from subject fsaverage vox2ras=TkReg
617
359  -20.912  -40.884  -10.144 0.0000000000
360  -24.666  -36.465  -15.266 0.0000000000
641  -26.407  -29.932  -21.060 0.0000000000
838  -18.325  -43.901  -8.848 0.0000000000
1438  -25.716  -33.334  -18.016 0.0000000000
1796  -16.381  -36.456  -10.139 0.0000000000
1797  -18.346  -33.846  -12.784 0.0000000000
1799  -23.040  -38.714  -12.415 0.0000000000
2560  -27.275  -26.737  -24.462 0.0000000000
3950  -19.471  -42.332  -9.350 0.0000000000
3951  -16.438  -39.350  -9.999 0.0000000000
3952  -17.414  -37.918  -11.277 0.0000000000
3953  -17.369  -35.073  -11.454 0.0000000000
3954  -18.474  -36.837  -12.539 0.0000000000
3955  -19.443  -35.942  -13.648 0.0000000000
3956  -22.057  -39.866  -11.227 0.0000000000
5747  -21.140  -34.527  -16.367 0.0000000000
5748  -20.207  -30.896  -16.246 0.0000000000
5749  -21.851  -33.442  -17.652 0.0000000000
5750  -26.144  -31.629  -19.467 0.0000000000
5751  -23.045  -30.898  -20.305 0.0000000000
5752  -23.676  -29.607  -21.790 0.0000000000
5754  -24.175  -28.040  -23.267 0.0000000000
5755  -24.606  -26.387  -24.634 0.0000000000
5756  -26.836  -28.337  -22.771 0.0000000000
6116  -20.313  -46.602  -8.044 0.0000000000
6117  -21.844  -44.570  -7.575 0.0000000000
6118  -23.399  -43.023  -8.190 0.0000000000
7194  -25.364  -35.019  -16.641 0.0000000000
8034  -20.345  -35.232  -14.991 0.0000000000
8035  -23.969  -37.640  -13.886 0.0000000000
8036  -24.886  -41.814  -9.240 0.0000000000
8037  -26.329  -40.660  -10.525 0.0000000000
10228  -22.381  -32.213  -18.984 0.0000000000
10235  -24.962  -24.625  -26.032 0.0000000000
10236  -27.702  -25.011  -25.994 0.0000000000
10238  -29.535  -26.214  -23.046 0.0000000000
11630  -20.246  -41.576  -9.653 0.0000000000
11631  -18.529  -40.189  -10.456 0.0000000000
11632  -19.069  -39.476  -10.997 0.0000000000
11633  -17.971  -37.385  -11.895 0.0000000000
11634  -19.649  -38.899  -11.588 0.0000000000
11635  -20.189  -38.449  -12.151 0.0000000000
11636  -21.502  -40.393  -10.661 0.0000000000
13427  -22.886  -35.660  -15.997 0.0000000000
13428  -21.563  -34.009  -16.987 0.0000000000
13429  -23.202  -35.089  -16.682 0.0000000000
13430  -26.229  -30.791  -20.229 0.0000000000
13431  -24.816  -30.803  -20.809 0.0000000000
13432  -25.014  -29.973  -21.633 0.0000000000
13433  -23.877  -28.857  -22.531 0.0000000000
13434  -25.255  -29.203  -22.471 0.0000000000
13435  -25.532  -28.397  -23.240 0.0000000000
13436  -26.692  -29.121  -21.935 0.0000000000
14033  -21.071  -45.563  -7.752 0.0000000000
14034  -21.992  -46.659  -7.077 0.0000000000
14035  -22.676  -45.745  -6.882 0.0000000000
17605  -17.864  -44.734  -8.529 0.0000000000
17607  -17.095  -42.415  -9.009 0.0000000000
17608  -16.047  -37.666  -10.147 0.0000000000
17609  -15.674  -38.307  -9.547 0.0000000000
17610  -15.957  -37.142  -9.499 0.0000000000
17622  -21.174  -37.405  -13.286 0.0000000000
17623  -19.886  -35.550  -14.299 0.0000000000
17624  -21.783  -37.023  -13.942 0.0000000000
17625  -22.122  -36.562  -14.608 0.0000000000
17626  -23.546  -38.211  -13.112 0.0000000000
17627  -24.384  -43.946  -7.291 0.0000000000
17628  -24.193  -42.408  -8.643 0.0000000000
17629  -25.209  -43.196  -7.785 0.0000000000
23005  -25.542  -34.186  -17.363 0.0000000000
23006  -23.797  -33.752  -18.063 0.0000000000
23007  -24.079  -32.989  -18.742 0.0000000000
23008  -21.959  -29.423  -20.542 0.0000000000
23009  -21.606  -29.911  -19.831 0.0000000000
23022  -25.896  -26.705  -24.720 0.0000000000
23023  -24.794  -25.545  -25.355 0.0000000000
23024  -26.074  -25.794  -25.413 0.0000000000
23025  -26.396  -24.884  -26.118 0.0000000000
23026  -27.497  -25.945  -25.269 0.0000000000
25540  -18.795  -43.139  -9.070 0.0000000000
25541  -17.413  -41.708  -9.527 0.0000000000
25542  -17.938  -40.975  -9.927 0.0000000000
25543  -16.897  -38.627  -10.571 0.0000000000
25544  -16.560  -36.970  -10.933 0.0000000000
25545  -16.863  -35.782  -10.783 0.0000000000
25546  -17.048  -36.422  -11.557 0.0000000000
25547  -17.536  -35.785  -12.208 0.0000000000
25548  -18.019  -35.200  -12.830 0.0000000000
25549  -18.458  -34.717  -13.458 0.0000000000
25550  -19.020  -36.394  -13.105 0.0000000000
25551  -20.721  -37.923  -12.701 0.0000000000
25552  -22.620  -39.322  -11.799 0.0000000000
28775  -19.885  -33.026  -16.011 0.0000000000
28777  -20.242  -32.518  -16.546 0.0000000000
28778  -20.532  -31.982  -17.169 0.0000000000
28779  -20.766  -31.477  -17.803 0.0000000000
28780  -25.921  -32.476  -18.752 0.0000000000
28781  -24.322  -32.249  -19.447 0.0000000000
28782  -24.578  -31.478  -20.102 0.0000000000
28783  -23.382  -30.299  -21.028 0.0000000000
28784  -22.244  -28.821  -21.339 0.0000000000
28786  -22.520  -28.214  -22.086 0.0000000000
28787  -22.682  -27.463  -22.765 0.0000000000
28788  -22.963  -26.741  -23.450 0.0000000000
28789  -23.179  -25.926  -24.193 0.0000000000
28790  -24.247  -27.257  -23.909 0.0000000000
28791  -25.754  -27.564  -23.993 0.0000000000
28792  -27.096  -27.526  -23.588 0.0000000000
29628  -19.394  -45.312  -8.501 0.0000000000
29629  -20.025  -44.370  -8.399 0.0000000000
29630  -20.778  -43.477  -8.401 0.0000000000
29631  -21.614  -42.643  -8.672 0.0000000000
29632  -22.282  -42.071  -9.094 0.0000000000
29633  -22.594  -43.770  -7.726 0.0000000000
29634  -23.523  -44.823  -6.952 0.0000000000
32142  -25.036  -35.809  -15.912 0.0000000000
32143  -26.732  -36.358  -15.128 0.0000000000
32144  -27.032  -35.498  -15.895 0.0000000000
32145  -27.246  -34.555  -16.593 0.0000000000
32148  -27.338  -33.583  -17.250 0.0000000000
32149  -27.487  -32.577  -17.963 0.0000000000
32150  -27.549  -31.638  -18.685 0.0000000000
32151  -27.689  -30.710  -19.448 0.0000000000
32152  -27.780  -29.867  -20.222 0.0000000000
34399  -16.121  -40.212  -9.438 0.0000000000
34400  -15.342  -39.040  -8.993 0.0000000000
34417  -19.339  -32.372  -14.430 0.0000000000
34418  -18.777  -34.218  -14.033 0.0000000000
34419  -19.168  -33.820  -14.655 0.0000000000
34420  -19.531  -33.474  -15.311 0.0000000000
34421  -20.798  -34.896  -15.744 0.0000000000
34422  -22.520  -36.139  -15.325 0.0000000000
34423  -24.313  -37.098  -14.552 0.0000000000
34424  -22.946  -41.530  -9.598 0.0000000000
34425  -23.648  -40.975  -10.178 0.0000000000
34426  -24.279  -40.416  -10.819 0.0000000000
34427  -26.061  -42.523  -8.389 0.0000000000
34428  -25.646  -41.289  -9.835 0.0000000000
34429  -24.865  -39.844  -11.499 0.0000000000
34430  -25.327  -39.280  -12.237 0.0000000000
34431  -25.736  -38.655  -12.932 0.0000000000
34432  -26.124  -38.034  -13.643 0.0000000000
40918  -23.520  -34.473  -17.365 0.0000000000
40919  -22.148  -32.842  -18.348 0.0000000000
40920  -21.034  -30.991  -18.438 0.0000000000
40921  -22.676  -31.501  -19.616 0.0000000000
40922  -21.334  -30.486  -19.148 0.0000000000
40939  -23.479  -25.140  -24.971 0.0000000000
40940  -23.668  -24.304  -25.696 0.0000000000
40941  -23.641  -23.384  -26.347 0.0000000000
40942  -25.218  -23.766  -26.734 0.0000000000
40943  -26.477  -23.965  -26.780 0.0000000000
40946  -28.031  -28.103  -22.024 0.0000000000
40947  -28.153  -27.299  -22.858 0.0000000000
40950  -28.434  -26.516  -23.815 0.0000000000
42350  -20.586  -41.190  -9.873 0.0000000000
42351  -19.720  -40.568  -10.371 0.0000000000
42352  -20.040  -40.217  -10.649 0.0000000000
42353  -19.387  -39.180  -11.296 0.0000000000
42354  -20.336  -39.926  -10.911 0.0000000000
42355  -20.566  -39.684  -11.145 0.0000000000
42356  -21.235  -40.647  -10.387 0.0000000000
44147  -23.788  -36.112  -15.630 0.0000000000
44148  -23.044  -35.381  -16.355 0.0000000000
44149  -23.969  -35.807  -15.971 0.0000000000
44150  -26.276  -30.326  -20.669 0.0000000000
44151  -25.606  -30.400  -20.979 0.0000000000
44152  -25.791  -29.939  -21.469 0.0000000000
44153  -25.148  -29.607  -22.106 0.0000000000
44154  -25.919  -29.583  -21.818 0.0000000000
44155  -25.888  -29.224  -22.238 0.0000000000
44156  -26.497  -29.576  -21.505 0.0000000000
48325  -18.089  -44.307  -8.734 0.0000000000
48326  -17.551  -43.569  -8.716 0.0000000000
48327  -17.701  -43.209  -8.964 0.0000000000
48328  -16.155  -37.014  -10.193 0.0000000000
48329  -15.941  -37.322  -9.872 0.0000000000
48330  -16.156  -36.815  -9.799 0.0000000000
48332  -16.489  -36.306  -9.746 0.0000000000
48334  -16.752  -35.970  -10.070 0.0000000000
48342  -22.113  -38.084  -12.889 0.0000000000
48343  -21.497  -37.220  -13.586 0.0000000000
48344  -22.391  -37.845  -13.236 0.0000000000
48345  -22.651  -37.605  -13.560 0.0000000000
48346  -23.302  -38.460  -12.742 0.0000000000
48348  -24.796  -43.560  -7.523 0.0000000000
48349  -25.257  -43.997  -7.186 0.0000000000
53725  -25.595  -33.778  -17.695 0.0000000000
53726  -24.720  -33.574  -18.104 0.0000000000
53727  -24.842  -33.146  -18.435 0.0000000000
53728  -21.479  -28.664  -20.514 0.0000000000
53729  -21.359  -28.888  -20.132 0.0000000000
53742  -26.646  -26.745  -24.629 0.0000000000
53743  -26.099  -26.253  -25.086 0.0000000000
53744  -26.744  -26.321  -25.000 0.0000000000
53745  -26.913  -25.878  -25.370 0.0000000000
53746  -27.318  -26.338  -24.832 0.0000000000
57925  -19.118  -42.753  -9.198 0.0000000000
57926  -18.401  -42.119  -9.555 0.0000000000
57927  -18.740  -41.736  -9.712 0.0000000000
57928  -17.898  -38.993  -10.898 0.0000000000
57929  -17.607  -39.313  -10.594 0.0000000000
57930  -17.161  -38.286  -10.918 0.0000000000
57931  -16.650  -37.748  -10.793 0.0000000000
57932  -16.921  -37.431  -11.155 0.0000000000
57933  -16.795  -36.700  -11.235 0.0000000000
57934  -17.129  -37.126  -11.441 0.0000000000
57935  -18.241  -37.125  -12.211 0.0000000000
57936  -17.652  -36.539  -12.130 0.0000000000
57937  -17.883  -36.262  -12.456 0.0000000000
57938  -17.801  -35.453  -12.519 0.0000000000
57939  -18.155  -35.982  -12.746 0.0000000000
57940  -18.310  -35.732  -12.998 0.0000000000
57941  -18.774  -36.608  -12.800 0.0000000000
57942  -21.173  -39.208  -11.708 0.0000000000
57943  -20.455  -38.138  -12.455 0.0000000000
57944  -21.446  -38.967  -11.983 0.0000000000
57945  -21.691  -38.660  -12.292 0.0000000000
57946  -22.377  -39.606  -11.485 0.0000000000
63317  -20.457  -33.812  -16.273 0.0000000000
63318  -20.100  -32.823  -16.266 0.0000000000
63319  -20.634  -33.564  -16.581 0.0000000000
63320  -21.715  -33.768  -17.322 0.0000000000
63321  -20.958  -32.990  -17.182 0.0000000000
63322  -21.124  -32.737  -17.532 0.0000000000
63323  -20.685  -31.777  -17.510 0.0000000000
63324  -21.242  -32.469  -17.838 0.0000000000
63325  -25.988  -32.045  -19.091 0.0000000000
63326  -25.274  -32.020  -19.485 0.0000000000
63327  -25.343  -31.616  -19.854 0.0000000000
63328  -24.209  -30.188  -21.408 0.0000000000
63329  -24.094  -30.527  -20.987 0.0000000000
63330  -23.416  -29.912  -21.363 0.0000000000
63331  -22.747  -29.566  -21.205 0.0000000000
63332  -22.972  -29.273  -21.616 0.0000000000
63333  -22.361  -28.513  -21.691 0.0000000000
63334  -22.960  -28.933  -21.951 0.0000000000
63335  -24.043  -28.471  -22.879 0.0000000000
63336  -23.210  -28.176  -22.684 0.0000000000
63337  -23.485  -27.815  -23.090 0.0000000000
63338  -22.851  -27.106  -23.116 0.0000000000
63339  -23.576  -27.407  -23.447 0.0000000000
63340  -23.612  -26.997  -23.746 0.0000000000
63341  -24.298  -27.655  -23.609 0.0000000000
63342  -26.240  -28.418  -23.085 0.0000000000
63343  -25.564  -28.056  -23.613 0.0000000000
63344  -26.357  -27.992  -23.446 0.0000000000
63345  -26.477  -27.586  -23.856 0.0000000000
63346  -26.974  -27.972  -23.183 0.0000000000
65133  -19.688  -44.838  -8.425 0.0000000000
65134  -20.224  -45.439  -8.127 0.0000000000
65135  -21.445  -45.058  -7.659 0.0000000000
65136  -20.947  -44.493  -8.014 0.0000000000
65137  -21.334  -44.037  -7.987 0.0000000000
65138  -21.162  -43.045  -8.499 0.0000000000
65139  -21.754  -43.586  -8.060 0.0000000000
65140  -22.105  -43.213  -8.199 0.0000000000
65141  -22.187  -44.156  -7.588 0.0000000000
65143  -23.085  -45.280  -6.893 0.0000000000
70518  -26.606  -36.792  -14.744 0.0000000000
70523  -27.139  -35.013  -16.267 0.0000000000
70524  -27.919  -35.314  -15.890 0.0000000000
70531  -28.138  -34.293  -16.578 0.0000000000
70533  -27.409  -33.088  -17.614 0.0000000000
70536  -28.291  -32.198  -17.943 0.0000000000
70537  -28.310  -31.697  -18.321 0.0000000000
70538  -27.615  -31.180  -19.085 0.0000000000
70539  -28.318  -31.219  -18.677 0.0000000000
75858  -16.901  -40.533  -9.800 0.0000000000
75859  -16.715  -40.937  -9.568 0.0000000000
75860  -16.249  -39.830  -9.719 0.0000000000
75861  -15.581  -38.033  -9.261 0.0000000000
75862  -15.494  -38.688  -9.264 0.0000000000
75863  -15.403  -38.384  -8.937 0.0000000000
75864  -15.247  -38.735  -8.655 0.0000000000
75865  -15.425  -38.156  -8.612 0.0000000000
75880  -17.104  -35.403  -11.137 0.0000000000
75901  -19.151  -32.569  -14.120 0.0000000000
75902  -18.808  -35.262  -13.619 0.0000000000
75903  -18.628  -34.486  -13.749 0.0000000000
75904  -19.047  -35.092  -13.982 0.0000000000
75905  -20.100  -35.407  -14.625 0.0000000000
75906  -19.442  -34.697  -14.604 0.0000000000
75907  -19.619  -34.523  -14.970 0.0000000000
75908  -19.319  -33.582  -14.978 0.0000000000
75909  -19.841  -34.326  -15.267 0.0000000000
75910  -20.047  -34.192  -15.596 0.0000000000
75911  -20.537  -35.033  -15.347 0.0000000000
75912  -22.998  -37.153  -14.277 0.0000000000
75913  -22.308  -36.362  -14.972 0.0000000000
75914  -23.217  -36.896  -14.624 0.0000000000
75915  -23.441  -36.653  -14.983 0.0000000000
75916  -24.139  -37.396  -14.245 0.0000000000
75917  -22.859  -42.572  -8.610 0.0000000000
75918  -22.647  -41.796  -9.325 0.0000000000
75919  -23.215  -42.300  -8.843 0.0000000000
75920  -24.574  -42.100  -8.921 0.0000000000
75921  -23.928  -41.724  -9.395 0.0000000000
75922  -24.271  -41.425  -9.692 0.0000000000
75923  -23.943  -40.697  -10.500 0.0000000000
75924  -24.632  -41.129  -9.985 0.0000000000
75929  -26.277  -41.590  -9.432 0.0000000000
75930  -25.978  -40.965  -10.171 0.0000000000
75931  -25.365  -40.562  -10.662 0.0000000000
75932  -25.666  -40.282  -10.975 0.0000000000
75933  -25.081  -39.553  -11.855 0.0000000000
75934  -25.909  -40.009  -11.297 0.0000000000
75936  -26.351  -39.417  -12.014 0.0000000000
75937  -26.599  -39.045  -12.412 0.0000000000
75938  -25.956  -38.362  -13.288 0.0000000000
92050  -25.181  -35.409  -16.291 0.0000000000
92051  -24.278  -35.092  -16.690 0.0000000000
92052  -24.420  -34.774  -17.019 0.0000000000
92053  -23.045  -33.019  -18.599 0.0000000000
92054  -22.992  -33.372  -18.249 0.0000000000
92055  -22.259  -32.486  -18.679 0.0000000000
92056  -21.503  -31.912  -18.473 0.0000000000
92057  -21.640  -31.616  -18.737 0.0000000000
92058  -23.637  -31.624  -19.931 0.0000000000
92059  -23.508  -31.982  -19.658 0.0000000000
92060  -22.803  -31.223  -19.953 0.0000000000
92061  -21.070  -29.412  -19.394 0.0000000000
92062  -21.502  -30.220  -19.507 0.0000000000
92063  -20.994  -29.674  -19.087 0.0000000000
92064  -20.856  -29.900  -18.714 0.0000000000
92065  -20.743  -29.171  -18.587 0.0000000000
92102  -23.883  -26.158  -24.462 0.0000000000
92103  -23.312  -25.515  -24.558 0.0000000000
92104  -24.082  -25.740  -24.843 0.0000000000
92105  -24.831  -25.099  -25.684 0.0000000000
92106  -24.099  -24.905  -25.531 0.0000000000
92107  -24.299  -24.464  -25.913 0.0000000000
92108  -23.645  -23.828  -26.109 0.0000000000
92109  -24.291  -24.014  -26.261 0.0000000000
92110  -24.488  -23.595  -26.590 0.0000000000
92111  -25.027  -24.209  -26.352 0.0000000000
92112  -27.161  -24.960  -26.066 0.0000000000
92113  -26.572  -24.468  -26.443 0.0000000000
92114  -27.271  -24.531  -26.444 0.0000000000
92116  -27.850  -24.556  -26.348 0.0000000000
92122  -28.681  -27.992  -21.616 0.0000000000
92123  -28.096  -27.704  -22.467 0.0000000000
92131  -28.917  -26.735  -22.969 0.0000000000
92132  -28.962  -26.355  -23.471 0.0000000000
92133  -28.508  -26.151  -24.272 0.0000000000
92134  -29.109  -25.979  -23.940 0.0000000000
94660  -19.865  -41.962  -9.480 0.0000000000
94661  -19.085  -41.338  -9.887 0.0000000000
94662  -19.392  -40.940  -10.100 0.0000000000
94663  -18.834  -39.830  -10.744 0.0000000000
94664  -18.177  -38.671  -11.200 0.0000000000
94665  -17.708  -37.660  -11.583 0.0000000000
94666  -18.480  -38.391  -11.519 0.0000000000
94667  -18.744  -38.116  -11.842 0.0000000000
94668  -19.065  -37.862  -12.169 0.0000000000
94669  -19.295  -37.637  -12.432 0.0000000000
94670  -19.906  -38.681  -11.878 0.0000000000
94671  -20.852  -39.447  -11.451 0.0000000000
94672  -21.769  -40.140  -10.930 0.0000000000
97895  -22.037  -35.150  -16.261 0.0000000000
97896  -21.381  -34.277  -16.683 0.0000000000
97897  -22.152  -34.863  -16.611 0.0000000000
97898  -22.339  -34.627  -16.943 0.0000000000
97899  -22.532  -34.351  -17.236 0.0000000000
97900  -26.105  -31.208  -19.875 0.0000000000
97901  -25.438  -31.182  -20.173 0.0000000000
97902  -25.473  -30.771  -20.589 0.0000000000
97903  -24.858  -30.286  -21.309 0.0000000000
97904  -24.291  -29.830  -21.760 0.0000000000
97905  -23.758  -29.267  -22.138 0.0000000000
97906  -24.431  -29.449  -22.203 0.0000000000
97907  -24.649  -29.096  -22.560 0.0000000000
97908  -24.710  -28.670  -22.941 0.0000000000
97909  -24.886  -28.279  -23.296 0.0000000000
97910  -25.427  -28.819  -22.861 0.0000000000
97911  -26.056  -28.819  -22.671 0.0000000000
97912  -26.683  -28.763  -22.402 0.0000000000
98984  -20.699  -47.268  -7.731 0.0000000000
98985  -20.712  -46.105  -7.871 0.0000000000
98986  -21.130  -46.732  -7.532 0.0000000000
98987  -21.544  -46.172  -7.409 0.0000000000
98988  -21.945  -45.624  -7.278 0.0000000000
98989  -22.251  -45.161  -7.237 0.0000000000
98990  -22.340  -46.180  -6.967 0.0000000000
105417  -17.383  -43.947  -8.465 0.0000000000
105418  -16.990  -42.758  -8.713 0.0000000000
105419  -16.468  -41.616  -8.989 0.0000000000
105420  -16.159  -38.385  -10.117 0.0000000000
105421  -15.920  -38.753  -9.833 0.0000000000
105422  -15.875  -37.980  -9.833 0.0000000000
105423  -15.748  -37.674  -9.530 0.0000000000
105446  -20.231  -36.692  -13.548 0.0000000000
105447  -19.680  -35.736  -13.984 0.0000000000
105448  -20.491  -36.473  -13.848 0.0000000000
105449  -20.718  -36.260  -14.180 0.0000000000
105450  -20.942  -36.082  -14.489 0.0000000000
105451  -21.172  -35.930  -14.854 0.0000000000
105452  -21.885  -36.786  -14.266 0.0000000000
105453  -22.850  -37.364  -13.920 0.0000000000
105454  -23.754  -37.929  -13.504 0.0000000000
105455  -23.933  -43.485  -7.712 0.0000000000
105456  -23.808  -42.714  -8.416 0.0000000000
105457  -24.316  -43.082  -7.976 0.0000000000
105458  -24.731  -42.773  -8.239 0.0000000000
105459  -25.122  -42.468  -8.508 0.0000000000
105465  -26.629  -40.347  -10.868 0.0000000000
115126  -20.271  -30.628  -16.537 0.0000000000
115135  -25.464  -34.642  -16.979 0.0000000000
115136  -24.509  -34.397  -17.386 0.0000000000
115137  -24.607  -34.024  -17.741 0.0000000000
115138  -23.982  -33.367  -18.383 0.0000000000
115139  -23.220  -32.705  -18.973 0.0000000000
115140  -22.380  -30.112  -20.463 0.0000000000
115141  -22.305  -30.481  -20.185 0.0000000000
115142  -21.782  -29.686  -20.188 0.0000000000
115143  -21.290  -29.198  -19.756 0.0000000000
115153  -21.675  -26.476  -22.385 0.0000000000
115166  -25.277  -26.599  -24.768 0.0000000000
115167  -24.659  -25.967  -24.968 0.0000000000
115168  -25.285  -26.112  -25.042 0.0000000000
115169  -25.438  -25.689  -25.421 0.0000000000
115170  -25.550  -25.250  -25.783 0.0000000000
115171  -25.633  -24.777  -26.133 0.0000000000
115172  -26.280  -25.381  -25.786 0.0000000000
115173  -26.998  -25.470  -25.730 0.0000000000
115174  -27.659  -25.451  -25.599 0.0000000000
121030  -18.542  -43.523  -8.967 0.0000000000
121031  -17.941  -42.833  -9.206 0.0000000000
121032  -18.111  -42.473  -9.390 0.0000000000
121033  -17.680  -41.374  -9.733 0.0000000000
121034  -17.123  -40.078  -10.051 0.0000000000
121035  -18.218  -40.555  -10.181 0.0000000000
121036  -17.352  -39.707  -10.328 0.0000000000
121037  -16.651  -38.977  -10.272 0.0000000000
121038  -16.396  -38.050  -10.465 0.0000000000
121039  -16.307  -37.320  -10.521 0.0000000000
121040  -16.371  -36.648  -10.527 0.0000000000
121041  -16.633  -36.109  -10.481 0.0000000000
121042  -16.634  -36.332  -10.903 0.0000000000
121043  -16.866  -35.997  -11.223 0.0000000000
121044  -17.114  -35.700  -11.510 0.0000000000
121045  -17.380  -36.790  -11.805 0.0000000000
121046  -17.313  -36.093  -11.867 0.0000000000
121047  -17.387  -35.386  -11.838 0.0000000000
121048  -17.661  -35.038  -12.178 0.0000000000
121049  -17.877  -34.776  -12.485 0.0000000000
121050  -18.111  -34.466  -12.863 0.0000000000
121051  -18.293  -34.234  -13.160 0.0000000000
121052  -18.179  -34.946  -13.128 0.0000000000
121053  -18.566  -35.503  -13.296 0.0000000000
121054  -19.234  -36.193  -13.364 0.0000000000
121055  -19.567  -37.393  -12.703 0.0000000000
121056  -19.814  -37.122  -12.970 0.0000000000
121057  -20.035  -36.906  -13.274 0.0000000000
121058  -20.908  -37.693  -12.980 0.0000000000
121059  -21.906  -38.381  -12.582 0.0000000000
121060  -22.851  -39.032  -12.100 0.0000000000
128582  -20.020  -31.951  -16.105 0.0000000000
128583  -20.150  -31.651  -16.446 0.0000000000
128584  -20.821  -33.282  -16.879 0.0000000000
128585  -20.393  -32.248  -16.887 0.0000000000
128586  -20.236  -31.416  -16.731 0.0000000000
128587  -20.344  -31.114  -17.092 0.0000000000
128588  -20.432  -30.865  -17.380 0.0000000000
128590  -25.802  -32.906  -18.372 0.0000000000
128591  -24.988  -32.782  -18.775 0.0000000000
128592  -25.158  -32.389  -19.154 0.0000000000
128593  -24.491  -31.872  -19.806 0.0000000000
128594  -23.758  -31.265  -20.278 0.0000000000
128595  -24.682  -31.057  -20.481 0.0000000000
128596  -23.933  -30.981  -20.637 0.0000000000
128597  -23.167  -30.603  -20.623 0.0000000000
128598  -22.600  -29.848  -20.842 0.0000000000
128599  -22.044  -29.169  -20.912 0.0000000000
128600  -21.642  -28.348  -20.907 0.0000000000
128604  -22.030  -27.493  -22.076 0.0000000000
128605  -23.170  -28.554  -22.365 0.0000000000
128606  -22.618  -27.808  -22.478 0.0000000000
128607  -22.000  -27.081  -22.315 0.0000000000
128608  -22.254  -26.815  -22.822 0.0000000000
128609  -22.221  -26.384  -23.065 0.0000000000
128611  -22.498  -25.675  -23.859 0.0000000000
128612  -23.199  -26.345  -23.904 0.0000000000
128613  -23.834  -26.604  -24.176 0.0000000000
128614  -24.438  -26.850  -24.275 0.0000000000
128615  -24.921  -27.849  -23.674 0.0000000000
128616  -25.004  -27.468  -24.030 0.0000000000
128617  -25.099  -26.971  -24.388 0.0000000000
128618  -25.844  -27.105  -24.365 0.0000000000
128619  -26.419  -27.200  -24.245 0.0000000000
128620  -27.113  -27.167  -24.019 0.0000000000
130873  -18.064  -45.825  -8.391 0.0000000000
130874  -18.339  -45.451  -8.541 0.0000000000
130875  -18.608  -45.049  -8.669 0.0000000000
130884  -18.878  -44.635  -8.730 0.0000000000
130885  -19.123  -44.209  -8.717 0.0000000000
130886  -19.426  -43.720  -8.734 0.0000000000
130887  -19.788  -43.303  -8.810 0.0000000000
130888  -20.567  -44.980  -8.042 0.0000000000
130889  -20.439  -43.922  -8.407 0.0000000000
130890  -20.140  -42.906  -8.885 0.0000000000
130891  -20.519  -42.539  -9.019 0.0000000000
130892  -20.906  -42.164  -9.190 0.0000000000
130893  -21.321  -41.774  -9.369 0.0000000000
130894  -21.669  -41.512  -9.539 0.0000000000
130895  -21.949  -42.346  -8.875 0.0000000000
130896  -22.488  -42.859  -8.382 0.0000000000
130897  -22.990  -43.393  -7.917 0.0000000000
130898  -22.614  -44.720  -7.237 0.0000000000
130899  -23.060  -44.308  -7.292 0.0000000000
130900  -23.508  -43.872  -7.494 0.0000000000
137705  -25.528  -36.797  -14.860 0.0000000000
137706  -24.850  -36.154  -15.569 0.0000000000
137707  -25.691  -36.464  -15.172 0.0000000000
137708  -25.870  -36.060  -15.530 0.0000000000
137709  -26.052  -35.664  -15.901 0.0000000000
137711  -26.882  -35.934  -15.527 0.0000000000
137712  -26.177  -35.242  -16.263 0.0000000000
137713  -26.326  -34.825  -16.621 0.0000000000
137714  -26.418  -34.405  -16.935 0.0000000000
137715  -26.479  -33.920  -17.295 0.0000000000
137722  -28.026  -34.796  -16.258 0.0000000000
137723  -27.278  -34.108  -16.920 0.0000000000
137724  -26.501  -33.454  -17.634 0.0000000000
137725  -26.563  -32.975  -17.980 0.0000000000
137726  -26.672  -32.556  -18.335 0.0000000000
137727  -26.752  -32.105  -18.683 0.0000000000
137729  -27.521  -32.097  -18.335 0.0000000000
137730  -26.828  -31.619  -19.081 0.0000000000
137731  -26.903  -31.217  -19.446 0.0000000000
137732  -26.960  -30.743  -19.825 0.0000000000
137733  -27.023  -30.326  -20.237 0.0000000000
137734  -27.042  -29.893  -20.674 0.0000000000
137735  -27.811  -30.257  -19.827 0.0000000000
144235  -17.233  -42.043  -9.275 0.0000000000
144236  -16.592  -41.284  -9.273 0.0000000000
144238  -15.765  -39.193  -9.530 0.0000000000
144289  -19.549  -32.160  -14.679 0.0000000000
144290  -18.460  -33.976  -13.462 0.0000000000
144292  -18.806  -33.499  -14.036 0.0000000000
144293  -19.237  -34.885  -14.259 0.0000000000
144294  -18.991  -34.037  -14.376 0.0000000000
144295  -18.989  -33.275  -14.274 0.0000000000
144296  -19.159  -33.053  -14.605 0.0000000000
144297  -19.316  -32.818  -14.904 0.0000000000
144298  -19.467  -32.628  -15.190 0.0000000000
144299  -19.709  -33.275  -15.629 0.0000000000
144300  -20.195  -33.985  -15.948 0.0000000000
144301  -20.959  -34.728  -16.036 0.0000000000
144302  -21.374  -35.736  -15.195 0.0000000000
144303  -21.624  -35.553  -15.548 0.0000000000
144304  -21.860  -35.398  -15.926 0.0000000000
144305  -22.790  -35.899  -15.696 0.0000000000
144306  -23.594  -36.365  -15.326 0.0000000000
144307  -24.481  -36.787  -14.912 0.0000000000
144308  -21.970  -41.259  -9.825 0.0000000000
144309  -22.270  -40.992  -10.117 0.0000000000
144310  -22.568  -40.732  -10.379 0.0000000000
144311  -23.578  -42.031  -9.083 0.0000000000
144312  -23.289  -41.248  -9.861 0.0000000000
144313  -22.862  -40.469  -10.681 0.0000000000
144314  -23.173  -40.198  -10.990 0.0000000000
144315  -23.514  -39.936  -11.291 0.0000000000
144316  -23.767  -39.620  -11.629 0.0000000000
144318  -25.646  -42.849  -8.093 0.0000000000
144319  -25.481  -42.173  -8.783 0.0000000000
144321  -25.844  -41.889  -9.078 0.0000000000
144322  -25.266  -41.549  -9.547 0.0000000000
144323  -25.003  -40.854  -10.324 0.0000000000
144324  -24.601  -40.113  -11.127 0.0000000000
144325  -23.967  -39.312  -11.956 0.0000000000
144326  -24.216  -39.058  -12.281 0.0000000000
144327  -24.424  -38.752  -12.670 0.0000000000
144328  -24.666  -38.482  -13.049 0.0000000000
144329  -26.115  -39.699  -11.658 0.0000000000
144330  -25.526  -38.948  -12.578 0.0000000000
144331  -24.886  -38.207  -13.449 0.0000000000
144332  -25.081  -37.888  -13.805 0.0000000000
144333  -25.269  -37.612  -14.111 0.0000000000
144334  -25.385  -37.224  -14.458 0.0000000000
144335  -26.310  -37.653  -13.991 0.0000000000
163708  -24.124  -35.450  -16.367 0.0000000000
163709  -23.369  -34.826  -16.999 0.0000000000
163710  -22.644  -34.040  -17.594 0.0000000000
163711  -23.678  -34.100  -17.715 0.0000000000
163712  -22.799  -33.705  -17.937 0.0000000000
163713  -22.009  -33.165  -17.984 0.0000000000
163714  -21.331  -32.150  -18.173 0.0000000000
163715  -20.903  -31.257  -18.108 0.0000000000
163716  -20.631  -30.391  -18.015 0.0000000000
163717  -24.185  -32.611  -19.154 0.0000000000
163718  -23.367  -32.350  -19.319 0.0000000000
163719  -22.510  -31.877  -19.306 0.0000000000
163720  -22.092  -30.725  -19.811 0.0000000000
163721  -21.878  -31.001  -19.460 0.0000000000
163722  -21.788  -31.277  -19.122 0.0000000000
163723  -21.138  -30.699  -18.770 0.0000000000
163724  -20.726  -30.137  -18.376 0.0000000000
163771  -22.718  -25.315  -24.245 0.0000000000
163772  -22.784  -24.898  -24.641 0.0000000000
163774  -24.119  -25.350  -25.169 0.0000000000
163782  -25.102  -23.239  -27.069 0.0000000000
163783  -25.802  -24.353  -26.438 0.0000000000
163784  -25.884  -23.893  -26.773 0.0000000000
163789  -27.182  -29.437  -21.093 0.0000000000
163790  -27.237  -29.027  -21.581 0.0000000000
163791  -27.401  -28.617  -22.010 0.0000000000
163793  -27.935  -28.535  -21.595 0.0000000000
163794  -27.398  -28.246  -22.436 0.0000000000
163795  -27.476  -27.864  -22.856 0.0000000000
163796  -27.612  -27.449  -23.237 0.0000000000
163797  -27.744  -27.046  -23.735 0.0000000000
163805  -28.311  -26.887  -23.358 0.0000000000
163806  -27.793  -26.710  -24.176 0.0000000000
163807  -27.975  -26.279  -24.606 0.0000000000
163808  -28.166  -25.788  -24.947 0.0000000000
