#!ascii label  , from subject fsaverage vox2ras=TkReg
1003
154  -47.193  -58.258  -7.840 0.0000000000
617  -39.936  -69.013  -7.500 0.0000000000
618  -40.248  -60.061  -10.617 0.0000000000
620  -48.455  -50.488  -14.558 0.0000000000
1376  -46.712  -62.041  -6.230 0.0000000000
1378  -41.747  -61.583  -5.265 0.0000000000
1379  -39.227  -64.539  -8.497 0.0000000000
1380  -42.094  -57.587  -6.461 0.0000000000
1763  -50.808  -62.385  -6.106 0.0000000000
1764  -51.550  -60.032  -9.315 0.0000000000
2486  -43.573  -71.436  -6.836 0.0000000000
2488  -39.826  -72.387  -10.674 0.0000000000
2489  -40.915  -67.475  -12.658 0.0000000000
2493  -52.865  -57.097  -13.182 0.0000000000
2496  -47.823  -54.231  -10.641 0.0000000000
2497  -42.604  -53.221  -9.537 0.0000000000
3296  -46.952  -59.994  -6.865 0.0000000000
3297  -44.359  -61.403  -5.754 0.0000000000
3298  -44.433  -59.409  -5.961 0.0000000000
3299  -41.840  -59.505  -5.564 0.0000000000
3300  -44.781  -57.653  -6.710 0.0000000000
3898  -52.638  -60.664  -7.049 0.0000000000
3899  -51.126  -61.323  -7.644 0.0000000000
3900  -53.254  -59.685  -8.730 0.0000000000
5569  -40.924  -66.896  -5.926 0.0000000000
5570  -42.718  -68.565  -5.866 0.0000000000
5571  -41.487  -70.605  -7.151 0.0000000000
5573  -41.231  -72.688  -8.803 0.0000000000
5575  -39.898  -70.944  -9.158 0.0000000000
5576  -39.878  -62.149  -9.395 0.0000000000
5577  -39.997  -66.273  -10.717 0.0000000000
5578  -40.770  -63.718  -11.845 0.0000000000
5580  -41.013  -61.684  -13.077 0.0000000000
5594  -50.693  -51.868  -16.160 0.0000000000
5595  -50.433  -53.913  -14.203 0.0000000000
5596  -47.948  -52.618  -12.574 0.0000000000
5597  -45.276  -53.441  -9.528 0.0000000000
5598  -45.692  -51.719  -11.449 0.0000000000
7084  -46.825  -63.573  -5.542 0.0000000000
7086  -44.618  -63.390  -5.575 0.0000000000
7087  -42.104  -63.477  -5.211 0.0000000000
7088  -40.043  -64.862  -6.012 0.0000000000
7089  -39.198  -66.792  -7.831 0.0000000000
7090  -39.801  -62.734  -6.337 0.0000000000
7091  -39.999  -60.579  -6.919 0.0000000000
7092  -40.286  -58.579  -8.062 0.0000000000
7952  -50.189  -63.585  -4.602 0.0000000000
7953  -48.753  -63.632  -5.313 0.0000000000
7954  -48.844  -62.313  -6.256 0.0000000000
7955  -49.019  -60.706  -7.353 0.0000000000
7956  -49.460  -59.059  -8.888 0.0000000000
10021  -39.391  -68.834  -9.820 0.0000000000
10034  -52.206  -58.647  -11.195 0.0000000000
10035  -50.061  -57.583  -10.540 0.0000000000
10042  -52.801  -55.531  -15.615 0.0000000000
10043  -50.316  -55.836  -12.175 0.0000000000
10044  -47.742  -56.340  -9.010 0.0000000000
10045  -45.214  -55.444  -7.965 0.0000000000
10046  -42.390  -55.345  -7.917 0.0000000000
10047  -40.416  -56.239  -9.532 0.0000000000
10049  -40.683  -53.845  -11.043 0.0000000000
10050  -40.059  -57.752  -12.147 0.0000000000
10976  -47.066  -59.011  -7.260 0.0000000000
10977  -45.694  -59.631  -6.431 0.0000000000
10978  -45.797  -58.747  -6.768 0.0000000000
10979  -44.519  -58.511  -6.260 0.0000000000
10980  -45.987  -57.924  -7.261 0.0000000000
11579  -53.036  -60.230  -7.884 0.0000000000
13249  -40.307  -67.835  -6.580 0.0000000000
13250  -40.989  -68.751  -6.493 0.0000000000
13251  -40.627  -69.884  -7.330 0.0000000000
13252  -41.288  -71.601  -8.017 0.0000000000
13253  -40.538  -70.930  -8.104 0.0000000000
13254  -40.491  -71.799  -8.953 0.0000000000
13255  -39.929  -69.984  -8.323 0.0000000000
13256  -40.185  -61.070  -9.935 0.0000000000
13257  -40.262  -62.915  -10.566 0.0000000000
13258  -40.493  -61.856  -11.280 0.0000000000
13259  -40.853  -62.715  -12.521 0.0000000000
13260  -40.577  -60.896  -11.845 0.0000000000
13272  -49.731  -49.748  -16.028 0.0000000000
13273  -50.881  -50.466  -16.968 0.0000000000
13274  -49.568  -51.097  -15.315 0.0000000000
13275  -49.273  -52.316  -14.375 0.0000000000
13276  -48.109  -51.668  -13.588 0.0000000000
13277  -46.785  -52.152  -11.901 0.0000000000
13278  -47.043  -51.176  -12.954 0.0000000000
15646  -46.706  -62.877  -5.866 0.0000000000
15647  -45.845  -63.512  -5.673 0.0000000000
15648  -45.669  -62.747  -5.891 0.0000000000
15649  -43.017  -61.379  -5.373 0.0000000000
15650  -43.135  -62.303  -5.299 0.0000000000
15651  -41.874  -62.524  -5.229 0.0000000000
15652  -40.941  -64.076  -5.441 0.0000000000
15653  -40.715  -63.053  -5.487 0.0000000000
15654  -39.874  -63.816  -6.141 0.0000000000
15655  -40.623  -62.035  -5.631 0.0000000000
15656  -42.003  -58.557  -5.946 0.0000000000
15657  -40.766  -59.894  -5.982 0.0000000000
15658  -40.834  -58.932  -6.447 0.0000000000
15659  -40.165  -59.537  -7.453 0.0000000000
15660  -40.947  -57.965  -7.027 0.0000000000
17450  -51.184  -62.683  -4.751 0.0000000000
17451  -50.641  -62.966  -5.203 0.0000000000
17452  -49.571  -63.758  -5.029 0.0000000000
17453  -49.853  -63.155  -5.552 0.0000000000
17454  -48.798  -62.953  -5.726 0.0000000000
17455  -49.894  -62.518  -6.260 0.0000000000
17456  -51.219  -60.757  -8.457 0.0000000000
17457  -50.050  -61.133  -7.543 0.0000000000
17458  -50.263  -60.383  -8.262 0.0000000000
17459  -49.187  -59.913  -8.176 0.0000000000
17460  -50.490  -59.625  -9.197 0.0000000000
22467  -42.964  -70.070  -6.242 0.0000000000
22468  -43.582  -69.222  -5.919 0.0000000000
22469  -43.965  -70.597  -6.203 0.0000000000
22481  -40.183  -73.484  -10.480 0.0000000000
22486  -39.095  -65.586  -8.113 0.0000000000
22487  -39.242  -67.856  -8.901 0.0000000000
22488  -39.204  -66.668  -9.258 0.0000000000
22489  -40.523  -67.036  -11.616 0.0000000000
22490  -39.915  -68.246  -11.121 0.0000000000
22491  -40.340  -68.573  -12.089 0.0000000000
22520  -53.650  -58.199  -11.980 0.0000000000
22521  -52.591  -57.929  -12.188 0.0000000000
22522  -51.173  -58.226  -11.086 0.0000000000
22523  -51.397  -57.470  -11.967 0.0000000000
22535  -53.281  -52.004  -18.618 0.0000000000
22542  -49.080  -54.052  -12.343 0.0000000000
22543  -50.353  -54.968  -13.172 0.0000000000
22544  -49.080  -55.006  -11.368 0.0000000000
22545  -49.048  -56.033  -10.487 0.0000000000
22546  -47.831  -55.307  -9.724 0.0000000000
22547  -46.543  -55.846  -8.381 0.0000000000
22548  -46.611  -54.790  -9.104 0.0000000000
22549  -43.903  -53.218  -9.366 0.0000000000
22550  -43.788  -54.211  -8.473 0.0000000000
22551  -42.447  -54.283  -8.683 0.0000000000
22552  -41.156  -55.688  -8.522 0.0000000000
22553  -41.309  -54.557  -9.355 0.0000000000
22559  -40.337  -54.444  -12.239 0.0000000000
22560  -40.118  -55.739  -11.520 0.0000000000
24364  -46.805  -61.080  -6.517 0.0000000000
24365  -45.578  -61.715  -6.075 0.0000000000
24366  -45.600  -60.651  -6.280 0.0000000000
24367  -44.354  -60.401  -5.831 0.0000000000
24368  -43.012  -60.377  -5.436 0.0000000000
24369  -41.779  -60.535  -5.389 0.0000000000
24370  -43.125  -59.388  -5.613 0.0000000000
24371  -43.317  -58.387  -5.924 0.0000000000
24372  -43.473  -57.481  -6.353 0.0000000000
25447  -52.243  -61.209  -6.181 0.0000000000
25448  -51.728  -61.624  -6.649 0.0000000000
25449  -50.985  -61.846  -6.918 0.0000000000
25450  -52.057  -61.094  -7.478 0.0000000000
25451  -52.249  -60.786  -8.372 0.0000000000
25452  -52.374  -60.133  -9.158 0.0000000000
28455  -41.977  -65.969  -5.479 0.0000000000
28456  -42.709  -66.898  -5.601 0.0000000000
28457  -41.683  -67.747  -5.856 0.0000000000
28458  -41.973  -69.458  -6.363 0.0000000000
28459  -42.549  -71.075  -6.977 0.0000000000
28461  -42.269  -72.141  -7.924 0.0000000000
28465  -41.072  -73.521  -9.618 0.0000000000
28466  -40.376  -72.732  -9.743 0.0000000000
28467  -39.847  -71.779  -9.937 0.0000000000
28468  -39.502  -63.398  -8.891 0.0000000000
28469  -39.428  -65.439  -9.656 0.0000000000
28470  -39.839  -64.179  -10.061 0.0000000000
28471  -40.499  -64.954  -11.210 0.0000000000
28472  -41.048  -65.849  -12.346 0.0000000000
28473  -41.227  -66.509  -13.398 0.0000000000
28474  -41.084  -64.704  -13.082 0.0000000000
28499  -52.019  -51.355  -17.840 0.0000000000
28500  -51.822  -52.730  -17.017 0.0000000000
28501  -51.763  -53.867  -16.101 0.0000000000
28502  -50.525  -53.019  -15.256 0.0000000000
28503  -49.216  -53.173  -13.362 0.0000000000
28504  -47.868  -53.407  -11.613 0.0000000000
28505  -46.594  -53.797  -10.035 0.0000000000
28506  -46.585  -52.945  -10.942 0.0000000000
28507  -45.434  -52.572  -10.453 0.0000000000
28508  -44.174  -52.318  -10.247 0.0000000000
31888  -46.914  -64.242  -5.271 0.0000000000
31893  -44.454  -62.388  -5.666 0.0000000000
31894  -43.363  -63.251  -5.274 0.0000000000
31895  -42.526  -64.446  -5.301 0.0000000000
31896  -41.330  -65.109  -5.475 0.0000000000
31897  -40.396  -65.937  -5.976 0.0000000000
31898  -39.801  -66.905  -6.678 0.0000000000
31899  -39.502  -67.904  -7.661 0.0000000000
31900  -39.444  -65.769  -6.869 0.0000000000
31901  -39.301  -64.632  -7.088 0.0000000000
31902  -39.332  -63.544  -7.375 0.0000000000
31903  -40.644  -60.931  -5.758 0.0000000000
31904  -39.879  -61.635  -6.581 0.0000000000
31905  -39.462  -62.528  -7.692 0.0000000000
31906  -39.693  -61.334  -8.096 0.0000000000
31907  -39.942  -60.313  -8.671 0.0000000000
31908  -40.146  -59.260  -9.305 0.0000000000
31931  -47.429  -49.842  -13.854 0.0000000000
34198  -51.710  -62.497  -4.272 0.0000000000
34199  -50.689  -63.311  -4.060 0.0000000000
34202  -48.572  -64.441  -4.937 0.0000000000
34203  -47.719  -64.205  -5.083 0.0000000000
34204  -47.751  -63.518  -5.335 0.0000000000
34205  -47.743  -62.899  -5.770 0.0000000000
34206  -47.795  -62.255  -6.229 0.0000000000
34207  -49.984  -61.848  -6.909 0.0000000000
34208  -48.899  -61.601  -6.771 0.0000000000
34209  -47.797  -61.353  -6.664 0.0000000000
34210  -47.986  -60.394  -7.089 0.0000000000
34211  -48.228  -59.443  -7.748 0.0000000000
34212  -48.329  -58.642  -8.430 0.0000000000
40273  -43.486  -67.682  -5.732 0.0000000000
40297  -39.532  -68.992  -8.612 0.0000000000
40298  -39.531  -69.923  -9.439 0.0000000000
40299  -39.549  -70.677  -10.272 0.0000000000
40300  -39.546  -67.595  -10.267 0.0000000000
40301  -39.528  -69.477  -10.707 0.0000000000
40334  -53.566  -58.944  -9.597 0.0000000000
40335  -52.841  -59.249  -9.941 0.0000000000
40337  -53.229  -58.714  -10.956 0.0000000000
40338  -51.875  -59.281  -10.242 0.0000000000
40339  -50.815  -58.847  -10.174 0.0000000000
40340  -49.768  -58.341  -9.816 0.0000000000
40341  -48.626  -57.854  -9.122 0.0000000000
40362  -52.958  -56.274  -14.379 0.0000000000
40363  -51.566  -54.818  -15.008 0.0000000000
40364  -51.653  -55.715  -13.947 0.0000000000
40365  -51.585  -56.617  -12.939 0.0000000000
40366  -50.241  -56.731  -11.323 0.0000000000
40367  -48.933  -56.990  -9.792 0.0000000000
40368  -47.474  -57.362  -8.430 0.0000000000
40369  -46.324  -56.895  -7.834 0.0000000000
40370  -45.095  -56.538  -7.315 0.0000000000
40371  -43.652  -56.373  -7.002 0.0000000000
40372  -45.303  -54.437  -8.687 0.0000000000
40373  -43.788  -55.307  -7.711 0.0000000000
40374  -42.292  -56.438  -7.177 0.0000000000
40375  -41.058  -56.755  -7.777 0.0000000000
40376  -40.353  -57.389  -8.781 0.0000000000
40377  -40.101  -58.087  -10.014 0.0000000000
40378  -46.000  -50.645  -12.419 0.0000000000
40379  -44.534  -51.306  -11.249 0.0000000000
40380  -42.879  -52.214  -10.448 0.0000000000
40383  -41.501  -53.448  -10.126 0.0000000000
40384  -40.486  -55.089  -10.319 0.0000000000
40385  -40.026  -56.967  -10.744 0.0000000000
40386  -40.161  -58.877  -11.361 0.0000000000
40387  -40.575  -59.701  -12.656 0.0000000000
41696  -47.133  -58.636  -7.535 0.0000000000
41697  -46.434  -58.902  -7.016 0.0000000000
41698  -46.494  -58.491  -7.273 0.0000000000
41699  -45.885  -58.342  -7.001 0.0000000000
41700  -46.611  -58.097  -7.544 0.0000000000
43969  -40.067  -68.352  -6.989 0.0000000000
43970  -40.398  -68.840  -6.933 0.0000000000
43971  -40.271  -69.478  -7.421 0.0000000000
43972  -40.540  -70.447  -7.793 0.0000000000
43973  -40.226  -69.971  -7.869 0.0000000000
43974  -40.228  -70.502  -8.210 0.0000000000
43975  -39.951  -69.484  -7.926 0.0000000000
43976  -40.244  -60.548  -10.265 0.0000000000
43977  -40.310  -61.502  -10.609 0.0000000000
43978  -40.378  -60.990  -10.932 0.0000000000
43979  -40.544  -61.375  -11.557 0.0000000000
43980  -40.393  -60.491  -11.243 0.0000000000
43992  -49.080  -50.080  -15.269 0.0000000000
43993  -49.669  -50.436  -15.673 0.0000000000
43994  -48.984  -50.766  -14.933 0.0000000000
43995  -48.833  -51.427  -14.470 0.0000000000
43996  -48.279  -51.113  -14.114 0.0000000000
43997  -47.582  -51.499  -13.268 0.0000000000
43998  -47.735  -50.854  -13.778 0.0000000000
46366  -46.708  -62.473  -6.049 0.0000000000
46367  -46.242  -62.823  -5.895 0.0000000000
46368  -46.197  -62.403  -6.033 0.0000000000
46369  -42.352  -61.426  -5.260 0.0000000000
46370  -42.390  -61.875  -5.266 0.0000000000
46371  -41.805  -62.045  -5.243 0.0000000000
46372  -41.317  -62.743  -5.317 0.0000000000
46373  -41.206  -62.276  -5.365 0.0000000000
46374  -40.659  -62.547  -5.560 0.0000000000
46375  -41.170  -61.760  -5.404 0.0000000000
46376  -42.041  -58.052  -6.181 0.0000000000
46377  -41.399  -58.698  -6.128 0.0000000000
46378  -41.454  -58.225  -6.350 0.0000000000
46379  -40.861  -58.437  -6.733 0.0000000000
46380  -41.501  -57.748  -6.627 0.0000000000
48169  -51.177  -62.276  -5.889 0.0000000000
48170  -51.073  -62.533  -5.391 0.0000000000
48171  -50.747  -62.670  -5.629 0.0000000000
48172  -50.264  -63.096  -5.404 0.0000000000
48173  -50.346  -62.815  -5.781 0.0000000000
48174  -49.846  -62.832  -5.941 0.0000000000
48175  -50.373  -62.540  -6.218 0.0000000000
48176  -51.381  -60.396  -8.900 0.0000000000
48177  -50.707  -60.590  -8.361 0.0000000000
48178  -50.873  -60.182  -8.791 0.0000000000
48179  -50.367  -59.989  -8.745 0.0000000000
48180  -51.016  -59.828  -9.216 0.0000000000
53187  -43.309  -70.710  -6.531 0.0000000000
53188  -43.434  -70.323  -6.206 0.0000000000
53189  -43.771  -70.980  -6.478 0.0000000000
53201  -39.974  -72.964  -10.547 0.0000000000
53203  -39.940  -73.248  -10.937 0.0000000000
53206  -39.142  -65.065  -8.280 0.0000000000
53207  -39.119  -66.138  -8.693 0.0000000000
53208  -39.166  -65.569  -8.887 0.0000000000
53209  -40.715  -67.242  -12.085 0.0000000000
53210  -40.405  -67.792  -11.800 0.0000000000
53211  -40.611  -67.990  -12.348 0.0000000000
53212  -40.584  -68.830  -12.615 0.0000000000
53213  -40.809  -68.296  -12.909 0.0000000000
53215  -41.022  -67.824  -13.233 0.0000000000
53241  -52.707  -57.539  -12.630 0.0000000000
53242  -51.982  -57.681  -12.121 0.0000000000
53243  -52.114  -57.285  -12.633 0.0000000000
53262  -48.474  -54.147  -11.453 0.0000000000
53263  -49.074  -54.511  -11.868 0.0000000000
53264  -48.458  -54.604  -10.975 0.0000000000
53265  -48.459  -55.120  -10.515 0.0000000000
53266  -47.825  -54.759  -10.193 0.0000000000
53267  -47.231  -55.057  -9.446 0.0000000000
53268  -47.236  -54.513  -9.888 0.0000000000
53269  -43.264  -53.194  -9.404 0.0000000000
53270  -43.178  -53.702  -8.973 0.0000000000
53271  -42.507  -53.757  -9.101 0.0000000000
53272  -41.838  -54.367  -8.966 0.0000000000
53273  -41.904  -53.836  -9.380 0.0000000000
53280  -40.201  -55.495  -12.563 0.0000000000
55966  -46.893  -60.551  -6.677 0.0000000000
55967  -46.192  -60.855  -6.403 0.0000000000
55968  -46.254  -60.313  -6.539 0.0000000000
55969  -45.014  -59.505  -6.168 0.0000000000
55970  -45.068  -60.008  -6.125 0.0000000000
55971  -44.404  -59.879  -5.837 0.0000000000
55972  -43.697  -60.390  -5.620 0.0000000000
55973  -43.748  -59.863  -5.676 0.0000000000
55974  -43.076  -59.874  -5.504 0.0000000000
55975  -43.792  -59.365  -5.778 0.0000000000
55976  -44.644  -58.104  -6.466 0.0000000000
55977  -43.953  -58.436  -6.047 0.0000000000
55978  -44.066  -58.011  -6.255 0.0000000000
55979  -43.358  -57.968  -6.123 0.0000000000
55980  -44.157  -57.563  -6.476 0.0000000000
57769  -52.864  -60.327  -6.798 0.0000000000
57770  -52.634  -60.657  -6.354 0.0000000000
57771  -52.451  -60.934  -6.633 0.0000000000
57772  -52.002  -61.411  -6.434 0.0000000000
57773  -52.188  -61.167  -6.874 0.0000000000
57774  -51.890  -61.377  -7.083 0.0000000000
57775  -52.384  -60.913  -7.304 0.0000000000
57776  -53.147  -59.981  -8.336 0.0000000000
57777  -52.685  -60.540  -8.170 0.0000000000
57778  -52.733  -60.298  -8.598 0.0000000000
57779  -52.276  -60.521  -8.830 0.0000000000
57780  -52.715  -59.983  -8.997 0.0000000000
62784  -41.348  -66.397  -5.665 0.0000000000
62785  -41.760  -66.854  -5.627 0.0000000000
62786  -41.298  -67.330  -5.879 0.0000000000
62787  -41.198  -69.696  -6.802 0.0000000000
62788  -41.444  -69.140  -6.427 0.0000000000
62789  -41.672  -70.017  -6.734 0.0000000000
62790  -42.183  -70.283  -6.671 0.0000000000
62791  -41.979  -70.874  -7.077 0.0000000000
62792  -42.355  -71.635  -7.443 0.0000000000
62793  -41.848  -71.404  -7.540 0.0000000000
62794  -41.232  -72.096  -8.368 0.0000000000
62795  -41.727  -72.414  -8.357 0.0000000000
62800  -41.168  -73.055  -9.249 0.0000000000
62801  -40.193  -71.351  -9.041 0.0000000000
62802  -40.461  -72.284  -9.362 0.0000000000
62803  -40.155  -71.846  -9.421 0.0000000000
62804  -40.076  -72.273  -9.812 0.0000000000
62805  -39.904  -71.409  -9.547 0.0000000000
62806  -39.690  -62.766  -9.138 0.0000000000
62807  -39.632  -63.782  -9.479 0.0000000000
62808  -39.853  -63.167  -9.718 0.0000000000
62809  -40.538  -63.307  -11.205 0.0000000000
62810  -40.381  -63.952  -10.898 0.0000000000
62811  -40.691  -64.296  -11.506 0.0000000000
62812  -40.816  -65.419  -11.762 0.0000000000
62813  -40.923  -64.803  -12.114 0.0000000000
62814  -41.070  -65.261  -12.719 0.0000000000
62815  -40.874  -64.195  -12.484 0.0000000000
62816  -40.926  -62.192  -12.786 0.0000000000
62855  -50.819  -51.244  -16.550 0.0000000000
62856  -51.451  -50.924  -17.403 0.0000000000
62857  -51.373  -51.667  -16.965 0.0000000000
62858  -51.920  -52.061  -17.391 0.0000000000
62859  -51.244  -52.320  -16.571 0.0000000000
62860  -51.182  -52.919  -16.149 0.0000000000
62861  -50.585  -52.478  -15.707 0.0000000000
62862  -48.561  -52.505  -13.397 0.0000000000
62863  -49.240  -52.779  -13.846 0.0000000000
62864  -48.533  -52.906  -12.935 0.0000000000
62865  -48.519  -53.281  -12.458 0.0000000000
62866  -47.878  -53.012  -12.076 0.0000000000
62867  -47.237  -53.174  -11.262 0.0000000000
62868  -47.244  -52.778  -11.738 0.0000000000
62869  -46.230  -51.923  -11.621 0.0000000000
62870  -46.104  -52.315  -11.124 0.0000000000
62871  -45.602  -52.197  -10.883 0.0000000000
62872  -44.796  -52.427  -10.293 0.0000000000
62873  -44.948  -51.981  -10.786 0.0000000000
69976  -46.846  -63.900  -5.380 0.0000000000
69977  -46.439  -64.306  -5.408 0.0000000000
69978  -46.378  -63.955  -5.512 0.0000000000
69979  -45.253  -63.453  -5.668 0.0000000000
69984  -44.975  -61.559  -5.940 0.0000000000
69985  -44.996  -62.094  -5.882 0.0000000000
69986  -44.370  -61.877  -5.678 0.0000000000
69987  -42.593  -62.870  -5.214 0.0000000000
69988  -43.241  -62.793  -5.276 0.0000000000
69989  -42.724  -63.337  -5.200 0.0000000000
69990  -42.849  -63.806  -5.241 0.0000000000
69991  -42.301  -63.942  -5.248 0.0000000000
69992  -41.918  -64.764  -5.323 0.0000000000
69993  -41.666  -64.237  -5.296 0.0000000000
69994  -40.439  -64.470  -5.680 0.0000000000
69995  -40.594  -64.994  -5.687 0.0000000000
69996  -40.198  -65.423  -5.988 0.0000000000
69997  -40.051  -66.404  -6.317 0.0000000000
69998  -39.834  -65.874  -6.356 0.0000000000
69999  -39.589  -66.404  -6.788 0.0000000000
70000  -39.684  -65.295  -6.366 0.0000000000
70001  -39.817  -63.262  -6.233 0.0000000000
70002  -39.534  -64.206  -6.572 0.0000000000
70003  -39.478  -63.662  -6.697 0.0000000000
70004  -39.298  -64.067  -7.229 0.0000000000
70005  -39.492  -63.163  -6.796 0.0000000000
70006  -41.801  -60.044  -5.492 0.0000000000
70007  -41.178  -60.736  -5.561 0.0000000000
70008  -41.217  -60.195  -5.610 0.0000000000
70009  -40.344  -60.209  -6.413 0.0000000000
70010  -40.281  -60.736  -6.230 0.0000000000
70011  -39.941  -61.107  -6.734 0.0000000000
70012  -39.624  -62.061  -7.132 0.0000000000
70013  -39.680  -61.504  -7.299 0.0000000000
70014  -39.573  -61.944  -7.881 0.0000000000
70015  -39.769  -60.914  -7.492 0.0000000000
70016  -40.245  -59.053  -7.751 0.0000000000
70017  -39.978  -59.894  -8.032 0.0000000000
70018  -40.093  -59.423  -8.334 0.0000000000
70019  -40.062  -59.802  -8.979 0.0000000000
70020  -40.168  -58.936  -8.657 0.0000000000
75386  -51.889  -62.133  -4.710 0.0000000000
75387  -50.718  -63.134  -4.648 0.0000000000
75388  -50.976  -62.977  -4.357 0.0000000000
75389  -50.468  -63.449  -4.345 0.0000000000
75390  -50.138  -63.756  -4.145 0.0000000000
75391  -49.907  -63.906  -4.381 0.0000000000
75393  -49.661  -64.057  -4.622 0.0000000000
75394  -49.165  -63.729  -5.154 0.0000000000
75395  -49.050  -64.098  -4.970 0.0000000000
75396  -48.678  -64.052  -5.102 0.0000000000
75397  -48.154  -64.353  -5.050 0.0000000000
75398  -48.223  -63.927  -5.170 0.0000000000
75399  -47.746  -63.852  -5.200 0.0000000000
75400  -48.257  -63.572  -5.309 0.0000000000
75401  -48.806  -62.597  -5.988 0.0000000000
75402  -48.239  -62.854  -5.740 0.0000000000
75403  -48.283  -62.600  -5.992 0.0000000000
75404  -47.768  -62.599  -6.013 0.0000000000
75405  -48.330  -62.288  -6.221 0.0000000000
75406  -51.053  -61.553  -7.285 0.0000000000
75407  -50.521  -61.900  -6.929 0.0000000000
75408  -50.530  -61.554  -7.286 0.0000000000
75409  -49.557  -60.929  -7.439 0.0000000000
75410  -49.441  -61.330  -7.142 0.0000000000
75411  -48.937  -61.159  -7.024 0.0000000000
75412  -48.357  -61.456  -6.720 0.0000000000
75413  -48.390  -61.017  -6.969 0.0000000000
75414  -47.853  -60.879  -6.869 0.0000000000
75415  -48.472  -60.562  -7.243 0.0000000000
75416  -49.332  -59.419  -8.515 0.0000000000
75417  -48.716  -59.661  -7.914 0.0000000000
75418  -48.827  -59.220  -8.293 0.0000000000
75419  -48.259  -59.014  -8.077 0.0000000000
75420  -48.919  -58.829  -8.682 0.0000000000
90437  -42.650  -67.698  -5.715 0.0000000000
90438  -43.092  -67.283  -5.659 0.0000000000
90439  -43.098  -68.091  -5.774 0.0000000000
90496  -39.318  -67.337  -7.708 0.0000000000
90497  -39.516  -68.480  -8.116 0.0000000000
90498  -39.341  -67.940  -8.240 0.0000000000
90499  -39.297  -68.357  -9.383 0.0000000000
90500  -39.365  -68.911  -9.192 0.0000000000
90501  -39.422  -69.407  -9.629 0.0000000000
90502  -39.535  -70.365  -9.868 0.0000000000
90503  -39.472  -69.775  -10.062 0.0000000000
90504  -39.676  -65.833  -10.194 0.0000000000
90505  -39.486  -66.515  -9.983 0.0000000000
90506  -39.733  -66.929  -10.468 0.0000000000
90508  -39.685  -68.863  -10.912 0.0000000000
90592  -53.202  -59.174  -9.758 0.0000000000
90593  -53.419  -58.847  -10.301 0.0000000000
90597  -52.961  -58.531  -11.621 0.0000000000
90598  -53.435  -58.502  -11.476 0.0000000000
90599  -52.775  -58.737  -11.106 0.0000000000
90600  -52.607  -58.964  -10.660 0.0000000000
90601  -52.093  -58.910  -10.736 0.0000000000
90602  -51.375  -59.073  -10.230 0.0000000000
90603  -51.522  -58.737  -10.681 0.0000000000
90604  -50.578  -57.907  -10.851 0.0000000000
90605  -50.482  -58.292  -10.490 0.0000000000
90606  -49.931  -57.948  -10.195 0.0000000000
90607  -49.187  -58.056  -9.491 0.0000000000
90608  -49.354  -57.644  -9.878 0.0000000000
90659  -53.501  -55.690  -15.632 0.0000000000
90660  -53.508  -55.973  -15.008 0.0000000000
90661  -52.849  -55.888  -15.034 0.0000000000
90662  -51.096  -53.881  -15.151 0.0000000000
90663  -51.658  -54.318  -15.539 0.0000000000
90664  -51.062  -54.365  -14.680 0.0000000000
90665  -50.352  -55.388  -12.630 0.0000000000
90666  -50.998  -55.335  -13.534 0.0000000000
90667  -50.972  -55.797  -13.030 0.0000000000
90668  -51.665  -56.140  -13.456 0.0000000000
90669  -50.914  -56.238  -12.574 0.0000000000
90670  -50.871  -56.674  -12.123 0.0000000000
90671  -50.269  -56.326  -11.734 0.0000000000
90672  -48.413  -56.180  -9.720 0.0000000000
90673  -49.010  -56.517  -10.124 0.0000000000
90674  -48.338  -56.658  -9.409 0.0000000000
90675  -48.220  -57.152  -9.075 0.0000000000
90676  -47.628  -56.882  -8.711 0.0000000000
90677  -46.886  -57.127  -8.138 0.0000000000
90678  -47.070  -56.627  -8.427 0.0000000000
90679  -45.905  -55.609  -8.150 0.0000000000
90680  -45.808  -56.144  -7.835 0.0000000000
90681  -45.158  -55.983  -7.618 0.0000000000
90682  -44.398  -56.409  -7.134 0.0000000000
90683  -44.450  -55.877  -7.438 0.0000000000
90684  -45.951  -53.617  -9.762 0.0000000000
90685  -45.955  -54.092  -9.282 0.0000000000
90686  -45.263  -53.913  -9.059 0.0000000000
90687  -43.075  -54.763  -8.166 0.0000000000
90688  -43.788  -54.737  -8.093 0.0000000000
90689  -43.073  -55.306  -7.765 0.0000000000
90690  -43.016  -55.826  -7.388 0.0000000000
90691  -42.334  -55.860  -7.535 0.0000000000
90692  -41.614  -56.544  -7.389 0.0000000000
90693  -41.675  -56.000  -7.774 0.0000000000
90694  -40.746  -55.932  -9.001 0.0000000000
90695  -40.708  -56.480  -8.618 0.0000000000
90696  -40.395  -56.806  -9.159 0.0000000000
90697  -40.189  -57.736  -9.367 0.0000000000
90698  -40.183  -57.168  -9.735 0.0000000000
90699  -46.932  -49.541  -13.513 0.0000000000
90700  -46.718  -50.270  -13.109 0.0000000000
90701  -46.230  -50.031  -12.819 0.0000000000
90703  -44.718  -50.737  -11.651 0.0000000000
90704  -43.921  -51.181  -11.192 0.0000000000
90705  -43.683  -51.743  -10.767 0.0000000000
90706  -43.086  -51.668  -10.882 0.0000000000
90710  -40.806  -53.195  -11.432 0.0000000000
90712  -41.181  -52.998  -10.952 0.0000000000
90713  -41.654  -52.876  -10.551 0.0000000000
90714  -41.066  -53.623  -10.565 0.0000000000
90715  -40.963  -54.202  -10.204 0.0000000000
90716  -40.566  -54.471  -10.686 0.0000000000
90717  -39.998  -56.749  -11.823 0.0000000000
90718  -40.032  -56.391  -11.111 0.0000000000
90719  -40.005  -57.313  -11.453 0.0000000000
90720  -40.025  -57.911  -11.066 0.0000000000
90721  -40.098  -58.336  -11.751 0.0000000000
90722  -40.323  -59.331  -12.028 0.0000000000
90723  -40.239  -58.778  -12.471 0.0000000000
93484  -47.003  -59.462  -7.033 0.0000000000
93485  -46.322  -59.802  -6.650 0.0000000000
93486  -46.374  -59.335  -6.804 0.0000000000
93487  -45.756  -59.187  -6.571 0.0000000000
93488  -45.125  -59.032  -6.320 0.0000000000
93489  -44.497  -58.948  -6.100 0.0000000000
93490  -45.198  -58.607  -6.518 0.0000000000
93491  -45.280  -58.194  -6.747 0.0000000000
93492  -45.386  -57.758  -6.975 0.0000000000
94568  -53.013  -60.112  -7.219 0.0000000000
94569  -52.824  -60.449  -7.461 0.0000000000
94570  -53.201  -59.862  -7.659 0.0000000000
94571  -53.371  -59.578  -8.085 0.0000000000
94572  -53.541  -59.314  -8.482 0.0000000000
97575  -40.561  -67.381  -6.247 0.0000000000
97576  -40.908  -67.824  -6.201 0.0000000000
97577  -40.612  -68.324  -6.568 0.0000000000
97578  -40.773  -69.298  -6.881 0.0000000000
97579  -41.030  -70.255  -7.240 0.0000000000
97580  -41.366  -71.105  -7.617 0.0000000000
97581  -40.924  -70.772  -7.698 0.0000000000
97582  -40.882  -71.287  -8.032 0.0000000000
97583  -40.805  -71.763  -8.418 0.0000000000
97584  -40.816  -72.266  -8.886 0.0000000000
97585  -40.499  -71.456  -8.511 0.0000000000
97586  -40.201  -70.954  -8.642 0.0000000000
97587  -39.924  -70.479  -8.779 0.0000000000
97588  -40.058  -61.599  -9.644 0.0000000000
97589  -40.062  -62.596  -9.991 0.0000000000
97590  -40.202  -62.044  -10.299 0.0000000000
97591  -40.409  -62.349  -10.906 0.0000000000
97592  -40.641  -62.783  -11.536 0.0000000000
97593  -40.800  -63.201  -12.196 0.0000000000
97594  -40.707  -62.269  -11.868 0.0000000000
97595  -40.751  -61.739  -12.161 0.0000000000
97596  -40.806  -61.278  -12.458 0.0000000000
97616  -50.321  -49.349  -16.847 0.0000000000
97617  -50.908  -49.736  -17.347 0.0000000000
97618  -50.306  -50.080  -16.496 0.0000000000
97619  -50.200  -50.805  -16.109 0.0000000000
97620  -50.104  -51.464  -15.736 0.0000000000
97621  -49.952  -52.094  -15.288 0.0000000000
97622  -49.353  -51.756  -14.860 0.0000000000
97623  -48.667  -52.002  -13.918 0.0000000000
97624  -47.985  -52.207  -13.063 0.0000000000
97625  -47.345  -52.379  -12.241 0.0000000000
97626  -47.443  -51.967  -12.755 0.0000000000
97627  -46.893  -51.678  -12.428 0.0000000000
97628  -46.320  -51.425  -12.212 0.0000000000
101890  -46.772  -63.221  -5.737 0.0000000000
101891  -46.354  -63.584  -5.676 0.0000000000
101892  -46.301  -63.187  -5.780 0.0000000000
101893  -45.753  -63.105  -5.777 0.0000000000
101894  -45.131  -63.034  -5.746 0.0000000000
101895  -43.682  -61.375  -5.536 0.0000000000
101896  -43.725  -61.848  -5.471 0.0000000000
101897  -43.054  -61.832  -5.338 0.0000000000
101898  -42.459  -62.382  -5.249 0.0000000000
101899  -41.937  -63.019  -5.212 0.0000000000
101900  -41.496  -63.709  -5.266 0.0000000000
101901  -41.393  -63.228  -5.280 0.0000000000
101902  -40.815  -63.591  -5.448 0.0000000000
101903  -40.316  -63.907  -5.701 0.0000000000
101904  -39.942  -64.322  -6.060 0.0000000000
101905  -40.248  -63.391  -5.768 0.0000000000
101906  -40.194  -62.900  -5.854 0.0000000000
101907  -40.179  -62.348  -5.917 0.0000000000
101908  -41.922  -59.037  -5.747 0.0000000000
101909  -41.252  -59.704  -5.736 0.0000000000
101910  -41.316  -59.217  -5.910 0.0000000000
101911  -40.805  -59.422  -6.199 0.0000000000
101912  -40.404  -59.714  -6.644 0.0000000000
101913  -40.075  -60.045  -7.172 0.0000000000
101914  -40.460  -59.254  -6.884 0.0000000000
101915  -40.522  -58.757  -7.200 0.0000000000
101916  -40.558  -58.256  -7.512 0.0000000000
105136  -51.598  -62.254  -4.941 0.0000000000
105137  -51.316  -62.412  -5.148 0.0000000000
105138  -50.944  -62.830  -5.019 0.0000000000
105139  -50.416  -63.252  -4.851 0.0000000000
105140  -49.943  -63.747  -4.860 0.0000000000
105141  -50.111  -63.403  -5.094 0.0000000000
105142  -49.723  -63.453  -5.258 0.0000000000
105143  -49.265  -63.397  -5.369 0.0000000000
105144  -48.788  -63.305  -5.477 0.0000000000
105145  -49.310  -63.065  -5.697 0.0000000000
105146  -49.333  -62.715  -5.988 0.0000000000
105147  -49.363  -62.382  -6.258 0.0000000000
105148  -51.129  -61.091  -8.016 0.0000000000
105149  -50.586  -61.296  -7.595 0.0000000000
105150  -50.631  -60.955  -7.968 0.0000000000
105151  -50.131  -60.744  -7.905 0.0000000000
105152  -49.623  -60.510  -7.784 0.0000000000
105153  -49.088  -60.298  -7.718 0.0000000000
105154  -49.722  -60.136  -8.236 0.0000000000
105155  -49.823  -59.740  -8.739 0.0000000000
105156  -49.964  -59.365  -9.102 0.0000000000
114167  -42.800  -69.321  -6.064 0.0000000000
114168  -43.177  -68.866  -5.890 0.0000000000
114169  -43.250  -69.614  -6.029 0.0000000000
114170  -43.724  -69.922  -6.033 0.0000000000
114193  -40.447  -73.968  -10.439 0.0000000000
114202  -39.126  -66.186  -7.960 0.0000000000
114203  -39.205  -67.372  -8.368 0.0000000000
114204  -39.133  -66.741  -8.510 0.0000000000
114205  -39.199  -67.273  -9.070 0.0000000000
114206  -39.273  -67.765  -9.555 0.0000000000
114207  -40.286  -66.691  -11.198 0.0000000000
114208  -39.997  -67.311  -10.941 0.0000000000
114209  -40.208  -67.619  -11.336 0.0000000000
114210  -40.113  -68.372  -11.570 0.0000000000
114264  -53.152  -58.162  -12.117 0.0000000000
114265  -52.403  -58.304  -11.680 0.0000000000
114266  -51.700  -58.437  -11.153 0.0000000000
114267  -51.834  -58.064  -11.641 0.0000000000
114268  -51.320  -57.905  -11.542 0.0000000000
114269  -50.727  -57.560  -11.262 0.0000000000
114289  -53.334  -51.368  -18.963 0.0000000000
114302  -49.778  -54.022  -13.245 0.0000000000
114303  -50.380  -54.435  -13.685 0.0000000000
114304  -49.752  -54.488  -12.727 0.0000000000
114305  -49.748  -54.924  -12.203 0.0000000000
114306  -49.703  -55.419  -11.730 0.0000000000
114307  -49.673  -55.926  -11.303 0.0000000000
114308  -49.064  -55.566  -10.863 0.0000000000
114309  -48.440  -55.666  -10.042 0.0000000000
114310  -47.815  -55.850  -9.321 0.0000000000
114311  -47.157  -56.082  -8.685 0.0000000000
114312  -47.212  -55.570  -9.037 0.0000000000
114313  -46.622  -55.307  -8.733 0.0000000000
114314  -45.929  -55.090  -8.500 0.0000000000
114315  -44.590  -53.314  -9.400 0.0000000000
114316  -44.542  -53.794  -8.940 0.0000000000
114317  -43.853  -53.738  -8.925 0.0000000000
114318  -43.128  -54.220  -8.549 0.0000000000
114319  -42.416  -54.829  -8.297 0.0000000000
114320  -41.716  -55.469  -8.163 0.0000000000
114321  -41.755  -54.929  -8.553 0.0000000000
114322  -41.202  -55.132  -8.930 0.0000000000
114323  -40.796  -55.360  -9.415 0.0000000000
114332  -40.582  -53.449  -11.976 0.0000000000
114333  -40.445  -54.175  -11.565 0.0000000000
114334  -40.352  -54.827  -11.232 0.0000000000
114335  -40.223  -55.094  -11.884 0.0000000000
114336  -40.076  -56.144  -12.193 0.0000000000
114337  -40.059  -57.119  -12.577 0.0000000000
114338  -40.208  -58.178  -12.873 0.0000000000
118288  -46.730  -61.595  -6.399 0.0000000000
118289  -46.172  -61.912  -6.184 0.0000000000
118290  -46.172  -61.386  -6.304 0.0000000000
118291  -45.571  -61.174  -6.195 0.0000000000
118292  -44.991  -61.013  -6.046 0.0000000000
118293  -45.657  -60.124  -6.345 0.0000000000
118294  -45.037  -60.508  -6.089 0.0000000000
118295  -44.336  -60.909  -5.809 0.0000000000
118296  -43.632  -60.894  -5.590 0.0000000000
118297  -42.997  -60.888  -5.389 0.0000000000
118298  -42.356  -60.946  -5.269 0.0000000000
118299  -41.756  -61.029  -5.285 0.0000000000
118300  -42.406  -60.404  -5.329 0.0000000000
118301  -42.423  -59.935  -5.435 0.0000000000
118302  -42.488  -59.432  -5.545 0.0000000000
118303  -43.828  -58.895  -5.887 0.0000000000
118304  -43.211  -58.887  -5.750 0.0000000000
118305  -42.585  -58.941  -5.695 0.0000000000
118306  -42.641  -58.474  -5.873 0.0000000000
118307  -42.693  -57.996  -6.100 0.0000000000
118308  -42.794  -57.492  -6.353 0.0000000000
120813  -52.816  -60.389  -6.047 0.0000000000
120814  -52.498  -60.977  -5.890 0.0000000000
120817  -51.584  -61.877  -6.166 0.0000000000
120818  -51.274  -62.041  -6.383 0.0000000000
120819  -50.848  -62.129  -6.581 0.0000000000
120820  -51.382  -61.807  -6.837 0.0000000000
120821  -51.491  -61.461  -7.222 0.0000000000
120822  -51.603  -61.256  -7.592 0.0000000000
120823  -52.566  -60.701  -7.741 0.0000000000
120824  -52.163  -60.950  -7.904 0.0000000000
120825  -51.658  -61.097  -8.002 0.0000000000
120826  -51.678  -60.853  -8.505 0.0000000000
120827  -51.827  -60.501  -8.894 0.0000000000
120828  -51.964  -60.149  -9.248 0.0000000000
127833  -42.518  -65.686  -5.385 0.0000000000
127834  -42.849  -66.168  -5.501 0.0000000000
127835  -42.362  -66.442  -5.504 0.0000000000
127836  -42.198  -67.287  -5.650 0.0000000000
127837  -42.191  -68.183  -5.855 0.0000000000
127838  -41.308  -68.242  -6.143 0.0000000000
127839  -41.804  -68.687  -6.109 0.0000000000
127840  -42.305  -69.026  -6.092 0.0000000000
127841  -42.549  -69.802  -6.305 0.0000000000
127842  -42.768  -70.464  -6.604 0.0000000000
127843  -43.124  -71.260  -6.879 0.0000000000
127845  -42.914  -71.795  -7.326 0.0000000000
127848  -41.771  -71.896  -7.989 0.0000000000
127849  -42.215  -72.644  -8.341 0.0000000000
127858  -40.791  -72.705  -9.314 0.0000000000
127859  -40.722  -73.157  -9.700 0.0000000000
127861  -40.237  -73.130  -10.113 0.0000000000
127862  -40.007  -72.621  -10.181 0.0000000000
127863  -39.830  -72.080  -10.300 0.0000000000
127864  -39.352  -63.989  -8.707 0.0000000000
127865  -39.258  -65.034  -9.084 0.0000000000
127866  -39.422  -64.410  -9.262 0.0000000000
127867  -39.617  -64.805  -9.845 0.0000000000
127868  -39.904  -65.221  -10.402 0.0000000000
127869  -40.077  -63.548  -10.286 0.0000000000
127870  -40.151  -64.584  -10.642 0.0000000000
127871  -40.260  -65.634  -10.960 0.0000000000
127872  -40.590  -66.044  -11.448 0.0000000000
127873  -40.807  -66.447  -11.956 0.0000000000
127874  -40.986  -66.686  -12.467 0.0000000000
127875  -41.130  -66.987  -13.007 0.0000000000
127876  -41.086  -66.177  -12.867 0.0000000000
127877  -41.152  -65.651  -13.265 0.0000000000
127879  -40.916  -63.728  -12.793 0.0000000000
127933  -51.531  -50.244  -17.844 0.0000000000
127934  -52.123  -50.694  -18.299 0.0000000000
127935  -52.696  -51.096  -18.640 0.0000000000
127936  -52.695  -51.750  -18.327 0.0000000000
127937  -52.588  -52.381  -17.827 0.0000000000
127938  -52.499  -53.075  -17.371 0.0000000000
127939  -52.399  -53.667  -16.938 0.0000000000
127940  -51.784  -53.315  -16.570 0.0000000000
127941  -51.175  -53.427  -15.698 0.0000000000
127942  -50.485  -53.457  -14.719 0.0000000000
127943  -49.891  -52.636  -14.834 0.0000000000
127944  -49.913  -53.079  -14.319 0.0000000000
127945  -49.836  -53.530  -13.756 0.0000000000
127946  -49.102  -53.610  -12.848 0.0000000000
127947  -48.479  -53.693  -11.967 0.0000000000
127948  -47.850  -53.820  -11.118 0.0000000000
127949  -47.233  -54.000  -10.321 0.0000000000
127950  -47.222  -53.579  -10.798 0.0000000000
127951  -46.579  -53.354  -10.529 0.0000000000
127952  -45.927  -53.153  -10.183 0.0000000000
127953  -46.670  -52.554  -11.437 0.0000000000
127954  -45.995  -52.731  -10.645 0.0000000000
127955  -45.347  -52.986  -9.999 0.0000000000
127956  -44.681  -52.859  -9.856 0.0000000000
127957  -44.032  -52.764  -9.821 0.0000000000
127958  -43.373  -52.735  -9.866 0.0000000000
137031  -45.611  -62.259  -5.971 0.0000000000
137032  -45.057  -62.581  -5.827 0.0000000000
137033  -44.525  -62.881  -5.624 0.0000000000
137034  -43.782  -62.306  -5.402 0.0000000000
137035  -43.872  -62.736  -5.432 0.0000000000
137036  -43.983  -63.291  -5.438 0.0000000000
137037  -43.489  -63.802  -5.342 0.0000000000
137038  -43.093  -64.352  -5.323 0.0000000000
137039  -42.749  -64.992  -5.363 0.0000000000
137040  -42.203  -65.260  -5.348 0.0000000000
137041  -41.622  -65.542  -5.481 0.0000000000
137042  -41.069  -65.979  -5.695 0.0000000000
137043  -41.105  -64.584  -5.450 0.0000000000
137044  -40.817  -65.507  -5.698 0.0000000000
137045  -40.631  -66.432  -5.958 0.0000000000
137046  -40.284  -66.872  -6.258 0.0000000000
137047  -40.047  -67.372  -6.613 0.0000000000
137048  -39.804  -67.872  -7.078 0.0000000000
137049  -39.706  -68.465  -7.588 0.0000000000
137050  -39.599  -67.416  -7.200 0.0000000000
137051  -39.416  -66.843  -7.272 0.0000000000
137052  -39.271  -66.230  -7.356 0.0000000000
137053  -39.612  -64.731  -6.440 0.0000000000
137054  -39.356  -65.172  -6.960 0.0000000000
137055  -39.206  -65.661  -7.470 0.0000000000
137056  -39.169  -65.118  -7.580 0.0000000000
137057  -39.160  -64.608  -7.725 0.0000000000
137058  -39.202  -64.084  -7.923 0.0000000000
137059  -41.160  -61.241  -5.463 0.0000000000
137060  -40.614  -61.492  -5.701 0.0000000000
137061  -40.185  -61.788  -6.023 0.0000000000
137062  -40.701  -60.394  -5.839 0.0000000000
137063  -40.220  -61.229  -6.134 0.0000000000
137064  -39.797  -62.197  -6.469 0.0000000000
137065  -39.555  -62.626  -6.966 0.0000000000
137066  -39.394  -63.043  -7.523 0.0000000000
137067  -39.340  -63.529  -8.108 0.0000000000
137068  -39.458  -62.988  -8.297 0.0000000000
137069  -39.587  -62.401  -8.502 0.0000000000
137070  -39.753  -61.721  -8.741 0.0000000000
137071  -39.860  -60.377  -7.742 0.0000000000
137072  -39.793  -60.801  -8.372 0.0000000000
137073  -39.901  -61.184  -9.026 0.0000000000
137074  -40.030  -60.703  -9.324 0.0000000000
137075  -40.146  -60.125  -9.629 0.0000000000
137076  -40.174  -59.660  -9.963 0.0000000000
137132  -49.764  -48.990  -16.381 0.0000000000
137133  -49.096  -49.425  -15.588 0.0000000000
137134  -48.552  -49.780  -14.889 0.0000000000
137135  -47.915  -50.173  -14.179 0.0000000000
143659  -51.442  -62.528  -4.515 0.0000000000
143660  -51.202  -62.870  -4.125 0.0000000000
143668  -49.405  -64.086  -4.839 0.0000000000
143674  -47.279  -64.176  -5.164 0.0000000000
143675  -47.306  -63.847  -5.282 0.0000000000
143676  -47.323  -63.579  -5.396 0.0000000000
143677  -48.267  -63.224  -5.487 0.0000000000
143678  -47.737  -63.207  -5.507 0.0000000000
143679  -47.269  -63.235  -5.618 0.0000000000
143680  -47.238  -62.908  -5.844 0.0000000000
143681  -47.253  -62.624  -6.064 0.0000000000
143682  -47.236  -62.179  -6.244 0.0000000000
143683  -50.459  -62.241  -6.579 0.0000000000
143684  -49.955  -62.216  -6.581 0.0000000000
143685  -49.420  -62.086  -6.542 0.0000000000
143686  -49.977  -61.494  -7.215 0.0000000000
143687  -49.415  -61.718  -6.851 0.0000000000
143688  -48.887  -61.997  -6.498 0.0000000000
143689  -48.375  -61.940  -6.435 0.0000000000
143690  -47.768  -61.845  -6.443 0.0000000000
143691  -47.236  -61.714  -6.425 0.0000000000
143692  -47.275  -61.213  -6.602 0.0000000000
143693  -47.380  -60.732  -6.759 0.0000000000
143694  -47.461  -60.213  -6.969 0.0000000000
143695  -48.535  -60.135  -7.539 0.0000000000
143696  -48.121  -59.904  -7.411 0.0000000000
143697  -47.566  -59.686  -7.243 0.0000000000
143698  -47.660  -59.173  -7.522 0.0000000000
143699  -47.715  -58.790  -7.803 0.0000000000
143700  -47.757  -58.434  -8.100 0.0000000000
161773  -43.189  -66.565  -5.567 0.0000000000
161774  -43.555  -66.943  -5.627 0.0000000000
161776  -43.496  -68.467  -5.827 0.0000000000
161845  -39.708  -68.970  -7.997 0.0000000000
161846  -39.733  -69.511  -8.476 0.0000000000
161847  -39.688  -69.984  -8.913 0.0000000000
161848  -39.343  -68.429  -8.745 0.0000000000
161849  -39.484  -69.426  -9.005 0.0000000000
161850  -39.688  -70.448  -9.284 0.0000000000
161851  -39.688  -70.929  -9.700 0.0000000000
161852  -39.667  -71.249  -10.086 0.0000000000
161853  -39.704  -71.512  -10.457 0.0000000000
161854  -39.269  -66.047  -9.467 0.0000000000
161855  -39.354  -67.160  -9.769 0.0000000000
161856  -39.437  -68.231  -10.042 0.0000000000
161857  -39.749  -67.914  -10.711 0.0000000000
161858  -39.542  -68.548  -10.498 0.0000000000
161859  -39.474  -69.170  -10.271 0.0000000000
161860  -39.498  -70.070  -10.494 0.0000000000
161861  -39.649  -70.910  -10.676 0.0000000000
161862  -39.727  -71.750  -10.865 0.0000000000
161958  -53.437  -59.268  -9.140 0.0000000000
161959  -52.964  -59.558  -9.352 0.0000000000
161960  -52.592  -59.677  -9.526 0.0000000000
161961  -52.162  -59.722  -9.626 0.0000000000
161966  -53.872  -58.302  -11.253 0.0000000000
161967  -53.609  -58.558  -10.805 0.0000000000
161968  -53.059  -58.970  -10.476 0.0000000000
161969  -52.382  -59.285  -10.136 0.0000000000
161970  -51.696  -59.638  -9.722 0.0000000000
161971  -51.208  -59.429  -9.693 0.0000000000
161972  -50.686  -59.223  -9.696 0.0000000000
161973  -50.154  -58.993  -9.546 0.0000000000
161974  -50.961  -58.510  -10.646 0.0000000000
161975  -50.316  -58.637  -10.027 0.0000000000
161976  -49.630  -58.720  -9.334 0.0000000000
161977  -49.044  -58.452  -9.065 0.0000000000
161978  -48.483  -58.243  -8.802 0.0000000000
161979  -47.924  -58.044  -8.486 0.0000000000
162043  -52.308  -54.258  -16.444 0.0000000000
162044  -52.195  -54.784  -15.897 0.0000000000
162045  -52.160  -55.214  -15.354 0.0000000000
162046  -50.978  -54.857  -14.096 0.0000000000
162047  -51.612  -55.294  -14.484 0.0000000000
162048  -52.228  -55.632  -14.842 0.0000000000
162049  -52.299  -56.032  -14.322 0.0000000000
162050  -52.335  -56.439  -13.725 0.0000000000
162051  -52.236  -56.884  -13.154 0.0000000000
162052  -51.482  -57.040  -12.450 0.0000000000
162053  -50.791  -57.118  -11.675 0.0000000000
162054  -50.176  -57.207  -10.931 0.0000000000
162055  -49.655  -56.394  -10.921 0.0000000000
162056  -49.605  -56.863  -10.534 0.0000000000
162057  -49.492  -57.305  -10.167 0.0000000000
162058  -48.774  -57.430  -9.414 0.0000000000
162059  -48.077  -57.621  -8.769 0.0000000000
162060  -47.331  -57.826  -8.153 0.0000000000
162061  -46.759  -57.625  -7.858 0.0000000000
162062  -46.145  -57.430  -7.595 0.0000000000
162063  -45.560  -57.228  -7.295 0.0000000000
162064  -46.460  -56.377  -8.091 0.0000000000
162065  -45.714  -56.685  -7.559 0.0000000000
162066  -44.957  -57.073  -7.048 0.0000000000
162067  -44.327  -56.959  -6.831 0.0000000000
162068  -43.583  -56.914  -6.650 0.0000000000
162069  -42.874  -56.947  -6.659 0.0000000000
162070  -46.600  -54.301  -9.541 0.0000000000
162071  -45.960  -54.594  -8.872 0.0000000000
162072  -45.238  -54.923  -8.313 0.0000000000
162073  -44.507  -54.282  -8.510 0.0000000000
162074  -44.515  -54.786  -8.137 0.0000000000
162075  -44.509  -55.326  -7.800 0.0000000000
162076  -43.708  -55.837  -7.351 0.0000000000
162077  -42.961  -56.391  -7.033 0.0000000000
162078  -42.205  -57.015  -6.820 0.0000000000
162079  -41.603  -57.111  -7.047 0.0000000000
162080  -41.034  -57.338  -7.395 0.0000000000
162081  -40.622  -57.626  -7.844 0.0000000000
162082  -41.116  -56.218  -8.148 0.0000000000
162083  -40.681  -57.031  -8.227 0.0000000000
162084  -40.320  -57.981  -8.400 0.0000000000
162085  -40.206  -58.341  -9.013 0.0000000000
162086  -40.157  -58.723  -9.623 0.0000000000
162087  -40.156  -59.083  -10.311 0.0000000000
162088  -47.240  -50.547  -13.428 0.0000000000
162089  -46.532  -50.898  -12.683 0.0000000000
162090  -45.792  -51.215  -11.981 0.0000000000
162091  -45.500  -50.322  -12.203 0.0000000000
162092  -45.270  -50.987  -11.753 0.0000000000
162093  -45.108  -51.520  -11.289 0.0000000000
162094  -44.330  -51.837  -10.720 0.0000000000
162095  -43.542  -52.239  -10.316 0.0000000000
162096  -42.739  -52.734  -10.001 0.0000000000
162104  -42.164  -52.773  -10.235 0.0000000000
162105  -42.000  -53.310  -9.789 0.0000000000
162106  -41.394  -53.997  -9.748 0.0000000000
162107  -40.871  -54.779  -9.830 0.0000000000
162108  -40.450  -55.684  -9.912 0.0000000000
162109  -40.251  -55.420  -10.896 0.0000000000
162110  -40.179  -56.002  -10.520 0.0000000000
162111  -40.169  -56.575  -10.112 0.0000000000
162112  -40.060  -57.516  -10.400 0.0000000000
162113  -40.091  -58.475  -10.663 0.0000000000
162114  -40.178  -59.421  -10.967 0.0000000000
162115  -40.384  -59.902  -11.627 0.0000000000
162116  -40.610  -60.306  -12.195 0.0000000000
162117  -40.831  -60.683  -12.870 0.0000000000
162118  -40.489  -59.131  -13.125 0.0000000000
162119  -40.814  -60.053  -13.316 0.0000000000
162120  -41.087  -61.081  -13.479 0.0000000000
