#!ascii label  , from subject fsaverage vox2ras=TkReg
1000
67  -39.748  -49.713  35.014 0.0000000000
410  -34.112  -58.355  37.116 0.0000000000
922  -36.689  -49.777  33.053 0.0000000000
923  -37.094  -54.381  34.504 0.0000000000
924  -40.573  -54.234  35.450 0.0000000000
1489  -41.752  -49.580  37.768 0.0000000000
1490  -43.329  -53.648  37.712 0.0000000000
1917  -33.297  -54.376  34.454 0.0000000000
1918  -36.818  -58.401  38.246 0.0000000000
2041  -47.734  -44.493  42.540 0.0000000000
2094  -40.380  -45.644  35.760 0.0000000000
2095  -42.949  -45.445  38.104 0.0000000000
2096  -45.147  -45.205  40.563 0.0000000000
2842  -38.395  -49.745  33.800 0.0000000000
2843  -38.864  -51.928  33.881 0.0000000000
2844  -40.486  -51.784  34.838 0.0000000000
4209  -32.930  -52.239  33.376 0.0000000000
4210  -38.482  -56.523  36.722 0.0000000000
4211  -36.822  -56.364  36.405 0.0000000000
4212  -37.969  -58.182  38.791 0.0000000000
4213  -37.882  -60.524  40.535 0.0000000000
4216  -43.559  -55.810  38.059 0.0000000000
4480  -46.790  -42.991  41.657 0.0000000000
4608  -41.761  -45.473  36.704 0.0000000000
4611  -44.097  -43.793  40.017 0.0000000000
4612  -45.482  -43.509  40.756 0.0000000000
4613  -46.439  -44.930  41.522 0.0000000000
5175  -32.234  -56.154  36.107 0.0000000000
5176  -30.287  -56.289  36.804 0.0000000000
5177  -32.214  -58.374  37.012 0.0000000000
6268  -34.616  -49.891  32.794 0.0000000000
6269  -35.027  -52.126  33.138 0.0000000000
6270  -37.009  -52.037  33.330 0.0000000000
6271  -38.897  -54.412  34.908 0.0000000000
6272  -40.264  -56.641  36.984 0.0000000000
7315  -40.623  -49.703  36.449 0.0000000000
7316  -41.670  -51.636  36.169 0.0000000000
7317  -42.525  -51.671  37.727 0.0000000000
8357  -33.948  -56.166  35.853 0.0000000000
8358  -35.246  -54.285  34.375 0.0000000000
8359  -35.428  -56.323  35.952 0.0000000000
8360  -35.545  -58.525  37.545 0.0000000000
8361  -36.910  -60.891  39.519 0.0000000000
8364  -42.192  -53.908  36.417 0.0000000000
8365  -42.035  -56.436  37.371 0.0000000000
8695  -48.376  -46.110  43.293 0.0000000000
8840  -36.748  -47.611  33.567 0.0000000000
8841  -38.296  -47.688  34.584 0.0000000000
8849  -38.610  -45.642  35.058 0.0000000000
8850  -39.602  -47.663  35.750 0.0000000000
8851  -41.024  -47.623  36.571 0.0000000000
8852  -42.672  -47.592  37.588 0.0000000000
8853  -43.945  -47.621  38.772 0.0000000000
8854  -42.712  -43.917  39.323 0.0000000000
8855  -43.963  -45.429  39.485 0.0000000000
8856  -45.034  -47.370  40.106 0.0000000000
8857  -46.114  -47.034  41.289 0.0000000000
8858  -47.233  -46.565  42.310 0.0000000000
10522  -39.127  -49.686  34.365 0.0000000000
10523  -39.473  -50.736  34.262 0.0000000000
10524  -40.106  -50.667  34.832 0.0000000000
11889  -32.713  -51.154  33.168 0.0000000000
11890  -39.076  -57.546  37.926 0.0000000000
11891  -38.241  -57.419  37.725 0.0000000000
11892  -38.775  -58.307  39.010 0.0000000000
11893  -38.532  -59.092  40.084 0.0000000000
12160  -46.329  -42.224  41.227 0.0000000000
12161  -47.103  -42.227  41.924 0.0000000000
12162  -46.600  -41.506  41.496 0.0000000000
12290  -45.022  -41.689  40.266 0.0000000000
12291  -44.966  -42.737  40.392 0.0000000000
12292  -45.650  -42.471  40.768 0.0000000000
12293  -46.122  -43.268  41.146 0.0000000000
12855  -33.207  -57.239  36.533 0.0000000000
12856  -32.162  -57.298  36.578 0.0000000000
12857  -33.134  -58.283  37.051 0.0000000000
14287  -35.675  -49.803  32.839 0.0000000000
14288  -35.838  -50.936  32.918 0.0000000000
14289  -36.832  -50.858  33.148 0.0000000000
14290  -39.811  -53.081  34.610 0.0000000000
14291  -39.010  -53.162  34.247 0.0000000000
14292  -39.764  -54.371  35.162 0.0000000000
14293  -39.600  -55.544  35.867 0.0000000000
14294  -40.465  -55.471  36.085 0.0000000000
16087  -41.130  -49.682  37.164 0.0000000000
16088  -41.505  -50.726  37.062 0.0000000000
16089  -41.996  -50.684  37.786 0.0000000000
18385  -32.079  -53.289  34.114 0.0000000000
18387  -32.385  -54.385  34.617 0.0000000000
18388  -32.772  -55.247  35.192 0.0000000000
18389  -33.560  -55.336  35.046 0.0000000000
18390  -36.163  -53.241  33.640 0.0000000000
18391  -35.176  -53.242  33.646 0.0000000000
18392  -36.184  -54.320  34.347 0.0000000000
18393  -36.750  -57.264  37.293 0.0000000000
18394  -36.050  -56.311  36.115 0.0000000000
18395  -36.195  -57.283  37.030 0.0000000000
18396  -35.561  -57.366  36.852 0.0000000000
18397  -36.228  -58.497  37.881 0.0000000000
18398  -36.280  -59.788  38.516 0.0000000000
18399  -36.830  -59.629  38.948 0.0000000000
18401  -37.978  -61.810  41.127 0.0000000000
18405  -42.620  -52.626  36.903 0.0000000000
18406  -42.065  -52.674  36.197 0.0000000000
18407  -42.837  -53.783  37.044 0.0000000000
18408  -43.527  -57.058  38.573 0.0000000000
18409  -42.880  -56.150  37.674 0.0000000000
18410  -42.677  -57.437  38.450 0.0000000000
18411  -41.715  -57.620  38.271 0.0000000000
19195  -47.991  -45.336  42.867 0.0000000000
19196  -48.792  -45.341  43.633 0.0000000000
19197  -48.527  -44.567  43.248 0.0000000000
19552  -36.841  -46.700  34.014 0.0000000000
19553  -37.586  -47.632  34.082 0.0000000000
19554  -37.645  -46.649  34.356 0.0000000000
19573  -39.655  -44.812  35.827 0.0000000000
19575  -39.496  -45.621  35.381 0.0000000000
19576  -39.202  -46.601  35.303 0.0000000000
19577  -39.988  -46.623  35.616 0.0000000000
19578  -40.241  -47.629  36.212 0.0000000000
19579  -40.780  -46.632  36.021 0.0000000000
19580  -42.372  -45.454  37.361 0.0000000000
19581  -42.341  -46.529  37.010 0.0000000000
19582  -42.973  -46.494  37.616 0.0000000000
19583  -43.342  -47.645  38.135 0.0000000000
19584  -43.490  -46.442  38.291 0.0000000000
19587  -42.803  -43.089  39.434 0.0000000000
19588  -44.565  -44.466  40.321 0.0000000000
19589  -43.954  -44.589  39.874 0.0000000000
19590  -44.570  -45.378  40.027 0.0000000000
19591  -44.550  -46.347  39.660 0.0000000000
19592  -45.110  -46.228  40.281 0.0000000000
19593  -45.539  -47.210  40.701 0.0000000000
19594  -45.671  -46.101  40.811 0.0000000000
19595  -47.042  -44.750  42.025 0.0000000000
19596  -46.835  -45.718  41.845 0.0000000000
19597  -47.401  -45.516  42.326 0.0000000000
19598  -47.759  -46.360  42.744 0.0000000000
21288  -30.472  -57.352  37.080 0.0000000000
23548  -37.594  -49.710  33.336 0.0000000000
23549  -37.777  -50.811  33.403 0.0000000000
23550  -38.649  -50.774  33.807 0.0000000000
23551  -39.707  -51.894  34.312 0.0000000000
23552  -40.632  -52.989  35.054 0.0000000000
24628  -42.474  -49.611  38.336 0.0000000000
26008  -31.861  -52.226  33.731 0.0000000000
26009  -33.069  -53.305  33.845 0.0000000000
26010  -37.832  -55.480  35.555 0.0000000000
26011  -36.974  -55.413  35.415 0.0000000000
26012  -37.628  -56.442  36.542 0.0000000000
26013  -37.429  -57.288  37.562 0.0000000000
26014  -37.356  -58.272  38.536 0.0000000000
26015  -37.361  -59.451  39.357 0.0000000000
26016  -37.879  -59.270  39.752 0.0000000000
26017  -38.407  -60.238  41.002 0.0000000000
26020  -43.575  -54.800  37.890 0.0000000000
26494  -47.337  -43.716  42.123 0.0000000000
26495  -48.182  -43.709  42.830 0.0000000000
26496  -47.642  -42.956  42.421 0.0000000000
26723  -40.473  -44.762  36.237 0.0000000000
26724  -41.100  -45.530  36.142 0.0000000000
26725  -41.099  -44.748  36.735 0.0000000000
26726  -41.685  -44.740  37.410 0.0000000000
26727  -42.258  -44.722  38.062 0.0000000000
26728  -43.618  -42.014  39.525 0.0000000000
26729  -43.503  -42.988  39.718 0.0000000000
26730  -44.258  -42.916  40.048 0.0000000000
26731  -44.802  -43.684  40.329 0.0000000000
26732  -45.260  -44.346  40.686 0.0000000000
26733  -45.792  -45.021  41.020 0.0000000000
26734  -45.978  -44.200  41.135 0.0000000000
26735  -46.675  -44.037  41.593 0.0000000000
27747  -30.993  -55.219  35.853 0.0000000000
27748  -30.043  -55.227  36.340 0.0000000000
27749  -31.171  -56.232  36.384 0.0000000000
27750  -31.206  -57.350  36.740 0.0000000000
29986  -33.526  -49.920  32.873 0.0000000000
29987  -33.770  -51.068  32.982 0.0000000000
29988  -34.822  -51.001  32.902 0.0000000000
29989  -36.053  -52.090  33.202 0.0000000000
29990  -37.114  -53.255  33.802 0.0000000000
29991  -37.921  -51.968  33.586 0.0000000000
29992  -38.057  -53.192  33.963 0.0000000000
29993  -37.967  -54.332  34.635 0.0000000000
29994  -38.693  -55.525  35.717 0.0000000000
29995  -39.359  -56.626  36.823 0.0000000000
29996  -39.931  -57.649  38.078 0.0000000000
31341  -34.980  -59.652  37.865 0.0000000000
32473  -40.174  -49.662  35.688 0.0000000000
32474  -40.705  -50.662  35.538 0.0000000000
32475  -41.118  -50.639  36.292 0.0000000000
32476  -42.056  -51.603  36.944 0.0000000000
32477  -43.028  -52.644  37.653 0.0000000000
35355  -31.807  -55.214  35.448 0.0000000000
35356  -33.077  -56.149  35.959 0.0000000000
35357  -34.090  -57.258  36.540 0.0000000000
35358  -34.019  -52.172  33.190 0.0000000000
35359  -34.140  -53.259  33.712 0.0000000000
35360  -34.254  -54.269  34.338 0.0000000000
35361  -36.092  -55.348  35.229 0.0000000000
35362  -35.282  -55.297  35.096 0.0000000000
35363  -34.430  -55.316  35.040 0.0000000000
35364  -34.764  -56.240  35.848 0.0000000000
35365  -34.938  -57.252  36.667 0.0000000000
35366  -34.885  -58.411  37.254 0.0000000000
35367  -35.634  -59.734  38.191 0.0000000000
35368  -36.355  -60.981  39.093 0.0000000000
35369  -36.965  -62.094  40.045 0.0000000000
35370  -37.442  -60.754  40.069 0.0000000000
35371  -37.494  -62.020  40.557 0.0000000000
35372  -37.439  -63.253  41.138 0.0000000000
35376  -41.114  -51.719  35.450 0.0000000000
35377  -41.388  -52.879  35.583 0.0000000000
35378  -41.459  -54.135  35.882 0.0000000000
35379  -42.896  -54.951  37.229 0.0000000000
35380  -42.215  -55.219  36.780 0.0000000000
35381  -41.381  -55.410  36.379 0.0000000000
35382  -41.130  -56.619  37.149 0.0000000000
35383  -40.833  -57.672  38.164 0.0000000000
35384  -40.493  -58.516  39.404 0.0000000000
36337  -49.002  -47.038  43.868 0.0000000000
36765  -35.743  -48.660  33.003 0.0000000000
36767  -35.834  -47.645  33.347 0.0000000000
36768  -36.704  -48.617  33.231 0.0000000000
36769  -37.565  -48.611  33.642 0.0000000000
36770  -38.296  -48.674  34.168 0.0000000000
36771  -38.926  -48.680  34.787 0.0000000000
36795  -37.750  -45.656  34.702 0.0000000000
36796  -38.402  -46.602  34.828 0.0000000000
36797  -38.968  -47.682  35.147 0.0000000000
36798  -39.512  -48.736  35.475 0.0000000000
36799  -39.961  -48.708  36.110 0.0000000000
36800  -40.523  -48.646  36.723 0.0000000000
36801  -41.269  -48.566  37.243 0.0000000000
36802  -41.550  -46.535  36.455 0.0000000000
36803  -41.889  -47.565  37.072 0.0000000000
36804  -42.098  -48.546  37.699 0.0000000000
36805  -42.820  -48.618  38.290 0.0000000000
36806  -43.526  -48.695  38.845 0.0000000000
36810  -42.790  -44.685  38.799 0.0000000000
36811  -43.378  -43.853  39.675 0.0000000000
36812  -43.316  -44.646  39.386 0.0000000000
36813  -43.432  -45.474  38.853 0.0000000000
36814  -44.034  -46.427  38.994 0.0000000000
36815  -44.482  -47.505  39.468 0.0000000000
36820  -46.235  -45.932  41.398 0.0000000000
36821  -46.688  -46.809  41.774 0.0000000000
41242  -39.464  -49.689  34.651 0.0000000000
41243  -39.632  -50.184  34.573 0.0000000000
41244  -39.938  -50.180  34.900 0.0000000000
42610  -39.382  -57.997  38.565 0.0000000000
42611  -38.982  -57.932  38.464 0.0000000000
42612  -39.211  -58.359  39.132 0.0000000000
42613  -39.057  -58.723  39.663 0.0000000000
42881  -46.471  -41.857  41.355 0.0000000000
43011  -45.353  -42.078  40.534 0.0000000000
43012  -45.715  -42.003  40.757 0.0000000000
43013  -46.009  -42.405  40.992 0.0000000000
43575  -33.667  -57.782  36.818 0.0000000000
43576  -33.136  -57.773  36.811 0.0000000000
43577  -33.664  -58.355  37.142 0.0000000000
45007  -36.183  -49.787  32.942 0.0000000000
45008  -36.240  -50.333  32.975 0.0000000000
45009  -36.783  -50.302  33.085 0.0000000000
45010  -40.207  -53.686  35.026 0.0000000000
45011  -39.808  -53.745  34.856 0.0000000000
45012  -40.174  -54.309  35.292 0.0000000000
45013  -40.111  -54.927  35.627 0.0000000000
45014  -40.543  -54.869  35.732 0.0000000000
45975  -36.585  -62.688  40.157 0.0000000000
46807  -41.418  -49.626  37.479 0.0000000000
46808  -41.539  -50.167  37.469 0.0000000000
46809  -41.842  -50.140  37.801 0.0000000000
49105  -32.677  -53.839  34.250 0.0000000000
49106  -32.219  -53.842  34.370 0.0000000000
49107  -32.824  -54.343  34.506 0.0000000000
49108  -32.988  -54.855  34.789 0.0000000000
49109  -33.431  -54.858  34.740 0.0000000000
49110  -36.651  -53.804  34.021 0.0000000000
49111  -36.192  -53.803  33.970 0.0000000000
49112  -36.647  -54.361  34.419 0.0000000000
49113  -36.798  -57.795  37.790 0.0000000000
49114  -36.487  -57.284  37.168 0.0000000000
49115  -36.516  -57.849  37.641 0.0000000000
49116  -36.218  -57.881  37.474 0.0000000000
49117  -36.530  -58.462  38.067 0.0000000000
49118  -36.537  -59.064  38.443 0.0000000000
49119  -36.817  -59.029  38.645 0.0000000000
49125  -42.989  -53.161  37.288 0.0000000000
49126  -42.724  -53.188  36.929 0.0000000000
49127  -43.087  -53.697  37.378 0.0000000000
49128  -43.466  -57.718  38.920 0.0000000000
49129  -43.115  -57.252  38.499 0.0000000000
49131  -42.527  -58.019  38.908 0.0000000000
49915  -47.864  -44.903  42.710 0.0000000000
49916  -48.254  -44.952  43.056 0.0000000000
49917  -48.145  -44.516  42.883 0.0000000000
50273  -37.189  -46.661  34.186 0.0000000000
50274  -37.260  -46.181  34.345 0.0000000000
50293  -40.027  -45.208  35.762 0.0000000000
50294  -39.603  -45.205  35.570 0.0000000000
50295  -39.940  -45.619  35.567 0.0000000000
50296  -39.777  -46.103  35.454 0.0000000000
50297  -40.224  -46.106  35.639 0.0000000000
50298  -40.404  -46.617  35.808 0.0000000000
50299  -40.638  -46.097  35.822 0.0000000000
50300  -42.649  -45.464  37.721 0.0000000000
50301  -42.704  -45.966  37.422 0.0000000000
50302  -42.992  -45.931  37.766 0.0000000000
50303  -43.245  -46.468  37.953 0.0000000000
50304  -43.244  -45.878  38.158 0.0000000000
50307  -42.890  -42.617  39.365 0.0000000000
50308  -44.829  -44.821  40.466 0.0000000000
50309  -44.506  -44.877  40.205 0.0000000000
50310  -44.854  -45.291  40.296 0.0000000000
50311  -44.856  -45.813  40.157 0.0000000000
50312  -45.137  -45.713  40.395 0.0000000000
50313  -45.368  -46.166  40.514 0.0000000000
50314  -45.421  -45.650  40.674 0.0000000000
50315  -47.382  -44.643  42.269 0.0000000000
50316  -47.222  -45.139  42.185 0.0000000000
50317  -47.529  -44.974  42.447 0.0000000000
50318  -47.696  -45.452  42.634 0.0000000000
54607  -37.952  -49.705  33.561 0.0000000000
54608  -38.084  -50.241  33.546 0.0000000000
54609  -38.521  -50.247  33.760 0.0000000000
54610  -39.985  -51.269  34.546 0.0000000000
54611  -39.587  -51.305  34.272 0.0000000000
54612  -40.087  -51.852  34.573 0.0000000000
54613  -40.201  -52.435  34.649 0.0000000000
54614  -40.597  -52.372  34.894 0.0000000000
58705  -32.280  -51.701  33.425 0.0000000000
58707  -32.392  -52.231  33.526 0.0000000000
58708  -32.451  -52.791  33.737 0.0000000000
58709  -33.009  -52.763  33.588 0.0000000000
58710  -38.170  -56.035  36.145 0.0000000000
58711  -37.746  -55.980  36.071 0.0000000000
58712  -38.075  -56.526  36.665 0.0000000000
58713  -38.130  -57.773  38.267 0.0000000000
58714  -37.833  -57.320  37.642 0.0000000000
58715  -37.730  -57.725  38.159 0.0000000000
58716  -37.351  -57.745  38.057 0.0000000000
58717  -37.641  -58.214  38.671 0.0000000000
58718  -37.619  -58.778  39.160 0.0000000000
58719  -37.876  -58.664  39.299 0.0000000000
58720  -38.821  -59.574  40.733 0.0000000000
58721  -38.447  -59.641  40.570 0.0000000000
58722  -38.736  -60.097  41.191 0.0000000000
59515  -47.060  -43.352  41.889 0.0000000000
59516  -47.508  -43.315  42.303 0.0000000000
59517  -47.191  -42.976  42.056 0.0000000000
59518  -47.308  -41.886  42.014 0.0000000000
59519  -47.557  -42.250  42.271 0.0000000000
59520  -47.747  -41.909  42.373 0.0000000000
59896  -40.097  -44.465  36.391 0.0000000000
59897  -40.463  -44.441  36.600 0.0000000000
59898  -40.804  -44.756  36.453 0.0000000000
59901  -41.385  -44.463  37.484 0.0000000000
59902  -41.676  -44.470  37.726 0.0000000000
59903  -41.981  -44.697  37.681 0.0000000000
59905  -43.991  -41.948  39.732 0.0000000000
59906  -43.940  -42.463  39.824 0.0000000000
59907  -44.306  -42.391  39.981 0.0000000000
59908  -45.235  -43.143  40.602 0.0000000000
59909  -44.908  -43.253  40.443 0.0000000000
59910  -45.157  -43.618  40.549 0.0000000000
59911  -45.043  -44.008  40.473 0.0000000000
59912  -45.394  -43.961  40.717 0.0000000000
59913  -45.626  -44.280  40.932 0.0000000000
59914  -45.728  -43.860  40.935 0.0000000000
59915  -46.502  -43.158  41.401 0.0000000000
59916  -46.414  -43.612  41.342 0.0000000000
59917  -46.786  -43.523  41.599 0.0000000000
59918  -46.990  -43.904  41.829 0.0000000000
61605  -31.623  -55.689  35.963 0.0000000000
61606  -31.103  -55.719  36.149 0.0000000000
61607  -31.694  -56.214  36.260 0.0000000000
61608  -32.130  -57.856  36.803 0.0000000000
61609  -31.673  -57.325  36.634 0.0000000000
61610  -31.686  -57.846  36.860 0.0000000000
61611  -31.304  -57.908  36.956 0.0000000000
65902  -34.060  -49.895  32.817 0.0000000000
65903  -34.156  -50.436  32.853 0.0000000000
65904  -34.707  -50.429  32.832 0.0000000000
65905  -36.437  -51.507  33.125 0.0000000000
65906  -35.951  -51.520  33.057 0.0000000000
65907  -36.546  -52.085  33.256 0.0000000000
65908  -36.622  -52.665  33.435 0.0000000000
65909  -37.096  -52.625  33.508 0.0000000000
65910  -38.307  -51.359  33.644 0.0000000000
65911  -37.844  -51.386  33.488 0.0000000000
65912  -38.372  -51.955  33.714 0.0000000000
65913  -38.969  -53.798  34.554 0.0000000000
65914  -38.545  -53.204  34.104 0.0000000000
65915  -38.504  -53.818  34.419 0.0000000000
65916  -38.018  -53.753  34.265 0.0000000000
65917  -38.429  -54.375  34.762 0.0000000000
65918  -38.334  -54.939  35.160 0.0000000000
65919  -38.794  -54.987  35.284 0.0000000000
65920  -39.934  -56.104  36.410 0.0000000000
65921  -39.487  -56.101  36.313 0.0000000000
65922  -39.814  -56.666  36.879 0.0000000000
65923  -39.659  -57.166  37.424 0.0000000000
65924  -40.118  -57.177  37.511 0.0000000000
68805  -35.365  -60.287  38.302 0.0000000000
71302  -40.411  -49.666  36.058 0.0000000000
71303  -40.674  -50.142  35.969 0.0000000000
71304  -40.879  -50.136  36.340 0.0000000000
71305  -42.008  -51.204  37.390 0.0000000000
71306  -41.773  -51.172  36.997 0.0000000000
71307  -42.303  -51.663  37.333 0.0000000000
71308  -42.609  -52.150  37.286 0.0000000000
71309  -42.809  -52.158  37.661 0.0000000000
78204  -31.638  -54.803  35.145 0.0000000000
78205  -33.385  -55.679  35.508 0.0000000000
78206  -32.953  -55.685  35.586 0.0000000000
78207  -33.524  -56.157  35.905 0.0000000000
78208  -33.607  -56.664  36.240 0.0000000000
78209  -34.022  -56.723  36.230 0.0000000000
78210  -34.425  -51.614  33.040 0.0000000000
78211  -33.885  -51.625  33.080 0.0000000000
78212  -34.519  -52.170  33.185 0.0000000000
78213  -35.220  -53.766  33.981 0.0000000000
78214  -34.653  -53.244  33.679 0.0000000000
78215  -34.695  -53.749  34.011 0.0000000000
78216  -34.172  -53.761  34.030 0.0000000000
78217  -34.748  -54.252  34.352 0.0000000000
78218  -36.885  -55.907  35.950 0.0000000000
78219  -36.530  -55.382  35.327 0.0000000000
78220  -36.457  -55.854  35.796 0.0000000000
78221  -35.744  -56.348  36.023 0.0000000000
78222  -35.656  -55.818  35.577 0.0000000000
78223  -35.321  -55.835  35.517 0.0000000000
78224  -34.866  -55.316  35.068 0.0000000000
78225  -34.977  -55.790  35.465 0.0000000000
78226  -34.587  -55.791  35.426 0.0000000000
78227  -35.102  -56.270  35.893 0.0000000000
78228  -35.548  -57.934  37.231 0.0000000000
78229  -35.206  -57.299  36.759 0.0000000000
78230  -35.223  -57.894  37.091 0.0000000000
78231  -34.941  -57.847  36.963 0.0000000000
78232  -35.216  -58.496  37.356 0.0000000000
78233  -35.270  -59.139  37.720 0.0000000000
78234  -35.571  -59.124  37.868 0.0000000000
78235  -36.596  -60.354  38.996 0.0000000000
78236  -36.312  -60.382  38.812 0.0000000000
78237  -36.617  -60.934  39.273 0.0000000000
78238  -36.656  -61.531  39.562 0.0000000000
78239  -36.947  -61.489  39.779 0.0000000000
78240  -37.616  -60.009  39.953 0.0000000000
78241  -37.364  -60.105  39.730 0.0000000000
78242  -37.635  -60.715  40.344 0.0000000000
78243  -38.022  -62.423  41.323 0.0000000000
78244  -37.747  -61.929  40.824 0.0000000000
78245  -37.798  -62.549  41.049 0.0000000000
78246  -37.489  -62.668  40.798 0.0000000000
78255  -41.146  -51.188  35.824 0.0000000000
78256  -40.871  -51.178  35.459 0.0000000000
78257  -41.401  -51.691  35.782 0.0000000000
78258  -42.145  -53.279  36.281 0.0000000000
78259  -41.753  -52.785  35.880 0.0000000000
78260  -41.810  -53.406  36.020 0.0000000000
78261  -41.438  -53.482  35.737 0.0000000000
78262  -41.854  -54.056  36.203 0.0000000000
78263  -43.570  -55.292  37.948 0.0000000000
78264  -43.228  -54.862  37.517 0.0000000000
78265  -43.210  -55.382  37.619 0.0000000000
78266  -42.469  -56.389  37.550 0.0000000000
78267  -42.540  -55.712  37.236 0.0000000000
78268  -42.142  -55.842  37.037 0.0000000000
78269  -41.803  -55.334  36.547 0.0000000000
78270  -41.719  -55.944  36.855 0.0000000000
78271  -41.265  -56.007  36.709 0.0000000000
78272  -41.575  -56.544  37.253 0.0000000000
78273  -41.553  -58.132  38.814 0.0000000000
78274  -41.273  -57.657  38.216 0.0000000000
78275  -41.096  -58.156  38.816 0.0000000000
78276  -40.656  -58.125  38.770 0.0000000000
80620  -48.645  -46.576  43.532 0.0000000000
80622  -48.797  -46.189  43.656 0.0000000000
80623  -49.072  -44.995  43.772 0.0000000000
80624  -49.248  -45.428  43.919 0.0000000000
81684  -35.280  -48.139  33.057 0.0000000000
81690  -36.331  -47.621  33.451 0.0000000000
81691  -36.301  -48.110  33.264 0.0000000000
81692  -36.752  -48.086  33.408 0.0000000000
81693  -37.138  -48.598  33.425 0.0000000000
81694  -37.149  -48.118  33.574 0.0000000000
81695  -37.963  -47.662  34.336 0.0000000000
81696  -37.948  -48.152  34.128 0.0000000000
81697  -38.285  -48.172  34.401 0.0000000000
81698  -38.625  -48.678  34.467 0.0000000000
81699  -38.584  -48.179  34.681 0.0000000000
81758  -38.277  -45.215  35.049 0.0000000000
81759  -37.829  -45.210  34.929 0.0000000000
81760  -38.149  -45.643  34.885 0.0000000000
81761  -38.102  -46.105  34.694 0.0000000000
81762  -38.477  -46.109  34.930 0.0000000000
81763  -39.410  -47.145  35.534 0.0000000000
81764  -39.043  -47.127  35.264 0.0000000000
81765  -39.274  -47.656  35.478 0.0000000000
81766  -39.190  -48.212  35.339 0.0000000000
81767  -39.524  -48.165  35.675 0.0000000000
81768  -39.765  -48.714  35.766 0.0000000000
81769  -39.763  -48.174  35.938 0.0000000000
81770  -40.620  -47.589  36.356 0.0000000000
81771  -40.365  -48.115  36.473 0.0000000000
81772  -40.736  -48.121  36.680 0.0000000000
81773  -40.900  -48.633  36.988 0.0000000000
81774  -41.143  -48.076  36.917 0.0000000000
81775  -41.426  -45.524  36.387 0.0000000000
81776  -41.361  -46.000  36.231 0.0000000000
81777  -41.695  -45.987  36.508 0.0000000000
81778  -42.567  -47.071  37.266 0.0000000000
81779  -42.117  -47.053  37.024 0.0000000000
81780  -42.274  -47.564  37.319 0.0000000000
81781  -42.011  -48.067  37.384 0.0000000000
81782  -42.390  -48.062  37.632 0.0000000000
81783  -42.463  -48.577  37.983 0.0000000000
81784  -42.750  -48.106  37.930 0.0000000000
81785  -43.650  -47.648  38.436 0.0000000000
81786  -43.416  -48.191  38.481 0.0000000000
81787  -43.756  -48.213  38.803 0.0000000000
81788  -43.882  -48.715  39.179 0.0000000000
81789  -44.083  -48.220  39.128 0.0000000000
81793  -42.400  -43.568  39.235 0.0000000000
81795  -42.384  -43.931  39.084 0.0000000000
81796  -42.446  -44.328  38.784 0.0000000000
81797  -42.700  -44.325  39.096 0.0000000000
81798  -43.787  -43.405  39.887 0.0000000000
81799  -43.424  -43.440  39.736 0.0000000000
81800  -43.749  -43.835  39.847 0.0000000000
81801  -43.929  -45.010  39.708 0.0000000000
81802  -43.615  -44.666  39.692 0.0000000000
81803  -43.637  -45.026  39.429 0.0000000000
81804  -43.371  -45.021  39.156 0.0000000000
81805  -43.684  -45.455  39.184 0.0000000000
81806  -43.741  -45.941  38.906 0.0000000000
81807  -44.000  -45.921  39.238 0.0000000000
81808  -44.802  -46.843  39.831 0.0000000000
81809  -44.526  -46.892  39.497 0.0000000000
81810  -44.759  -47.453  39.796 0.0000000000
81811  -44.659  -48.051  39.794 0.0000000000
81812  -44.966  -47.977  40.130 0.0000000000
81813  -45.154  -48.484  40.489 0.0000000000
81814  -45.237  -47.908  40.466 0.0000000000
81815  -45.820  -47.125  41.009 0.0000000000
81820  -46.097  -44.976  41.268 0.0000000000
81821  -46.005  -45.469  41.157 0.0000000000
81822  -46.317  -45.392  41.411 0.0000000000
81823  -47.005  -46.143  42.060 0.0000000000
81824  -46.736  -46.213  41.801 0.0000000000
81825  -46.955  -46.692  42.041 0.0000000000
81826  -46.936  -47.288  42.060 0.0000000000
81827  -47.213  -47.153  42.272 0.0000000000
81830  -48.089  -46.249  43.037 0.0000000000
81832  -48.382  -46.693  43.297 0.0000000000
81833  -48.714  -47.182  43.613 0.0000000000
86903  -30.155  -55.763  36.579 0.0000000000
92668  -38.787  -49.729  34.072 0.0000000000
92669  -38.982  -50.252  33.991 0.0000000000
92670  -39.307  -50.195  34.282 0.0000000000
92671  -39.827  -50.722  34.550 0.0000000000
92672  -40.337  -51.219  34.820 0.0000000000
95129  -32.800  -51.704  33.276 0.0000000000
95130  -38.763  -57.061  37.332 0.0000000000
95131  -38.355  -57.008  37.228 0.0000000000
95132  -38.659  -57.488  37.854 0.0000000000
95133  -38.557  -57.852  38.375 0.0000000000
95134  -38.348  -58.243  38.901 0.0000000000
95135  -38.224  -58.665  39.425 0.0000000000
95136  -38.625  -58.690  39.542 0.0000000000
95614  -46.563  -42.598  41.437 0.0000000000
95615  -46.930  -42.591  41.809 0.0000000000
95616  -46.700  -42.210  41.570 0.0000000000
95617  -46.859  -41.864  41.700 0.0000000000
95618  -47.010  -41.511  41.839 0.0000000000
95849  -44.675  -42.318  40.152 0.0000000000
95850  -45.031  -42.206  40.352 0.0000000000
95851  -45.299  -42.612  40.566 0.0000000000
95852  -45.554  -43.005  40.768 0.0000000000
95853  -45.791  -43.383  40.951 0.0000000000
95854  -45.874  -42.886  40.958 0.0000000000
95855  -46.211  -42.800  41.216 0.0000000000
96867  -32.750  -56.707  36.255 0.0000000000
96868  -32.224  -56.725  36.334 0.0000000000
96869  -32.673  -57.248  36.519 0.0000000000
96870  -32.612  -57.800  36.772 0.0000000000
96871  -32.656  -58.338  36.993 0.0000000000
99445  -35.141  -49.837  32.795 0.0000000000
99446  -35.233  -50.404  32.835 0.0000000000
99447  -35.735  -50.362  32.876 0.0000000000
99448  -36.298  -50.905  33.044 0.0000000000
99449  -36.920  -51.460  33.219 0.0000000000
99450  -39.377  -52.508  34.223 0.0000000000
99451  -38.937  -52.543  34.040 0.0000000000
99452  -39.421  -53.147  34.425 0.0000000000
99453  -39.403  -53.780  34.702 0.0000000000
99454  -39.348  -54.411  35.042 0.0000000000
99455  -39.257  -55.001  35.401 0.0000000000
99456  -39.690  -54.973  35.512 0.0000000000
99457  -40.016  -55.530  36.017 0.0000000000
99458  -40.370  -56.082  36.514 0.0000000000
102685  -40.862  -49.726  36.819 0.0000000000
102686  -41.109  -50.175  36.729 0.0000000000
102687  -41.332  -50.215  37.124 0.0000000000
102688  -41.734  -50.701  37.423 0.0000000000
102689  -42.247  -51.181  37.776 0.0000000000
106821  -31.505  -52.805  34.122 0.0000000000
106823  -31.624  -53.366  34.323 0.0000000000
106824  -31.784  -53.885  34.512 0.0000000000
106825  -31.916  -54.388  34.734 0.0000000000
106826  -32.084  -54.831  34.951 0.0000000000
106827  -32.539  -54.863  34.884 0.0000000000
106828  -33.163  -55.264  35.109 0.0000000000
106829  -33.763  -55.715  35.437 0.0000000000
106830  -35.623  -52.690  33.351 0.0000000000
106831  -35.102  -52.688  33.368 0.0000000000
106832  -35.676  -53.247  33.632 0.0000000000
106833  -35.717  -53.786  33.948 0.0000000000
106834  -35.712  -54.290  34.324 0.0000000000
106835  -36.779  -56.798  36.858 0.0000000000
106836  -36.441  -56.305  36.264 0.0000000000
106837  -36.446  -56.792  36.712 0.0000000000
106838  -36.129  -56.817  36.570 0.0000000000
106839  -35.850  -56.852  36.469 0.0000000000
106840  -35.521  -56.814  36.399 0.0000000000
106841  -35.893  -57.334  36.933 0.0000000000
106842  -35.905  -57.927  37.352 0.0000000000
106843  -35.903  -58.519  37.715 0.0000000000
106844  -35.912  -59.139  38.040 0.0000000000
106845  -36.255  -59.149  38.233 0.0000000000
106846  -36.570  -59.704  38.724 0.0000000000
106847  -36.883  -60.253  39.228 0.0000000000
106849  -37.934  -61.179  40.876 0.0000000000
106850  -38.221  -61.673  41.406 0.0000000000
106851  -38.274  -62.296  41.638 0.0000000000
106857  -42.176  -52.105  36.532 0.0000000000
106858  -41.895  -52.146  36.137 0.0000000000
106859  -42.354  -52.631  36.539 0.0000000000
106860  -42.481  -53.243  36.619 0.0000000000
106861  -42.535  -53.846  36.714 0.0000000000
106862  -43.587  -56.387  38.265 0.0000000000
106863  -43.226  -55.952  37.841 0.0000000000
106864  -43.200  -56.588  38.133 0.0000000000
106865  -42.795  -56.819  38.043 0.0000000000
106866  -42.349  -56.958  37.923 0.0000000000
106867  -41.880  -57.038  37.795 0.0000000000
106868  -42.195  -57.551  38.351 0.0000000000
106869  -42.050  -58.097  38.853 0.0000000000
108277  -48.157  -45.692  43.074 0.0000000000
108278  -48.557  -45.719  43.463 0.0000000000
108279  -48.387  -45.332  43.255 0.0000000000
108280  -48.652  -44.984  43.436 0.0000000000
108281  -48.927  -44.636  43.618 0.0000000000
108920  -36.807  -47.142  33.795 0.0000000000
108921  -37.179  -47.621  33.814 0.0000000000
108922  -37.219  -47.152  34.029 0.0000000000
108923  -37.588  -47.136  34.236 0.0000000000
108924  -37.986  -47.145  34.422 0.0000000000
108961  -39.045  -45.650  35.214 0.0000000000
108962  -38.921  -46.096  35.150 0.0000000000
108963  -39.371  -46.151  35.302 0.0000000000
108964  -39.634  -46.639  35.482 0.0000000000
108965  -39.797  -47.171  35.738 0.0000000000
108966  -39.907  -47.661  35.986 0.0000000000
108967  -40.122  -47.151  35.896 0.0000000000
108968  -40.530  -47.139  36.043 0.0000000000
108969  -40.893  -47.145  36.274 0.0000000000
108970  -42.081  -45.446  37.027 0.0000000000
108971  -42.059  -45.969  36.826 0.0000000000
108972  -42.399  -45.975  37.117 0.0000000000
108973  -42.672  -46.508  37.293 0.0000000000
108974  -42.897  -47.048  37.561 0.0000000000
108975  -43.015  -47.599  37.863 0.0000000000
108976  -43.192  -47.051  37.866 0.0000000000
108977  -43.463  -47.047  38.172 0.0000000000
108978  -43.740  -47.028  38.500 0.0000000000
108982  -42.415  -43.157  39.313 0.0000000000
108983  -42.740  -43.487  39.409 0.0000000000
108984  -44.328  -44.129  40.162 0.0000000000
108985  -43.998  -44.175  39.968 0.0000000000
108986  -44.247  -44.523  40.089 0.0000000000
108987  -44.265  -44.953  39.920 0.0000000000
108988  -44.251  -45.383  39.749 0.0000000000
108989  -44.274  -45.869  39.559 0.0000000000
108990  -44.569  -45.802  39.837 0.0000000000
108991  -44.844  -46.283  39.950 0.0000000000
108992  -45.076  -46.776  40.151 0.0000000000
108993  -45.284  -47.288  40.419 0.0000000000
108994  -45.315  -46.709  40.448 0.0000000000
108995  -45.591  -46.635  40.720 0.0000000000
108996  -45.901  -46.551  40.989 0.0000000000
108997  -46.747  -44.846  41.779 0.0000000000
108998  -46.640  -45.321  41.678 0.0000000000
108999  -46.932  -45.246  41.938 0.0000000000
109000  -47.113  -45.636  42.097 0.0000000000
109001  -47.291  -46.016  42.264 0.0000000000
109002  -47.496  -46.445  42.527 0.0000000000
109003  -47.580  -45.914  42.503 0.0000000000
109004  -47.876  -45.856  42.825 0.0000000000
112046  -30.366  -56.833  36.928 0.0000000000
116386  -37.173  -49.732  33.160 0.0000000000
116387  -37.258  -50.267  33.193 0.0000000000
116388  -37.678  -50.251  33.352 0.0000000000
116389  -38.207  -50.785  33.577 0.0000000000
116390  -38.770  -51.333  33.838 0.0000000000
116391  -39.084  -50.757  34.021 0.0000000000
116392  -39.212  -51.324  34.057 0.0000000000
116393  -39.329  -51.913  34.065 0.0000000000
116394  -39.792  -52.459  34.425 0.0000000000
116395  -40.223  -53.039  34.820 0.0000000000
116396  -40.628  -53.612  35.238 0.0000000000
118906  -42.116  -49.586  38.064 0.0000000000
118907  -42.164  -50.127  38.110 0.0000000000
118908  -42.503  -50.129  38.397 0.0000000000
122127  -31.961  -52.762  33.915 0.0000000000
122128  -32.558  -53.332  33.973 0.0000000000
122129  -33.193  -53.856  34.127 0.0000000000
122130  -37.475  -54.913  34.975 0.0000000000
122131  -37.056  -54.929  34.921 0.0000000000
122132  -37.409  -55.440  35.480 0.0000000000
122133  -37.311  -55.903  35.995 0.0000000000
122134  -37.214  -56.402  36.481 0.0000000000
122135  -37.942  -56.937  37.128 0.0000000000
122136  -37.522  -56.859  37.041 0.0000000000
122137  -37.118  -56.846  36.987 0.0000000000
122138  -37.068  -57.275  37.449 0.0000000000
122139  -37.073  -57.748  37.924 0.0000000000
122140  -37.103  -58.306  38.376 0.0000000000
122141  -37.108  -58.944  38.794 0.0000000000
122142  -37.377  -58.858  38.963 0.0000000000
122143  -37.616  -59.374  39.558 0.0000000000
122144  -37.869  -59.885  40.155 0.0000000000
122145  -38.175  -59.165  39.931 0.0000000000
122146  -38.116  -59.745  40.374 0.0000000000
122147  -38.128  -60.371  40.768 0.0000000000
122151  -43.694  -54.127  38.094 0.0000000000
122152  -43.448  -54.201  37.799 0.0000000000
122153  -43.805  -54.662  38.178 0.0000000000
122154  -43.859  -55.192  38.229 0.0000000000
122155  -43.892  -55.705  38.315 0.0000000000
122157  -44.206  -56.117  38.679 0.0000000000
122158  -43.907  -56.250  38.443 0.0000000000
122159  -43.881  -56.884  38.703 0.0000000000
122160  -43.817  -57.533  39.006 0.0000000000
123256  -47.580  -44.106  42.351 0.0000000000
123257  -47.994  -44.087  42.689 0.0000000000
123258  -47.782  -43.688  42.496 0.0000000000
123259  -47.924  -43.326  42.632 0.0000000000
123261  -47.347  -42.604  42.184 0.0000000000
123262  -47.812  -42.610  42.497 0.0000000000
123790  -40.061  -44.797  36.004 0.0000000000
123791  -40.447  -45.190  35.947 0.0000000000
123792  -40.759  -45.609  35.945 0.0000000000
123793  -40.799  -45.121  36.145 0.0000000000
123794  -41.109  -45.098  36.351 0.0000000000
123795  -41.433  -45.073  36.655 0.0000000000
123797  -41.397  -44.741  37.072 0.0000000000
123798  -41.733  -45.063  37.023 0.0000000000
123799  -42.018  -45.066  37.364 0.0000000000
123800  -42.312  -45.054  37.691 0.0000000000
123801  -42.617  -45.068  38.078 0.0000000000
123802  -43.282  -42.074  39.349 0.0000000000
123803  -43.251  -42.550  39.503 0.0000000000
123804  -43.598  -42.496  39.636 0.0000000000
123805  -43.881  -42.943  39.873 0.0000000000
123806  -44.157  -43.356  40.022 0.0000000000
123807  -44.610  -42.836  40.204 0.0000000000
123808  -44.547  -43.339  40.201 0.0000000000
123809  -44.431  -43.736  40.166 0.0000000000
123810  -44.697  -44.082  40.332 0.0000000000
123811  -44.932  -44.414  40.526 0.0000000000
123812  -45.182  -44.757  40.686 0.0000000000
123813  -45.443  -45.120  40.818 0.0000000000
123814  -45.537  -44.653  40.863 0.0000000000
123815  -45.874  -44.570  41.118 0.0000000000
123816  -46.234  -44.523  41.361 0.0000000000
123817  -46.060  -43.746  41.126 0.0000000000
123818  -46.328  -44.120  41.356 0.0000000000
123819  -46.571  -44.492  41.590 0.0000000000
123820  -46.875  -44.408  41.821 0.0000000000
123821  -47.204  -44.294  42.065 0.0000000000
126183  -30.356  -54.742  35.824 0.0000000000
126184  -29.926  -54.777  36.097 0.0000000000
126185  -30.522  -55.209  36.084 0.0000000000
126186  -30.625  -55.700  36.327 0.0000000000
126187  -30.718  -56.267  36.559 0.0000000000
126188  -31.707  -56.768  36.438 0.0000000000
126189  -31.193  -56.813  36.522 0.0000000000
126190  -30.717  -56.825  36.705 0.0000000000
126191  -30.835  -57.368  36.891 0.0000000000
131860  -33.005  -49.962  32.974 0.0000000000
131861  -33.083  -50.518  33.004 0.0000000000
131862  -33.630  -50.501  32.901 0.0000000000
131863  -34.304  -51.034  32.927 0.0000000000
131864  -34.925  -51.550  32.972 0.0000000000
131865  -35.355  -50.973  32.903 0.0000000000
131866  -35.458  -51.529  33.012 0.0000000000
131867  -35.539  -52.091  33.134 0.0000000000
131868  -36.119  -52.681  33.379 0.0000000000
131869  -36.640  -53.236  33.686 0.0000000000
131870  -37.104  -53.805  34.121 0.0000000000
131871  -37.333  -50.820  33.260 0.0000000000
131872  -37.386  -51.390  33.346 0.0000000000
131873  -37.469  -51.993  33.452 0.0000000000
131874  -38.468  -52.566  33.878 0.0000000000
131875  -38.007  -52.587  33.753 0.0000000000
131876  -37.531  -52.576  33.597 0.0000000000
131877  -37.568  -53.180  33.853 0.0000000000
131878  -37.555  -53.780  34.201 0.0000000000
131879  -37.523  -54.351  34.581 0.0000000000
131880  -37.898  -54.910  35.054 0.0000000000
131881  -38.250  -55.513  35.643 0.0000000000
131882  -38.584  -56.049  36.207 0.0000000000
131883  -39.152  -55.536  35.790 0.0000000000
131884  -39.037  -56.064  36.259 0.0000000000
131885  -38.916  -56.570  36.778 0.0000000000
131886  -39.187  -57.116  37.365 0.0000000000
131887  -39.504  -57.602  37.999 0.0000000000
131888  -39.777  -58.041  38.640 0.0000000000
135537  -34.558  -59.001  37.493 0.0000000000
135538  -34.126  -58.973  37.434 0.0000000000
135539  -34.541  -59.611  37.780 0.0000000000
138667  -39.952  -49.695  35.347 0.0000000000
138668  -40.231  -50.175  35.266 0.0000000000
138669  -40.462  -50.171  35.608 0.0000000000
138670  -40.919  -50.654  35.904 0.0000000000
138671  -41.367  -51.134  36.239 0.0000000000
138672  -41.312  -50.657  36.660 0.0000000000
138673  -41.573  -51.139  36.616 0.0000000000
138674  -41.900  -51.603  36.563 0.0000000000
138675  -42.397  -52.122  36.913 0.0000000000
138676  -42.855  -52.650  37.278 0.0000000000
138677  -43.210  -53.136  37.655 0.0000000000
138678  -42.285  -50.680  38.141 0.0000000000
138684  -43.217  -52.609  38.034 0.0000000000
138685  -43.415  -53.105  38.017 0.0000000000
138686  -43.575  -53.606  38.018 0.0000000000
138687  -43.946  -54.086  38.388 0.0000000000
147069  -30.785  -54.743  35.563 0.0000000000
147070  -31.430  -55.225  35.656 0.0000000000
147071  -32.043  -55.675  35.801 0.0000000000
147072  -32.322  -55.238  35.297 0.0000000000
147073  -32.482  -55.675  35.670 0.0000000000
147074  -32.672  -56.169  36.012 0.0000000000
147075  -33.187  -56.688  36.239 0.0000000000
147076  -33.648  -57.219  36.517 0.0000000000
147077  -34.107  -57.800  36.823 0.0000000000
147078  -33.200  -51.086  33.067 0.0000000000
147079  -33.336  -51.664  33.157 0.0000000000
147080  -33.424  -52.221  33.292 0.0000000000
147081  -34.597  -52.718  33.392 0.0000000000
147082  -34.080  -52.738  33.427 0.0000000000
147083  -33.541  -52.751  33.493 0.0000000000
147084  -33.607  -53.263  33.752 0.0000000000
147085  -33.675  -53.774  34.021 0.0000000000
147086  -33.770  -54.323  34.375 0.0000000000
147087  -36.602  -54.879  34.857 0.0000000000
147088  -36.142  -54.855  34.789 0.0000000000
147089  -35.696  -54.801  34.751 0.0000000000
147090  -36.035  -55.818  35.666 0.0000000000
147091  -35.671  -55.266  35.137 0.0000000000
147092  -35.254  -54.771  34.724 0.0000000000
147093  -34.801  -54.777  34.698 0.0000000000
147094  -34.334  -54.805  34.680 0.0000000000
147095  -33.873  -54.848  34.719 0.0000000000
147096  -33.990  -55.302  35.015 0.0000000000
147097  -34.174  -55.760  35.412 0.0000000000
147098  -34.347  -56.174  35.825 0.0000000000
147099  -35.238  -56.723  36.339 0.0000000000
147100  -34.909  -56.661  36.296 0.0000000000
147101  -34.494  -56.665  36.266 0.0000000000
147102  -34.539  -57.264  36.594 0.0000000000
147103  -34.555  -57.826  36.894 0.0000000000
147104  -34.523  -58.348  37.194 0.0000000000
147105  -34.941  -59.037  37.572 0.0000000000
147106  -35.318  -59.710  38.024 0.0000000000
147107  -35.684  -60.280  38.474 0.0000000000
147108  -35.945  -59.735  38.341 0.0000000000
147109  -36.013  -60.341  38.646 0.0000000000
147110  -36.023  -60.921  38.896 0.0000000000
147111  -36.351  -61.556  39.375 0.0000000000
147112  -36.640  -62.122  39.856 0.0000000000
147113  -36.899  -62.723  40.378 0.0000000000
147114  -37.075  -59.562  39.168 0.0000000000
147115  -37.114  -60.182  39.487 0.0000000000
147116  -37.194  -60.827  39.792 0.0000000000
147117  -37.705  -61.313  40.613 0.0000000000
147118  -37.467  -61.395  40.309 0.0000000000
147119  -37.219  -61.463  40.050 0.0000000000
147120  -37.234  -62.082  40.310 0.0000000000
147121  -37.199  -62.724  40.595 0.0000000000
147122  -37.120  -63.313  40.943 0.0000000000
147132  -40.441  -50.645  35.187 0.0000000000
147133  -40.637  -51.178  35.128 0.0000000000
147134  -40.837  -51.743  35.145 0.0000000000
147135  -41.622  -52.226  35.801 0.0000000000
147136  -41.283  -52.290  35.502 0.0000000000
147137  -40.939  -52.325  35.193 0.0000000000
147138  -41.024  -52.906  35.316 0.0000000000
147139  -41.042  -53.528  35.474 0.0000000000
147140  -41.004  -54.163  35.647 0.0000000000
147141  -43.195  -54.286  37.480 0.0000000000
147142  -42.912  -54.396  37.139 0.0000000000
147143  -42.558  -54.468  36.824 0.0000000000
147144  -42.908  -55.525  37.418 0.0000000000
147145  -42.563  -55.075  36.999 0.0000000000
147146  -42.231  -54.589  36.582 0.0000000000
147147  -41.852  -54.697  36.331 0.0000000000
147148  -41.430  -54.775  36.090 0.0000000000
147149  -40.988  -54.817  35.908 0.0000000000
147150  -40.932  -55.447  36.220 0.0000000000
147151  -40.815  -56.063  36.615 0.0000000000
147152  -40.692  -56.646  37.064 0.0000000000
147153  -41.417  -57.139  37.705 0.0000000000
147154  -40.994  -57.194  37.613 0.0000000000
147155  -40.564  -57.172  37.576 0.0000000000
147156  -40.390  -57.665  38.119 0.0000000000
147157  -40.213  -58.085  38.705 0.0000000000
149988  -49.006  -45.807  43.798 0.0000000000
149994  -48.383  -44.125  43.051 0.0000000000
151256  -33.561  -49.371  32.853 0.0000000000
151257  -34.121  -49.377  32.813 0.0000000000
151260  -34.664  -49.312  32.780 0.0000000000
151262  -35.707  -49.232  32.907 0.0000000000
151263  -36.220  -49.215  33.000 0.0000000000
151269  -35.339  -47.654  33.238 0.0000000000
151270  -35.796  -48.125  33.144 0.0000000000
151271  -36.256  -48.664  33.078 0.0000000000
151272  -36.727  -49.200  33.070 0.0000000000
151273  -37.146  -49.158  33.266 0.0000000000
151274  -37.550  -49.152  33.473 0.0000000000
151275  -37.953  -49.188  33.703 0.0000000000
151276  -37.558  -48.120  33.851 0.0000000000
151277  -37.939  -48.671  33.887 0.0000000000
151278  -38.352  -49.230  33.961 0.0000000000
151279  -38.696  -49.200  34.260 0.0000000000
151280  -39.036  -49.179  34.548 0.0000000000
151281  -39.329  -49.190  34.909 0.0000000000
151354  -37.724  -46.143  34.502 0.0000000000
151355  -38.030  -46.611  34.584 0.0000000000
151356  -38.317  -47.114  34.716 0.0000000000
151357  -38.800  -46.606  35.067 0.0000000000
151358  -38.696  -47.130  34.975 0.0000000000
151359  -38.609  -47.647  34.857 0.0000000000
151360  -38.883  -48.185  34.996 0.0000000000
151361  -39.229  -48.711  35.140 0.0000000000
151362  -39.601  -49.223  35.267 0.0000000000
151363  -39.830  -49.222  35.577 0.0000000000
151364  -40.061  -49.198  35.898 0.0000000000
151365  -40.265  -49.220  36.291 0.0000000000
151366  -40.039  -48.147  36.223 0.0000000000
151367  -40.192  -48.649  36.433 0.0000000000
151368  -40.492  -49.204  36.634 0.0000000000
151369  -40.797  -49.179  36.962 0.0000000000
151370  -41.111  -49.132  37.275 0.0000000000
151371  -41.442  -49.082  37.542 0.0000000000
151372  -41.018  -46.064  36.010 0.0000000000
151373  -41.155  -46.602  36.235 0.0000000000
151374  -41.320  -47.092  36.504 0.0000000000
151375  -41.922  -46.486  36.712 0.0000000000
151376  -41.736  -47.047  36.754 0.0000000000
151377  -41.480  -47.572  36.812 0.0000000000
151378  -41.599  -48.088  37.164 0.0000000000
151379  -41.705  -48.568  37.482 0.0000000000
151380  -41.873  -49.051  37.779 0.0000000000
151381  -42.256  -49.069  38.019 0.0000000000
151382  -42.613  -49.096  38.317 0.0000000000
151383  -42.973  -49.116  38.604 0.0000000000
151384  -43.111  -48.143  38.208 0.0000000000
151385  -43.211  -48.669  38.558 0.0000000000
151386  -43.365  -49.153  38.886 0.0000000000
151397  -42.541  -44.710  38.433 0.0000000000
151398  -42.876  -45.027  38.446 0.0000000000
151399  -43.162  -43.032  39.565 0.0000000000
151400  -43.082  -43.458  39.572 0.0000000000
151401  -43.026  -43.864  39.511 0.0000000000
151402  -43.666  -44.226  39.775 0.0000000000
151403  -43.307  -44.265  39.613 0.0000000000
151404  -42.999  -44.285  39.368 0.0000000000
151405  -43.041  -44.658  39.128 0.0000000000
151406  -43.128  -45.011  38.833 0.0000000000
151407  -43.191  -45.466  38.477 0.0000000000
151408  -43.495  -45.938  38.560 0.0000000000
151409  -43.802  -46.429  38.697 0.0000000000
151410  -44.043  -47.020  38.865 0.0000000000
151411  -44.277  -46.396  39.338 0.0000000000
151412  -44.277  -46.942  39.159 0.0000000000
151413  -44.221  -47.614  39.124 0.0000000000
151414  -44.375  -48.186  39.449 0.0000000000
151420  -45.494  -47.842  40.774 0.0000000000
151426  -45.725  -45.573  40.941 0.0000000000
151427  -45.967  -46.021  41.102 0.0000000000
151428  -46.185  -46.467  41.297 0.0000000000
151429  -46.545  -45.753  41.561 0.0000000000
151430  -46.463  -46.369  41.588 0.0000000000
151431  -46.403  -46.928  41.542 0.0000000000
151432  -46.659  -47.398  41.814 0.0000000000
157550  -33.648  -58.923  37.359 0.0000000000
