#!ascii label  , from subject fsaverage vox2ras=TkReg
445
260  -7.191  51.117  -7.891 0.0000000000
261  -10.904  41.415  -11.478 0.0000000000
739  -7.914  58.402  -5.238 0.0000000000
740  -10.389  51.786  -2.451 0.0000000000
741  -12.589  47.489  -4.834 0.0000000000
1621  -7.927  45.171  -15.690 0.0000000000
1622  -9.641  46.623  -9.924 0.0000000000
2203  -7.304  39.788  -17.197 0.0000000000
2659  -8.832  54.779  -1.138 0.0000000000
3656  -7.199  54.479  -6.579 0.0000000000
3658  -8.743  54.835  -9.259 0.0000000000
3660  -9.424  51.280  -10.577 0.0000000000
3661  -8.808  48.566  -11.784 0.0000000000
3662  -8.247  48.769  -8.975 0.0000000000
4868  -8.306  43.317  -13.228 0.0000000000
4869  -7.856  42.352  -16.381 0.0000000000
4870  -8.277  40.741  -14.039 0.0000000000
5938  -7.931  58.137  -2.347 0.0000000000
5939  -8.795  54.916  -3.866 0.0000000000
5940  -8.894  51.592  -5.168 0.0000000000
5941  -9.494  49.245  -6.301 0.0000000000
5942  -11.685  49.725  -3.684 0.0000000000
6665  -11.848  39.376  -9.647 0.0000000000
7623  -8.162  45.909  -12.517 0.0000000000
7624  -10.447  44.086  -10.855 0.0000000000
7625  -10.320  47.007  -7.585 0.0000000000
7626  -11.460  44.706  -8.499 0.0000000000
7627  -12.148  42.002  -9.066 0.0000000000
11336  -6.973  52.606  -7.293 0.0000000000
11337  -7.844  54.508  -7.784 0.0000000000
11338  -8.116  52.841  -8.353 0.0000000000
11339  -9.312  53.040  -9.776 0.0000000000
11340  -8.308  51.232  -9.030 0.0000000000
11341  -8.548  49.907  -9.642 0.0000000000
11342  -7.392  49.894  -8.496 0.0000000000
12548  -9.730  42.385  -12.309 0.0000000000
12549  -8.281  42.095  -13.586 0.0000000000
12550  -9.749  41.087  -12.694 0.0000000000
13734  -7.754  59.894  -1.688 0.0000000000
13736  -9.433  53.155  -1.860 0.0000000000
13737  -8.717  54.702  -2.622 0.0000000000
13738  -9.280  53.205  -3.229 0.0000000000
13739  -8.822  53.180  -4.515 0.0000000000
13740  -9.882  51.835  -3.819 0.0000000000
13741  -10.260  50.693  -4.409 0.0000000000
13742  -11.084  50.774  -3.010 0.0000000000
14949  -11.451  37.995  -9.938 0.0000000000
16743  -8.808  47.558  -10.805 0.0000000000
16744  -8.366  47.267  -12.144 0.0000000000
16745  -8.999  46.298  -11.294 0.0000000000
16746  -9.144  44.999  -11.760 0.0000000000
16747  -10.110  45.372  -10.421 0.0000000000
16748  -11.140  48.466  -5.605 0.0000000000
16749  -9.771  48.162  -6.880 0.0000000000
16750  -11.555  47.299  -6.135 0.0000000000
16752  -12.001  44.861  -7.258 0.0000000000
16753  -12.053  43.607  -7.700 0.0000000000
16754  -11.942  43.395  -8.783 0.0000000000
16755  -12.219  42.276  -7.936 0.0000000000
16756  -12.156  40.906  -8.140 0.0000000000
20366  -7.549  41.027  -16.800 0.0000000000
20367  -6.646  41.976  -18.458 0.0000000000
23219  -10.153  53.464  -0.373 0.0000000000
23221  -11.620  50.863  -1.643 0.0000000000
25012  -7.788  56.332  -5.911 0.0000000000
25013  -7.481  58.427  -7.011 0.0000000000
25014  -7.905  56.392  -7.285 0.0000000000
25015  -7.990  56.538  -8.863 0.0000000000
25020  -8.852  51.156  -12.828 0.0000000000
25021  -8.649  49.656  -13.248 0.0000000000
25022  -9.164  49.855  -11.279 0.0000000000
25023  -8.668  48.731  -10.260 0.0000000000
25024  -9.084  47.774  -9.408 0.0000000000
25026  -12.969  46.225  -5.299 0.0000000000
27194  -7.605  44.147  -14.182 0.0000000000
27195  -7.960  43.737  -16.063 0.0000000000
27196  -7.638  42.818  -14.567 0.0000000000
27197  -7.530  41.539  -15.011 0.0000000000
27198  -7.565  40.260  -15.405 0.0000000000
29213  -7.526  60.072  -2.941 0.0000000000
29214  -8.006  58.334  -3.668 0.0000000000
29215  -8.294  56.396  -1.861 0.0000000000
29216  -8.431  56.552  -3.116 0.0000000000
29217  -8.269  56.522  -4.522 0.0000000000
29218  -8.019  54.680  -5.227 0.0000000000
29219  -7.668  52.801  -5.842 0.0000000000
29220  -7.666  51.145  -6.490 0.0000000000
29221  -7.745  50.014  -7.066 0.0000000000
29222  -9.141  50.415  -5.750 0.0000000000
29223  -10.728  49.607  -5.049 0.0000000000
29224  -12.176  48.621  -4.256 0.0000000000
29225  -12.285  49.798  -2.262 0.0000000000
30911  -11.633  40.338  -10.644 0.0000000000
30912  -10.982  40.030  -11.832 0.0000000000
30913  -11.543  38.911  -10.900 0.0000000000
33304  -7.775  46.561  -15.420 0.0000000000
33305  -8.280  48.214  -13.381 0.0000000000
33306  -8.059  46.871  -13.584 0.0000000000
33307  -7.838  45.472  -13.883 0.0000000000
33308  -8.204  44.607  -12.909 0.0000000000
33309  -9.443  43.718  -12.071 0.0000000000
33310  -10.767  42.750  -11.184 0.0000000000
33311  -8.301  48.912  -7.684 0.0000000000
33312  -9.124  47.903  -8.251 0.0000000000
33313  -9.924  46.885  -8.708 0.0000000000
33314  -11.819  46.073  -6.724 0.0000000000
33315  -10.904  45.877  -8.089 0.0000000000
33316  -10.682  45.730  -9.129 0.0000000000
33317  -11.195  44.442  -9.584 0.0000000000
33318  -11.537  43.103  -9.970 0.0000000000
33319  -11.633  41.683  -10.319 0.0000000000
33320  -12.054  40.642  -9.357 0.0000000000
37756  -9.769  39.723  -13.165 0.0000000000
42056  -6.990  51.791  -7.605 0.0000000000
42057  -7.405  52.737  -7.862 0.0000000000
42058  -7.522  51.941  -8.153 0.0000000000
42059  -8.275  52.033  -8.651 0.0000000000
42060  -7.569  51.181  -8.478 0.0000000000
42061  -7.698  50.525  -8.778 0.0000000000
42062  -7.185  50.499  -8.186 0.0000000000
43268  -10.358  41.926  -11.879 0.0000000000
43269  -9.732  41.762  -12.496 0.0000000000
43270  -10.405  41.266  -12.062 0.0000000000
44456  -9.949  52.461  -2.149 0.0000000000
44457  -9.308  53.138  -2.594 0.0000000000
44458  -9.757  52.455  -2.829 0.0000000000
44459  -9.576  52.504  -3.507 0.0000000000
44460  -10.128  51.781  -3.114 0.0000000000
44461  -10.465  51.292  -3.402 0.0000000000
44462  -10.732  51.280  -2.737 0.0000000000
47446  -7.748  59.433  -4.937 0.0000000000
47448  -7.530  59.382  -5.879 0.0000000000
47463  -9.155  47.084  -10.375 0.0000000000
47464  -8.932  46.938  -11.064 0.0000000000
47465  -9.317  46.474  -10.659 0.0000000000
47466  -9.519  45.823  -10.875 0.0000000000
47467  -9.904  46.025  -10.186 0.0000000000
47468  -11.905  48.005  -5.234 0.0000000000
47469  -11.336  47.888  -5.869 0.0000000000
47470  -12.149  47.420  -5.506 0.0000000000
47472  -12.390  43.613  -7.007 0.0000000000
47474  -12.130  42.961  -7.834 0.0000000000
51085  -7.571  45.068  -16.757 0.0000000000
51086  -7.444  40.387  -16.978 0.0000000000
51087  -7.158  40.843  -17.794 0.0000000000
51088  -7.003  40.174  -17.993 0.0000000000
54057  -10.538  53.735  0.236 0.0000000000
57046  -7.510  55.384  -6.236 0.0000000000
57047  -7.707  56.358  -6.633 0.0000000000
57048  -7.520  55.377  -6.916 0.0000000000
57049  -8.354  54.674  -8.431 0.0000000000
57050  -8.219  55.567  -8.216 0.0000000000
57051  -8.419  55.673  -9.023 0.0000000000
57052  -7.950  56.541  -9.763 0.0000000000
57053  -8.345  55.696  -10.025 0.0000000000
57056  -9.332  52.182  -10.247 0.0000000000
57057  -9.281  53.081  -10.973 0.0000000000
57058  -9.346  52.196  -11.375 0.0000000000
57060  -9.291  51.237  -11.726 0.0000000000
57061  -9.250  50.515  -11.996 0.0000000000
57062  -9.311  50.552  -10.963 0.0000000000
57063  -8.147  49.284  -9.372 0.0000000000
57064  -8.563  49.303  -9.985 0.0000000000
57065  -8.496  48.758  -9.621 0.0000000000
57066  -8.744  48.222  -9.887 0.0000000000
57067  -8.691  48.269  -9.214 0.0000000000
60683  -7.821  43.726  -13.691 0.0000000000
60684  -7.684  43.487  -14.371 0.0000000000
60685  -7.781  43.064  -13.860 0.0000000000
60686  -8.283  41.406  -13.808 0.0000000000
60687  -7.758  41.835  -14.279 0.0000000000
60688  -7.744  41.170  -14.509 0.0000000000
60689  -7.467  40.899  -15.233 0.0000000000
60690  -7.815  40.512  -14.743 0.0000000000
64241  -7.808  58.967  -1.971 0.0000000000
64242  -7.573  59.913  -2.335 0.0000000000
64243  -7.715  59.065  -2.619 0.0000000000
64244  -7.768  59.200  -3.266 0.0000000000
64245  -7.950  58.228  -2.985 0.0000000000
64246  -8.807  55.651  -0.891 0.0000000000
64247  -8.504  56.430  -1.253 0.0000000000
64248  -8.487  55.544  -1.539 0.0000000000
64249  -8.840  54.828  -3.203 0.0000000000
64250  -8.560  55.649  -2.851 0.0000000000
64251  -8.644  55.721  -3.468 0.0000000000
64252  -8.463  56.545  -3.817 0.0000000000
64253  -8.491  55.706  -4.213 0.0000000000
64254  -8.133  55.596  -4.906 0.0000000000
64255  -8.503  54.832  -4.565 0.0000000000
64256  -8.869  52.382  -4.830 0.0000000000
64257  -8.313  53.015  -5.155 0.0000000000
64258  -8.255  52.176  -5.461 0.0000000000
64259  -7.633  51.961  -6.165 0.0000000000
64260  -8.268  51.388  -5.809 0.0000000000
64261  -8.248  50.789  -6.100 0.0000000000
64262  -8.982  50.977  -5.456 0.0000000000
64263  -10.949  50.202  -4.037 0.0000000000
64264  -10.508  50.162  -4.744 0.0000000000
64265  -11.222  49.690  -4.360 0.0000000000
64266  -11.457  49.136  -4.674 0.0000000000
64267  -11.935  49.185  -3.969 0.0000000000
64268  -12.170  50.375  -1.306 0.0000000000
64269  -11.958  50.331  -1.932 0.0000000000
67883  -11.823  39.881  -10.143 0.0000000000
67884  -11.591  39.647  -10.766 0.0000000000
67885  -11.762  39.159  -10.265 0.0000000000
73266  -7.326  47.061  -16.317 0.0000000000
73267  -7.738  47.237  -15.359 0.0000000000
73268  -8.843  49.119  -12.457 0.0000000000
73269  -8.447  48.934  -13.340 0.0000000000
73270  -8.630  48.418  -12.542 0.0000000000
73271  -8.290  46.608  -12.327 0.0000000000
73272  -8.172  47.084  -12.812 0.0000000000
73273  -8.035  46.415  -12.961 0.0000000000
73274  -7.870  46.177  -13.688 0.0000000000
73275  -7.856  45.721  -13.167 0.0000000000
73276  -7.753  45.018  -13.360 0.0000000000
73277  -8.116  45.264  -12.728 0.0000000000
73278  -9.803  44.524  -11.333 0.0000000000
73279  -9.292  44.354  -11.922 0.0000000000
73280  -9.972  43.888  -11.484 0.0000000000
73281  -10.189  43.233  -11.619 0.0000000000
73282  -10.615  43.424  -11.028 0.0000000000
73283  -8.590  49.610  -6.673 0.0000000000
73284  -7.981  49.454  -7.368 0.0000000000
73285  -8.718  49.021  -6.970 0.0000000000
73286  -10.033  47.558  -7.233 0.0000000000
73287  -9.241  47.971  -7.603 0.0000000000
73288  -9.652  47.467  -7.903 0.0000000000
73289  -9.537  47.409  -8.494 0.0000000000
73290  -10.007  46.937  -8.208 0.0000000000
73291  -13.012  45.562  -5.565 0.0000000000
73292  -12.442  46.158  -5.997 0.0000000000
73293  -12.530  45.529  -6.290 0.0000000000
73294  -11.608  44.786  -7.946 0.0000000000
73295  -11.451  45.374  -7.700 0.0000000000
73296  -11.219  45.285  -8.296 0.0000000000
73297  -10.748  45.817  -8.625 0.0000000000
73298  -11.102  45.229  -8.812 0.0000000000
73299  -10.955  45.094  -9.363 0.0000000000
73300  -11.390  44.591  -9.018 0.0000000000
73301  -12.071  42.700  -8.916 0.0000000000
73302  -11.822  43.248  -9.347 0.0000000000
73303  -11.926  42.573  -9.516 0.0000000000
73304  -11.624  42.422  -10.157 0.0000000000
73305  -11.959  41.893  -9.687 0.0000000000
73306  -11.945  41.156  -9.830 0.0000000000
73307  -12.136  41.332  -9.215 0.0000000000
84136  -7.856  43.035  -16.217 0.0000000000
84137  -7.560  43.554  -17.134 0.0000000000
84138  -7.492  42.867  -17.312 0.0000000000
84151  -10.967  39.321  -12.018 0.0000000000
84152  -10.469  39.874  -12.472 0.0000000000
84153  -10.416  39.176  -12.708 0.0000000000
94132  -6.959  53.551  -6.948 0.0000000000
94133  -7.361  54.465  -7.225 0.0000000000
94134  -7.273  53.571  -7.583 0.0000000000
94135  -7.932  53.670  -8.059 0.0000000000
94136  -8.650  53.775  -8.611 0.0000000000
94137  -9.023  53.923  -9.505 0.0000000000
94138  -8.834  52.944  -8.949 0.0000000000
94139  -8.982  52.128  -9.306 0.0000000000
94140  -9.010  51.272  -9.699 0.0000000000
94141  -9.042  50.570  -10.012 0.0000000000
94142  -8.409  50.546  -9.316 0.0000000000
94143  -7.814  49.884  -9.098 0.0000000000
94144  -7.831  49.331  -8.751 0.0000000000
96314  -8.970  42.880  -12.775 0.0000000000
96315  -8.321  42.689  -13.382 0.0000000000
96316  -9.016  42.234  -12.927 0.0000000000
96317  -8.956  41.603  -13.120 0.0000000000
96318  -8.983  40.924  -13.355 0.0000000000
98452  -8.952  53.917  -1.496 0.0000000000
98453  -8.664  54.679  -1.913 0.0000000000
98454  -8.912  53.877  -2.269 0.0000000000
98455  -9.052  53.936  -2.956 0.0000000000
98456  -9.008  54.006  -3.596 0.0000000000
98457  -8.818  54.023  -4.231 0.0000000000
98458  -9.149  53.237  -3.885 0.0000000000
98459  -9.333  52.508  -4.189 0.0000000000
98460  -9.447  51.768  -4.515 0.0000000000
98461  -9.577  51.155  -4.796 0.0000000000
98462  -10.044  51.253  -4.082 0.0000000000
98463  -10.697  50.733  -3.710 0.0000000000
98464  -11.372  50.246  -3.344 0.0000000000
100635  -11.673  38.679  -9.794 0.0000000000
103865  -8.707  48.039  -11.234 0.0000000000
103866  -8.552  47.907  -11.968 0.0000000000
103867  -8.669  47.420  -11.484 0.0000000000
103868  -8.568  46.809  -11.680 0.0000000000
103869  -8.578  46.130  -11.908 0.0000000000
103870  -8.581  45.468  -12.143 0.0000000000
103871  -9.051  45.640  -11.534 0.0000000000
103872  -9.674  45.171  -11.107 0.0000000000
103873  -10.295  44.735  -10.649 0.0000000000
103874  -10.341  48.871  -5.958 0.0000000000
103875  -9.597  48.703  -6.590 0.0000000000
103876  -10.479  48.313  -6.230 0.0000000000
103877  -10.675  47.735  -6.517 0.0000000000
103878  -10.881  47.139  -6.858 0.0000000000
103881  -12.508  44.225  -6.766 0.0000000000
103882  -11.985  44.216  -7.514 0.0000000000
103883  -11.776  44.177  -8.153 0.0000000000
103884  -11.699  44.067  -8.669 0.0000000000
103885  -11.940  43.522  -8.274 0.0000000000
103886  -12.160  42.827  -8.362 0.0000000000
103887  -12.214  42.128  -8.483 0.0000000000
103888  -12.222  41.430  -8.605 0.0000000000
103889  -12.243  41.580  -8.055 0.0000000000
110386  -7.692  41.702  -16.593 0.0000000000
110387  -7.393  42.183  -17.460 0.0000000000
110388  -7.322  41.541  -17.657 0.0000000000
115616  -9.874  54.343  -0.100 0.0000000000
115617  -9.396  54.093  -0.733 0.0000000000
115618  -9.762  53.260  -1.096 0.0000000000
115619  -10.194  52.528  -1.455 0.0000000000
115621  -11.015  51.322  -2.067 0.0000000000
119800  -7.923  57.388  -5.589 0.0000000000
119801  -7.664  58.399  -6.152 0.0000000000
119802  -7.766  57.377  -6.375 0.0000000000
119803  -7.705  57.368  -7.138 0.0000000000
119804  -7.692  57.414  -7.880 0.0000000000
119805  -7.817  55.455  -7.561 0.0000000000
119806  -7.960  56.471  -8.038 0.0000000000
119807  -7.605  57.440  -8.668 0.0000000000
119815  -9.100  53.980  -10.617 0.0000000000
119816  -8.871  53.872  -11.777 0.0000000000
119822  -8.758  50.407  -13.050 0.0000000000
119823  -9.044  49.807  -12.278 0.0000000000
119824  -9.048  49.189  -11.560 0.0000000000
119825  -9.022  49.885  -10.339 0.0000000000
119826  -8.915  49.264  -10.705 0.0000000000
119827  -8.822  48.657  -10.966 0.0000000000
119828  -8.777  48.167  -10.532 0.0000000000
119829  -8.950  47.685  -10.114 0.0000000000
119830  -9.343  47.212  -9.646 0.0000000000
124892  -7.931  44.606  -14.860 0.0000000000
124893  -7.986  44.443  -15.876 0.0000000000
124894  -7.853  43.939  -15.036 0.0000000000
124895  -7.823  43.248  -15.152 0.0000000000
124896  -7.753  42.571  -15.397 0.0000000000
124897  -7.798  42.462  -14.064 0.0000000000
124898  -7.494  42.176  -14.775 0.0000000000
124899  -7.616  41.915  -15.604 0.0000000000
124900  -7.558  41.245  -15.791 0.0000000000
124901  -7.547  40.611  -16.032 0.0000000000
124902  -7.474  40.009  -16.222 0.0000000000
129760  -7.578  60.193  -3.675 0.0000000000
129761  -7.821  59.305  -4.017 0.0000000000
129762  -8.035  58.419  -4.425 0.0000000000
129764  -8.254  57.244  -1.526 0.0000000000
129765  -8.142  57.271  -2.106 0.0000000000
129766  -8.477  55.556  -2.226 0.0000000000
129767  -8.340  56.464  -2.480 0.0000000000
129768  -8.188  57.364  -2.722 0.0000000000
129769  -8.218  57.417  -3.381 0.0000000000
129770  -8.203  57.424  -4.072 0.0000000000
129771  -8.106  57.420  -4.834 0.0000000000
129772  -8.039  56.412  -5.206 0.0000000000
129773  -7.813  55.464  -5.552 0.0000000000
129774  -7.420  54.540  -5.875 0.0000000000
129775  -8.418  53.910  -4.886 0.0000000000
129776  -7.784  53.719  -5.530 0.0000000000
129777  -7.257  53.592  -6.225 0.0000000000
129778  -7.127  52.621  -6.562 0.0000000000
129779  -7.122  51.762  -6.912 0.0000000000
129780  -7.217  51.081  -7.211 0.0000000000
129781  -7.253  50.501  -7.500 0.0000000000
129782  -7.683  50.598  -6.788 0.0000000000
129783  -8.379  50.199  -6.397 0.0000000000
129784  -9.356  49.827  -6.031 0.0000000000
129785  -9.781  50.596  -5.112 0.0000000000
129786  -9.979  50.020  -5.406 0.0000000000
129787  -10.164  49.453  -5.692 0.0000000000
129788  -10.944  49.031  -5.347 0.0000000000
129789  -11.684  48.572  -4.990 0.0000000000
129790  -12.389  48.111  -4.560 0.0000000000
129791  -11.356  50.798  -2.335 0.0000000000
129792  -11.708  50.296  -2.633 0.0000000000
129793  -12.036  49.760  -2.967 0.0000000000
134369  -11.344  40.875  -11.084 0.0000000000
134370  -10.972  40.731  -11.655 0.0000000000
134371  -11.332  40.184  -11.233 0.0000000000
134372  -11.336  39.469  -11.398 0.0000000000
134373  -11.290  38.760  -11.565 0.0000000000
134374  -11.576  38.437  -10.408 0.0000000000
141070  -7.895  45.890  -15.543 0.0000000000
141073  -8.001  48.035  -14.304 0.0000000000
141074  -8.337  47.732  -12.692 0.0000000000
141075  -8.205  47.498  -13.434 0.0000000000
141076  -8.006  47.362  -14.377 0.0000000000
141077  -8.019  46.711  -14.452 0.0000000000
141078  -7.913  46.006  -14.592 0.0000000000
141079  -7.926  45.289  -14.726 0.0000000000
141080  -7.766  44.787  -14.071 0.0000000000
141081  -7.823  44.360  -13.539 0.0000000000
141082  -8.243  43.973  -13.103 0.0000000000
141083  -8.659  44.816  -12.309 0.0000000000
141084  -8.784  44.175  -12.486 0.0000000000
141085  -8.892  43.529  -12.667 0.0000000000
141086  -9.619  43.036  -12.192 0.0000000000
141087  -10.296  42.561  -11.735 0.0000000000
141088  -10.856  42.092  -11.316 0.0000000000
141089  -7.428  49.943  -7.788 0.0000000000
141090  -7.767  49.385  -8.071 0.0000000000
141091  -8.164  48.849  -8.366 0.0000000000
141092  -8.971  48.505  -7.279 0.0000000000
141093  -8.634  48.387  -8.011 0.0000000000
141094  -8.651  48.337  -8.603 0.0000000000
141095  -9.086  47.849  -8.801 0.0000000000
141096  -9.489  47.343  -9.003 0.0000000000
141097  -9.857  46.758  -9.251 0.0000000000
141098  -12.329  46.794  -5.734 0.0000000000
141099  -11.716  46.707  -6.432 0.0000000000
141100  -11.072  46.552  -7.166 0.0000000000
141101  -11.911  45.464  -7.007 0.0000000000
141102  -11.211  45.972  -7.498 0.0000000000
141103  -10.543  46.445  -7.902 0.0000000000
141104  -10.367  46.395  -8.433 0.0000000000
141105  -10.307  46.307  -8.924 0.0000000000
141106  -10.202  46.172  -9.479 0.0000000000
141107  -10.454  45.572  -9.748 0.0000000000
141108  -10.693  44.936  -9.971 0.0000000000
141109  -10.895  44.281  -10.195 0.0000000000
141110  -11.614  43.933  -9.190 0.0000000000
141111  -11.432  43.760  -9.779 0.0000000000
141112  -11.040  43.608  -10.411 0.0000000000
141113  -11.193  42.947  -10.590 0.0000000000
141114  -11.242  42.222  -10.758 0.0000000000
141115  -11.298  41.532  -10.919 0.0000000000
141116  -11.635  40.995  -10.466 0.0000000000
141117  -11.878  40.484  -9.986 0.0000000000
141118  -12.002  40.000  -9.509 0.0000000000
141119  -12.162  40.759  -8.740 0.0000000000
154210  -7.515  44.296  -16.935 0.0000000000
154228  -10.437  40.567  -12.262 0.0000000000
154229  -9.799  40.409  -12.913 0.0000000000
154230  -9.033  40.256  -13.601 0.0000000000
154232  -9.090  39.594  -13.859 0.0000000000
154233  -8.394  40.074  -14.291 0.0000000000
154234  -7.898  39.896  -14.904 0.0000000000
154235  -7.646  39.635  -15.604 0.0000000000
154236  -7.475  39.400  -16.453 0.0000000000
154244  -7.477  38.758  -16.694 0.0000000000
154245  -7.226  39.148  -17.417 0.0000000000
