#!ascii label  , from subject fsaverage vox2ras=TkReg
357
32  -23.917  -78.487  16.818 0.0000000000
786  -23.827  -81.998  13.285 0.0000000000
2335  -27.774  -77.021  14.575 0.0000000000
2336  -29.393  -81.026  12.656 0.0000000000
2702  -23.026  -80.119  18.886 0.0000000000
2704  -22.242  -81.707  16.457 0.0000000000
2706  -23.665  -80.136  14.874 0.0000000000
5196  -29.670  -74.448  16.703 0.0000000000
5197  -30.298  -77.114  15.114 0.0000000000
5198  -28.537  -78.943  13.417 0.0000000000
5199  -31.244  -78.947  14.429 0.0000000000
5201  -32.815  -83.319  14.014 0.0000000000
6024  -24.783  -83.861  12.508 0.0000000000
8409  -24.931  -76.867  19.213 0.0000000000
9538  -26.058  -75.064  18.050 0.0000000000
9564  -27.630  -74.372  16.828 0.0000000000
9565  -25.586  -77.414  15.237 0.0000000000
9566  -25.811  -79.268  13.586 0.0000000000
9567  -26.571  -81.258  12.624 0.0000000000
9568  -27.631  -83.202  12.193 0.0000000000
9569  -31.929  -81.167  14.194 0.0000000000
9570  -30.388  -83.071  12.408 0.0000000000
9571  -28.838  -85.429  12.397 0.0000000000
10382  -23.394  -79.261  17.827 0.0000000000
10384  -22.997  -80.080  16.593 0.0000000000
10385  -22.832  -80.801  15.573 0.0000000000
10386  -23.674  -79.285  15.822 0.0000000000
12876  -30.874  -76.265  16.478 0.0000000000
12877  -31.556  -77.299  15.848 0.0000000000
12878  -30.829  -77.973  14.683 0.0000000000
12879  -32.106  -78.222  15.584 0.0000000000
13877  -22.802  -82.682  13.793 0.0000000000
13878  -21.988  -84.303  13.838 0.0000000000
13879  -23.061  -83.600  13.184 0.0000000000
13880  -23.551  -84.676  12.849 0.0000000000
13881  -24.252  -82.871  12.826 0.0000000000
21283  -26.279  -74.034  19.353 0.0000000000
21284  -26.849  -73.419  18.818 0.0000000000
21348  -28.733  -75.660  15.514 0.0000000000
21349  -28.631  -74.334  16.588 0.0000000000
21350  -27.625  -75.718  15.554 0.0000000000
21351  -26.594  -75.847  15.977 0.0000000000
21352  -26.620  -77.126  14.784 0.0000000000
21353  -25.660  -78.343  14.362 0.0000000000
21354  -26.772  -78.100  14.043 0.0000000000
21355  -28.949  -79.915  12.969 0.0000000000
21356  -27.515  -80.031  12.908 0.0000000000
21357  -28.005  -81.092  12.484 0.0000000000
21358  -27.112  -82.257  12.376 0.0000000000
21359  -28.522  -82.174  12.259 0.0000000000
21362  -33.062  -81.409  15.386 0.0000000000
21366  -29.561  -84.250  12.287 0.0000000000
23302  -22.042  -82.507  15.481 0.0000000000
23303  -22.717  -81.714  14.619 0.0000000000
23304  -23.722  -81.009  13.983 0.0000000000
27785  -30.536  -74.862  17.205 0.0000000000
27786  -29.831  -75.861  15.868 0.0000000000
27787  -29.062  -76.917  14.853 0.0000000000
27788  -28.101  -77.979  13.993 0.0000000000
27789  -29.462  -77.964  14.239 0.0000000000
27790  -29.912  -78.858  13.756 0.0000000000
27791  -30.301  -79.901  13.474 0.0000000000
29418  -25.376  -84.799  12.450 0.0000000000
35510  -23.959  -78.574  18.947 0.0000000000
35511  -24.344  -77.704  18.006 0.0000000000
38852  -25.783  -74.923  19.937 0.0000000000
38853  -25.398  -75.928  18.625 0.0000000000
38854  -24.967  -76.838  17.347 0.0000000000
38930  -29.578  -73.037  17.774 0.0000000000
38931  -28.618  -72.879  17.887 0.0000000000
38932  -27.670  -73.007  18.217 0.0000000000
38933  -26.770  -74.633  17.303 0.0000000000
38934  -25.756  -76.225  16.583 0.0000000000
38935  -24.642  -77.942  15.927 0.0000000000
38936  -24.585  -78.773  15.009 0.0000000000
38937  -24.680  -79.630  14.115 0.0000000000
38938  -24.854  -80.580  13.306 0.0000000000
38939  -27.111  -79.096  13.358 0.0000000000
38940  -26.133  -80.269  12.974 0.0000000000
38941  -25.189  -81.521  12.820 0.0000000000
38942  -25.646  -82.494  12.473 0.0000000000
38943  -26.207  -83.462  12.328 0.0000000000
38944  -26.801  -84.371  12.312 0.0000000000
38945  -32.516  -79.179  15.518 0.0000000000
38946  -31.625  -80.013  14.305 0.0000000000
38947  -30.713  -81.062  13.170 0.0000000000
38948  -32.302  -82.302  14.070 0.0000000000
38949  -31.161  -82.115  13.039 0.0000000000
38950  -29.857  -82.095  12.451 0.0000000000
38951  -29.036  -83.090  12.198 0.0000000000
38952  -28.237  -84.192  12.175 0.0000000000
41102  -23.658  -78.824  17.319 0.0000000000
41103  -23.157  -79.657  17.196 0.0000000000
41104  -23.441  -79.291  16.690 0.0000000000
41105  -23.307  -79.650  16.167 0.0000000000
41106  -23.787  -78.898  16.306 0.0000000000
43596  -31.744  -76.997  16.608 0.0000000000
43597  -32.111  -77.481  16.394 0.0000000000
43598  -31.830  -77.769  15.710 0.0000000000
44597  -23.313  -82.307  13.538 0.0000000000
44598  -22.899  -83.115  13.468 0.0000000000
44599  -23.446  -82.785  13.227 0.0000000000
44600  -23.647  -83.257  12.966 0.0000000000
44601  -24.031  -82.447  13.026 0.0000000000
52003  -26.883  -72.869  19.449 0.0000000000
52068  -28.260  -76.336  15.022 0.0000000000
52069  -28.173  -75.680  15.483 0.0000000000
52070  -27.688  -76.369  14.999 0.0000000000
52071  -27.110  -76.430  15.134 0.0000000000
52072  -27.187  -77.051  14.620 0.0000000000
52073  -26.683  -77.616  14.395 0.0000000000
52074  -27.248  -77.542  14.276 0.0000000000
52075  -29.164  -80.458  12.766 0.0000000000
52076  -28.468  -80.481  12.696 0.0000000000
52077  -28.716  -81.039  12.524 0.0000000000
52078  -28.260  -81.639  12.347 0.0000000000
52079  -28.969  -81.586  12.401 0.0000000000
54187  -22.960  -80.607  19.338 0.0000000000
54190  -22.360  -81.284  17.032 0.0000000000
54195  -21.748  -82.919  15.947 0.0000000000
54196  -22.117  -82.076  15.968 0.0000000000
54197  -23.215  -80.462  15.220 0.0000000000
54198  -22.806  -81.231  15.097 0.0000000000
54199  -23.202  -80.869  14.737 0.0000000000
54200  -23.190  -81.348  14.287 0.0000000000
54201  -23.684  -80.558  14.426 0.0000000000
61668  -30.598  -76.665  15.736 0.0000000000
61669  -30.362  -76.052  16.149 0.0000000000
61670  -30.016  -76.513  15.492 0.0000000000
61671  -29.457  -76.404  15.293 0.0000000000
61672  -29.659  -77.067  14.917 0.0000000000
61673  -29.229  -77.488  14.532 0.0000000000
61674  -29.894  -77.530  14.654 0.0000000000
61675  -31.032  -78.460  14.523 0.0000000000
61676  -30.362  -78.381  14.186 0.0000000000
61677  -30.563  -78.878  14.050 0.0000000000
61678  -30.081  -79.349  13.581 0.0000000000
61679  -30.776  -79.381  13.957 0.0000000000
64682  -24.143  -84.257  12.656 0.0000000000
64684  -24.416  -84.730  12.589 0.0000000000
64686  -25.084  -84.315  12.456 0.0000000000
78590  -24.138  -78.128  18.461 0.0000000000
78591  -24.645  -77.264  18.561 0.0000000000
86890  -26.163  -74.561  18.705 0.0000000000
86891  -25.882  -74.966  19.002 0.0000000000
86892  -25.706  -75.489  18.335 0.0000000000
86893  -25.150  -76.434  17.940 0.0000000000
86894  -25.510  -75.976  17.674 0.0000000000
87083  -30.071  -73.894  17.385 0.0000000000
87085  -29.609  -73.751  17.240 0.0000000000
87086  -28.127  -74.326  16.684 0.0000000000
87087  -28.613  -73.600  17.245 0.0000000000
87088  -28.152  -73.590  17.334 0.0000000000
87089  -28.145  -72.912  18.010 0.0000000000
87090  -27.661  -73.690  17.483 0.0000000000
87091  -27.231  -73.825  17.747 0.0000000000
87092  -27.167  -74.491  17.000 0.0000000000
87093  -26.086  -76.638  15.585 0.0000000000
87094  -26.148  -76.026  16.227 0.0000000000
87095  -25.640  -76.820  15.875 0.0000000000
87096  -25.198  -77.080  16.220 0.0000000000
87097  -25.078  -77.658  15.563 0.0000000000
87098  -24.564  -78.349  15.471 0.0000000000
87099  -25.092  -78.088  15.099 0.0000000000
87100  -25.682  -78.828  13.981 0.0000000000
87101  -25.140  -78.988  14.245 0.0000000000
87102  -25.193  -79.465  13.805 0.0000000000
87103  -24.759  -80.122  13.653 0.0000000000
87104  -25.337  -79.910  13.380 0.0000000000
87105  -28.322  -78.473  13.695 0.0000000000
87106  -27.637  -78.526  13.630 0.0000000000
87107  -27.829  -79.004  13.328 0.0000000000
87108  -27.044  -80.617  12.762 0.0000000000
87109  -26.811  -80.159  12.921 0.0000000000
87110  -26.346  -80.763  12.777 0.0000000000
87111  -25.643  -80.889  12.847 0.0000000000
87112  -25.867  -81.373  12.692 0.0000000000
87113  -25.392  -81.991  12.624 0.0000000000
87114  -26.113  -81.871  12.548 0.0000000000
87115  -27.364  -82.748  12.285 0.0000000000
87116  -26.652  -82.848  12.342 0.0000000000
87117  -26.929  -83.318  12.282 0.0000000000
87118  -26.512  -83.907  12.316 0.0000000000
87119  -27.230  -83.733  12.209 0.0000000000
87120  -33.429  -79.101  16.979 0.0000000000
87121  -32.885  -78.888  16.203 0.0000000000
87122  -33.110  -79.357  16.214 0.0000000000
87123  -32.417  -80.627  14.821 0.0000000000
87124  -32.267  -80.084  14.865 0.0000000000
87125  -31.802  -80.568  14.268 0.0000000000
87126  -31.161  -80.500  13.791 0.0000000000
87127  -31.325  -81.107  13.683 0.0000000000
87129  -32.849  -82.392  14.672 0.0000000000
87130  -32.554  -82.790  14.069 0.0000000000
87132  -31.436  -82.635  13.069 0.0000000000
87133  -30.793  -82.572  12.681 0.0000000000
87134  -30.500  -82.052  12.641 0.0000000000
87135  -30.123  -82.556  12.424 0.0000000000
87136  -29.452  -82.576  12.287 0.0000000000
87137  -29.705  -83.066  12.262 0.0000000000
87138  -29.175  -84.817  12.312 0.0000000000
87139  -28.920  -84.207  12.209 0.0000000000
87140  -28.543  -84.766  12.273 0.0000000000
87141  -27.815  -84.809  12.273 0.0000000000
92416  -23.174  -79.695  18.356 0.0000000000
92417  -22.727  -80.450  18.245 0.0000000000
92418  -22.910  -80.051  17.692 0.0000000000
92419  -22.736  -80.460  17.098 0.0000000000
92420  -22.615  -80.848  16.529 0.0000000000
92421  -22.507  -81.224  16.011 0.0000000000
92422  -22.884  -80.425  16.079 0.0000000000
92423  -23.223  -80.060  15.698 0.0000000000
92424  -23.637  -79.724  15.364 0.0000000000
96906  -31.169  -76.802  16.107 0.0000000000
96907  -30.946  -77.175  15.427 0.0000000000
96908  -30.587  -77.522  14.871 0.0000000000
96909  -31.217  -77.620  15.223 0.0000000000
96910  -31.472  -78.080  15.063 0.0000000000
96911  -31.688  -78.557  14.982 0.0000000000
98707  -22.324  -83.058  14.117 0.0000000000
98709  -22.377  -83.487  13.787 0.0000000000
98710  -22.515  -83.945  13.484 0.0000000000
98711  -22.691  -84.430  13.224 0.0000000000
98713  -23.292  -84.134  12.995 0.0000000000
98714  -23.890  -83.782  12.797 0.0000000000
98715  -24.494  -83.371  12.635 0.0000000000
112038  -26.585  -73.142  19.710 0.0000000000
112039  -26.551  -73.716  19.074 0.0000000000
112040  -26.476  -74.230  18.427 0.0000000000
112154  -29.179  -75.049  16.073 0.0000000000
112155  -29.140  -74.343  16.612 0.0000000000
112156  -28.654  -75.001  16.004 0.0000000000
112157  -28.111  -75.021  16.016 0.0000000000
112158  -27.616  -75.028  16.146 0.0000000000
112159  -27.128  -75.078  16.397 0.0000000000
112160  -27.096  -75.767  15.726 0.0000000000
112161  -26.568  -76.516  15.339 0.0000000000
112162  -26.057  -77.220  15.005 0.0000000000
112163  -25.612  -77.879  14.804 0.0000000000
112164  -26.138  -77.724  14.573 0.0000000000
112165  -26.204  -78.196  14.174 0.0000000000
112166  -26.290  -78.659  13.791 0.0000000000
112167  -28.757  -79.412  13.150 0.0000000000
112168  -28.012  -79.489  13.064 0.0000000000
112169  -28.252  -79.957  12.895 0.0000000000
112170  -27.754  -80.520  12.729 0.0000000000
112171  -27.259  -81.094  12.574 0.0000000000
112172  -26.828  -81.738  12.487 0.0000000000
112173  -27.542  -81.657  12.412 0.0000000000
112174  -27.804  -82.204  12.291 0.0000000000
112175  -28.059  -82.672  12.206 0.0000000000
112180  -32.512  -81.265  14.765 0.0000000000
112182  -32.268  -83.241  13.516 0.0000000000
112185  -30.584  -83.690  12.459 0.0000000000
112186  -29.943  -83.658  12.311 0.0000000000
112187  -30.167  -84.278  12.337 0.0000000000
112188  -29.784  -84.889  12.327 0.0000000000
115813  -22.439  -81.645  15.507 0.0000000000
115814  -22.349  -82.113  14.986 0.0000000000
115815  -22.320  -82.584  14.556 0.0000000000
115816  -22.725  -82.196  14.172 0.0000000000
115817  -23.243  -81.807  13.874 0.0000000000
115818  -23.783  -81.491  13.603 0.0000000000
126270  -30.498  -74.103  17.643 0.0000000000
126271  -30.112  -74.637  16.915 0.0000000000
126272  -30.691  -75.618  16.875 0.0000000000
126273  -30.209  -75.367  16.513 0.0000000000
126274  -29.691  -75.177  16.237 0.0000000000
126275  -29.295  -75.741  15.634 0.0000000000
126276  -28.870  -76.346  15.132 0.0000000000
126277  -28.391  -77.006  14.661 0.0000000000
126278  -27.906  -77.508  14.289 0.0000000000
126279  -28.566  -77.478  14.405 0.0000000000
126280  -28.757  -77.977  14.119 0.0000000000
126281  -29.014  -78.434  13.816 0.0000000000
126282  -30.164  -77.944  14.419 0.0000000000
126283  -29.732  -78.398  13.959 0.0000000000
126284  -29.250  -78.885  13.548 0.0000000000
126285  -29.448  -79.346  13.312 0.0000000000
126286  -29.630  -79.898  13.161 0.0000000000
126287  -29.837  -80.465  13.011 0.0000000000
130320  -25.644  -85.293  12.440 0.0000000000
147534  -23.484  -79.340  18.920 0.0000000000
147535  -23.645  -78.938  18.372 0.0000000000
147536  -23.878  -78.469  17.910 0.0000000000
147537  -24.113  -78.101  17.418 0.0000000000
157516  -25.418  -75.907  19.575 0.0000000000
157517  -25.998  -74.420  19.646 0.0000000000
157518  -25.632  -75.430  19.293 0.0000000000
157519  -25.163  -76.363  18.905 0.0000000000
157520  -24.870  -76.850  18.231 0.0000000000
157521  -24.596  -77.295  17.647 0.0000000000
157522  -24.434  -77.692  17.061 0.0000000000
157751  -29.114  -73.655  17.201 0.0000000000
157752  -29.074  -72.908  17.841 0.0000000000
157754  -28.565  -72.200  18.518 0.0000000000
157757  -27.243  -73.176  18.475 0.0000000000
157758  -26.837  -74.007  18.067 0.0000000000
157759  -26.413  -74.792  17.664 0.0000000000
157760  -26.665  -75.244  16.634 0.0000000000
157761  -26.259  -75.431  16.937 0.0000000000
157762  -25.907  -75.603  17.339 0.0000000000
157763  -25.353  -76.499  16.958 0.0000000000
157764  -24.793  -77.364  16.624 0.0000000000
157765  -24.280  -78.237  16.329 0.0000000000
157766  -24.152  -78.617  15.856 0.0000000000
157767  -24.095  -79.027  15.402 0.0000000000
157768  -24.122  -79.474  14.889 0.0000000000
157769  -25.122  -78.519  14.655 0.0000000000
157770  -24.632  -79.185  14.554 0.0000000000
157771  -24.162  -79.888  14.458 0.0000000000
157772  -24.213  -80.340  14.013 0.0000000000
157773  -24.284  -80.798  13.619 0.0000000000
157774  -24.372  -81.272  13.288 0.0000000000
157775  -27.406  -78.032  13.978 0.0000000000
157776  -26.925  -78.605  13.668 0.0000000000
157777  -26.449  -79.160  13.441 0.0000000000
157778  -27.269  -79.580  13.060 0.0000000000
157779  -26.582  -79.675  13.124 0.0000000000
157780  -25.990  -79.719  13.193 0.0000000000
157781  -25.483  -80.395  13.097 0.0000000000
157782  -25.001  -81.054  13.017 0.0000000000
157783  -24.526  -81.726  13.020 0.0000000000
157784  -24.725  -82.178  12.816 0.0000000000
157785  -24.928  -82.659  12.627 0.0000000000
157786  -25.213  -83.143  12.473 0.0000000000
157787  -26.388  -82.351  12.420 0.0000000000
157788  -25.931  -82.977  12.390 0.0000000000
157789  -25.503  -83.628  12.399 0.0000000000
157790  -25.797  -84.104  12.394 0.0000000000
157791  -26.072  -84.583  12.384 0.0000000000
157792  -26.348  -85.074  12.384 0.0000000000
157793  -32.660  -78.433  16.243 0.0000000000
157794  -32.314  -78.695  15.549 0.0000000000
157795  -31.897  -79.039  14.916 0.0000000000
157797  -32.085  -79.548  14.873 0.0000000000
157798  -31.442  -79.453  14.375 0.0000000000
157799  -30.974  -79.924  13.881 0.0000000000
157800  -30.501  -80.462  13.368 0.0000000000
157801  -30.049  -81.062  12.864 0.0000000000
157803  -32.663  -81.842  14.714 0.0000000000
157804  -32.110  -81.746  14.103 0.0000000000
157805  -32.025  -82.727  13.514 0.0000000000
157806  -31.745  -82.214  13.514 0.0000000000
157807  -31.533  -81.661  13.604 0.0000000000
157808  -30.919  -81.603  13.116 0.0000000000
157809  -30.279  -81.582  12.761 0.0000000000
157810  -29.626  -81.591  12.545 0.0000000000
157811  -29.215  -82.146  12.311 0.0000000000
157812  -28.780  -82.623  12.217 0.0000000000
157813  -28.343  -83.131  12.166 0.0000000000
157814  -29.307  -83.640  12.211 0.0000000000
157815  -28.643  -83.635  12.136 0.0000000000
157816  -27.947  -83.629  12.115 0.0000000000
157817  -27.529  -84.239  12.215 0.0000000000
157818  -27.096  -84.899  12.370 0.0000000000
157819  -26.665  -85.646  12.474 0.0000000000
