#!ascii label  , from subject fsaverage vox2ras=TkReg
657
116  -44.622  33.355  -14.455 0.0000000000
268  -46.671  34.003  -7.398 0.0000000000
512  -38.434  27.601  -9.410 0.0000000000
1125  -44.338  28.962  -12.602 0.0000000000
1126  -41.627  26.122  -13.991 0.0000000000
1165  -46.976  34.307  -11.784 0.0000000000
1166  -41.587  33.418  -6.513 0.0000000000
1167  -42.598  31.046  -9.982 0.0000000000
1635  -47.397  36.030  -6.062 0.0000000000
3045  -45.060  31.166  -13.917 0.0000000000
3046  -43.954  29.516  -14.155 0.0000000000
3047  -43.201  32.114  -14.534 0.0000000000
3085  -46.038  33.855  -13.429 0.0000000000
3086  -45.043  32.777  -11.263 0.0000000000
3087  -45.364  31.599  -12.610 0.0000000000
3088  -43.877  29.661  -11.228 0.0000000000
3683  -48.250  35.294  -4.263 0.0000000000
4817  -37.575  26.896  -10.999 0.0000000000
4938  -38.828  33.030  -5.246 0.0000000000
4939  -38.904  33.364  -3.136 0.0000000000
4945  -37.399  28.355  -7.151 0.0000000000
6633  -41.981  27.576  -10.864 0.0000000000
6634  -41.155  26.572  -11.978 0.0000000000
6635  -43.212  27.535  -13.134 0.0000000000
6636  -42.193  27.851  -14.369 0.0000000000
6705  -47.092  34.318  -9.724 0.0000000000
6706  -44.155  33.761  -7.189 0.0000000000
6707  -44.506  33.726  -9.634 0.0000000000
6708  -41.825  32.440  -8.611 0.0000000000
6709  -39.070  31.454  -6.762 0.0000000000
6711  -39.922  29.873  -7.793 0.0000000000
6712  -41.029  28.520  -9.012 0.0000000000
7654  -48.570  34.340  -5.304 0.0000000000
7655  -48.010  34.909  -7.115 0.0000000000
7657  -46.808  36.587  -8.276 0.0000000000
7658  -47.934  35.357  -9.400 0.0000000000
7659  -47.517  36.065  -11.619 0.0000000000
7660  -46.049  36.283  -13.371 0.0000000000
9109  -39.437  25.647  -13.133 0.0000000000
10725  -44.921  32.255  -14.205 0.0000000000
10726  -44.433  31.545  -14.416 0.0000000000
10727  -43.910  32.830  -14.619 0.0000000000
10765  -45.319  33.561  -13.971 0.0000000000
10766  -45.710  32.626  -13.077 0.0000000000
10767  -45.413  32.442  -13.637 0.0000000000
10768  -45.326  31.434  -13.323 0.0000000000
12495  -36.630  27.893  -9.024 0.0000000000
12496  -36.244  27.559  -9.927 0.0000000000
12497  -38.126  27.300  -10.202 0.0000000000
12615  -46.680  33.767  -6.290 0.0000000000
12617  -45.476  33.643  -6.073 0.0000000000
12618  -37.313  32.797  -4.421 0.0000000000
12619  -37.352  33.209  -3.486 0.0000000000
12625  -37.888  27.962  -8.275 0.0000000000
12626  -35.581  28.515  -6.654 0.0000000000
12627  -36.129  28.237  -7.851 0.0000000000
12628  -34.385  28.402  -7.623 0.0000000000
14895  -43.338  28.138  -11.762 0.0000000000
14896  -42.881  27.517  -12.104 0.0000000000
14897  -43.828  28.275  -12.865 0.0000000000
14899  -43.080  28.621  -14.196 0.0000000000
14900  -42.098  28.986  -14.279 0.0000000000
15015  -47.178  34.414  -10.776 0.0000000000
15016  -45.970  34.001  -9.775 0.0000000000
15017  -46.130  33.876  -10.728 0.0000000000
15018  -43.831  31.898  -10.774 0.0000000000
15019  -43.371  32.695  -10.094 0.0000000000
15020  -42.121  31.899  -9.386 0.0000000000
15021  -40.562  31.819  -7.711 0.0000000000
15022  -40.846  31.073  -8.408 0.0000000000
15023  -39.437  30.582  -7.281 0.0000000000
15024  -41.305  30.349  -8.989 0.0000000000
15025  -44.244  29.281  -12.000 0.0000000000
15026  -42.585  28.933  -10.209 0.0000000000
15027  -43.099  28.453  -10.974 0.0000000000
15028  -41.591  27.984  -9.964 0.0000000000
16810  -47.782  35.676  -5.155 0.0000000000
16811  -48.653  34.894  -4.852 0.0000000000
16812  -48.232  35.217  -5.812 0.0000000000
16813  -48.263  34.726  -6.258 0.0000000000
16814  -47.916  35.632  -6.677 0.0000000000
16820  -46.498  36.930  -9.540 0.0000000000
16821  -47.614  36.000  -8.864 0.0000000000
16822  -47.284  36.342  -10.048 0.0000000000
16823  -47.783  35.716  -10.499 0.0000000000
16824  -46.910  36.804  -11.326 0.0000000000
20213  -41.693  26.241  -13.042 0.0000000000
20214  -40.443  26.154  -12.560 0.0000000000
20215  -40.720  25.699  -13.635 0.0000000000
20573  -42.791  33.662  -6.893 0.0000000000
20575  -41.627  33.593  -5.301 0.0000000000
23913  -44.941  30.028  -13.368 0.0000000000
23914  -44.509  29.267  -13.561 0.0000000000
23915  -44.781  30.392  -14.093 0.0000000000
23916  -43.771  30.743  -14.388 0.0000000000
23985  -46.620  34.060  -12.688 0.0000000000
23986  -46.187  33.504  -11.637 0.0000000000
23987  -46.011  33.060  -12.404 0.0000000000
23988  -45.237  32.043  -11.926 0.0000000000
23989  -44.255  31.042  -11.255 0.0000000000
23990  -43.273  30.207  -10.553 0.0000000000
23991  -44.766  30.595  -12.024 0.0000000000
23992  -44.953  30.333  -12.770 0.0000000000
27103  -36.784  26.381  -11.588 0.0000000000
27104  -41.062  26.245  -14.666 0.0000000000
27105  -40.610  25.501  -14.464 0.0000000000
27106  -40.019  25.780  -15.176 0.0000000000
27320  -40.279  33.222  -6.008 0.0000000000
27321  -40.272  33.501  -4.858 0.0000000000
27322  -38.808  33.368  -4.224 0.0000000000
27333  -36.854  28.796  -6.062 0.0000000000
27335  -35.099  28.838  -5.552 0.0000000000
30837  -40.264  27.443  -10.078 0.0000000000
30838  -39.994  27.077  -10.708 0.0000000000
30839  -41.628  27.097  -11.382 0.0000000000
30840  -42.323  26.869  -12.534 0.0000000000
30841  -42.464  26.771  -13.501 0.0000000000
30842  -43.700  28.400  -13.665 0.0000000000
30843  -42.913  27.618  -13.949 0.0000000000
30844  -42.062  26.943  -14.277 0.0000000000
30845  -41.220  27.232  -14.625 0.0000000000
31005  -46.905  34.170  -8.656 0.0000000000
31006  -45.428  33.832  -7.281 0.0000000000
31007  -45.707  33.871  -8.616 0.0000000000
31008  -44.292  33.737  -8.460 0.0000000000
31009  -42.942  33.424  -8.152 0.0000000000
31010  -44.789  33.373  -10.527 0.0000000000
31011  -43.121  33.119  -9.205 0.0000000000
31012  -41.611  32.937  -7.633 0.0000000000
31013  -40.332  32.612  -6.943 0.0000000000
31014  -38.860  32.303  -6.132 0.0000000000
31015  -37.347  32.098  -5.197 0.0000000000
31017  -37.535  31.209  -5.668 0.0000000000
31018  -37.846  30.351  -6.056 0.0000000000
31019  -38.221  29.565  -6.443 0.0000000000
31020  -41.963  29.604  -9.532 0.0000000000
31021  -40.436  29.180  -8.285 0.0000000000
31022  -38.665  28.910  -6.985 0.0000000000
31023  -39.232  28.347  -7.962 0.0000000000
31024  -39.783  27.842  -9.056 0.0000000000
33243  -44.238  34.487  -14.452 0.0000000000
33244  -43.294  34.118  -14.569 0.0000000000
33394  -47.669  34.072  -6.424 0.0000000000
33395  -47.585  34.338  -7.415 0.0000000000
33401  -46.954  36.394  -7.021 0.0000000000
33402  -47.714  35.800  -7.684 0.0000000000
33403  -47.974  35.134  -8.251 0.0000000000
33404  -47.696  34.575  -8.583 0.0000000000
33405  -47.752  34.833  -9.650 0.0000000000
33406  -47.708  35.103  -10.705 0.0000000000
33407  -47.486  35.198  -11.763 0.0000000000
33408  -46.418  37.361  -12.422 0.0000000000
33409  -46.852  36.177  -12.600 0.0000000000
33410  -46.905  35.149  -12.738 0.0000000000
33411  -46.145  34.980  -13.468 0.0000000000
33412  -45.206  34.726  -14.117 0.0000000000
37567  -39.458  26.668  -11.374 0.0000000000
37568  -38.734  26.233  -12.040 0.0000000000
37569  -37.730  25.719  -12.534 0.0000000000
37570  -39.651  25.176  -14.124 0.0000000000
37585  -42.503  33.620  -14.533 0.0000000000
38001  -40.346  33.398  -3.709 0.0000000000
41445  -44.774  32.796  -14.315 0.0000000000
41446  -44.502  32.512  -14.489 0.0000000000
41447  -44.277  33.084  -14.550 0.0000000000
41485  -44.962  33.454  -14.210 0.0000000000
41486  -45.359  32.980  -13.822 0.0000000000
41487  -45.097  32.863  -14.109 0.0000000000
41488  -45.181  32.360  -13.936 0.0000000000
43215  -37.523  27.781  -9.181 0.0000000000
43216  -37.397  27.611  -9.651 0.0000000000
43217  -38.330  27.461  -9.829 0.0000000000
43335  -46.656  33.876  -6.793 0.0000000000
43336  -46.105  33.671  -6.136 0.0000000000
43337  -46.077  33.840  -6.731 0.0000000000
43345  -38.191  27.729  -8.878 0.0000000000
43346  -36.975  28.110  -8.002 0.0000000000
43347  -37.278  27.932  -8.623 0.0000000000
43348  -36.428  28.083  -8.447 0.0000000000
45615  -43.852  28.531  -12.189 0.0000000000
45616  -43.669  28.221  -12.370 0.0000000000
45617  -44.149  28.634  -12.779 0.0000000000
45735  -47.107  34.410  -11.261 0.0000000000
45736  -46.708  34.136  -10.749 0.0000000000
45737  -46.672  34.061  -11.248 0.0000000000
45738  -43.187  31.437  -10.395 0.0000000000
45739  -42.945  31.907  -10.125 0.0000000000
45740  -42.348  31.483  -9.696 0.0000000000
45741  -41.506  31.470  -8.916 0.0000000000
45742  -41.699  31.074  -9.218 0.0000000000
45743  -41.006  30.723  -8.731 0.0000000000
45744  -41.961  30.671  -9.512 0.0000000000
45745  -44.329  29.125  -12.324 0.0000000000
45746  -43.679  28.852  -11.495 0.0000000000
45747  -43.823  28.686  -11.859 0.0000000000
45748  -43.227  28.316  -11.380 0.0000000000
47530  -47.606  35.859  -5.582 0.0000000000
47531  -48.052  35.498  -5.487 0.0000000000
47532  -47.871  35.633  -5.952 0.0000000000
47533  -48.094  35.411  -6.260 0.0000000000
47534  -47.685  35.839  -6.382 0.0000000000
47541  -46.932  36.643  -9.814 0.0000000000
47542  -46.745  36.897  -10.487 0.0000000000
47543  -47.103  36.585  -10.701 0.0000000000
47544  -46.584  37.185  -11.150 0.0000000000
50933  -41.713  26.152  -13.543 0.0000000000
50934  -41.239  25.958  -13.345 0.0000000000
50935  -41.234  25.859  -13.831 0.0000000000
51293  -42.188  33.531  -6.728 0.0000000000
51294  -42.185  33.623  -6.121 0.0000000000
51295  -41.597  33.549  -5.932 0.0000000000
55215  -45.086  30.584  -13.690 0.0000000000
55216  -44.924  30.212  -13.782 0.0000000000
55217  -44.935  30.798  -14.030 0.0000000000
55218  -43.847  31.813  -14.513 0.0000000000
55219  -44.143  31.156  -14.418 0.0000000000
55220  -43.556  31.386  -14.449 0.0000000000
55221  -43.194  30.950  -14.393 0.0000000000
55222  -42.906  31.639  -14.401 0.0000000000
55335  -46.366  33.952  -13.075 0.0000000000
55336  -46.409  33.567  -12.587 0.0000000000
55337  -46.138  33.438  -12.997 0.0000000000
55338  -45.630  32.099  -12.865 0.0000000000
55339  -45.603  32.268  -12.527 0.0000000000
55340  -45.324  31.754  -12.264 0.0000000000
55341  -44.753  31.564  -11.608 0.0000000000
55342  -44.920  31.259  -11.952 0.0000000000
55343  -44.533  30.741  -11.584 0.0000000000
55344  -45.119  31.094  -12.343 0.0000000000
55345  -45.193  31.329  -13.674 0.0000000000
55346  -45.220  30.847  -13.067 0.0000000000
55347  -45.113  30.741  -13.386 0.0000000000
55348  -44.968  30.188  -13.091 0.0000000000
60528  -36.909  27.220  -10.493 0.0000000000
60529  -35.987  27.290  -10.320 0.0000000000
60530  -36.599  26.980  -10.815 0.0000000000
60532  -37.202  26.657  -11.312 0.0000000000
60533  -40.667  26.432  -14.853 0.0000000000
60534  -40.536  25.984  -14.847 0.0000000000
60535  -40.186  26.165  -15.127 0.0000000000
60893  -39.569  33.124  -5.649 0.0000000000
60894  -39.583  33.329  -5.140 0.0000000000
60895  -38.817  33.235  -4.756 0.0000000000
60896  -36.616  33.229  -2.534 0.0000000000
60897  -37.343  33.292  -2.933 0.0000000000
60915  -37.114  28.572  -6.605 0.0000000000
60916  -35.981  28.796  -5.787 0.0000000000
60917  -36.214  28.597  -6.322 0.0000000000
60925  -34.610  28.229  -8.176 0.0000000000
67725  -41.119  27.480  -10.462 0.0000000000
67726  -41.016  27.270  -10.768 0.0000000000
67727  -41.760  27.348  -11.119 0.0000000000
67728  -43.078  27.519  -12.627 0.0000000000
67729  -42.597  27.196  -12.303 0.0000000000
67730  -42.778  27.165  -12.812 0.0000000000
67731  -42.503  26.790  -13.005 0.0000000000
67732  -42.833  27.137  -13.297 0.0000000000
67733  -44.330  29.383  -13.929 0.0000000000
67734  -44.078  28.822  -13.593 0.0000000000
67735  -43.863  28.953  -13.927 0.0000000000
67736  -42.633  28.233  -14.281 0.0000000000
67737  -43.036  28.107  -14.121 0.0000000000
67738  -42.596  27.738  -14.217 0.0000000000
67739  -42.496  27.257  -14.068 0.0000000000
67740  -42.142  27.381  -14.313 0.0000000000
67741  -41.695  27.071  -14.505 0.0000000000
67742  -41.725  27.525  -14.469 0.0000000000
68085  -46.990  34.250  -9.204 0.0000000000
68086  -46.320  34.012  -8.613 0.0000000000
68087  -46.458  34.046  -9.181 0.0000000000
68088  -45.214  33.855  -9.689 0.0000000000
68089  -45.129  33.866  -9.153 0.0000000000
68090  -44.388  33.744  -9.074 0.0000000000
68091  -43.615  33.603  -8.337 0.0000000000
68092  -43.711  33.547  -8.930 0.0000000000
68093  -45.635  33.148  -11.456 0.0000000000
68094  -45.577  33.414  -11.082 0.0000000000
68095  -44.924  33.087  -10.907 0.0000000000
68096  -42.549  32.581  -9.390 0.0000000000
68097  -43.228  32.945  -9.664 0.0000000000
68098  -42.450  32.756  -8.926 0.0000000000
68099  -42.353  32.944  -8.433 0.0000000000
68100  -41.713  32.598  -8.119 0.0000000000
68101  -40.966  32.776  -7.320 0.0000000000
68102  -41.107  32.432  -7.782 0.0000000000
68103  -39.831  31.618  -7.275 0.0000000000
68104  -39.713  32.026  -6.916 0.0000000000
68105  -38.962  31.901  -6.488 0.0000000000
68106  -38.129  32.204  -5.699 0.0000000000
68107  -38.188  31.774  -5.983 0.0000000000
68108  -37.432  31.657  -5.456 0.0000000000
68109  -38.300  31.326  -6.212 0.0000000000
68110  -39.698  30.184  -7.594 0.0000000000
68111  -38.675  30.445  -6.684 0.0000000000
68112  -38.904  30.055  -6.926 0.0000000000
68113  -38.038  29.952  -6.262 0.0000000000
68114  -39.132  29.682  -7.136 0.0000000000
68115  -43.582  29.913  -10.857 0.0000000000
68116  -42.660  29.891  -10.074 0.0000000000
68117  -42.976  29.523  -10.384 0.0000000000
68118  -41.815  28.701  -9.606 0.0000000000
68119  -41.532  28.999  -9.210 0.0000000000
68120  -40.732  28.819  -8.591 0.0000000000
68121  -39.584  29.041  -7.661 0.0000000000
68122  -39.858  28.692  -7.976 0.0000000000
68123  -38.934  28.624  -7.427 0.0000000000
68124  -40.152  28.410  -8.479 0.0000000000
68125  -41.816  27.783  -10.433 0.0000000000
68126  -40.709  27.871  -9.490 0.0000000000
68127  -40.962  27.650  -9.987 0.0000000000
68128  -40.068  27.616  -9.592 0.0000000000
73125  -44.136  35.122  -14.489 0.0000000000
73126  -43.596  34.872  -14.501 0.0000000000
73470  -48.500  35.156  -3.842 0.0000000000
73472  -48.739  34.913  -4.153 0.0000000000
73473  -48.682  34.600  -5.084 0.0000000000
73479  -48.300  34.103  -5.434 0.0000000000
73480  -48.114  34.808  -6.680 0.0000000000
73481  -47.994  34.370  -6.355 0.0000000000
73482  -47.907  34.456  -6.816 0.0000000000
73483  -47.600  34.202  -6.895 0.0000000000
73484  -47.871  34.578  -7.329 0.0000000000
73496  -46.160  36.990  -8.624 0.0000000000
73498  -46.279  36.833  -7.968 0.0000000000
73500  -46.869  36.492  -7.661 0.0000000000
73501  -47.376  36.119  -7.389 0.0000000000
73502  -47.318  36.247  -7.984 0.0000000000
73503  -47.868  35.634  -9.175 0.0000000000
73504  -47.884  35.581  -8.572 0.0000000000
73505  -48.027  35.235  -8.873 0.0000000000
73506  -47.942  34.799  -8.484 0.0000000000
73507  -47.917  34.945  -9.035 0.0000000000
73508  -47.764  34.680  -9.156 0.0000000000
73509  -47.916  35.072  -9.572 0.0000000000
73510  -47.628  35.912  -11.071 0.0000000000
73511  -47.809  35.416  -10.635 0.0000000000
73512  -47.716  35.594  -11.207 0.0000000000
73513  -47.649  35.178  -11.246 0.0000000000
73514  -47.522  35.648  -11.704 0.0000000000
73516  -46.143  37.802  -12.309 0.0000000000
73518  -45.927  36.987  -13.335 0.0000000000
73519  -46.294  36.914  -12.927 0.0000000000
73520  -46.460  36.249  -13.013 0.0000000000
73521  -46.904  35.678  -12.672 0.0000000000
73522  -46.541  35.632  -13.064 0.0000000000
73523  -46.530  35.097  -13.112 0.0000000000
73524  -46.127  35.621  -13.397 0.0000000000
73526  -45.193  35.365  -14.054 0.0000000000
73527  -44.651  35.250  -14.339 0.0000000000
73528  -44.729  34.614  -14.343 0.0000000000
83678  -40.644  26.817  -11.372 0.0000000000
83679  -39.734  26.856  -11.022 0.0000000000
83680  -40.394  26.578  -11.672 0.0000000000
83681  -39.957  25.900  -12.888 0.0000000000
83682  -39.601  26.190  -12.295 0.0000000000
83683  -39.193  25.915  -12.643 0.0000000000
83684  -38.262  25.978  -12.306 0.0000000000
83685  -38.634  25.668  -12.826 0.0000000000
83686  -40.032  25.306  -14.780 0.0000000000
83687  -40.172  25.297  -14.342 0.0000000000
83723  -42.591  34.619  -14.410 0.0000000000
83724  -42.882  33.933  -14.537 0.0000000000
84758  -44.763  33.780  -7.220 0.0000000000
84759  -44.754  33.723  -6.571 0.0000000000
84760  -44.130  33.709  -6.522 0.0000000000
84766  -39.596  33.460  -4.015 0.0000000000
84767  -40.272  33.518  -4.257 0.0000000000
84768  -39.623  33.401  -3.426 0.0000000000
84825  -35.788  31.512  -4.323 0.0000000000
93033  -44.995  31.731  -14.115 0.0000000000
93034  -44.868  31.379  -14.247 0.0000000000
93035  -44.656  31.963  -14.395 0.0000000000
93036  -44.190  32.199  -14.561 0.0000000000
93037  -43.561  32.500  -14.618 0.0000000000
93105  -45.662  33.700  -13.707 0.0000000000
93106  -45.896  33.274  -13.297 0.0000000000
93107  -45.604  33.080  -13.556 0.0000000000
93108  -45.591  32.532  -13.351 0.0000000000
93109  -45.527  32.011  -13.164 0.0000000000
93110  -45.433  31.530  -13.010 0.0000000000
93111  -45.430  31.960  -13.496 0.0000000000
93112  -45.229  31.861  -13.812 0.0000000000
96219  -35.691  28.002  -8.856 0.0000000000
96220  -35.498  27.842  -9.331 0.0000000000
96221  -36.459  27.751  -9.499 0.0000000000
96222  -37.175  27.442  -10.087 0.0000000000
96223  -37.867  27.115  -10.651 0.0000000000
96225  -39.721  26.427  -15.306 0.0000000000
96435  -46.719  33.645  -5.814 0.0000000000
96440  -38.077  32.892  -4.862 0.0000000000
96441  -38.064  33.129  -4.383 0.0000000000
96442  -37.322  33.032  -3.962 0.0000000000
96453  -37.623  28.167  -7.693 0.0000000000
96454  -36.478  28.406  -6.861 0.0000000000
96455  -36.718  28.267  -7.432 0.0000000000
96456  -35.831  28.390  -7.225 0.0000000000
96457  -34.979  28.482  -7.136 0.0000000000
96458  -34.149  28.565  -7.071 0.0000000000
96459  -35.251  28.329  -7.730 0.0000000000
96460  -35.513  28.172  -8.303 0.0000000000
100539  -42.699  27.824  -11.307 0.0000000000
100540  -42.541  27.526  -11.536 0.0000000000
100541  -43.163  27.832  -11.953 0.0000000000
100542  -43.439  27.865  -12.479 0.0000000000
100543  -43.487  27.909  -12.965 0.0000000000
100544  -43.509  29.678  -14.314 0.0000000000
100545  -43.584  29.066  -14.174 0.0000000000
100546  -43.056  29.242  -14.331 0.0000000000
100547  -42.625  28.817  -14.361 0.0000000000
100548  -42.170  28.370  -14.316 0.0000000000
100549  -41.727  28.018  -14.384 0.0000000000
100550  -41.637  28.570  -14.275 0.0000000000
100755  -47.170  34.366  -10.263 0.0000000000
100756  -46.571  34.133  -9.766 0.0000000000
100757  -46.680  34.135  -10.283 0.0000000000
100758  -46.031  33.962  -10.234 0.0000000000
100759  -45.333  33.795  -10.185 0.0000000000
100760  -44.441  32.352  -11.040 0.0000000000
100761  -44.280  32.734  -10.737 0.0000000000
100762  -43.597  32.322  -10.444 0.0000000000
100763  -42.728  32.287  -9.768 0.0000000000
100764  -41.941  32.211  -9.020 0.0000000000
100765  -41.235  32.066  -8.162 0.0000000000
100766  -41.361  31.814  -8.559 0.0000000000
100767  -40.732  31.410  -8.105 0.0000000000
100768  -39.987  31.183  -7.581 0.0000000000
100769  -39.222  31.006  -7.003 0.0000000000
100770  -40.155  30.746  -7.839 0.0000000000
100771  -40.381  30.425  -8.158 0.0000000000
100772  -40.663  30.061  -8.434 0.0000000000
100773  -44.080  29.500  -11.631 0.0000000000
100774  -43.264  29.286  -10.753 0.0000000000
100775  -43.520  29.049  -11.133 0.0000000000
100776  -42.827  28.708  -10.587 0.0000000000
100777  -42.063  28.430  -10.009 0.0000000000
100778  -41.290  28.246  -9.489 0.0000000000
100779  -42.355  28.208  -10.463 0.0000000000
100780  -42.631  28.003  -10.930 0.0000000000
103986  -48.037  35.496  -4.722 0.0000000000
103987  -48.533  35.135  -4.576 0.0000000000
103988  -48.261  35.325  -5.026 0.0000000000
103989  -48.429  35.111  -5.328 0.0000000000
103990  -48.469  34.791  -5.599 0.0000000000
103991  -48.367  34.527  -5.777 0.0000000000
103992  -48.324  34.972  -6.072 0.0000000000
103993  -48.181  35.195  -6.502 0.0000000000
103994  -48.065  35.289  -6.910 0.0000000000
104003  -46.018  37.183  -9.263 0.0000000000
104004  -46.675  36.750  -8.878 0.0000000000
104005  -47.231  36.337  -8.561 0.0000000000
104006  -47.111  36.467  -9.162 0.0000000000
104007  -47.482  36.117  -9.469 0.0000000000
104008  -47.749  35.798  -9.703 0.0000000000
104009  -47.864  35.511  -9.913 0.0000000000
104010  -47.562  36.021  -10.286 0.0000000000
104011  -47.446  36.250  -10.915 0.0000000000
104012  -47.218  36.443  -11.493 0.0000000000
104017  -45.469  36.925  -13.653 0.0000000000
104018  -45.603  36.195  -13.652 0.0000000000
110111  -41.533  26.355  -12.541 0.0000000000
110112  -40.850  26.319  -12.284 0.0000000000
110113  -41.118  26.125  -12.833 0.0000000000
110114  -40.646  25.879  -13.143 0.0000000000
110115  -40.159  25.636  -13.407 0.0000000000
110759  -43.434  33.734  -7.043 0.0000000000
110761  -42.788  33.682  -6.286 0.0000000000
117237  -44.742  29.495  -13.033 0.0000000000
117238  -44.506  29.120  -13.117 0.0000000000
117239  -44.785  29.661  -13.490 0.0000000000
117240  -44.672  29.810  -13.855 0.0000000000
117241  -44.383  29.948  -14.149 0.0000000000
117242  -44.620  30.975  -14.265 0.0000000000
117243  -44.306  30.566  -14.293 0.0000000000
117244  -43.897  30.088  -14.346 0.0000000000
117245  -43.370  30.313  -14.383 0.0000000000
117405  -46.836  34.148  -12.309 0.0000000000
117406  -46.686  33.891  -11.757 0.0000000000
117407  -46.535  33.714  -12.181 0.0000000000
117408  -46.183  33.239  -12.033 0.0000000000
117409  -45.644  32.833  -11.779 0.0000000000
117410  -45.911  32.847  -12.814 0.0000000000
117411  -45.674  32.510  -12.135 0.0000000000
117412  -45.143  32.402  -11.572 0.0000000000
117413  -44.614  31.941  -11.321 0.0000000000
117414  -44.013  31.446  -11.015 0.0000000000
117415  -43.449  30.950  -10.677 0.0000000000
117416  -42.910  30.595  -10.263 0.0000000000
117417  -43.777  30.585  -10.921 0.0000000000
117418  -44.092  30.265  -11.217 0.0000000000
117419  -44.348  30.108  -11.663 0.0000000000
117420  -45.181  30.999  -12.729 0.0000000000
117421  -44.919  30.479  -12.458 0.0000000000
117422  -44.552  29.975  -12.084 0.0000000000
117423  -44.665  29.811  -12.441 0.0000000000
117424  -44.721  29.652  -12.745 0.0000000000
119921  -47.657  35.605  -4.381 0.0000000000
119922  -47.404  35.782  -4.827 0.0000000000
119923  -47.227  35.982  -5.252 0.0000000000
124682  -41.421  26.142  -14.340 0.0000000000
124683  -41.094  25.810  -14.193 0.0000000000
124684  -40.855  25.845  -14.527 0.0000000000
124685  -40.316  25.618  -14.842 0.0000000000
124687  -39.694  25.984  -15.446 0.0000000000
125186  -40.961  33.332  -6.285 0.0000000000
125187  -40.967  33.479  -5.710 0.0000000000
125188  -40.285  33.395  -5.458 0.0000000000
125189  -39.583  33.428  -4.595 0.0000000000
125190  -38.875  33.419  -3.714 0.0000000000
125191  -38.039  33.281  -3.843 0.0000000000
125192  -38.073  33.342  -3.309 0.0000000000
125193  -38.148  33.313  -2.778 0.0000000000
125217  -36.666  29.088  -5.656 0.0000000000
125219  -35.770  29.039  -5.285 0.0000000000
125222  -35.299  28.667  -6.077 0.0000000000
125223  -34.252  28.946  -5.408 0.0000000000
134169  -39.347  27.476  -9.694 0.0000000000
134170  -39.262  27.330  -10.085 0.0000000000
134171  -40.151  27.264  -10.393 0.0000000000
134172  -40.847  27.051  -11.049 0.0000000000
134173  -41.437  26.837  -11.685 0.0000000000
134174  -42.307  27.228  -11.727 0.0000000000
134175  -42.040  26.971  -11.975 0.0000000000
134176  -41.812  26.652  -12.254 0.0000000000
134177  -42.049  26.533  -12.758 0.0000000000
134178  -42.148  26.461  -13.244 0.0000000000
134179  -42.107  26.402  -13.722 0.0000000000
134180  -44.197  28.714  -13.208 0.0000000000
134181  -43.836  28.326  -13.296 0.0000000000
134182  -43.462  27.939  -13.401 0.0000000000
134183  -43.445  28.480  -13.955 0.0000000000
134184  -43.332  27.975  -13.788 0.0000000000
134185  -43.134  27.525  -13.571 0.0000000000
134186  -42.737  27.153  -13.775 0.0000000000
134187  -42.320  26.824  -13.917 0.0000000000
134188  -41.883  26.505  -14.141 0.0000000000
134189  -41.570  26.593  -14.459 0.0000000000
134190  -41.179  26.714  -14.693 0.0000000000
134625  -46.781  34.112  -8.019 0.0000000000
134626  -46.091  33.930  -7.346 0.0000000000
134627  -46.205  33.958  -7.982 0.0000000000
134628  -45.556  33.861  -7.945 0.0000000000
134629  -44.862  33.816  -7.885 0.0000000000
134630  -45.825  33.959  -9.192 0.0000000000
134631  -45.002  33.828  -8.539 0.0000000000
134632  -44.167  33.753  -7.812 0.0000000000
134633  -43.495  33.688  -7.681 0.0000000000
134634  -42.871  33.561  -7.530 0.0000000000
134635  -42.230  33.388  -7.332 0.0000000000
134636  -46.182  33.728  -11.244 0.0000000000
134637  -45.436  33.690  -10.689 0.0000000000
134638  -44.634  33.644  -10.124 0.0000000000
134639  -44.089  33.038  -10.323 0.0000000000
134640  -43.928  33.320  -9.924 0.0000000000
134641  -43.833  33.517  -9.489 0.0000000000
134642  -43.024  33.303  -8.741 0.0000000000
134643  -42.244  33.172  -7.940 0.0000000000
134644  -41.604  33.242  -7.094 0.0000000000
134645  -40.930  33.095  -6.833 0.0000000000
134646  -40.263  32.964  -6.493 0.0000000000
134647  -39.536  32.862  -6.098 0.0000000000
134648  -40.435  32.208  -7.343 0.0000000000
134649  -39.610  32.454  -6.531 0.0000000000
134650  -38.823  32.699  -5.707 0.0000000000
134651  -38.086  32.584  -5.333 0.0000000000
134652  -37.313  32.489  -4.851 0.0000000000
134656  -36.628  31.586  -4.906 0.0000000000
134657  -36.733  31.139  -5.112 0.0000000000
134658  -38.467  30.875  -6.432 0.0000000000
134659  -37.706  30.765  -5.888 0.0000000000
134660  -36.859  30.695  -5.306 0.0000000000
134661  -36.999  30.274  -5.474 0.0000000000
134662  -37.142  29.879  -5.638 0.0000000000
134663  -37.343  29.495  -5.852 0.0000000000
134664  -42.294  30.275  -9.785 0.0000000000
134665  -41.646  29.965  -9.263 0.0000000000
134666  -40.924  29.739  -8.651 0.0000000000
134667  -42.280  29.232  -9.839 0.0000000000
134668  -41.230  29.368  -8.920 0.0000000000
134669  -40.149  29.557  -8.007 0.0000000000
134670  -39.340  29.360  -7.368 0.0000000000
134671  -38.426  29.219  -6.678 0.0000000000
134672  -37.555  29.149  -6.098 0.0000000000
134673  -37.758  28.846  -6.490 0.0000000000
134674  -38.031  28.573  -6.961 0.0000000000
134675  -38.336  28.329  -7.502 0.0000000000
134676  -40.418  28.132  -8.978 0.0000000000
134677  -39.514  28.085  -8.542 0.0000000000
134678  -38.589  28.094  -8.082 0.0000000000
134679  -38.813  27.861  -8.600 0.0000000000
134680  -39.107  27.661  -9.183 0.0000000000
140895  -44.412  33.923  -14.458 0.0000000000
140896  -43.987  33.695  -14.572 0.0000000000
140897  -43.769  34.267  -14.557 0.0000000000
140898  -43.040  34.747  -14.508 0.0000000000
140899  -42.398  35.304  -14.216 0.0000000000
141321  -48.919  34.666  -4.417 0.0000000000
141330  -48.143  34.260  -5.916 0.0000000000
141331  -47.747  33.978  -5.949 0.0000000000
141332  -47.274  33.752  -5.928 0.0000000000
141333  -47.205  33.890  -6.383 0.0000000000
141334  -47.182  33.997  -6.885 0.0000000000
141335  -47.159  34.153  -7.403 0.0000000000
141353  -47.174  36.180  -6.549 0.0000000000
141354  -47.500  36.022  -6.841 0.0000000000
141355  -47.797  35.700  -7.136 0.0000000000
141356  -47.950  35.362  -7.398 0.0000000000
141357  -47.650  35.921  -8.270 0.0000000000
141358  -47.912  35.480  -7.965 0.0000000000
141359  -48.015  35.010  -7.670 0.0000000000
141360  -47.870  34.708  -7.869 0.0000000000
141361  -47.609  34.482  -7.969 0.0000000000
141362  -47.273  34.273  -8.028 0.0000000000
141363  -47.372  34.366  -8.642 0.0000000000
141364  -47.438  34.463  -9.187 0.0000000000
141365  -47.499  34.557  -9.700 0.0000000000
141366  -47.862  35.253  -10.083 0.0000000000
141367  -47.764  34.953  -10.156 0.0000000000
141368  -47.500  34.667  -10.211 0.0000000000
141369  -47.549  34.725  -10.743 0.0000000000
141370  -47.448  34.776  -11.270 0.0000000000
141371  -47.292  34.717  -11.804 0.0000000000
141372  -46.373  37.481  -11.764 0.0000000000
141373  -46.668  37.051  -11.905 0.0000000000
141374  -46.952  36.633  -12.052 0.0000000000
141376  -46.652  36.753  -12.509 0.0000000000
141377  -47.165  36.153  -12.128 0.0000000000
141378  -47.289  35.688  -12.216 0.0000000000
141379  -47.203  35.187  -12.277 0.0000000000
141380  -47.056  34.654  -12.307 0.0000000000
141381  -46.774  34.597  -12.763 0.0000000000
141382  -46.484  34.492  -13.135 0.0000000000
141383  -46.098  34.384  -13.475 0.0000000000
141384  -45.679  35.490  -13.734 0.0000000000
141385  -45.694  34.854  -13.799 0.0000000000
141386  -45.701  34.251  -13.798 0.0000000000
141387  -45.252  34.138  -14.063 0.0000000000
141388  -44.841  34.024  -14.286 0.0000000000
153661  -39.054  27.158  -10.428 0.0000000000
153662  -38.815  26.957  -10.777 0.0000000000
153663  -38.576  26.781  -11.180 0.0000000000
153664  -40.008  26.401  -11.967 0.0000000000
153665  -39.130  26.477  -11.702 0.0000000000
153666  -38.187  26.570  -11.510 0.0000000000
153667  -37.774  26.310  -11.787 0.0000000000
153668  -37.340  26.047  -12.050 0.0000000000
153670  -40.698  25.573  -14.063 0.0000000000
153671  -40.201  25.403  -13.882 0.0000000000
153672  -39.592  25.388  -13.630 0.0000000000
153675  -38.904  25.381  -13.350 0.0000000000
153676  -38.058  25.393  -13.046 0.0000000000
153677  -37.189  25.431  -12.761 0.0000000000
153715  -43.603  33.448  -14.673 0.0000000000
153716  -43.234  33.208  -14.632 0.0000000000
153717  -42.852  32.853  -14.558 0.0000000000
154956  -45.431  33.795  -6.662 0.0000000000
154965  -40.957  33.563  -5.104 0.0000000000
154966  -40.942  33.537  -4.494 0.0000000000
