#!ascii label  , from subject fsaverage vox2ras=TkReg
445
112  -6.367  36.566  -6.322 0.0000000000
248  -6.749  38.696  3.025 0.0000000000
1102  -5.927  30.665  -5.903 0.0000000000
1598  -5.906  38.442  -2.077 0.0000000000
1599  -8.113  42.112  0.239 0.0000000000
1600  -9.878  41.018  4.647 0.0000000000
1601  -11.701  39.311  9.234 0.0000000000
3022  -5.794  33.882  -6.473 0.0000000000
3023  -6.273  31.288  -4.010 0.0000000000
3024  -6.107  34.364  -4.502 0.0000000000
3063  -8.622  37.071  -7.082 0.0000000000
3065  -7.137  34.820  -8.057 0.0000000000
3066  -6.234  32.127  -8.051 0.0000000000
3624  -10.292  42.821  -0.632 0.0000000000
3626  -9.797  43.012  3.628 0.0000000000
3628  -10.941  39.873  6.787 0.0000000000
4755  -6.331  38.994  0.417 0.0000000000
4756  -6.991  35.503  -0.030 0.0000000000
4757  -6.440  35.741  2.285 0.0000000000
6597  -5.989  38.718  5.570 0.0000000000
6671  -6.542  30.423  -9.541 0.0000000000
7567  -7.718  38.688  -5.270 0.0000000000
7568  -5.748  37.493  -4.447 0.0000000000
7569  -6.506  40.191  -3.445 0.0000000000
7570  -6.123  41.131  -1.024 0.0000000000
7571  -6.373  41.467  1.583 0.0000000000
7572  -9.828  43.100  1.386 0.0000000000
7573  -8.261  42.308  2.762 0.0000000000
7574  -7.711  40.613  3.986 0.0000000000
7575  -8.232  39.595  6.407 0.0000000000
7576  -8.733  39.042  8.931 0.0000000000
9033  -6.756  35.081  -2.367 0.0000000000
10702  -5.959  35.294  -6.503 0.0000000000
10703  -5.840  34.104  -5.489 0.0000000000
10704  -5.762  35.604  -5.611 0.0000000000
10743  -7.455  36.834  -6.774 0.0000000000
10744  -7.877  35.995  -7.653 0.0000000000
10745  -6.787  35.676  -7.182 0.0000000000
10746  -6.323  34.449  -7.411 0.0000000000
12435  -6.697  38.866  1.672 0.0000000000
12436  -7.038  37.184  1.298 0.0000000000
12437  -6.635  37.162  2.655 0.0000000000
14829  -5.962  29.304  -4.362 0.0000000000
14835  -5.741  38.891  6.881 0.0000000000
14958  -5.741  31.438  -7.105 0.0000000000
14959  -5.886  30.600  -7.828 0.0000000000
14960  -5.882  29.846  -6.672 0.0000000000
16628  -7.012  39.499  -4.418 0.0000000000
16630  -8.047  41.946  -0.942 0.0000000000
16631  -7.116  41.492  -1.576 0.0000000000
16632  -7.129  41.716  -0.382 0.0000000000
16633  -6.136  41.430  0.256 0.0000000000
16634  -7.098  41.950  0.891 0.0000000000
16637  -10.802  43.560  2.018 0.0000000000
16639  -9.061  42.728  3.183 0.0000000000
16640  -9.052  41.779  3.826 0.0000000000
16641  -7.927  41.606  3.434 0.0000000000
16642  -8.795  40.830  4.314 0.0000000000
16643  -8.122  40.007  5.100 0.0000000000
16644  -9.341  40.135  5.408 0.0000000000
16646  -9.992  39.260  7.834 0.0000000000
16647  -10.362  39.028  9.093 0.0000000000
16648  -9.219  38.743  10.181 0.0000000000
20025  -5.742  37.993  -3.308 0.0000000000
20026  -6.190  36.431  -3.469 0.0000000000
20027  -6.503  36.767  -2.327 0.0000000000
23872  -5.764  32.364  -6.265 0.0000000000
23873  -6.112  30.954  -4.942 0.0000000000
23874  -5.983  32.618  -5.286 0.0000000000
23876  -6.477  33.085  -3.243 0.0000000000
23951  -6.693  33.503  -8.149 0.0000000000
23952  -5.998  33.087  -7.367 0.0000000000
24956  -8.956  42.510  -0.355 0.0000000000
24962  -10.554  40.398  5.632 0.0000000000
26991  -6.091  38.797  -0.849 0.0000000000
26992  -6.710  37.074  -1.121 0.0000000000
26993  -6.889  37.282  0.087 0.0000000000
26994  -6.793  35.612  1.135 0.0000000000
30747  -5.640  29.649  -3.506 0.0000000000
30753  -6.418  38.631  4.347 0.0000000000
30754  -6.175  37.354  3.908 0.0000000000
30926  -6.424  31.281  -8.812 0.0000000000
30927  -6.144  29.683  -8.549 0.0000000000
33157  -6.985  37.724  -5.903 0.0000000000
33158  -5.959  37.116  -5.455 0.0000000000
33159  -6.309  38.414  -5.069 0.0000000000
33160  -5.853  38.981  -4.171 0.0000000000
33161  -5.582  39.467  -2.944 0.0000000000
33162  -7.368  41.061  -2.652 0.0000000000
33163  -6.127  40.733  -2.259 0.0000000000
33164  -5.626  39.905  -1.647 0.0000000000
33165  -5.754  40.360  -0.313 0.0000000000
33166  -6.109  40.421  1.005 0.0000000000
33167  -6.573  40.242  2.220 0.0000000000
33169  -10.014  43.006  0.315 0.0000000000
33170  -8.915  42.625  0.816 0.0000000000
33171  -9.699  43.170  2.422 0.0000000000
33172  -8.847  42.801  1.966 0.0000000000
33173  -8.049  42.368  1.514 0.0000000000
33174  -7.301  41.964  2.225 0.0000000000
33175  -7.030  41.148  2.842 0.0000000000
33176  -6.962  39.916  3.484 0.0000000000
33177  -7.036  39.569  4.807 0.0000000000
33178  -6.819  39.545  6.060 0.0000000000
33179  -6.850  39.437  7.373 0.0000000000
33180  -9.702  39.609  6.584 0.0000000000
33181  -8.382  39.316  7.648 0.0000000000
33182  -7.155  39.216  8.696 0.0000000000
33327  -8.239  37.812  -6.164 0.0000000000
37341  -5.906  36.024  -4.579 0.0000000000
37342  -6.412  34.719  -3.422 0.0000000000
37343  -6.548  33.356  -2.204 0.0000000000
37344  -6.913  35.324  -1.175 0.0000000000
41422  -6.137  35.940  -6.423 0.0000000000
41423  -5.850  35.438  -6.038 0.0000000000
41424  -5.943  36.152  -5.986 0.0000000000
41463  -6.872  36.725  -6.580 0.0000000000
41464  -7.090  36.256  -7.013 0.0000000000
41465  -6.553  36.112  -6.781 0.0000000000
41466  -6.340  35.493  -6.866 0.0000000000
43155  -6.770  38.791  2.355 0.0000000000
43156  -6.880  37.963  2.095 0.0000000000
43157  -6.701  37.967  2.824 0.0000000000
45547  -6.029  29.839  -5.644 0.0000000000
45548  -6.018  29.139  -4.820 0.0000000000
45549  -6.071  29.962  -5.165 0.0000000000
45678  -5.796  31.071  -6.514 0.0000000000
45679  -5.789  30.652  -6.901 0.0000000000
45680  -5.874  30.262  -6.302 0.0000000000
45681  -5.977  29.440  -6.004 0.0000000000
47350  -8.069  42.020  -0.374 0.0000000000
47351  -7.586  41.820  -0.676 0.0000000000
47352  -7.687  41.897  -0.070 0.0000000000
47353  -7.140  41.823  0.245 0.0000000000
47354  -7.638  42.029  0.560 0.0000000000
47358  -10.007  41.487  4.414 0.0000000000
47359  -9.550  41.870  4.000 0.0000000000
47360  -9.489  41.387  4.231 0.0000000000
47361  -8.961  41.308  4.038 0.0000000000
47362  -9.338  40.924  4.477 0.0000000000
47363  -9.110  40.472  4.812 0.0000000000
47364  -9.700  40.565  4.936 0.0000000000
47365  -11.492  39.374  8.644 0.0000000000
47366  -10.859  39.223  8.569 0.0000000000
47367  -11.065  39.148  9.169 0.0000000000
47368  -10.559  38.936  9.692 0.0000000000
50745  -5.829  38.198  -2.714 0.0000000000
50746  -6.089  37.421  -2.832 0.0000000000
50747  -6.201  37.636  -2.231 0.0000000000
55147  -5.738  33.173  -6.400 0.0000000000
55148  -5.855  32.530  -5.796 0.0000000000
55149  -5.816  33.274  -5.897 0.0000000000
55150  -5.935  34.232  -4.991 0.0000000000
55151  -6.043  33.495  -4.890 0.0000000000
55152  -6.177  33.630  -4.393 0.0000000000
55154  -6.347  33.735  -3.898 0.0000000000
55271  -7.502  35.433  -7.872 0.0000000000
55278  -5.971  34.194  -6.996 0.0000000000
55279  -6.122  33.777  -7.430 0.0000000000
55280  -5.848  33.494  -6.938 0.0000000000
55281  -5.745  32.755  -6.829 0.0000000000
56954  -9.557  42.696  -0.480 0.0000000000
60345  -6.199  38.940  -0.206 0.0000000000
60346  -6.510  38.076  -0.404 0.0000000000
60347  -6.633  38.154  0.201 0.0000000000
60348  -6.833  36.389  1.834 0.0000000000
60349  -6.955  36.426  1.203 0.0000000000
60350  -6.603  35.664  1.698 0.0000000000
60351  -6.232  34.929  1.578 0.0000000000
60352  -6.117  35.018  2.146 0.0000000000
67530  -6.256  31.145  -4.480 0.0000000000
67531  -6.089  30.276  -4.227 0.0000000000
67532  -6.024  30.456  -3.775 0.0000000000
67545  -6.180  38.665  4.969 0.0000000000
67546  -5.978  38.084  4.741 0.0000000000
67547  -5.798  38.148  5.354 0.0000000000
67913  -6.609  32.440  -8.469 0.0000000000
67914  -6.678  31.984  -8.851 0.0000000000
67915  -6.353  31.724  -8.409 0.0000000000
67916  -5.872  29.784  -7.639 0.0000000000
67917  -5.978  30.155  -8.212 0.0000000000
72922  -7.357  38.217  -5.614 0.0000000000
72923  -6.590  38.119  -5.534 0.0000000000
72924  -6.964  38.608  -5.221 0.0000000000
72925  -6.729  39.916  -3.958 0.0000000000
72926  -6.358  39.335  -4.331 0.0000000000
72927  -6.062  39.672  -3.884 0.0000000000
72928  -5.709  39.197  -3.592 0.0000000000
72929  -5.923  39.922  -3.254 0.0000000000
72933  -6.590  41.361  -1.297 0.0000000000
72934  -6.582  41.170  -1.915 0.0000000000
72935  -6.102  40.937  -1.626 0.0000000000
72936  -5.738  40.406  -1.954 0.0000000000
72937  -5.811  40.573  -1.340 0.0000000000
72938  -5.724  40.125  -0.991 0.0000000000
72939  -5.800  40.830  -0.753 0.0000000000
72940  -6.240  41.466  0.933 0.0000000000
72941  -5.982  41.041  0.695 0.0000000000
72942  -6.143  41.012  1.285 0.0000000000
72943  -6.297  40.372  1.587 0.0000000000
72944  -6.396  40.909  1.911 0.0000000000
72948  -10.464  43.262  1.185 0.0000000000
72949  -10.573  43.206  0.634 0.0000000000
72950  -9.949  43.043  0.836 0.0000000000
72951  -9.433  42.820  0.524 0.0000000000
72952  -9.372  42.887  1.101 0.0000000000
72953  -10.023  43.392  3.286 0.0000000000
72954  -10.134  43.408  2.723 0.0000000000
72955  -9.672  43.173  3.028 0.0000000000
72956  -8.673  42.503  2.974 0.0000000000
72957  -8.876  42.825  2.560 0.0000000000
72958  -8.507  42.589  2.357 0.0000000000
72959  -8.475  42.597  1.757 0.0000000000
72960  -8.070  42.403  2.174 0.0000000000
72961  -7.622  42.205  1.879 0.0000000000
72962  -7.824  42.155  2.520 0.0000000000
72963  -7.827  41.113  3.700 0.0000000000
72964  -7.487  41.408  3.157 0.0000000000
72965  -7.385  40.926  3.404 0.0000000000
72966  -7.014  40.578  3.129 0.0000000000
72967  -7.286  40.353  3.712 0.0000000000
72968  -7.053  39.723  4.140 0.0000000000
72969  -7.461  40.088  4.354 0.0000000000
72970  -8.187  39.756  5.777 0.0000000000
72971  -7.517  39.723  5.582 0.0000000000
72972  -7.524  39.609  6.231 0.0000000000
72973  -6.836  39.467  6.708 0.0000000000
72974  -7.537  39.521  6.856 0.0000000000
72975  -10.772  40.122  6.182 0.0000000000
72976  -10.207  39.950  6.062 0.0000000000
72977  -10.370  39.682  6.681 0.0000000000
72978  -9.368  39.114  8.369 0.0000000000
72979  -9.222  39.246  7.763 0.0000000000
72980  -8.551  39.169  8.292 0.0000000000
72981  -7.709  39.270  8.177 0.0000000000
72982  -7.928  39.135  8.830 0.0000000000
72983  -7.398  39.095  9.363 0.0000000000
72984  -8.188  38.978  9.447 0.0000000000
73326  -7.603  37.764  -6.040 0.0000000000
83115  -5.844  37.303  -4.936 0.0000000000
83116  -5.761  36.608  -5.079 0.0000000000
83117  -5.831  36.780  -4.528 0.0000000000
83118  -6.531  35.793  -2.940 0.0000000000
83119  -6.339  35.599  -3.464 0.0000000000
83120  -6.617  34.922  -2.910 0.0000000000
83121  -6.579  34.024  -2.809 0.0000000000
83122  -6.716  34.186  -2.279 0.0000000000
83123  -6.994  36.263  -0.593 0.0000000000
83124  -6.974  36.189  -1.199 0.0000000000
83125  -6.979  35.426  -0.636 0.0000000000
83139  -6.185  36.643  3.692 0.0000000000
92992  -5.927  34.575  -6.499 0.0000000000
92993  -5.816  33.991  -5.978 0.0000000000
92994  -5.793  34.717  -6.037 0.0000000000
92995  -5.802  34.845  -5.553 0.0000000000
92996  -5.864  34.987  -5.044 0.0000000000
93065  -8.050  36.904  -6.921 0.0000000000
93067  -7.636  36.379  -7.210 0.0000000000
93068  -7.308  35.871  -7.473 0.0000000000
93069  -6.987  35.261  -7.636 0.0000000000
93070  -6.734  34.668  -7.773 0.0000000000
93071  -6.527  35.075  -7.302 0.0000000000
93072  -6.167  34.860  -6.940 0.0000000000
96111  -6.543  38.945  1.030 0.0000000000
96112  -6.742  38.124  0.794 0.0000000000
96113  -6.878  38.019  1.444 0.0000000000
96114  -6.844  37.170  1.958 0.0000000000
96115  -6.573  36.450  2.472 0.0000000000
100421  -5.388  28.637  -3.636 0.0000000000
100423  -5.949  30.605  -3.320 0.0000000000
100431  -5.856  38.791  6.233 0.0000000000
100432  -5.652  38.185  6.027 0.0000000000
100652  -5.923  31.795  -7.592 0.0000000000
100653  -5.988  31.348  -7.970 0.0000000000
100654  -5.816  31.016  -7.450 0.0000000000
100655  -5.784  30.227  -7.277 0.0000000000
103658  -7.329  39.081  -4.875 0.0000000000
103660  -7.413  39.959  -4.044 0.0000000000
103661  -7.171  40.322  -3.555 0.0000000000
103662  -8.138  41.865  -1.465 0.0000000000
103663  -7.677  41.585  -1.814 0.0000000000
103664  -7.585  41.698  -1.270 0.0000000000
103665  -7.089  41.622  -0.991 0.0000000000
103666  -6.619  41.464  -0.701 0.0000000000
103667  -6.173  41.261  -0.397 0.0000000000
103668  -6.643  41.591  -0.072 0.0000000000
103669  -6.594  41.722  0.568 0.0000000000
103670  -6.595  41.787  1.235 0.0000000000
103674  -10.965  43.487  1.523 0.0000000000
103675  -10.324  43.327  1.697 0.0000000000
103677  -9.407  42.866  3.382 0.0000000000
103678  -9.417  42.395  3.728 0.0000000000
103679  -9.041  42.272  3.540 0.0000000000
103680  -8.605  42.098  3.335 0.0000000000
103681  -8.104  41.977  3.127 0.0000000000
103682  -8.484  41.689  3.624 0.0000000000
103683  -8.358  41.235  3.895 0.0000000000
103684  -8.216  40.750  4.180 0.0000000000
103685  -8.019  40.282  4.507 0.0000000000
103686  -8.544  40.385  4.667 0.0000000000
103687  -8.745  40.048  5.289 0.0000000000
103688  -8.842  39.799  5.920 0.0000000000
103690  -10.512  39.511  7.300 0.0000000000
103691  -10.713  39.326  7.929 0.0000000000
103692  -10.144  39.130  8.455 0.0000000000
103693  -9.567  39.001  9.003 0.0000000000
103694  -8.990  38.896  9.547 0.0000000000
103695  -9.816  38.878  9.598 0.0000000000
103696  -9.991  38.759  10.247 0.0000000000
109773  -5.742  37.767  -3.906 0.0000000000
109774  -5.864  37.017  -3.997 0.0000000000
109775  -5.956  37.233  -3.410 0.0000000000
109776  -6.351  36.604  -2.917 0.0000000000
109777  -6.744  35.907  -2.391 0.0000000000
109778  -6.558  34.738  0.525 0.0000000000
109779  -6.651  34.696  -0.074 0.0000000000
117142  -5.792  31.522  -6.095 0.0000000000
117143  -6.053  30.805  -5.422 0.0000000000
117144  -5.926  31.662  -5.618 0.0000000000
117145  -6.009  31.804  -5.143 0.0000000000
117146  -6.200  31.950  -4.656 0.0000000000
117147  -5.898  33.364  -5.398 0.0000000000
117148  -6.196  32.746  -4.792 0.0000000000
117149  -6.352  32.086  -4.201 0.0000000000
117324  -6.837  33.074  -8.485 0.0000000000
117325  -6.490  32.837  -8.133 0.0000000000
117326  -6.515  33.983  -7.803 0.0000000000
117327  -6.319  33.301  -7.782 0.0000000000
117328  -6.083  32.582  -7.708 0.0000000000
117329  -5.850  32.257  -7.229 0.0000000000
117330  -5.750  31.911  -6.690 0.0000000000
119669  -8.725  42.023  -1.614 0.0000000000
119670  -8.561  42.162  -1.157 0.0000000000
119671  -8.507  42.221  -0.646 0.0000000000
119672  -8.505  42.263  -0.071 0.0000000000
119684  -10.240  40.692  5.133 0.0000000000
124419  -5.978  38.654  -1.455 0.0000000000
124420  -6.299  37.829  -1.610 0.0000000000
124421  -6.393  38.012  -1.020 0.0000000000
124422  -6.817  37.148  -0.523 0.0000000000
124423  -7.038  36.350  0.013 0.0000000000
124424  -6.986  37.276  0.685 0.0000000000
124425  -7.094  36.451  0.596 0.0000000000
124426  -6.885  35.563  0.559 0.0000000000
124427  -6.390  34.846  1.056 0.0000000000
133923  -6.113  30.103  -4.676 0.0000000000
133924  -5.763  29.458  -3.932 0.0000000000
133941  -6.604  38.652  3.683 0.0000000000
133942  -6.552  37.954  3.495 0.0000000000
133943  -6.256  38.028  4.129 0.0000000000
133944  -5.906  37.421  4.557 0.0000000000
134409  -6.740  31.539  -9.244 0.0000000000
134410  -6.500  30.791  -9.127 0.0000000000
134411  -6.106  30.957  -8.334 0.0000000000
134412  -6.229  30.473  -8.662 0.0000000000
134413  -6.330  30.048  -9.023 0.0000000000
140647  -6.626  37.188  -6.163 0.0000000000
140648  -6.145  36.850  -5.887 0.0000000000
140649  -6.376  37.497  -5.748 0.0000000000
140650  -6.094  37.777  -5.277 0.0000000000
140651  -5.888  38.016  -4.810 0.0000000000
140652  -6.607  39.035  -4.772 0.0000000000
140653  -6.046  38.715  -4.665 0.0000000000
140654  -5.767  38.249  -4.353 0.0000000000
140655  -5.644  38.461  -3.799 0.0000000000
140656  -5.645  38.695  -3.188 0.0000000000
140657  -5.620  38.952  -2.541 0.0000000000
140660  -6.952  40.649  -3.046 0.0000000000
140661  -7.210  41.296  -2.133 0.0000000000
140662  -6.713  40.943  -2.481 0.0000000000
140663  -6.270  40.509  -2.881 0.0000000000
140664  -5.779  40.177  -2.612 0.0000000000
140665  -5.603  39.704  -2.288 0.0000000000
140666  -5.699  39.183  -1.893 0.0000000000
140667  -5.764  39.400  -1.249 0.0000000000
140668  -5.849  39.593  -0.594 0.0000000000
140669  -5.969  39.729  0.070 0.0000000000
140670  -5.910  40.930  -0.016 0.0000000000
140671  -5.913  40.429  0.389 0.0000000000
140672  -6.164  39.736  0.705 0.0000000000
140673  -6.390  39.672  1.315 0.0000000000
140674  -6.618  39.598  1.929 0.0000000000
140675  -6.741  39.489  2.585 0.0000000000
140681  -10.089  42.954  -0.158 0.0000000000
140682  -9.476  42.785  -0.003 0.0000000000
140683  -8.962  42.549  0.232 0.0000000000
140684  -8.516  42.334  0.544 0.0000000000
140685  -10.696  43.620  2.498 0.0000000000
140686  -10.231  43.392  2.207 0.0000000000
140687  -9.744  43.153  1.918 0.0000000000
140688  -9.245  43.057  2.789 0.0000000000
140689  -9.249  42.994  2.203 0.0000000000
140690  -9.258  42.945  1.646 0.0000000000
140691  -8.875  42.745  1.409 0.0000000000
140692  -8.495  42.490  1.151 0.0000000000
140693  -8.101  42.237  0.884 0.0000000000
140694  -7.574  42.194  1.207 0.0000000000
140695  -7.079  41.999  1.562 0.0000000000
140696  -6.765  41.753  1.908 0.0000000000
140697  -7.627  41.821  2.859 0.0000000000
140698  -7.111  41.638  2.569 0.0000000000
140699  -6.636  41.369  2.247 0.0000000000
140700  -6.640  40.779  2.564 0.0000000000
140701  -6.786  40.158  2.838 0.0000000000
140702  -6.783  39.339  3.245 0.0000000000
140703  -6.790  39.220  3.904 0.0000000000
140704  -6.637  39.165  4.575 0.0000000000
140705  -6.465  39.136  5.249 0.0000000000
140706  -7.541  39.840  4.977 0.0000000000
140707  -6.939  39.501  5.437 0.0000000000
140708  -6.343  39.171  5.851 0.0000000000
140709  -6.176  39.282  6.520 0.0000000000
140710  -6.231  39.248  7.157 0.0000000000
140711  -6.293  39.219  7.801 0.0000000000
140712  -9.992  40.240  5.500 0.0000000000
140713  -9.593  39.823  5.959 0.0000000000
140714  -8.977  39.555  6.524 0.0000000000
140715  -9.850  39.397  7.221 0.0000000000
140716  -9.070  39.402  7.135 0.0000000000
140717  -8.270  39.459  7.019 0.0000000000
140718  -7.584  39.400  7.528 0.0000000000
140719  -6.961  39.321  8.035 0.0000000000
140724  -8.415  38.799  10.062 0.0000000000
141136  -9.005  37.583  -6.783 0.0000000000
141139  -8.475  37.431  -6.617 0.0000000000
141140  -7.861  37.336  -6.481 0.0000000000
141141  -7.222  37.276  -6.342 0.0000000000
152985  -5.858  36.371  -5.539 0.0000000000
152986  -5.819  35.799  -5.083 0.0000000000
152987  -5.994  35.186  -4.540 0.0000000000
152988  -6.022  36.230  -4.031 0.0000000000
152989  -6.156  35.388  -4.017 0.0000000000
152990  -6.272  34.549  -3.998 0.0000000000
152991  -6.479  33.899  -3.340 0.0000000000
152992  -6.543  33.214  -2.703 0.0000000000
152994  -6.650  36.950  -1.725 0.0000000000
152995  -6.822  36.051  -1.768 0.0000000000
152996  -6.860  35.197  -1.741 0.0000000000
152997  -6.731  34.585  -0.629 0.0000000000
152998  -6.723  34.481  -1.178 0.0000000000
152999  -6.766  34.339  -1.740 0.0000000000
153000  -6.516  33.524  -1.693 0.0000000000
153012  -6.459  37.261  3.279 0.0000000000
153013  -6.375  36.537  3.092 0.0000000000
153014  -6.276  35.819  2.899 0.0000000000
