#!ascii label  , from subject fsaverage vox2ras=TkReg
774
432  -38.832  -13.365  -12.535 0.0000000000
434  -41.183  -7.386  -18.049 0.0000000000
537  -34.801  -19.568  0.703 0.0000000000
538  -34.851  -16.785  -5.950 0.0000000000
962  -36.430  -7.231  -11.824 0.0000000000
964  -37.811  -2.705  -16.547 0.0000000000
1182  -38.364  -13.011  4.183 0.0000000000
1183  -35.044  -18.719  -2.817 0.0000000000
1184  -37.434  -11.679  0.766 0.0000000000
1185  -34.824  -11.111  -2.315 0.0000000000
1973  -37.524  -5.090  -14.155 0.0000000000
1974  -41.139  -4.041  -20.751 0.0000000000
2250  -33.443  -20.183  4.628 0.0000000000
2255  -36.582  -15.312  -9.429 0.0000000000
2881  -35.637  -8.274  -10.647 0.0000000000
3103  -38.008  -12.310  2.430 0.0000000000
4323  -40.764  -9.012  -16.671 0.0000000000
4331  -38.828  -2.911  -20.167 0.0000000000
4332  -39.051  -4.247  -19.094 0.0000000000
4333  -40.714  -2.373  -21.993 0.0000000000
4983  -35.842  -16.204  5.049 0.0000000000
4984  -35.932  -16.951  6.979 0.0000000000
4985  -34.075  -19.748  2.672 0.0000000000
4986  -34.084  -23.278  1.010 0.0000000000
4987  -35.066  -22.976  -0.855 0.0000000000
4989  -35.827  -22.471  -2.710 0.0000000000
4990  -34.860  -17.819  -4.333 0.0000000000
4991  -36.810  -20.482  -5.921 0.0000000000
4996  -35.520  -16.075  -7.696 0.0000000000
6336  -36.569  -11.622  -11.232 0.0000000000
6338  -37.315  -10.472  -12.542 0.0000000000
6339  -38.070  -9.325  -13.870 0.0000000000
6340  -38.571  -8.180  -15.268 0.0000000000
6736  -35.530  -15.734  3.040 0.0000000000
6737  -35.228  -19.312  -1.112 0.0000000000
6738  -35.417  -15.482  1.108 0.0000000000
6739  -35.282  -15.102  -0.640 0.0000000000
6740  -34.616  -14.300  -2.069 0.0000000000
6741  -33.879  -14.069  -4.035 0.0000000000
6742  -36.261  -11.412  -0.828 0.0000000000
8508  -37.142  -6.170  -12.907 0.0000000000
8509  -38.845  -6.945  -16.582 0.0000000000
8510  -37.723  -3.943  -15.357 0.0000000000
8511  -39.099  -5.603  -17.989 0.0000000000
8512  -41.277  -5.719  -19.425 0.0000000000
9310  -33.104  -20.865  6.535 0.0000000000
9311  -33.132  -23.652  3.027 0.0000000000
9317  -36.327  -21.557  -4.378 0.0000000000
9325  -37.627  -14.420  -10.988 0.0000000000
9326  -33.812  -13.563  -6.015 0.0000000000
9327  -34.361  -13.007  -7.816 0.0000000000
9328  -35.462  -12.329  -9.550 0.0000000000
12003  -40.983  -8.267  -17.304 0.0000000000
12005  -42.372  -7.223  -18.269 0.0000000000
12007  -42.404  -6.327  -18.986 0.0000000000
12011  -39.401  -2.209  -21.656 0.0000000000
12012  -39.676  -2.918  -21.155 0.0000000000
12663  -34.760  -17.658  2.942 0.0000000000
12664  -34.538  -17.859  3.899 0.0000000000
12665  -34.453  -19.676  1.672 0.0000000000
12666  -34.352  -21.467  0.709 0.0000000000
12667  -34.754  -21.354  -0.250 0.0000000000
12668  -35.492  -22.761  -1.789 0.0000000000
12669  -35.062  -21.156  -1.137 0.0000000000
12670  -34.776  -17.254  -5.112 0.0000000000
12675  -36.763  -17.108  -8.343 0.0000000000
12676  -35.135  -16.407  -6.828 0.0000000000
14400  -35.607  -10.561  -10.394 0.0000000000
14401  -36.971  -11.074  -11.941 0.0000000000
14402  -35.988  -9.987  -11.042 0.0000000000
14403  -36.042  -7.795  -11.289 0.0000000000
14404  -36.775  -8.908  -12.241 0.0000000000
14405  -37.095  -8.392  -12.860 0.0000000000
14406  -38.317  -8.770  -14.555 0.0000000000
14407  -37.445  -7.858  -13.508 0.0000000000
15066  -37.472  -14.691  4.677 0.0000000000
15067  -37.207  -14.350  3.777 0.0000000000
15068  -35.497  -15.561  2.096 0.0000000000
15069  -36.949  -13.993  2.906 0.0000000000
15070  -37.772  -11.950  1.587 0.0000000000
15071  -36.252  -13.593  0.981 0.0000000000
15072  -36.069  -13.293  0.201 0.0000000000
15073  -34.937  -14.779  -1.395 0.0000000000
15074  -35.639  -13.049  -0.600 0.0000000000
15075  -35.130  -12.852  -1.338 0.0000000000
15076  -36.920  -11.585  -0.081 0.0000000000
18748  -37.327  -5.633  -13.544 0.0000000000
18749  -37.859  -6.722  -14.760 0.0000000000
18750  -38.064  -6.210  -15.484 0.0000000000
18753  -37.814  -3.385  -16.043 0.0000000000
18754  -40.061  -4.361  -20.091 0.0000000000
18755  -39.118  -4.899  -18.582 0.0000000000
18756  -40.149  -5.089  -19.459 0.0000000000
18757  -40.113  -5.863  -18.793 0.0000000000
18758  -41.250  -4.908  -20.082 0.0000000000
18759  -42.354  -4.396  -20.481 0.0000000000
18760  -42.216  -3.488  -21.209 0.0000000000
20711  -34.319  -18.452  5.870 0.0000000000
20712  -35.803  -17.417  7.835 0.0000000000
20713  -34.221  -18.808  6.809 0.0000000000
20714  -34.151  -19.279  7.697 0.0000000000
20715  -33.268  -20.453  5.634 0.0000000000
20716  -32.753  -22.192  4.667 0.0000000000
20717  -33.092  -21.942  3.637 0.0000000000
20730  -35.158  -19.043  -2.011 0.0000000000
20731  -35.401  -20.629  -3.025 0.0000000000
20732  -35.473  -20.163  -3.807 0.0000000000
20751  -37.101  -14.845  -10.229 0.0000000000
20752  -34.135  -12.521  -3.034 0.0000000000
20753  -33.856  -13.872  -5.105 0.0000000000
20754  -33.939  -12.378  -4.018 0.0000000000
20756  -33.710  -12.023  -5.948 0.0000000000
20757  -33.779  -11.809  -7.009 0.0000000000
20758  -34.846  -12.654  -8.651 0.0000000000
20759  -34.020  -11.478  -7.892 0.0000000000
23617  -35.245  -8.821  -10.136 0.0000000000
23618  -34.949  -7.459  -9.034 0.0000000000
23619  -35.333  -6.916  -9.516 0.0000000000
23620  -35.784  -6.481  -10.166 0.0000000000
24017  -38.283  -12.669  3.286 0.0000000000
26227  -38.271  -3.062  -18.476 0.0000000000
26228  -38.273  -3.663  -17.853 0.0000000000
26229  -38.945  -3.563  -19.705 0.0000000000
26230  -39.945  -3.575  -20.689 0.0000000000
26231  -40.969  -3.168  -21.442 0.0000000000
26232  -41.992  -2.571  -21.897 0.0000000000
27403  -35.949  -16.500  6.099 0.0000000000
27404  -34.388  -18.082  4.911 0.0000000000
27405  -33.747  -19.936  3.659 0.0000000000
27406  -33.480  -21.674  2.702 0.0000000000
27407  -33.912  -21.579  1.659 0.0000000000
27408  -34.589  -23.120  0.102 0.0000000000
27414  -34.908  -18.338  -3.564 0.0000000000
27415  -35.616  -19.759  -4.554 0.0000000000
27416  -35.716  -19.211  -5.345 0.0000000000
27424  -38.479  -17.522  -9.522 0.0000000000
27425  -37.218  -16.667  -9.163 0.0000000000
27426  -36.085  -15.655  -8.561 0.0000000000
27428  -34.417  -10.979  -3.100 0.0000000000
30144  -37.639  -12.594  -11.960 0.0000000000
30148  -38.665  -10.699  -13.927 0.0000000000
30149  -36.395  -9.447  -11.689 0.0000000000
30150  -37.673  -9.889  -13.159 0.0000000000
30151  -39.053  -10.060  -14.670 0.0000000000
30152  -39.345  -9.436  -15.420 0.0000000000
30153  -39.586  -8.783  -16.079 0.0000000000
30154  -39.836  -8.046  -16.843 0.0000000000
30162  -37.798  -2.094  -17.049 0.0000000000
30163  -38.185  -2.415  -18.895 0.0000000000
30164  -38.610  -2.311  -20.640 0.0000000000
30165  -39.026  -1.670  -22.059 0.0000000000
31076  -37.713  -15.043  5.640 0.0000000000
31077  -35.798  -15.942  4.051 0.0000000000
31078  -34.932  -17.674  1.839 0.0000000000
31079  -35.066  -19.402  -0.190 0.0000000000
31080  -35.165  -17.537  0.921 0.0000000000
31081  -35.229  -17.396  0.083 0.0000000000
31082  -35.207  -17.309  -0.866 0.0000000000
31083  -36.578  -13.779  1.915 0.0000000000
31084  -35.406  -15.329  0.173 0.0000000000
31085  -35.012  -17.015  -1.674 0.0000000000
31086  -34.735  -16.659  -2.421 0.0000000000
31087  -34.451  -16.147  -3.252 0.0000000000
31088  -34.221  -15.693  -4.028 0.0000000000
31089  -34.066  -15.440  -5.050 0.0000000000
31090  -34.171  -14.206  -3.068 0.0000000000
31091  -34.586  -12.704  -2.191 0.0000000000
31092  -35.464  -11.260  -1.556 0.0000000000
31094  -37.377  -9.994  -0.477 0.0000000000
35790  -35.850  -4.899  -9.078 0.0000000000
35791  -36.166  -5.942  -10.671 0.0000000000
35794  -36.815  -6.780  -12.417 0.0000000000
35795  -37.631  -7.283  -14.137 0.0000000000
35796  -38.713  -7.566  -15.903 0.0000000000
35797  -39.961  -7.333  -17.446 0.0000000000
35800  -37.627  -4.563  -14.789 0.0000000000
35801  -38.293  -4.366  -17.342 0.0000000000
35802  -38.250  -4.985  -16.728 0.0000000000
35803  -38.212  -5.588  -16.169 0.0000000000
35804  -39.027  -6.254  -17.303 0.0000000000
35805  -40.080  -6.568  -18.178 0.0000000000
35806  -41.242  -6.587  -18.694 0.0000000000
35807  -42.455  -5.306  -19.775 0.0000000000
38174  -33.609  -23.477  2.002 0.0000000000
38189  -35.274  -20.971  -2.145 0.0000000000
38190  -36.102  -22.059  -3.596 0.0000000000
38192  -36.577  -21.021  -5.184 0.0000000000
38215  -38.249  -13.873  -11.778 0.0000000000
38216  -34.249  -15.224  -6.005 0.0000000000
38217  -34.484  -14.876  -6.960 0.0000000000
38218  -34.869  -14.527  -7.795 0.0000000000
38219  -33.744  -12.231  -4.979 0.0000000000
38220  -33.989  -13.290  -7.020 0.0000000000
38221  -35.389  -14.172  -8.670 0.0000000000
38222  -35.940  -13.783  -9.493 0.0000000000
38223  -36.524  -13.398  -10.297 0.0000000000
38224  -37.101  -13.010  -11.142 0.0000000000
38225  -36.016  -11.985  -10.368 0.0000000000
38226  -34.950  -10.827  -9.542 0.0000000000
42723  -41.089  -7.839  -17.703 0.0000000000
42724  -41.703  -7.825  -17.829 0.0000000000
42725  -41.786  -7.338  -18.201 0.0000000000
42726  -42.403  -6.749  -18.629 0.0000000000
42727  -41.823  -6.902  -18.555 0.0000000000
43383  -34.734  -18.628  1.767 0.0000000000
43384  -34.563  -18.725  2.192 0.0000000000
43385  -34.619  -19.619  1.180 0.0000000000
43386  -34.552  -20.505  0.724 0.0000000000
43387  -34.720  -20.438  0.236 0.0000000000
43388  -34.915  -21.258  -0.672 0.0000000000
43389  -34.883  -20.384  -0.256 0.0000000000
43390  -34.799  -17.006  -5.531 0.0000000000
43391  -35.379  -17.727  -5.995 0.0000000000
43392  -35.463  -17.508  -6.421 0.0000000000
43394  -35.536  -17.167  -6.792 0.0000000000
43395  -35.721  -16.973  -7.201 0.0000000000
43396  -34.975  -16.587  -6.384 0.0000000000
45120  -35.130  -9.982  -9.966 0.0000000000
45121  -35.804  -10.273  -10.720 0.0000000000
45122  -35.377  -9.699  -10.316 0.0000000000
45123  -36.252  -7.561  -11.586 0.0000000000
45124  -36.545  -8.135  -12.095 0.0000000000
45125  -36.722  -7.855  -12.357 0.0000000000
45126  -37.287  -8.122  -13.174 0.0000000000
45127  -36.914  -7.575  -12.660 0.0000000000
45783  -38.172  -12.492  4.735 0.0000000000
45785  -38.325  -13.187  4.636 0.0000000000
45786  -38.046  -13.883  4.462 0.0000000000
45787  -37.973  -13.668  4.056 0.0000000000
45788  -37.076  -14.139  3.378 0.0000000000
45789  -37.820  -13.505  3.589 0.0000000000
45790  -37.594  -11.806  1.167 0.0000000000
45791  -36.962  -12.580  0.948 0.0000000000
45792  -36.777  -12.511  0.486 0.0000000000
45793  -35.879  -13.225  -0.250 0.0000000000
45794  -36.560  -12.377  0.099 0.0000000000
45795  -36.263  -12.301  -0.284 0.0000000000
45796  -37.194  -11.649  0.373 0.0000000000
49468  -37.413  -5.389  -13.849 0.0000000000
49469  -37.682  -5.982  -14.560 0.0000000000
49470  -37.751  -5.654  -14.795 0.0000000000
49473  -37.805  -3.037  -16.272 0.0000000000
49474  -40.616  -4.227  -20.464 0.0000000000
49475  -40.136  -4.684  -19.801 0.0000000000
49476  -40.646  -4.640  -20.105 0.0000000000
49477  -40.643  -5.097  -19.735 0.0000000000
49478  -41.193  -4.476  -20.403 0.0000000000
49479  -41.772  -4.213  -20.676 0.0000000000
49480  -41.691  -3.766  -21.019 0.0000000000
51431  -33.789  -19.319  5.210 0.0000000000
51432  -34.228  -18.646  6.313 0.0000000000
51433  -33.726  -19.462  5.706 0.0000000000
51434  -33.672  -19.600  6.201 0.0000000000
51435  -33.358  -20.306  5.130 0.0000000000
51436  -33.100  -21.177  4.621 0.0000000000
51437  -33.214  -21.039  4.112 0.0000000000
51450  -35.105  -18.899  -2.405 0.0000000000
51451  -35.214  -19.644  -2.918 0.0000000000
51452  -35.205  -19.449  -3.310 0.0000000000
51471  -36.879  -15.092  -9.867 0.0000000000
51472  -34.406  -11.799  -2.612 0.0000000000
51473  -34.034  -12.465  -3.527 0.0000000000
51474  -34.256  -11.757  -3.084 0.0000000000
51478  -33.870  -11.623  -7.415 0.0000000000
51479  -33.722  -10.938  -6.989 0.0000000000
54721  -34.676  -7.740  -8.835 0.0000000000
54726  -35.559  -6.674  -9.826 0.0000000000
59048  -40.610  -9.410  -16.302 0.0000000000
59050  -41.398  -9.036  -16.844 0.0000000000
59071  -38.539  -3.057  -19.382 0.0000000000
59072  -38.593  -3.380  -19.132 0.0000000000
59073  -38.910  -3.242  -19.968 0.0000000000
59074  -40.168  -2.702  -21.580 0.0000000000
59075  -39.819  -3.246  -20.936 0.0000000000
59076  -40.343  -3.073  -21.347 0.0000000000
59077  -40.463  -3.417  -21.093 0.0000000000
59078  -40.860  -2.800  -21.691 0.0000000000
59079  -41.349  -2.473  -22.014 0.0000000000
59080  -41.220  -2.045  -22.327 0.0000000000
61030  -35.885  -16.385  5.557 0.0000000000
61031  -34.267  -18.814  3.238 0.0000000000
61032  -34.436  -17.936  4.416 0.0000000000
61033  -34.119  -18.903  3.745 0.0000000000
61034  -34.012  -19.003  4.278 0.0000000000
61035  -33.896  -19.825  3.180 0.0000000000
61036  -33.760  -20.762  2.609 0.0000000000
61037  -33.952  -20.662  2.150 0.0000000000
61038  -34.654  -22.266  -0.133 0.0000000000
61039  -34.433  -22.337  0.345 0.0000000000
61040  -34.841  -23.040  -0.361 0.0000000000
61045  -35.629  -22.619  -2.234 0.0000000000
61050  -34.898  -18.055  -3.929 0.0000000000
61051  -35.225  -18.794  -4.508 0.0000000000
61052  -35.258  -18.516  -4.842 0.0000000000
61067  -36.127  -16.577  -8.026 0.0000000000
61068  -36.977  -16.879  -8.736 0.0000000000
61069  -36.361  -16.377  -8.437 0.0000000000
61070  -36.623  -16.157  -8.836 0.0000000000
61071  -35.773  -15.867  -8.123 0.0000000000
66240  -37.104  -12.140  -11.614 0.0000000000
66241  -37.846  -12.302  -12.321 0.0000000000
66242  -37.292  -11.850  -11.977 0.0000000000
66243  -37.165  -10.789  -12.259 0.0000000000
66244  -37.654  -11.249  -12.627 0.0000000000
66245  -37.824  -10.925  -12.935 0.0000000000
66246  -38.513  -11.023  -13.600 0.0000000000
66247  -37.986  -10.626  -13.248 0.0000000000
66248  -35.379  -8.517  -10.346 0.0000000000
66249  -35.780  -9.127  -10.859 0.0000000000
66250  -35.972  -8.894  -11.195 0.0000000000
66251  -37.427  -9.144  -13.058 0.0000000000
66252  -37.213  -9.398  -12.749 0.0000000000
66253  -37.911  -9.615  -13.542 0.0000000000
66254  -38.336  -10.007  -13.905 0.0000000000
66255  -38.558  -9.720  -14.306 0.0000000000
66256  -39.229  -9.753  -15.065 0.0000000000
66257  -38.679  -9.419  -14.665 0.0000000000
66258  -38.446  -8.479  -14.900 0.0000000000
66259  -38.941  -8.836  -15.371 0.0000000000
66260  -39.055  -8.522  -15.716 0.0000000000
66261  -39.699  -8.399  -16.459 0.0000000000
66262  -39.190  -8.178  -16.109 0.0000000000
66278  -37.772  -1.764  -17.300 0.0000000000
66279  -37.966  -2.299  -17.961 0.0000000000
66280  -37.940  -1.990  -18.219 0.0000000000
66282  -38.300  -2.109  -19.993 0.0000000000
66283  -38.468  -2.027  -20.773 0.0000000000
66284  -38.818  -2.118  -21.339 0.0000000000
66285  -38.626  -1.787  -21.515 0.0000000000
68238  -36.447  -15.123  3.939 0.0000000000
68239  -36.644  -15.274  4.418 0.0000000000
68240  -35.673  -15.843  3.532 0.0000000000
68241  -35.139  -16.717  2.985 0.0000000000
68242  -35.070  -16.626  2.491 0.0000000000
68243  -35.096  -17.566  1.380 0.0000000000
68244  -35.140  -16.575  1.995 0.0000000000
68245  -35.397  -15.453  1.624 0.0000000000
68246  -35.190  -16.440  1.092 0.0000000000
68247  -35.218  -16.426  0.617 0.0000000000
68248  -35.184  -17.351  -0.383 0.0000000000
68249  -35.270  -16.412  0.112 0.0000000000
68250  -38.137  -12.462  2.892 0.0000000000
68251  -37.598  -13.168  2.625 0.0000000000
68252  -37.363  -13.027  2.177 0.0000000000
68253  -35.652  -14.290  0.197 0.0000000000
68254  -35.700  -14.411  0.601 0.0000000000
68255  -35.317  -15.272  -0.310 0.0000000000
68256  -35.232  -16.215  -0.745 0.0000000000
68257  -35.134  -16.042  -1.135 0.0000000000
68258  -34.911  -16.794  -2.028 0.0000000000
68259  -35.011  -15.882  -1.482 0.0000000000
68260  -34.765  -14.532  -1.721 0.0000000000
68261  -34.655  -15.448  -2.284 0.0000000000
68262  -34.499  -15.202  -2.631 0.0000000000
68263  -34.273  -15.923  -3.608 0.0000000000
68264  -34.358  -14.978  -2.988 0.0000000000
68265  -34.176  -14.979  -3.552 0.0000000000
68266  -34.391  -14.276  -2.540 0.0000000000
68267  -35.655  -12.121  -1.041 0.0000000000
68268  -34.829  -12.820  -1.766 0.0000000000
68269  -35.277  -12.064  -1.454 0.0000000000
68270  -34.979  -11.965  -1.836 0.0000000000
68271  -35.861  -11.354  -1.221 0.0000000000
79274  -35.918  -5.468  -9.905 0.0000000000
79279  -36.886  -5.546  -12.278 0.0000000000
79281  -36.806  -5.818  -12.023 0.0000000000
79282  -36.601  -6.128  -11.844 0.0000000000
79283  -36.979  -6.497  -12.745 0.0000000000
79284  -37.209  -7.050  -13.274 0.0000000000
79285  -37.343  -6.780  -13.585 0.0000000000
79286  -38.331  -6.888  -15.694 0.0000000000
79287  -38.240  -7.187  -15.347 0.0000000000
79288  -38.804  -7.243  -16.239 0.0000000000
79289  -39.328  -7.506  -16.707 0.0000000000
79290  -39.396  -7.177  -17.062 0.0000000000
79298  -37.689  -4.236  -15.070 0.0000000000
79299  -38.615  -4.028  -18.513 0.0000000000
79300  -38.267  -4.043  -17.584 0.0000000000
79301  -38.619  -4.391  -18.253 0.0000000000
79302  -39.117  -5.268  -18.306 0.0000000000
79303  -38.644  -5.016  -17.675 0.0000000000
79304  -38.629  -5.338  -17.388 0.0000000000
79305  -38.231  -5.280  -16.449 0.0000000000
79306  -38.625  -5.657  -17.130 0.0000000000
79307  -38.583  -5.963  -16.769 0.0000000000
79308  -39.066  -5.941  -17.666 0.0000000000
79309  -40.738  -5.811  -19.182 0.0000000000
79310  -40.123  -6.189  -18.515 0.0000000000
79311  -40.699  -6.194  -18.841 0.0000000000
79312  -40.651  -6.619  -18.464 0.0000000000
79313  -41.262  -6.139  -19.056 0.0000000000
79314  -41.861  -5.993  -19.251 0.0000000000
79315  -41.862  -5.545  -19.619 0.0000000000
85174  -35.789  -17.628  8.338 0.0000000000
85181  -33.566  -20.049  7.113 0.0000000000
85187  -32.753  -21.694  6.087 0.0000000000
85188  -32.859  -22.921  3.799 0.0000000000
85189  -32.692  -23.017  4.312 0.0000000000
85190  -32.912  -23.739  3.521 0.0000000000
85193  -33.717  -22.495  1.816 0.0000000000
85194  -33.467  -22.621  2.256 0.0000000000
85195  -33.854  -23.367  1.520 0.0000000000
85230  -35.184  -19.351  -0.679 0.0000000000
85231  -35.153  -20.225  -1.183 0.0000000000
85232  -35.203  -20.164  -1.691 0.0000000000
85233  -35.774  -21.137  -3.768 0.0000000000
85234  -35.671  -21.376  -3.343 0.0000000000
85235  -36.219  -21.845  -3.993 0.0000000000
85238  -36.175  -20.145  -5.298 0.0000000000
85239  -36.122  -20.451  -4.978 0.0000000000
85240  -36.727  -20.777  -5.551 0.0000000000
85296  -37.975  -14.151  -11.392 0.0000000000
85297  -33.889  -14.803  -4.530 0.0000000000
85298  -34.166  -15.366  -5.535 0.0000000000
85299  -33.961  -14.708  -5.058 0.0000000000
85300  -33.815  -13.729  -5.564 0.0000000000
85301  -34.047  -14.396  -6.142 0.0000000000
85302  -34.116  -14.228  -6.530 0.0000000000
85303  -34.660  -14.709  -7.391 0.0000000000
85304  -34.203  -14.059  -6.954 0.0000000000
85305  -34.265  -10.914  -3.550 0.0000000000
85306  -33.959  -11.603  -3.973 0.0000000000
85307  -33.886  -11.544  -4.462 0.0000000000
85308  -33.873  -12.547  -6.933 0.0000000000
85309  -33.794  -12.672  -6.503 0.0000000000
85310  -34.186  -13.142  -7.416 0.0000000000
85311  -34.597  -13.747  -7.832 0.0000000000
85312  -34.847  -13.588  -8.247 0.0000000000
85313  -35.699  -13.991  -9.114 0.0000000000
85314  -35.124  -13.420  -8.686 0.0000000000
85315  -35.124  -12.521  -9.073 0.0000000000
85316  -35.667  -13.042  -9.468 0.0000000000
85317  -35.973  -12.852  -9.896 0.0000000000
85318  -36.797  -13.198  -10.697 0.0000000000
85319  -36.284  -12.677  -10.349 0.0000000000
85320  -36.565  -12.508  -10.770 0.0000000000
85321  -35.756  -12.167  -9.978 0.0000000000
85323  -34.704  -11.015  -9.166 0.0000000000
85324  -34.267  -10.354  -8.692 0.0000000000
85325  -34.532  -10.192  -9.118 0.0000000000
95333  -40.881  -8.654  -16.979 0.0000000000
95334  -41.548  -8.628  -17.198 0.0000000000
95335  -41.596  -8.224  -17.496 0.0000000000
95336  -42.284  -7.677  -17.939 0.0000000000
95347  -39.107  -2.646  -20.919 0.0000000000
95348  -39.226  -2.974  -20.709 0.0000000000
95349  -39.547  -2.586  -21.397 0.0000000000
96521  -35.143  -16.802  4.084 0.0000000000
96522  -35.049  -16.943  4.609 0.0000000000
96523  -34.652  -17.788  3.392 0.0000000000
96524  -34.397  -18.812  2.646 0.0000000000
96525  -34.268  -19.728  2.150 0.0000000000
96526  -34.140  -20.567  1.693 0.0000000000
96527  -34.371  -20.576  1.174 0.0000000000
96528  -34.553  -21.452  0.174 0.0000000000
96529  -34.875  -22.220  -0.631 0.0000000000
96530  -35.297  -22.911  -1.360 0.0000000000
96531  -35.042  -22.145  -1.083 0.0000000000
96532  -35.215  -21.986  -1.504 0.0000000000
96533  -35.338  -21.862  -1.996 0.0000000000
96534  -34.754  -17.603  -4.761 0.0000000000
96535  -35.269  -18.278  -5.228 0.0000000000
96536  -35.298  -17.983  -5.598 0.0000000000
96545  -35.909  -16.768  -7.623 0.0000000000
96546  -35.305  -16.234  -7.258 0.0000000000
99648  -36.087  -11.102  -10.830 0.0000000000
99649  -36.747  -11.342  -11.589 0.0000000000
99650  -36.248  -10.807  -11.162 0.0000000000
99651  -36.469  -10.546  -11.492 0.0000000000
99652  -36.627  -10.252  -11.795 0.0000000000
99653  -35.843  -8.027  -10.952 0.0000000000
99654  -36.184  -8.657  -11.508 0.0000000000
99655  -36.346  -8.383  -11.785 0.0000000000
99656  -36.939  -8.651  -12.571 0.0000000000
99657  -37.566  -8.880  -13.374 0.0000000000
99658  -38.162  -9.043  -14.172 0.0000000000
99659  -37.696  -8.621  -13.680 0.0000000000
99660  -37.862  -8.333  -14.032 0.0000000000
99661  -37.985  -8.066  -14.364 0.0000000000
100848  -37.337  -14.566  4.211 0.0000000000
100849  -36.298  -15.021  3.438 0.0000000000
100850  -35.431  -15.630  2.586 0.0000000000
100851  -36.201  -14.861  3.026 0.0000000000
100852  -36.143  -14.729  2.558 0.0000000000
100853  -36.052  -14.617  2.099 0.0000000000
100854  -37.815  -12.146  1.979 0.0000000000
100855  -37.170  -12.921  1.717 0.0000000000
100856  -37.065  -12.750  1.333 0.0000000000
100857  -36.248  -13.379  0.640 0.0000000000
100858  -35.573  -14.166  -0.186 0.0000000000
100859  -35.150  -14.942  -1.010 0.0000000000
100860  -35.375  -14.074  -0.607 0.0000000000
100861  -35.129  -13.939  -0.957 0.0000000000
100862  -35.004  -13.698  -1.297 0.0000000000
100863  -34.735  -13.634  -1.683 0.0000000000
100864  -35.408  -12.959  -0.964 0.0000000000
100865  -35.975  -12.197  -0.661 0.0000000000
100866  -36.627  -11.501  -0.458 0.0000000000
107473  -36.992  -5.248  -12.573 0.0000000000
107474  -37.210  -5.856  -13.156 0.0000000000
107475  -37.444  -6.441  -13.768 0.0000000000
107476  -37.570  -6.197  -14.162 0.0000000000
107477  -37.967  -6.458  -15.149 0.0000000000
107478  -38.409  -6.557  -16.033 0.0000000000
107483  -37.792  -3.693  -15.740 0.0000000000
107484  -39.533  -4.396  -19.620 0.0000000000
107485  -39.078  -4.584  -18.859 0.0000000000
107486  -39.594  -4.684  -19.380 0.0000000000
107487  -39.642  -5.027  -19.094 0.0000000000
107488  -39.606  -5.420  -18.732 0.0000000000
107489  -39.565  -5.763  -18.393 0.0000000000
107490  -40.091  -5.481  -19.081 0.0000000000
107491  -40.690  -5.468  -19.461 0.0000000000
107492  -41.276  -5.336  -19.743 0.0000000000
107493  -41.836  -5.137  -19.944 0.0000000000
107494  -41.780  -4.738  -20.275 0.0000000000
107495  -42.284  -3.968  -20.838 0.0000000000
111007  -35.053  -17.631  6.503 0.0000000000
111008  -35.894  -17.187  7.431 0.0000000000
111009  -34.980  -17.837  6.938 0.0000000000
111010  -34.938  -18.070  7.366 0.0000000000
111013  -34.150  -19.045  7.234 0.0000000000
111014  -33.635  -19.814  6.687 0.0000000000
111015  -33.200  -20.649  6.116 0.0000000000
111016  -32.860  -21.495  5.602 0.0000000000
111017  -32.950  -21.350  5.128 0.0000000000
111018  -32.929  -22.062  4.177 0.0000000000
111019  -33.059  -22.822  3.294 0.0000000000
111021  -34.367  -24.109  0.840 0.0000000000
111042  -35.213  -19.151  -1.551 0.0000000000
111043  -35.245  -20.002  -2.094 0.0000000000
111044  -35.220  -19.796  -2.482 0.0000000000
111045  -35.433  -20.388  -3.400 0.0000000000
111046  -35.867  -20.874  -4.145 0.0000000000
111081  -37.354  -14.600  -10.593 0.0000000000
111082  -33.961  -13.292  -3.525 0.0000000000
111083  -33.851  -13.979  -4.575 0.0000000000
111084  -33.886  -13.223  -4.047 0.0000000000
111085  -33.826  -13.159  -4.560 0.0000000000
111086  -33.748  -13.014  -5.041 0.0000000000
111090  -33.727  -11.917  -6.444 0.0000000000
111091  -34.002  -12.426  -7.412 0.0000000000
111092  -34.593  -12.822  -8.254 0.0000000000
111093  -34.147  -12.242  -7.815 0.0000000000
111094  -34.350  -12.085  -8.232 0.0000000000
111095  -34.627  -11.933  -8.714 0.0000000000
116546  -34.819  -8.418  -9.348 0.0000000000
116547  -34.981  -8.172  -9.662 0.0000000000
116548  -35.199  -7.857  -9.791 0.0000000000
116550  -35.146  -7.165  -9.212 0.0000000000
116551  -35.427  -7.597  -10.065 0.0000000000
116552  -35.598  -7.349  -10.424 0.0000000000
116553  -35.855  -7.157  -10.728 0.0000000000
116554  -36.050  -6.939  -11.038 0.0000000000
117478  -38.384  -12.291  4.315 0.0000000000
117479  -38.285  -12.837  3.749 0.0000000000
117480  -38.283  -12.125  3.896 0.0000000000
117481  -38.309  -11.919  3.529 0.0000000000
117482  -38.248  -11.701  3.141 0.0000000000
117485  -38.202  -11.558  2.634 0.0000000000
117486  -38.099  -11.358  2.236 0.0000000000
117487  -38.103  -11.138  1.847 0.0000000000
117488  -37.964  -10.959  1.437 0.0000000000
117489  -37.824  -10.909  1.041 0.0000000000
122635  -38.032  -2.956  -17.501 0.0000000000
122636  -37.998  -3.251  -17.161 0.0000000000
122637  -38.251  -3.334  -18.144 0.0000000000
122638  -38.579  -3.701  -18.792 0.0000000000
122639  -39.008  -3.871  -19.425 0.0000000000
122640  -39.320  -3.308  -20.465 0.0000000000
122641  -39.433  -3.593  -20.284 0.0000000000
122642  -39.501  -3.967  -19.918 0.0000000000
122643  -40.016  -3.949  -20.407 0.0000000000
122644  -40.549  -3.808  -20.821 0.0000000000
122645  -41.113  -3.642  -21.117 0.0000000000
122646  -41.603  -3.318  -21.373 0.0000000000
122647  -41.517  -2.927  -21.700 0.0000000000
125379  -35.983  -16.728  6.530 0.0000000000
125380  -35.069  -17.074  5.079 0.0000000000
125381  -35.007  -17.184  5.570 0.0000000000
125382  -35.053  -17.403  6.049 0.0000000000
125383  -34.315  -18.264  5.424 0.0000000000
125384  -33.886  -19.114  4.774 0.0000000000
125385  -33.551  -20.025  4.127 0.0000000000
125386  -33.363  -20.925  3.625 0.0000000000
125387  -33.560  -20.848  3.108 0.0000000000
125388  -33.692  -21.628  2.186 0.0000000000
125389  -33.926  -22.457  1.303 0.0000000000
125390  -34.128  -21.571  1.153 0.0000000000
125391  -34.194  -22.404  0.790 0.0000000000
125392  -34.342  -23.200  0.552 0.0000000000
125406  -34.971  -18.540  -3.221 0.0000000000
125407  -35.213  -19.259  -3.714 0.0000000000
125408  -35.193  -19.099  -4.166 0.0000000000
125409  -35.672  -19.489  -4.954 0.0000000000
125410  -36.254  -19.862  -5.683 0.0000000000
125431  -37.600  -17.357  -8.974 0.0000000000
125432  -37.824  -17.105  -9.351 0.0000000000
125435  -36.908  -15.999  -9.285 0.0000000000
125436  -36.349  -15.523  -9.030 0.0000000000
125438  -34.579  -11.064  -2.707 0.0000000000
132288  -38.245  -13.005  -12.278 0.0000000000
132289  -39.010  -13.052  -12.875 0.0000000000
132290  -38.399  -12.693  -12.612 0.0000000000
132293  -37.417  -11.540  -12.254 0.0000000000
132299  -35.565  -9.409  -10.582 0.0000000000
132300  -36.123  -9.666  -11.304 0.0000000000
132301  -36.807  -9.937  -12.112 0.0000000000
132302  -36.593  -9.198  -12.008 0.0000000000
132303  -37.028  -9.687  -12.450 0.0000000000
132304  -37.484  -10.164  -12.843 0.0000000000
132305  -38.144  -10.323  -13.547 0.0000000000
132306  -38.792  -10.367  -14.240 0.0000000000
132309  -39.908  -9.658  -15.729 0.0000000000
132310  -40.044  -9.286  -16.090 0.0000000000
132311  -38.772  -9.156  -14.996 0.0000000000
132312  -39.448  -9.119  -15.742 0.0000000000
132313  -40.173  -8.934  -16.411 0.0000000000
132314  -40.276  -8.570  -16.730 0.0000000000
132315  -40.375  -8.165  -17.127 0.0000000000
132316  -40.514  -7.790  -17.476 0.0000000000
132327  -37.623  -2.101  -15.742 0.0000000000
132335  -37.648  -1.801  -16.107 0.0000000000
132336  -37.804  -2.400  -16.770 0.0000000000
132337  -38.004  -2.618  -17.758 0.0000000000
132338  -38.220  -2.734  -18.704 0.0000000000
132339  -38.477  -2.723  -19.560 0.0000000000
132340  -38.124  -2.127  -19.126 0.0000000000
132341  -38.400  -2.416  -19.790 0.0000000000
132342  -38.727  -2.587  -20.382 0.0000000000
132343  -38.981  -2.330  -21.164 0.0000000000
132344  -39.239  -1.914  -21.900 0.0000000000
132345  -39.434  -1.385  -22.539 0.0000000000
134817  -37.682  -15.268  6.119 0.0000000000
134818  -36.841  -15.602  5.422 0.0000000000
134819  -37.683  -14.854  5.159 0.0000000000
134820  -36.769  -15.391  4.946 0.0000000000
134821  -35.877  -16.002  4.587 0.0000000000
134822  -35.113  -16.725  3.539 0.0000000000
134823  -34.869  -17.650  2.387 0.0000000000
134824  -34.911  -18.617  1.248 0.0000000000
134825  -34.928  -19.460  0.291 0.0000000000
134826  -35.032  -18.532  0.822 0.0000000000
134827  -35.173  -18.488  0.329 0.0000000000
134828  -35.230  -18.454  -0.112 0.0000000000
134829  -35.175  -16.516  1.541 0.0000000000
134830  -35.232  -17.488  0.476 0.0000000000
134831  -35.289  -18.396  -0.572 0.0000000000
134832  -35.205  -18.294  -1.009 0.0000000000
134833  -35.121  -18.198  -1.419 0.0000000000
134834  -35.064  -18.116  -1.852 0.0000000000
134835  -37.717  -13.325  3.127 0.0000000000
134836  -36.819  -13.838  2.425 0.0000000000
134837  -35.888  -14.593  1.560 0.0000000000
134838  -36.420  -13.696  1.427 0.0000000000
134839  -35.799  -14.508  1.074 0.0000000000
134840  -35.408  -15.427  0.633 0.0000000000
134841  -35.289  -16.339  -0.335 0.0000000000
134842  -35.117  -17.270  -1.263 0.0000000000
134843  -34.946  -17.946  -2.253 0.0000000000
134844  -34.827  -17.739  -2.621 0.0000000000
134845  -34.746  -17.536  -2.966 0.0000000000
134846  -34.668  -17.305  -3.393 0.0000000000
134847  -34.826  -15.708  -1.896 0.0000000000
134848  -34.583  -16.403  -2.873 0.0000000000
134849  -34.568  -17.036  -3.822 0.0000000000
134850  -34.393  -16.823  -4.228 0.0000000000
134851  -34.406  -16.487  -4.581 0.0000000000
134852  -34.370  -16.262  -4.994 0.0000000000
134853  -34.404  -16.134  -5.509 0.0000000000
134854  -34.145  -15.611  -4.558 0.0000000000
134855  -34.027  -14.888  -4.071 0.0000000000
134856  -34.007  -14.119  -3.564 0.0000000000
134857  -34.524  -13.570  -2.139 0.0000000000
134858  -34.303  -13.461  -2.616 0.0000000000
134859  -34.079  -13.343  -3.052 0.0000000000
134860  -34.351  -12.598  -2.568 0.0000000000
134861  -34.649  -11.852  -2.199 0.0000000000
134862  -35.077  -11.125  -1.912 0.0000000000
134863  -37.834  -10.911  0.537 0.0000000000
134864  -37.465  -10.836  0.110 0.0000000000
134865  -37.172  -10.767  -0.310 0.0000000000
134867  -37.547  -10.005  -0.060 0.0000000000
134868  -36.898  -10.679  -0.699 0.0000000000
134869  -36.416  -10.651  -1.017 0.0000000000
148361  -35.792  -5.733  -9.622 0.0000000000
148362  -35.954  -6.250  -10.476 0.0000000000
148363  -36.249  -6.662  -11.303 0.0000000000
148371  -36.458  -6.380  -11.527 0.0000000000
148372  -36.645  -7.025  -12.119 0.0000000000
148373  -37.087  -7.338  -12.955 0.0000000000
148374  -37.564  -7.579  -13.808 0.0000000000
148375  -38.093  -7.759  -14.704 0.0000000000
148376  -37.736  -7.001  -14.418 0.0000000000
148377  -38.139  -7.467  -15.018 0.0000000000
148378  -38.660  -7.856  -15.581 0.0000000000
148379  -39.257  -7.843  -16.405 0.0000000000
148380  -39.913  -7.688  -17.132 0.0000000000
148381  -40.578  -7.382  -17.792 0.0000000000
148390  -37.605  -4.842  -14.491 0.0000000000
148391  -38.016  -3.563  -16.927 0.0000000000
148392  -38.017  -3.934  -16.701 0.0000000000
148393  -37.994  -4.213  -16.383 0.0000000000
148394  -38.669  -4.682  -17.992 0.0000000000
148395  -38.306  -4.674  -17.058 0.0000000000
148396  -37.982  -4.528  -16.105 0.0000000000
148397  -37.904  -4.819  -15.758 0.0000000000
148398  -37.887  -5.107  -15.484 0.0000000000
148399  -37.848  -5.368  -15.150 0.0000000000
148400  -38.144  -5.862  -15.787 0.0000000000
148401  -38.523  -6.276  -16.418 0.0000000000
148402  -38.968  -6.583  -16.973 0.0000000000
148403  -39.556  -6.118  -18.094 0.0000000000
148404  -39.528  -6.448  -17.778 0.0000000000
148405  -39.451  -6.828  -17.436 0.0000000000
148406  -40.009  -6.997  -17.812 0.0000000000
148407  -40.624  -7.032  -18.129 0.0000000000
148408  -41.234  -6.965  -18.389 0.0000000000
148409  -41.835  -6.485  -18.881 0.0000000000
148410  -42.455  -5.785  -19.387 0.0000000000
148412  -42.429  -4.845  -20.124 0.0000000000
148418  -42.131  -3.015  -21.582 0.0000000000
155474  -32.636  -22.331  5.183 0.0000000000
155480  -33.273  -21.840  3.140 0.0000000000
155481  -33.269  -22.744  2.745 0.0000000000
155482  -33.366  -23.560  2.499 0.0000000000
155483  -34.106  -24.195  1.333 0.0000000000
155484  -33.841  -24.262  1.826 0.0000000000
155485  -33.555  -24.319  2.314 0.0000000000
155525  -35.020  -20.293  -0.685 0.0000000000
155526  -35.187  -21.053  -1.588 0.0000000000
155527  -35.486  -21.740  -2.483 0.0000000000
155528  -35.357  -20.824  -2.587 0.0000000000
155529  -35.587  -21.571  -2.928 0.0000000000
155530  -35.979  -22.278  -3.181 0.0000000000
155534  -35.556  -19.958  -4.175 0.0000000000
155535  -35.979  -20.637  -4.541 0.0000000000
155536  -36.454  -21.284  -4.763 0.0000000000
155605  -38.517  -13.632  -12.175 0.0000000000
155606  -34.499  -15.991  -5.982 0.0000000000
155607  -34.597  -15.862  -6.444 0.0000000000
155608  -34.742  -15.650  -6.858 0.0000000000
155609  -34.006  -14.563  -5.590 0.0000000000
155610  -34.296  -15.019  -6.469 0.0000000000
155611  -34.944  -15.497  -7.331 0.0000000000
155612  -35.194  -15.323  -7.796 0.0000000000
155613  -35.489  -15.110  -8.205 0.0000000000
155614  -35.716  -14.957  -8.652 0.0000000000
155615  -34.084  -11.669  -3.514 0.0000000000
155616  -33.810  -12.303  -4.529 0.0000000000
155617  -33.686  -12.911  -5.569 0.0000000000
155618  -33.701  -12.177  -5.441 0.0000000000
155619  -33.681  -12.818  -6.038 0.0000000000
155620  -33.862  -13.429  -6.523 0.0000000000
155621  -34.330  -13.919  -7.413 0.0000000000
155622  -35.117  -14.359  -8.241 0.0000000000
155623  -35.992  -14.764  -9.099 0.0000000000
155624  -36.301  -14.550  -9.529 0.0000000000
155625  -36.525  -14.310  -9.893 0.0000000000
155626  -36.779  -14.106  -10.269 0.0000000000
155627  -35.388  -13.223  -9.081 0.0000000000
155628  -36.210  -13.590  -9.891 0.0000000000
155629  -37.090  -13.943  -10.690 0.0000000000
155630  -37.359  -13.684  -11.091 0.0000000000
155631  -37.645  -13.456  -11.481 0.0000000000
155632  -37.950  -13.231  -11.908 0.0000000000
155633  -37.347  -12.789  -11.545 0.0000000000
155634  -36.796  -12.309  -11.172 0.0000000000
155635  -36.275  -11.794  -10.791 0.0000000000
155636  -35.224  -11.624  -9.589 0.0000000000
155637  -35.456  -11.413  -9.942 0.0000000000
155638  -35.753  -11.245  -10.382 0.0000000000
155639  -35.299  -10.703  -9.991 0.0000000000
155640  -34.820  -10.070  -9.513 0.0000000000
