#!ascii label  , from subject fsaverage vox2ras=TkReg
547
323  -23.536  14.925  -21.087 0.0000000000
428  -13.601  14.327  -14.072 0.0000000000
953  -8.811  20.165  -18.072 0.0000000000
954  -6.698  17.581  -18.179 0.0000000000
1508  -6.609  15.071  -13.573 0.0000000000
1735  -19.827  14.433  -20.242 0.0000000000
1736  -20.657  9.056  -16.300 0.0000000000
1960  -10.710  12.653  -14.987 0.0000000000
2436  -16.345  15.764  -16.002 0.0000000000
2437  -18.049  7.635  -15.730 0.0000000000
3852  -18.301  14.010  -20.996 0.0000000000
3853  -20.135  12.044  -18.837 0.0000000000
3854  -19.008  12.216  -18.411 0.0000000000
4300  -8.614  15.993  -16.632 0.0000000000
4301  -9.918  17.226  -15.570 0.0000000000
4302  -9.374  11.429  -15.492 0.0000000000
5445  -14.369  19.006  -14.663 0.0000000000
5446  -15.596  19.193  -16.373 0.0000000000
5447  -15.275  15.085  -14.503 0.0000000000
6325  -7.532  18.543  -18.982 0.0000000000
6326  -7.687  14.643  -16.865 0.0000000000
7002  -22.806  12.288  -19.290 0.0000000000
7011  -12.718  9.056  -15.353 0.0000000000
7012  -14.305  10.102  -15.299 0.0000000000
7889  -21.664  14.858  -20.310 0.0000000000
7890  -21.453  12.203  -19.083 0.0000000000
8471  -12.902  18.543  -14.232 0.0000000000
8473  -11.399  18.029  -14.639 0.0000000000
8474  -12.115  13.528  -14.448 0.0000000000
8478  -6.342  16.901  -16.344 0.0000000000
8479  -6.914  13.131  -15.510 0.0000000000
9867  -15.911  11.036  -15.199 0.0000000000
9868  -17.331  11.921  -15.770 0.0000000000
9869  -18.214  12.412  -17.054 0.0000000000
9870  -19.430  8.393  -15.923 0.0000000000
11533  -18.489  12.953  -19.996 0.0000000000
11534  -17.899  13.299  -19.631 0.0000000000
11980  -8.486  13.344  -16.077 0.0000000000
11981  -8.964  13.962  -15.865 0.0000000000
11982  -8.844  10.578  -15.454 0.0000000000
13110  -24.315  15.976  -21.811 0.0000000000
13112  -24.385  14.872  -21.300 0.0000000000
13125  -14.026  16.880  -14.110 0.0000000000
13126  -14.853  17.169  -14.493 0.0000000000
13127  -14.432  14.760  -14.141 0.0000000000
14381  -6.853  19.669  -19.818 0.0000000000
14382  -7.073  17.942  -18.754 0.0000000000
14383  -7.655  16.709  -17.867 0.0000000000
14384  -7.176  16.098  -17.691 0.0000000000
17317  -20.694  14.574  -20.105 0.0000000000
17318  -21.347  13.345  -19.888 0.0000000000
17319  -20.528  13.204  -19.836 0.0000000000
17320  -20.467  10.777  -17.416 0.0000000000
17321  -21.000  10.819  -17.644 0.0000000000
18663  -10.286  15.098  -14.924 0.0000000000
18664  -10.673  17.689  -15.010 0.0000000000
18665  -11.024  15.496  -14.580 0.0000000000
18666  -11.780  15.851  -14.310 0.0000000000
18667  -11.424  13.179  -14.668 0.0000000000
18668  -11.736  10.839  -15.048 0.0000000000
18669  -11.032  10.019  -15.205 0.0000000000
18676  -6.103  18.440  -16.603 0.0000000000
18677  -6.410  16.202  -15.047 0.0000000000
22098  -15.916  17.519  -16.297 0.0000000000
22103  -14.671  7.969  -15.771 0.0000000000
22104  -15.119  10.689  -15.173 0.0000000000
22105  -15.422  8.629  -15.700 0.0000000000
22106  -17.356  7.250  -15.744 0.0000000000
22107  -16.939  9.268  -15.741 0.0000000000
22108  -17.636  9.689  -15.887 0.0000000000
22109  -17.778  12.167  -16.285 0.0000000000
22110  -18.260  10.086  -16.034 0.0000000000
22111  -18.817  10.405  -16.425 0.0000000000
22112  -18.719  7.992  -15.803 0.0000000000
23606  -6.269  19.000  -18.538 0.0000000000
25366  -19.025  14.198  -20.625 0.0000000000
25367  -19.816  13.126  -19.903 0.0000000000
25368  -19.098  13.003  -20.120 0.0000000000
25369  -19.546  12.094  -18.682 0.0000000000
25370  -19.948  10.750  -17.162 0.0000000000
26172  -8.739  18.269  -17.268 0.0000000000
26173  -9.410  18.889  -16.651 0.0000000000
26174  -9.227  16.686  -16.111 0.0000000000
26175  -9.556  14.570  -15.515 0.0000000000
26176  -10.007  12.010  -15.366 0.0000000000
26178  -9.873  8.765  -15.098 0.0000000000
26182  -6.685  12.986  -13.180 0.0000000000
28233  -14.683  20.782  -15.571 0.0000000000
28234  -15.308  20.725  -16.401 0.0000000000
28235  -15.122  19.077  -15.363 0.0000000000
28236  -15.501  17.404  -15.271 0.0000000000
28237  -15.923  15.473  -15.092 0.0000000000
28243  -18.719  5.753  -15.115 0.0000000000
30118  -7.424  20.363  -19.980 0.0000000000
30119  -8.103  19.353  -18.736 0.0000000000
30120  -8.151  17.427  -17.759 0.0000000000
30121  -8.121  15.423  -16.875 0.0000000000
30122  -8.041  12.626  -15.948 0.0000000000
31698  -22.962  13.643  -20.266 0.0000000000
31699  -23.753  13.788  -20.301 0.0000000000
31700  -23.486  12.454  -19.231 0.0000000000
31719  -13.190  11.809  -14.637 0.0000000000
31720  -13.981  12.175  -14.518 0.0000000000
31721  -13.515  9.673  -15.348 0.0000000000
31722  -13.924  7.461  -15.691 0.0000000000
34022  -23.409  16.308  -20.970 0.0000000000
34031  -22.631  14.901  -20.628 0.0000000000
34032  -22.182  13.452  -20.091 0.0000000000
34033  -22.098  12.202  -19.180 0.0000000000
34035  -20.718  12.162  -19.046 0.0000000000
34036  -21.585  10.895  -17.954 0.0000000000
35685  -13.980  20.583  -15.018 0.0000000000
35686  -13.628  18.778  -14.312 0.0000000000
35687  -13.274  16.510  -13.988 0.0000000000
35691  -10.081  19.386  -15.968 0.0000000000
35694  -12.133  18.218  -14.330 0.0000000000
35695  -12.493  16.180  -14.111 0.0000000000
35696  -12.848  13.924  -14.205 0.0000000000
35697  -12.447  11.280  -14.832 0.0000000000
35706  -5.709  20.166  -17.917 0.0000000000
35707  -6.115  18.806  -17.663 0.0000000000
35708  -6.444  17.300  -17.360 0.0000000000
35709  -6.612  14.336  -14.688 0.0000000000
35710  -6.587  15.176  -15.988 0.0000000000
35711  -6.843  15.615  -17.032 0.0000000000
35712  -7.240  13.893  -16.438 0.0000000000
39837  -14.858  12.669  -14.508 0.0000000000
39838  -15.635  13.107  -14.733 0.0000000000
39839  -16.354  13.555  -15.156 0.0000000000
39840  -16.188  8.866  -15.667 0.0000000000
39841  -16.672  11.497  -15.386 0.0000000000
39842  -16.876  13.974  -15.809 0.0000000000
39843  -17.215  14.206  -16.707 0.0000000000
39845  -17.549  13.774  -18.762 0.0000000000
39846  -18.530  12.327  -17.792 0.0000000000
39847  -19.395  10.703  -16.824 0.0000000000
39848  -20.031  8.685  -16.109 0.0000000000
42253  -17.649  13.655  -20.436 0.0000000000
42254  -17.385  13.871  -20.164 0.0000000000
42700  -8.422  11.821  -15.836 0.0000000000
42701  -8.621  12.025  -15.758 0.0000000000
43830  -23.913  15.513  -21.459 0.0000000000
43831  -24.361  15.402  -21.648 0.0000000000
43832  -23.982  14.900  -21.231 0.0000000000
43845  -13.828  15.656  -14.025 0.0000000000
43846  -14.262  15.848  -14.103 0.0000000000
43847  -14.030  14.574  -14.057 0.0000000000
45100  -6.604  18.439  -18.719 0.0000000000
45101  -6.777  18.624  -19.045 0.0000000000
45102  -6.855  17.738  -18.503 0.0000000000
45103  -7.148  17.084  -18.191 0.0000000000
45104  -6.922  16.826  -17.971 0.0000000000
48033  -19.513  15.113  -20.295 0.0000000000
48035  -19.967  15.151  -20.099 0.0000000000
48036  -20.451  15.214  -19.990 0.0000000000
48037  -20.249  14.472  -20.128 0.0000000000
48038  -20.513  13.864  -20.082 0.0000000000
48039  -20.135  13.750  -20.086 0.0000000000
48040  -20.577  10.016  -16.854 0.0000000000
48041  -20.833  10.048  -16.918 0.0000000000
48042  -20.896  9.190  -16.333 0.0000000000
49383  -10.499  13.866  -14.917 0.0000000000
49384  -10.636  15.325  -14.741 0.0000000000
49385  -10.836  14.200  -14.733 0.0000000000
49386  -11.258  14.306  -14.563 0.0000000000
49387  -11.057  12.918  -14.826 0.0000000000
49388  -11.241  11.706  -14.971 0.0000000000
49389  -10.916  11.368  -15.121 0.0000000000
49397  -6.525  15.717  -14.329 0.0000000000
52818  -16.118  16.611  -16.139 0.0000000000
52819  -16.035  17.445  -16.839 0.0000000000
52820  -16.239  16.653  -16.711 0.0000000000
52823  -14.863  6.977  -15.655 0.0000000000
52824  -15.034  8.305  -15.752 0.0000000000
52826  -17.706  7.434  -15.738 0.0000000000
52827  -17.487  8.544  -15.893 0.0000000000
52828  -17.794  8.666  -15.913 0.0000000000
52829  -17.930  9.881  -15.928 0.0000000000
52830  -18.125  8.789  -15.896 0.0000000000
52831  -18.454  8.991  -15.980 0.0000000000
52832  -18.390  7.702  -15.742 0.0000000000
54704  -6.038  19.700  -18.698 0.0000000000
57636  -18.705  14.850  -20.917 0.0000000000
57637  -18.657  14.077  -20.854 0.0000000000
57638  -19.011  13.496  -20.489 0.0000000000
57639  -18.673  13.430  -20.583 0.0000000000
57640  -18.738  12.655  -19.212 0.0000000000
57641  -19.025  12.585  -19.365 0.0000000000
57642  -19.267  12.145  -18.559 0.0000000000
57643  -19.779  11.582  -17.852 0.0000000000
57644  -19.530  11.595  -17.728 0.0000000000
58980  -8.676  17.184  -16.943 0.0000000000
58981  -8.994  17.541  -16.637 0.0000000000
58982  -8.895  16.374  -16.383 0.0000000000
58983  -9.153  12.744  -15.644 0.0000000000
58984  -9.239  14.262  -15.699 0.0000000000
58985  -9.441  13.014  -15.555 0.0000000000
58986  -9.782  13.305  -15.400 0.0000000000
58987  -9.695  11.686  -15.481 0.0000000000
58988  -9.900  10.510  -15.399 0.0000000000
58989  -9.619  10.077  -15.366 0.0000000000
62415  -14.520  19.868  -15.080 0.0000000000
62416  -14.897  19.946  -15.444 0.0000000000
62417  -14.749  19.028  -14.945 0.0000000000
62418  -15.057  16.181  -14.503 0.0000000000
62419  -15.211  17.276  -14.866 0.0000000000
62420  -15.408  16.360  -14.826 0.0000000000
62421  -15.694  16.421  -15.185 0.0000000000
62422  -15.631  15.412  -14.759 0.0000000000
66183  -7.188  19.110  -19.460 0.0000000000
66184  -7.094  19.964  -19.974 0.0000000000
66185  -7.478  19.442  -19.461 0.0000000000
66186  -7.789  19.850  -19.358 0.0000000000
66187  -7.827  18.947  -18.883 0.0000000000
66188  -8.148  18.474  -18.281 0.0000000000
66189  -7.861  17.986  -18.363 0.0000000000
66190  -7.711  15.690  -17.408 0.0000000000
66191  -7.877  16.112  -17.403 0.0000000000
66192  -7.893  14.958  -16.890 0.0000000000
66193  -8.086  14.052  -16.442 0.0000000000
66194  -7.878  13.683  -16.400 0.0000000000
69570  -22.863  12.978  -19.803 0.0000000000
69571  -23.218  13.038  -19.802 0.0000000000
69572  -23.143  12.362  -19.287 0.0000000000
69615  -12.924  10.457  -15.111 0.0000000000
69616  -13.442  10.799  -15.022 0.0000000000
69617  -13.124  9.354  -15.361 0.0000000000
69619  -13.571  6.989  -15.460 0.0000000000
74988  -21.534  15.536  -20.092 0.0000000000
74990  -22.097  15.641  -20.263 0.0000000000
74991  -22.590  15.664  -20.508 0.0000000000
74992  -22.214  14.851  -20.449 0.0000000000
74993  -22.358  14.156  -20.401 0.0000000000
74994  -21.945  14.075  -20.266 0.0000000000
74995  -21.348  12.751  -19.522 0.0000000000
74996  -21.696  12.805  -19.607 0.0000000000
74997  -21.760  12.170  -19.171 0.0000000000
74998  -22.121  11.556  -18.647 0.0000000000
74999  -21.829  11.512  -18.597 0.0000000000
75000  -19.967  12.588  -19.434 0.0000000000
75001  -20.277  12.635  -19.449 0.0000000000
75002  -20.441  12.143  -18.878 0.0000000000
75003  -21.363  10.167  -17.145 0.0000000000
75004  -21.281  10.900  -17.818 0.0000000000
75005  -21.655  10.243  -17.337 0.0000000000
75006  -21.958  10.196  -17.352 0.0000000000
79017  -13.277  18.681  -14.235 0.0000000000
79018  -13.482  17.753  -14.130 0.0000000000
79019  -13.084  17.560  -14.084 0.0000000000
79028  -9.673  18.149  -16.080 0.0000000000
79029  -9.724  19.165  -16.332 0.0000000000
79030  -10.016  18.352  -15.777 0.0000000000
79031  -11.018  17.848  -14.858 0.0000000000
79032  -10.765  18.744  -15.161 0.0000000000
79033  -11.088  18.885  -14.962 0.0000000000
79036  -11.873  19.146  -14.605 0.0000000000
79037  -11.761  18.178  -14.509 0.0000000000
79038  -11.951  14.671  -14.313 0.0000000000
79039  -12.139  16.030  -14.200 0.0000000000
79040  -12.313  14.847  -14.217 0.0000000000
79041  -12.653  15.082  -14.104 0.0000000000
79042  -12.516  13.706  -14.334 0.0000000000
79043  -12.669  12.597  -14.500 0.0000000000
79044  -12.298  12.402  -14.612 0.0000000000
79046  -11.909  9.547  -15.213 0.0000000000
79067  -5.794  20.079  -17.343 0.0000000000
79068  -6.244  17.700  -16.458 0.0000000000
79069  -6.110  18.673  -17.156 0.0000000000
79070  -6.233  17.889  -17.001 0.0000000000
79071  -6.288  18.084  -17.501 0.0000000000
79072  -6.369  17.077  -16.887 0.0000000000
79074  -6.661  13.746  -13.888 0.0000000000
79075  -6.790  12.590  -13.658 0.0000000000
79076  -6.801  12.539  -14.836 0.0000000000
79077  -6.688  13.769  -15.178 0.0000000000
79078  -6.747  14.161  -15.736 0.0000000000
79079  -6.699  15.388  -16.438 0.0000000000
79080  -6.876  14.482  -16.274 0.0000000000
79081  -7.031  14.769  -16.756 0.0000000000
79082  -7.063  13.532  -16.000 0.0000000000
89213  -23.880  13.277  -19.785 0.0000000000
89214  -24.092  13.957  -20.388 0.0000000000
89333  -15.459  19.965  -16.366 0.0000000000
89334  -15.512  20.726  -16.894 0.0000000000
89335  -15.631  19.972  -16.915 0.0000000000
89348  -14.160  11.138  -14.867 0.0000000000
89349  -14.436  12.434  -14.474 0.0000000000
89350  -14.572  11.415  -14.817 0.0000000000
89351  -15.526  10.870  -15.159 0.0000000000
89352  -15.347  11.860  -14.850 0.0000000000
89353  -15.824  12.105  -14.902 0.0000000000
89354  -16.040  13.356  -14.905 0.0000000000
89355  -16.216  12.388  -15.052 0.0000000000
89358  -16.370  7.821  -15.857 0.0000000000
89359  -17.162  10.610  -15.682 0.0000000000
89360  -16.807  10.412  -15.585 0.0000000000
89361  -17.019  11.741  -15.562 0.0000000000
89362  -16.860  12.801  -15.474 0.0000000000
89363  -17.151  13.062  -15.728 0.0000000000
89364  -17.069  14.108  -16.203 0.0000000000
89365  -17.333  13.183  -16.088 0.0000000000
89366  -17.995  12.349  -16.667 0.0000000000
89367  -17.685  13.316  -16.934 0.0000000000
89368  -17.794  13.349  -17.407 0.0000000000
89370  -17.935  13.270  -17.814 0.0000000000
89371  -18.080  13.073  -18.235 0.0000000000
89372  -18.371  12.382  -17.436 0.0000000000
89373  -19.112  9.326  -16.223 0.0000000000
89374  -19.126  10.521  -16.609 0.0000000000
89375  -19.461  9.592  -16.316 0.0000000000
89376  -19.713  9.723  -16.454 0.0000000000
89377  -19.729  8.611  -15.991 0.0000000000
94487  -18.349  13.430  -20.584 0.0000000000
94488  -17.994  13.497  -20.548 0.0000000000
94489  -18.177  13.108  -19.883 0.0000000000
94490  -18.472  12.754  -19.046 0.0000000000
95292  -8.557  14.831  -16.315 0.0000000000
95293  -8.779  15.057  -16.191 0.0000000000
95294  -8.708  13.658  -15.977 0.0000000000
95295  -8.891  12.404  -15.704 0.0000000000
95296  -9.146  11.068  -15.483 0.0000000000
95297  -9.342  9.745  -15.244 0.0000000000
97328  -24.777  15.862  -22.079 0.0000000000
97329  -24.770  15.287  -21.725 0.0000000000
97353  -14.192  17.998  -14.319 0.0000000000
97354  -14.608  18.105  -14.548 0.0000000000
97355  -14.440  17.047  -14.269 0.0000000000
97356  -14.665  16.035  -14.259 0.0000000000
97357  -14.849  14.964  -14.267 0.0000000000
99614  -6.654  19.498  -19.597 0.0000000000
99615  -6.955  18.855  -19.303 0.0000000000
99616  -7.273  18.222  -18.921 0.0000000000
99617  -7.627  17.581  -18.352 0.0000000000
99618  -7.393  17.327  -18.308 0.0000000000
99619  -7.444  16.413  -17.823 0.0000000000
99620  -7.454  15.446  -17.342 0.0000000000
101674  -12.907  7.864  -15.427 0.0000000000
104898  -20.971  15.365  -19.992 0.0000000000
104899  -21.157  14.773  -20.167 0.0000000000
104900  -21.466  13.999  -20.154 0.0000000000
104901  -20.963  13.980  -20.073 0.0000000000
104902  -20.923  13.296  -19.834 0.0000000000
104903  -20.963  12.680  -19.508 0.0000000000
104904  -20.317  11.375  -18.041 0.0000000000
104905  -20.590  11.531  -18.164 0.0000000000
104906  -20.724  10.782  -17.514 0.0000000000
104907  -21.088  10.053  -17.009 0.0000000000
107321  -10.123  16.216  -15.171 0.0000000000
107322  -10.277  17.454  -15.286 0.0000000000
107323  -10.492  16.455  -14.934 0.0000000000
107324  -10.860  16.649  -14.756 0.0000000000
107325  -11.231  16.801  -14.602 0.0000000000
107326  -11.608  16.967  -14.437 0.0000000000
107327  -11.409  15.662  -14.438 0.0000000000
107328  -11.579  14.582  -14.396 0.0000000000
107329  -11.768  13.390  -14.535 0.0000000000
107330  -11.939  12.212  -14.725 0.0000000000
107331  -11.588  12.011  -14.839 0.0000000000
107332  -11.396  10.462  -15.128 0.0000000000
107344  -6.008  19.204  -16.669 0.0000000000
107346  -6.239  17.436  -15.869 0.0000000000
107347  -6.328  16.617  -15.720 0.0000000000
113504  -15.745  18.336  -16.390 0.0000000000
113513  -14.484  9.017  -15.623 0.0000000000
113514  -14.714  10.309  -15.277 0.0000000000
113515  -14.874  9.284  -15.561 0.0000000000
113516  -15.276  9.662  -15.471 0.0000000000
113517  -15.655  9.820  -15.473 0.0000000000
113518  -16.991  6.990  -15.639 0.0000000000
113519  -16.719  8.064  -15.805 0.0000000000
113520  -17.099  8.183  -15.848 0.0000000000
113521  -17.297  9.573  -15.787 0.0000000000
113522  -17.483  10.854  -15.815 0.0000000000
113523  -17.563  12.138  -15.999 0.0000000000
113524  -17.745  10.984  -15.970 0.0000000000
113525  -18.022  11.127  -16.160 0.0000000000
113526  -18.311  11.332  -16.442 0.0000000000
113527  -18.540  11.445  -16.762 0.0000000000
113528  -18.548  10.287  -16.251 0.0000000000
113529  -18.770  9.209  -16.089 0.0000000000
113530  -19.063  8.200  -15.879 0.0000000000
116521  -6.337  19.133  -18.970 0.0000000000
116522  -6.495  18.274  -18.359 0.0000000000
120627  -19.082  14.980  -20.546 0.0000000000
120628  -19.421  14.333  -20.401 0.0000000000
120629  -19.774  13.688  -20.199 0.0000000000
120630  -19.399  13.580  -20.339 0.0000000000
120631  -19.510  13.008  -19.993 0.0000000000
120632  -19.644  12.537  -19.470 0.0000000000
120633  -18.797  13.031  -20.120 0.0000000000
120634  -19.313  12.571  -19.458 0.0000000000
120635  -19.838  12.068  -18.777 0.0000000000
120636  -20.060  11.564  -17.937 0.0000000000
120637  -20.205  10.800  -17.318 0.0000000000
120638  -20.314  9.922  -16.715 0.0000000000
122508  -8.765  19.195  -17.685 0.0000000000
122509  -9.121  19.542  -17.328 0.0000000000
122510  -9.047  18.554  -16.937 0.0000000000
122511  -9.341  17.838  -16.335 0.0000000000
122512  -9.569  16.990  -15.852 0.0000000000
122513  -9.106  15.386  -15.892 0.0000000000
122514  -9.403  15.747  -15.735 0.0000000000
122515  -9.772  15.990  -15.441 0.0000000000
122516  -9.920  14.850  -15.202 0.0000000000
122517  -10.124  13.607  -15.161 0.0000000000
122518  -10.357  12.331  -15.174 0.0000000000
122519  -10.591  11.140  -15.250 0.0000000000
122520  -10.248  10.690  -15.332 0.0000000000
122529  -6.668  13.227  -12.673 0.0000000000
122530  -6.642  14.101  -13.405 0.0000000000
122531  -6.688  12.119  -12.527 0.0000000000
127320  -15.217  19.929  -15.876 0.0000000000
127321  -15.389  19.142  -15.833 0.0000000000
127322  -14.997  18.154  -14.889 0.0000000000
127323  -15.314  18.271  -15.326 0.0000000000
127324  -15.541  18.337  -15.818 0.0000000000
127325  -15.723  17.436  -15.745 0.0000000000
127326  -15.927  16.616  -15.658 0.0000000000
127327  -16.145  15.685  -15.499 0.0000000000
127337  -17.663  6.241  -15.466 0.0000000000
127338  -18.013  6.435  -15.446 0.0000000000
127339  -18.356  6.584  -15.480 0.0000000000
132216  -6.748  20.463  -20.429 0.0000000000
132220  -8.114  20.319  -19.178 0.0000000000
132221  -8.438  19.786  -18.457 0.0000000000
132222  -8.392  18.830  -18.067 0.0000000000
132223  -8.431  17.867  -17.564 0.0000000000
132224  -8.397  16.762  -17.168 0.0000000000
132225  -7.883  17.042  -17.855 0.0000000000
132226  -8.140  16.401  -17.311 0.0000000000
132227  -8.376  15.671  -16.755 0.0000000000
132228  -8.321  14.429  -16.445 0.0000000000
132229  -8.259  12.979  -16.091 0.0000000000
132230  -8.147  11.352  -15.601 0.0000000000
136506  -23.214  14.297  -20.695 0.0000000000
136507  -23.647  14.317  -20.803 0.0000000000
136508  -23.378  13.690  -20.344 0.0000000000
136509  -23.588  13.143  -19.767 0.0000000000
136563  -13.408  13.053  -14.280 0.0000000000
136564  -13.799  13.243  -14.243 0.0000000000
136565  -13.596  12.005  -14.548 0.0000000000
136566  -13.724  10.977  -14.952 0.0000000000
136567  -13.890  9.895  -15.306 0.0000000000
136568  -13.311  8.235  -15.540 0.0000000000
136569  -13.654  8.564  -15.545 0.0000000000
136570  -14.097  8.833  -15.618 0.0000000000
136571  -14.331  7.688  -15.791 0.0000000000
136572  -14.562  6.602  -15.461 0.0000000000
139016  -6.647  14.316  -12.892 0.0000000000
139017  -6.584  12.365  -12.014 0.0000000000
143148  -24.299  16.663  -21.676 0.0000000000
143149  -23.850  16.135  -21.423 0.0000000000
143150  -23.401  15.564  -21.143 0.0000000000
143176  -23.016  15.644  -20.805 0.0000000000
143177  -23.062  14.921  -20.852 0.0000000000
143178  -22.771  14.240  -20.540 0.0000000000
143179  -22.559  13.551  -20.207 0.0000000000
143180  -22.491  12.919  -19.724 0.0000000000
143181  -21.782  13.365  -19.979 0.0000000000
143182  -22.125  12.845  -19.659 0.0000000000
143183  -22.453  12.277  -19.232 0.0000000000
143187  -20.189  13.147  -19.844 0.0000000000
143188  -20.615  12.628  -19.491 0.0000000000
143189  -21.087  12.134  -19.103 0.0000000000
143190  -20.882  11.506  -18.339 0.0000000000
143191  -21.173  11.573  -18.481 0.0000000000
143192  -21.524  11.531  -18.567 0.0000000000
143193  -21.898  10.828  -18.000 0.0000000000
148048  -14.336  20.655  -15.246 0.0000000000
148049  -14.171  19.791  -14.817 0.0000000000
148051  -13.811  19.723  -14.630 0.0000000000
148052  -14.006  18.893  -14.433 0.0000000000
148053  -13.839  17.905  -14.197 0.0000000000
148054  -13.672  16.755  -14.063 0.0000000000
148055  -13.452  15.446  -13.969 0.0000000000
148065  -9.448  19.843  -16.954 0.0000000000
148068  -10.423  18.597  -15.405 0.0000000000
148075  -12.269  19.251  -14.486 0.0000000000
148076  -12.504  18.365  -14.265 0.0000000000
148077  -11.963  17.131  -14.304 0.0000000000
148078  -12.322  17.222  -14.162 0.0000000000
148079  -12.686  17.367  -14.134 0.0000000000
148080  -12.858  16.319  -14.044 0.0000000000
148081  -13.043  15.235  -13.996 0.0000000000
148082  -13.244  14.077  -14.086 0.0000000000
148083  -13.026  12.843  -14.374 0.0000000000
148084  -12.804  11.551  -14.725 0.0000000000
148085  -12.583  10.163  -15.145 0.0000000000
148086  -12.115  11.044  -14.930 0.0000000000
148087  -12.247  9.741  -15.197 0.0000000000
148088  -12.405  8.661  -15.365 0.0000000000
148113  -5.933  19.360  -17.242 0.0000000000
148114  -5.925  19.492  -17.788 0.0000000000
148115  -5.937  19.570  -18.288 0.0000000000
148116  -6.166  18.906  -18.119 0.0000000000
148117  -6.390  18.188  -17.952 0.0000000000
148118  -6.587  17.420  -17.787 0.0000000000
148119  -6.560  14.806  -14.129 0.0000000000
148120  -6.478  15.363  -14.852 0.0000000000
148121  -6.427  15.764  -15.582 0.0000000000
148122  -6.721  13.239  -14.474 0.0000000000
148123  -6.559  14.823  -15.443 0.0000000000
148124  -6.426  16.037  -16.232 0.0000000000
148125  -6.530  16.256  -16.702 0.0000000000
148126  -6.626  16.472  -17.204 0.0000000000
148127  -6.778  16.657  -17.643 0.0000000000
148128  -6.971  15.894  -17.458 0.0000000000
148129  -7.215  15.140  -17.159 0.0000000000
148130  -7.459  14.276  -16.737 0.0000000000
148131  -7.240  12.519  -15.655 0.0000000000
148132  -7.448  12.874  -16.045 0.0000000000
148133  -7.676  13.296  -16.303 0.0000000000
148134  -7.852  12.133  -15.879 0.0000000000
160305  -24.029  14.396  -20.847 0.0000000000
160306  -24.407  14.471  -20.893 0.0000000000
160467  -14.222  13.484  -14.241 0.0000000000
160468  -14.666  13.702  -14.283 0.0000000000
160469  -15.089  13.906  -14.409 0.0000000000
160470  -14.969  11.675  -14.831 0.0000000000
160471  -15.255  12.925  -14.609 0.0000000000
160472  -15.479  14.149  -14.596 0.0000000000
160473  -15.828  14.339  -14.817 0.0000000000
160474  -16.136  14.518  -15.105 0.0000000000
160475  -16.408  14.704  -15.450 0.0000000000
160477  -15.816  8.706  -15.762 0.0000000000
160478  -16.047  9.941  -15.480 0.0000000000
160479  -16.561  9.095  -15.700 0.0000000000
160480  -16.422  10.193  -15.479 0.0000000000
160481  -16.315  11.257  -15.294 0.0000000000
160482  -16.560  12.561  -15.242 0.0000000000
160483  -16.644  13.747  -15.451 0.0000000000
160484  -16.622  14.833  -15.888 0.0000000000
160485  -16.767  15.030  -16.378 0.0000000000
160488  -17.550  13.320  -16.475 0.0000000000
160489  -17.302  14.199  -17.217 0.0000000000
160494  -17.679  13.558  -19.197 0.0000000000
160495  -18.200  12.952  -18.722 0.0000000000
160496  -18.739  12.307  -18.156 0.0000000000
160497  -18.732  11.480  -17.046 0.0000000000
160498  -19.024  11.595  -17.269 0.0000000000
160499  -19.215  11.645  -17.613 0.0000000000
160500  -19.666  10.751  -17.040 0.0000000000
160501  -20.019  9.801  -16.598 0.0000000000
160502  -20.318  8.951  -16.165 0.0000000000
160503  -18.682  6.804  -15.519 0.0000000000
160504  -19.048  7.086  -15.570 0.0000000000
160508  -19.731  7.450  -15.547 0.0000000000
