#!ascii label  , from subject fsaverage vox2ras=TkReg
832
44  -29.652  -8.300  44.528 0.0000000000
163  -39.600  -7.468  50.727 0.0000000000
364  -47.331  -5.168  46.081 0.0000000000
365  -36.425  -1.306  44.285 0.0000000000
844  -46.235  -9.585  49.961 0.0000000000
845  -34.518  -8.559  46.341 0.0000000000
846  -38.186  -6.616  43.022 0.0000000000
847  -32.715  -4.761  43.372 0.0000000000
848  -31.653  -0.912  47.715 0.0000000000
1443  -43.681  -8.960  52.692 0.0000000000
1807  -42.890  -7.458  47.077 0.0000000000
1808  -42.306  -3.113  43.419 0.0000000000
1809  -40.514  0.895  47.558 0.0000000000
1810  -36.556  1.857  50.508 0.0000000000
2763  -45.570  -11.171  48.100 0.0000000000
2765  -31.991  -8.771  45.413 0.0000000000
2766  -33.615  -7.285  43.755 0.0000000000
2767  -31.118  -6.790  43.943 0.0000000000
2768  -30.406  -4.415  44.395 0.0000000000
2769  -28.804  -5.966  43.988 0.0000000000
3965  -48.824  -6.814  47.965 0.0000000000
3969  -45.969  -1.262  45.909 0.0000000000
3970  -42.136  -7.458  52.505 0.0000000000
3971  -43.466  -7.805  50.819 0.0000000000
3972  -41.017  -7.455  48.670 0.0000000000
3973  -37.287  -3.976  42.495 0.0000000000
3974  -40.378  -4.990  42.644 0.0000000000
3975  -39.321  -2.367  43.328 0.0000000000
3976  -41.014  -0.845  45.056 0.0000000000
3977  -38.381  -0.222  45.558 0.0000000000
3978  -38.412  1.372  48.577 0.0000000000
3979  -36.077  0.507  47.273 0.0000000000
6124  -47.459  -10.746  47.229 0.0000000000
6125  -47.882  -9.368  48.931 0.0000000000
6126  -46.950  -7.948  48.304 0.0000000000
6127  -37.003  -8.150  48.295 0.0000000000
6128  -38.668  -7.698  46.252 0.0000000000
6129  -36.197  -7.707  44.665 0.0000000000
6130  -35.317  -5.668  42.672 0.0000000000
6131  -34.452  -2.782  43.611 0.0000000000
6132  -33.991  -0.721  46.143 0.0000000000
6133  -32.087  -2.511  45.089 0.0000000000
6134  -29.884  -2.292  46.092 0.0000000000
7205  -42.932  -8.643  54.484 0.0000000000
7206  -41.086  -7.302  54.179 0.0000000000
7211  -32.933  -9.453  48.201 0.0000000000
8053  -44.887  -9.429  51.128 0.0000000000
8054  -45.039  -8.147  49.298 0.0000000000
8055  -45.282  -6.964  45.968 0.0000000000
8056  -40.813  -7.214  44.759 0.0000000000
8057  -43.255  -5.955  43.697 0.0000000000
8058  -45.026  -3.832  44.220 0.0000000000
8059  -43.513  -0.932  45.207 0.0000000000
8065  -33.937  0.581  49.160 0.0000000000
10445  -30.831  -8.605  44.813 0.0000000000
10446  -31.552  -7.944  44.389 0.0000000000
10447  -30.347  -7.587  44.142 0.0000000000
10448  -29.888  -6.374  43.891 0.0000000000
10449  -29.198  -7.173  44.040 0.0000000000
11645  -48.140  -6.086  47.083 0.0000000000
11650  -40.907  -7.253  51.655 0.0000000000
11651  -41.532  -7.349  50.710 0.0000000000
11652  -40.298  -7.433  49.647 0.0000000000
11653  -36.842  -2.642  43.198 0.0000000000
11654  -38.411  -3.132  42.804 0.0000000000
11655  -37.862  -1.888  43.563 0.0000000000
11656  -38.803  -1.227  44.191 0.0000000000
11657  -37.415  -0.760  44.742 0.0000000000
11658  -37.200  0.171  46.269 0.0000000000
11659  -36.177  -0.338  45.640 0.0000000000
14043  -46.875  -11.085  45.855 0.0000000000
14044  -45.945  -11.495  46.260 0.0000000000
14045  -46.041  -10.465  49.286 0.0000000000
14046  -46.908  -10.340  48.733 0.0000000000
14047  -47.052  -9.519  49.456 0.0000000000
14048  -47.608  -8.546  49.031 0.0000000000
14049  -46.635  -8.793  49.481 0.0000000000
14050  -35.779  -8.426  47.246 0.0000000000
14051  -36.606  -8.087  46.371 0.0000000000
14052  -35.327  -8.134  45.452 0.0000000000
14053  -33.144  -6.099  43.238 0.0000000000
14054  -34.432  -6.427  43.123 0.0000000000
14055  -33.987  -5.169  42.978 0.0000000000
14056  -34.846  -4.221  42.805 0.0000000000
14057  -33.512  -3.810  43.415 0.0000000000
14058  -33.234  -2.615  44.447 0.0000000000
14059  -32.351  -3.594  44.016 0.0000000000
14060  -29.260  -4.001  44.541 0.0000000000
14061  -30.126  -3.316  45.120 0.0000000000
15848  -42.167  -7.776  54.625 0.0000000000
17665  -43.426  -9.907  52.098 0.0000000000
17666  -43.888  -10.147  51.314 0.0000000000
17667  -44.240  -9.185  51.934 0.0000000000
17668  -43.007  -7.651  48.992 0.0000000000
17669  -44.221  -8.080  49.952 0.0000000000
17670  -43.932  -7.650  48.333 0.0000000000
17671  -45.025  -7.708  47.654 0.0000000000
17672  -44.062  -7.293  46.380 0.0000000000
17673  -38.462  -7.382  44.358 0.0000000000
17674  -39.685  -7.495  45.498 0.0000000000
17675  -39.522  -6.960  43.723 0.0000000000
17676  -41.475  -4.129  42.942 0.0000000000
17677  -41.879  -5.528  43.064 0.0000000000
17678  -42.964  -4.540  43.201 0.0000000000
17679  -44.278  -5.074  43.738 0.0000000000
17680  -43.706  -3.388  43.709 0.0000000000
17681  -44.243  -2.145  44.549 0.0000000000
17682  -42.953  -1.968  44.180 0.0000000000
17683  -40.677  0.026  46.163 0.0000000000
17684  -41.889  -0.127  46.058 0.0000000000
17690  -37.479  1.712  49.465 0.0000000000
17691  -38.703  2.102  50.038 0.0000000000
17692  -37.934  2.313  50.967 0.0000000000
17695  -32.869  -0.766  47.076 0.0000000000
17696  -33.919  0.050  47.630 0.0000000000
17697  -32.736  -0.113  48.444 0.0000000000
23403  -44.969  -11.680  46.757 0.0000000000
23405  -44.695  -11.146  48.692 0.0000000000
23406  -45.326  -10.447  49.851 0.0000000000
23407  -33.238  -8.688  45.841 0.0000000000
23408  -34.081  -8.085  44.764 0.0000000000
23409  -32.795  -8.022  44.504 0.0000000000
23410  -32.346  -7.013  43.735 0.0000000000
23411  -31.900  -5.764  43.584 0.0000000000
23412  -31.539  -4.512  43.916 0.0000000000
23413  -30.733  -5.574  43.952 0.0000000000
23414  -29.533  -5.147  44.038 0.0000000000
25567  -49.276  -7.562  48.394 0.0000000000
25568  -50.070  -6.864  48.139 0.0000000000
25576  -43.169  -7.976  52.917 0.0000000000
25577  -43.816  -8.282  52.053 0.0000000000
25578  -42.744  -7.644  51.621 0.0000000000
25579  -42.239  -7.526  49.842 0.0000000000
25580  -41.860  -7.506  47.815 0.0000000000
25581  -37.750  -5.321  42.345 0.0000000000
25582  -39.260  -5.858  42.617 0.0000000000
25583  -38.898  -4.417  42.357 0.0000000000
25584  -39.951  -3.674  42.748 0.0000000000
25585  -40.859  -2.747  43.374 0.0000000000
25586  -41.615  -1.858  44.150 0.0000000000
25587  -40.182  -1.576  44.014 0.0000000000
25588  -39.702  -0.652  45.132 0.0000000000
25589  -39.438  0.310  46.559 0.0000000000
25590  -39.456  1.115  47.946 0.0000000000
25591  -38.307  0.654  47.095 0.0000000000
25592  -37.243  1.036  47.848 0.0000000000
25593  -36.289  1.318  48.821 0.0000000000
25595  -31.734  -0.154  48.976 0.0000000000
29645  -48.311  -10.310  46.768 0.0000000000
29647  -46.583  -11.045  47.604 0.0000000000
29648  -47.887  -10.103  48.251 0.0000000000
29649  -48.813  -9.017  48.593 0.0000000000
29650  -48.495  -8.116  48.700 0.0000000000
29651  -47.945  -7.530  48.109 0.0000000000
29652  -47.231  -6.933  47.022 0.0000000000
29653  -38.206  -7.852  49.486 0.0000000000
29654  -39.030  -7.688  48.523 0.0000000000
29655  -37.834  -7.962  47.376 0.0000000000
29656  -37.489  -7.790  45.347 0.0000000000
29657  -37.151  -7.167  43.713 0.0000000000
29658  -34.891  -7.488  44.008 0.0000000000
29659  -35.818  -6.813  43.262 0.0000000000
29660  -36.770  -6.163  42.655 0.0000000000
29661  -36.266  -4.804  42.372 0.0000000000
29662  -35.826  -3.387  42.927 0.0000000000
29663  -35.473  -2.027  43.878 0.0000000000
29664  -35.186  -0.923  45.199 0.0000000000
29665  -34.175  -1.682  44.797 0.0000000000
29666  -33.030  -1.560  45.678 0.0000000000
29667  -31.857  -1.640  46.437 0.0000000000
29668  -31.282  -3.501  44.684 0.0000000000
29669  -31.029  -2.543  45.776 0.0000000000
29670  -30.735  -1.774  46.921 0.0000000000
32169  -43.256  -8.755  53.651 0.0000000000
32170  -42.670  -7.817  53.780 0.0000000000
32171  -41.631  -7.310  53.265 0.0000000000
32172  -40.294  -7.300  52.474 0.0000000000
32180  -39.603  -7.447  53.352 0.0000000000
32181  -38.897  -7.656  51.422 0.0000000000
32183  -36.180  -8.398  49.182 0.0000000000
32184  -34.941  -8.747  48.225 0.0000000000
32187  -33.642  -8.984  47.329 0.0000000000
32188  -32.450  -9.182  46.720 0.0000000000
32189  -31.302  -9.298  45.982 0.0000000000
34472  -44.644  -10.302  50.476 0.0000000000
34473  -45.556  -9.539  50.513 0.0000000000
34474  -44.445  -8.546  51.267 0.0000000000
34475  -45.169  -8.661  50.592 0.0000000000
34476  -45.924  -8.719  49.929 0.0000000000
34477  -45.923  -8.157  48.765 0.0000000000
34478  -46.173  -7.473  47.232 0.0000000000
34479  -46.423  -6.261  45.886 0.0000000000
34480  -39.893  -7.596  47.493 0.0000000000
34481  -40.852  -7.524  46.660 0.0000000000
34482  -41.918  -7.298  45.802 0.0000000000
34483  -40.695  -6.285  43.283 0.0000000000
34484  -41.979  -6.651  44.097 0.0000000000
34485  -43.089  -6.992  45.158 0.0000000000
34486  -44.332  -6.464  44.693 0.0000000000
34487  -45.428  -5.591  44.639 0.0000000000
34488  -46.297  -4.323  45.012 0.0000000000
34489  -45.557  -2.464  44.986 0.0000000000
34490  -44.752  -1.061  45.507 0.0000000000
34492  -42.320  -0.966  45.039 0.0000000000
34493  -43.004  -0.062  46.042 0.0000000000
34507  -35.061  0.017  46.684 0.0000000000
34508  -35.050  0.703  48.149 0.0000000000
34509  -35.270  1.324  49.869 0.0000000000
34510  -32.818  0.498  49.762 0.0000000000
34511  -34.090  1.162  50.728 0.0000000000
41166  -30.601  -8.142  44.417 0.0000000000
41167  -29.963  -7.886  44.318 0.0000000000
41168  -29.737  -7.327  44.100 0.0000000000
41169  -29.409  -7.752  44.246 0.0000000000
42365  -47.733  -5.626  46.576 0.0000000000
42366  -48.090  -5.095  46.666 0.0000000000
42367  -47.631  -4.538  46.300 0.0000000000
42369  -47.134  -4.058  45.810 0.0000000000
42370  -40.283  -7.336  51.208 0.0000000000
42371  -40.642  -7.328  50.827 0.0000000000
42372  -39.873  -7.423  50.238 0.0000000000
42373  -36.650  -1.940  43.716 0.0000000000
42374  -37.377  -2.193  43.351 0.0000000000
42375  -37.153  -1.665  43.832 0.0000000000
42376  -37.602  -1.306  44.162 0.0000000000
42377  -36.924  -1.032  44.538 0.0000000000
42378  -36.756  -0.540  45.248 0.0000000000
42379  -36.287  -0.809  44.930 0.0000000000
44765  -46.250  -10.069  49.684 0.0000000000
44766  -46.654  -10.057  49.454 0.0000000000
44767  -46.642  -9.575  49.676 0.0000000000
44768  -46.959  -9.129  49.532 0.0000000000
44769  -46.563  -9.165  49.797 0.0000000000
44770  -35.143  -8.478  46.888 0.0000000000
44771  -35.562  -8.286  46.313 0.0000000000
44772  -34.990  -8.365  46.046 0.0000000000
44773  -32.925  -5.461  43.249 0.0000000000
44774  -33.523  -5.674  43.112 0.0000000000
44775  -33.282  -4.969  43.149 0.0000000000
44776  -33.738  -4.437  43.129 0.0000000000
44777  -33.070  -4.315  43.395 0.0000000000
44778  -32.872  -3.628  43.771 0.0000000000
44779  -32.513  -4.221  43.599 0.0000000000
44781  -29.125  -3.368  44.881 0.0000000000
48385  -43.578  -9.452  52.487 0.0000000000
48386  -43.906  -9.577  52.046 0.0000000000
48387  -43.939  -9.068  52.333 0.0000000000
48388  -42.902  -7.580  47.978 0.0000000000
48389  -43.379  -7.704  48.778 0.0000000000
48390  -43.448  -7.538  47.653 0.0000000000
48391  -43.942  -7.564  47.381 0.0000000000
48392  -43.453  -7.403  46.711 0.0000000000
48393  -38.276  -7.072  43.633 0.0000000000
48394  -38.979  -7.178  43.996 0.0000000000
48395  -38.863  -6.747  43.280 0.0000000000
48396  -41.917  -3.591  43.185 0.0000000000
48397  -42.227  -4.355  42.982 0.0000000000
48398  -42.582  -3.828  43.257 0.0000000000
48399  -43.325  -3.978  43.395 0.0000000000
48400  -42.984  -3.199  43.543 0.0000000000
48401  -43.323  -2.607  43.854 0.0000000000
48402  -42.627  -2.521  43.812 0.0000000000
48403  -40.563  0.459  46.849 0.0000000000
48409  -40.504  1.300  48.163 0.0000000000
48410  -36.987  1.810  49.975 0.0000000000
48411  -37.733  2.037  50.210 0.0000000000
48412  -37.134  2.077  50.798 0.0000000000
48415  -32.265  -0.855  47.458 0.0000000000
48416  -32.785  -0.476  47.702 0.0000000000
48417  -32.226  -0.504  48.137 0.0000000000
54368  -45.056  -10.827  49.308 0.0000000000
54369  -44.689  -10.780  49.628 0.0000000000
54370  -32.578  -8.729  45.603 0.0000000000
54371  -33.019  -8.422  45.098 0.0000000000
54372  -32.383  -8.441  45.022 0.0000000000
54373  -31.314  -7.449  44.092 0.0000000000
54374  -31.942  -7.494  44.086 0.0000000000
54375  -31.732  -6.932  43.821 0.0000000000
54376  -32.129  -6.410  43.589 0.0000000000
54377  -31.537  -6.359  43.687 0.0000000000
54378  -31.328  -5.674  43.745 0.0000000000
54379  -30.918  -6.184  43.903 0.0000000000
54380  -29.366  -6.231  43.925 0.0000000000
54381  -29.716  -5.784  43.924 0.0000000000
54382  -29.189  -5.611  43.983 0.0000000000
54383  -29.023  -4.982  44.109 0.0000000000
57970  -49.131  -7.128  48.256 0.0000000000
57971  -49.472  -6.751  48.175 0.0000000000
57972  -49.194  -6.329  47.913 0.0000000000
57985  -42.672  -7.643  52.780 0.0000000000
57986  -43.028  -7.720  52.394 0.0000000000
57987  -42.386  -7.479  52.106 0.0000000000
57988  -41.297  -7.406  49.747 0.0000000000
57989  -41.838  -7.418  50.233 0.0000000000
57990  -41.553  -7.431  49.284 0.0000000000
57991  -41.955  -7.514  48.822 0.0000000000
57992  -41.483  -7.507  48.189 0.0000000000
57993  -37.529  -4.645  42.347 0.0000000000
57994  -38.331  -4.905  42.318 0.0000000000
57995  -38.120  -4.179  42.361 0.0000000000
57996  -38.862  -2.721  43.035 0.0000000000
57997  -39.161  -3.387  42.767 0.0000000000
57998  -39.605  -2.956  42.980 0.0000000000
57999  -40.388  -3.197  43.049 0.0000000000
58000  -40.081  -2.548  43.344 0.0000000000
58001  -40.508  -2.131  43.621 0.0000000000
58002  -39.745  -1.935  43.636 0.0000000000
58003  -38.575  -0.692  44.809 0.0000000000
58004  -39.274  -0.912  44.640 0.0000000000
58005  -39.047  -0.402  45.277 0.0000000000
58006  -39.565  -0.118  45.853 0.0000000000
58007  -38.906  0.043  45.977 0.0000000000
58008  -38.862  0.478  46.738 0.0000000000
58009  -38.332  0.235  46.339 0.0000000000
58010  -36.642  0.380  46.768 0.0000000000
58011  -37.190  0.627  47.093 0.0000000000
58012  -36.687  0.825  47.601 0.0000000000
58013  -36.741  1.190  48.382 0.0000000000
58014  -36.156  0.922  48.052 0.0000000000
65165  -47.247  -10.890  46.531 0.0000000000
65166  -47.653  -10.719  46.329 0.0000000000
65167  -47.879  -10.543  47.034 0.0000000000
65168  -48.613  -10.044  47.408 0.0000000000
65169  -48.189  -10.269  47.591 0.0000000000
65170  -45.304  -11.472  47.441 0.0000000000
65171  -45.812  -11.364  47.188 0.0000000000
65172  -46.082  -11.122  47.828 0.0000000000
65173  -47.492  -9.892  48.943 0.0000000000
65174  -47.449  -10.246  48.458 0.0000000000
65175  -47.953  -9.760  48.704 0.0000000000
65176  -48.380  -9.630  48.503 0.0000000000
65177  -48.379  -9.203  48.773 0.0000000000
65178  -48.618  -8.609  48.733 0.0000000000
65179  -48.204  -8.798  48.925 0.0000000000
65180  -47.258  -8.273  48.746 0.0000000000
65181  -47.733  -8.098  48.634 0.0000000000
65182  -47.437  -7.791  48.232 0.0000000000
65183  -47.617  -7.271  47.611 0.0000000000
65184  -47.127  -7.533  47.682 0.0000000000
65185  -37.636  -8.017  48.783 0.0000000000
65186  -38.023  -7.930  48.468 0.0000000000
65187  -37.436  -8.077  47.863 0.0000000000
65188  -36.393  -7.950  45.397 0.0000000000
65189  -36.979  -7.994  45.971 0.0000000000
65190  -36.849  -7.747  44.940 0.0000000000
65191  -37.288  -7.553  44.526 0.0000000000
65192  -36.704  -7.424  44.058 0.0000000000
65193  -33.850  -7.758  44.222 0.0000000000
65194  -34.477  -7.850  44.407 0.0000000000
65195  -34.249  -7.444  43.852 0.0000000000
65196  -34.897  -6.043  42.936 0.0000000000
65197  -35.150  -6.698  43.191 0.0000000000
65198  -35.567  -6.241  42.892 0.0000000000
65199  -36.272  -6.518  42.938 0.0000000000
65200  -36.048  -5.910  42.603 0.0000000000
65201  -36.528  -5.479  42.454 0.0000000000
65202  -35.814  -5.234  42.524 0.0000000000
65203  -34.629  -3.480  43.140 0.0000000000
65204  -35.349  -3.897  42.794 0.0000000000
65205  -35.173  -3.143  43.180 0.0000000000
65206  -35.693  -2.742  43.372 0.0000000000
65207  -34.963  -2.459  43.736 0.0000000000
65208  -34.838  -1.847  44.358 0.0000000000
65209  -34.317  -2.239  44.200 0.0000000000
65210  -32.630  -2.483  44.773 0.0000000000
65211  -33.124  -2.098  45.024 0.0000000000
65212  -32.537  -2.017  45.405 0.0000000000
65213  -32.421  -1.671  46.016 0.0000000000
65214  -31.967  -2.045  45.792 0.0000000000
65215  -31.004  -4.487  44.170 0.0000000000
65216  -31.402  -3.983  44.261 0.0000000000
65217  -30.857  -3.981  44.533 0.0000000000
65218  -30.003  -2.801  45.618 0.0000000000
65219  -30.598  -2.926  45.487 0.0000000000
65220  -30.434  -2.455  45.999 0.0000000000
65221  -30.884  -2.144  46.345 0.0000000000
65222  -30.300  -2.029  46.520 0.0000000000
70575  -42.984  -9.064  54.253 0.0000000000
70576  -43.126  -9.111  53.772 0.0000000000
70577  -43.088  -8.662  54.082 0.0000000000
70578  -43.059  -8.192  53.819 0.0000000000
70579  -42.868  -8.152  54.297 0.0000000000
70580  -41.611  -7.475  54.511 0.0000000000
70581  -41.840  -7.531  54.024 0.0000000000
70582  -41.380  -7.337  53.671 0.0000000000
70583  -40.978  -7.258  52.934 0.0000000000
70584  -40.602  -7.258  53.302 0.0000000000
70604  -39.348  -7.584  53.838 0.0000000000
70605  -38.890  -7.619  52.870 0.0000000000
70606  -39.242  -7.543  52.445 0.0000000000
70607  -38.538  -7.742  51.986 0.0000000000
70608  -38.163  -7.897  50.858 0.0000000000
70613  -35.580  -8.602  48.725 0.0000000000
70621  -33.904  -9.111  48.275 0.0000000000
70622  -33.258  -9.195  47.913 0.0000000000
70623  -33.015  -9.066  47.119 0.0000000000
70624  -32.688  -9.355  47.449 0.0000000000
70626  -31.563  -9.545  46.667 0.0000000000
76033  -44.443  -9.735  51.283 0.0000000000
76034  -44.268  -10.265  50.883 0.0000000000
76035  -44.823  -9.904  50.920 0.0000000000
76036  -45.222  -10.038  50.536 0.0000000000
76037  -45.225  -9.476  50.774 0.0000000000
76038  -43.637  -7.938  51.551 0.0000000000
76039  -44.165  -8.433  51.555 0.0000000000
76040  -43.973  -8.135  51.094 0.0000000000
76041  -44.616  -8.135  49.601 0.0000000000
76042  -44.697  -8.316  50.409 0.0000000000
76043  -45.135  -8.411  49.990 0.0000000000
76044  -45.519  -8.692  50.263 0.0000000000
76045  -45.551  -8.460  49.676 0.0000000000
76046  -45.972  -8.439  49.390 0.0000000000
76047  -45.532  -8.179  48.992 0.0000000000
76048  -45.195  -7.357  46.832 0.0000000000
76049  -45.610  -7.656  47.416 0.0000000000
76050  -45.702  -7.203  46.645 0.0000000000
76051  -46.239  -7.013  46.509 0.0000000000
76052  -45.914  -6.654  45.860 0.0000000000
76053  -38.850  -7.754  47.434 0.0000000000
76054  -39.455  -7.612  48.030 0.0000000000
76055  -39.277  -7.687  47.008 0.0000000000
76056  -40.284  -7.343  45.094 0.0000000000
76057  -40.253  -7.563  46.123 0.0000000000
76058  -40.856  -7.427  45.641 0.0000000000
76059  -41.406  -7.472  46.281 0.0000000000
76060  -41.380  -7.240  45.256 0.0000000000
76061  -39.800  -5.492  42.580 0.0000000000
76062  -39.975  -6.097  42.976 0.0000000000
76063  -40.544  -5.700  42.845 0.0000000000
76064  -42.561  -5.741  43.350 0.0000000000
76065  -41.969  -6.208  43.465 0.0000000000
76066  -42.568  -6.366  43.854 0.0000000000
76067  -42.564  -6.806  44.571 0.0000000000
76068  -43.160  -6.556  44.380 0.0000000000
76069  -43.799  -6.686  44.821 0.0000000000
76070  -43.778  -6.273  44.219 0.0000000000
76071  -44.690  -4.463  43.921 0.0000000000
76072  -44.899  -5.296  44.091 0.0000000000
76073  -45.325  -4.662  44.270 0.0000000000
76074  -45.896  -4.969  44.772 0.0000000000
76075  -45.662  -4.106  44.525 0.0000000000
76076  -45.913  -3.391  44.918 0.0000000000
76077  -45.331  -3.158  44.556 0.0000000000
76078  -43.828  -1.464  44.835 0.0000000000
76079  -44.508  -1.554  45.035 0.0000000000
76080  -44.130  -0.993  45.328 0.0000000000
76083  -41.309  -1.321  44.600 0.0000000000
76084  -41.976  -1.354  44.536 0.0000000000
76085  -41.685  -0.925  45.102 0.0000000000
76087  -42.444  -0.122  46.044 0.0000000000
76105  -38.918  1.269  48.280 0.0000000000
76106  -39.523  1.521  48.716 0.0000000000
76108  -38.889  2.497  50.817 0.0000000000
76109  -39.320  2.324  50.312 0.0000000000
76120  -34.611  -0.825  45.656 0.0000000000
76121  -35.066  -0.416  45.926 0.0000000000
76122  -34.543  -0.343  46.375 0.0000000000
76123  -33.928  0.365  48.391 0.0000000000
76124  -34.496  0.335  47.892 0.0000000000
76125  -34.535  0.645  48.693 0.0000000000
76126  -35.150  1.029  49.059 0.0000000000
76127  -34.595  0.967  49.541 0.0000000000
76128  -31.904  0.202  49.643 0.0000000000
76129  -32.279  0.154  49.398 0.0000000000
76130  -32.397  0.506  50.082 0.0000000000
76134  -34.809  1.509  51.128 0.0000000000
92527  -31.411  -8.733  45.168 0.0000000000
92528  -31.773  -8.397  44.853 0.0000000000
92529  -31.172  -8.297  44.611 0.0000000000
92530  -30.928  -7.763  44.245 0.0000000000
92531  -30.692  -7.217  44.038 0.0000000000
92532  -30.463  -6.587  43.927 0.0000000000
92533  -30.083  -6.943  43.945 0.0000000000
92534  -29.543  -6.773  43.965 0.0000000000
92535  -28.985  -6.562  43.980 0.0000000000
94687  -48.508  -6.423  47.580 0.0000000000
94696  -41.540  -7.274  52.105 0.0000000000
94697  -41.756  -7.314  51.678 0.0000000000
94698  -41.201  -7.287  51.166 0.0000000000
94699  -40.892  -7.327  50.281 0.0000000000
94700  -40.623  -7.460  49.141 0.0000000000
94701  -37.081  -3.255  42.815 0.0000000000
94702  -37.867  -3.575  42.629 0.0000000000
94703  -37.632  -2.871  42.984 0.0000000000
94704  -38.114  -2.468  43.174 0.0000000000
94705  -38.622  -2.122  43.376 0.0000000000
94706  -39.027  -1.736  43.680 0.0000000000
94707  -38.348  -1.520  43.840 0.0000000000
94708  -38.096  -0.998  44.478 0.0000000000
94709  -37.922  -0.454  45.191 0.0000000000
94710  -37.804  0.057  45.987 0.0000000000
94711  -37.279  -0.295  45.502 0.0000000000
94712  -36.673  -0.081  45.957 0.0000000000
94713  -36.084  0.084  46.448 0.0000000000
99004  -45.981  -11.555  45.376 0.0000000000
99005  -46.409  -11.306  46.051 0.0000000000
99006  -46.800  -11.077  46.776 0.0000000000
99007  -45.832  -10.862  48.739 0.0000000000
99008  -46.361  -10.778  48.448 0.0000000000
99009  -46.440  -10.408  49.019 0.0000000000
99010  -47.049  -9.997  49.207 0.0000000000
99011  -47.451  -9.440  49.213 0.0000000000
99012  -47.803  -8.966  49.114 0.0000000000
99013  -47.346  -9.066  49.326 0.0000000000
99014  -47.171  -8.682  49.229 0.0000000000
99015  -46.842  -8.374  48.905 0.0000000000
99016  -36.379  -8.274  47.830 0.0000000000
99017  -36.763  -8.185  47.365 0.0000000000
99018  -36.163  -8.230  46.729 0.0000000000
99019  -35.964  -8.144  45.898 0.0000000000
99020  -35.774  -7.916  45.016 0.0000000000
99021  -33.378  -6.745  43.419 0.0000000000
99022  -34.029  -6.882  43.453 0.0000000000
99023  -33.797  -6.354  43.194 0.0000000000
99024  -34.216  -5.897  42.938 0.0000000000
99025  -34.657  -5.417  42.808 0.0000000000
99026  -35.077  -4.880  42.625 0.0000000000
99027  -34.392  -4.682  42.854 0.0000000000
99028  -34.185  -3.971  43.086 0.0000000000
99029  -33.929  -3.246  43.529 0.0000000000
99030  -33.772  -2.629  44.012 0.0000000000
99031  -33.357  -3.135  43.914 0.0000000000
99032  -32.732  -2.981  44.219 0.0000000000
99033  -32.215  -3.032  44.514 0.0000000000
99034  -29.840  -4.193  44.475 0.0000000000
99035  -30.257  -3.794  44.733 0.0000000000
99036  -29.693  -3.669  44.803 0.0000000000
99037  -29.547  -3.132  45.182 0.0000000000
99038  -29.423  -2.540  45.627 0.0000000000
102252  -42.645  -8.132  54.692 0.0000000000
102254  -41.952  -7.738  54.946 0.0000000000
102255  -41.435  -7.517  54.948 0.0000000000
102279  -32.372  -9.613  47.786 0.0000000000
105525  -43.619  -10.011  51.731 0.0000000000
105526  -44.199  -9.671  51.632 0.0000000000
105527  -44.539  -9.336  51.544 0.0000000000
105528  -43.145  -7.704  49.950 0.0000000000
105529  -43.790  -7.974  50.409 0.0000000000
105530  -43.632  -7.789  49.628 0.0000000000
105531  -44.111  -7.884  49.205 0.0000000000
105532  -44.463  -7.966  48.886 0.0000000000
105533  -44.971  -8.002  48.531 0.0000000000
105534  -44.528  -7.700  48.047 0.0000000000
105535  -44.529  -7.512  47.084 0.0000000000
105536  -44.701  -7.141  46.152 0.0000000000
105537  -38.589  -7.596  45.277 0.0000000000
105538  -39.200  -7.588  45.897 0.0000000000
105539  -39.067  -7.432  44.908 0.0000000000
105540  -39.661  -7.278  44.617 0.0000000000
105541  -40.231  -6.997  44.183 0.0000000000
105542  -40.925  -4.585  42.774 0.0000000000
105543  -41.117  -5.314  42.883 0.0000000000
105544  -41.690  -4.790  42.907 0.0000000000
105545  -42.406  -5.077  43.057 0.0000000000
105546  -43.120  -5.257  43.347 0.0000000000
105547  -43.728  -5.560  43.705 0.0000000000
105548  -43.603  -4.774  43.388 0.0000000000
105549  -44.008  -4.146  43.651 0.0000000000
105550  -44.386  -3.593  43.887 0.0000000000
105551  -44.670  -2.920  44.293 0.0000000000
105552  -43.980  -2.723  44.111 0.0000000000
105553  -43.596  -2.046  44.381 0.0000000000
105554  -43.180  -1.490  44.678 0.0000000000
105555  -40.819  -0.422  45.560 0.0000000000
105556  -41.438  -0.496  45.609 0.0000000000
105557  -41.254  -0.065  46.183 0.0000000000
105568  -37.979  1.584  48.907 0.0000000000
105569  -38.564  1.735  49.331 0.0000000000
105570  -38.121  1.910  49.766 0.0000000000
105571  -38.362  2.238  50.563 0.0000000000
105572  -38.568  2.574  51.252 0.0000000000
105577  -33.445  -0.668  46.631 0.0000000000
105578  -33.938  -0.318  46.902 0.0000000000
105579  -33.376  -0.296  47.385 0.0000000000
105580  -33.331  -0.034  48.090 0.0000000000
105581  -33.289  0.198  48.739 0.0000000000
116045  -44.490  -11.716  47.053 0.0000000000
116046  -44.844  -11.460  47.714 0.0000000000
116049  -45.088  -11.192  48.408 0.0000000000
116050  -45.439  -10.862  49.010 0.0000000000
116051  -45.697  -10.469  49.565 0.0000000000
116052  -45.819  -10.072  49.935 0.0000000000
116053  -33.884  -8.637  46.123 0.0000000000
116054  -34.301  -8.385  45.522 0.0000000000
116055  -33.658  -8.392  45.325 0.0000000000
116056  -33.445  -8.108  44.675 0.0000000000
116057  -33.186  -7.730  44.086 0.0000000000
116058  -32.166  -8.000  44.466 0.0000000000
116059  -32.566  -7.591  44.076 0.0000000000
116060  -32.958  -7.227  43.748 0.0000000000
116061  -32.733  -6.635  43.498 0.0000000000
116062  -32.483  -5.952  43.357 0.0000000000
116063  -32.284  -5.290  43.405 0.0000000000
116064  -32.118  -4.693  43.614 0.0000000000
116065  -31.707  -5.120  43.688 0.0000000000
116066  -31.153  -5.003  43.936 0.0000000000
116067  -30.571  -5.092  44.112 0.0000000000
116068  -30.288  -6.000  43.897 0.0000000000
116069  -30.122  -5.421  43.998 0.0000000000
116070  -29.966  -4.822  44.202 0.0000000000
116071  -29.396  -4.599  44.255 0.0000000000
121093  -49.444  -8.091  48.390 0.0000000000
121094  -49.857  -7.722  48.255 0.0000000000
121095  -49.696  -7.209  48.254 0.0000000000
121114  -43.515  -8.479  52.925 0.0000000000
121115  -43.806  -8.606  52.455 0.0000000000
121116  -43.506  -8.136  52.494 0.0000000000
121117  -43.303  -7.809  52.026 0.0000000000
121118  -43.016  -7.693  51.245 0.0000000000
121119  -42.135  -7.431  51.218 0.0000000000
121120  -42.416  -7.478  50.731 0.0000000000
121121  -42.812  -7.599  50.286 0.0000000000
121122  -42.553  -7.541  49.462 0.0000000000
121123  -42.357  -7.541  48.410 0.0000000000
121124  -42.320  -7.497  47.422 0.0000000000
121125  -38.010  -6.006  42.547 0.0000000000
121126  -38.728  -6.248  42.740 0.0000000000
121127  -38.524  -5.647  42.427 0.0000000000
121128  -39.081  -5.163  42.387 0.0000000000
121129  -39.618  -4.773  42.451 0.0000000000
121130  -38.632  -3.771  42.535 0.0000000000
121131  -39.378  -4.050  42.563 0.0000000000
121132  -40.152  -4.309  42.597 0.0000000000
121133  -40.727  -3.867  42.852 0.0000000000
121134  -41.135  -3.424  43.141 0.0000000000
121135  -41.578  -2.941  43.352 0.0000000000
121136  -41.969  -2.373  43.726 0.0000000000
121137  -41.243  -2.267  43.773 0.0000000000
121138  -40.914  -1.696  44.124 0.0000000000
121139  -40.611  -1.229  44.526 0.0000000000
121140  -39.483  -1.458  44.060 0.0000000000
121141  -39.921  -1.107  44.472 0.0000000000
121142  -40.372  -0.785  45.006 0.0000000000
121143  -40.147  -0.315  45.645 0.0000000000
121144  -39.992  0.073  46.303 0.0000000000
121145  -40.010  0.586  47.048 0.0000000000
121146  -39.992  1.011  47.715 0.0000000000
121147  -39.439  0.722  47.259 0.0000000000
121148  -38.892  0.903  47.472 0.0000000000
121149  -38.336  1.010  47.773 0.0000000000
121150  -37.760  0.427  46.708 0.0000000000
121151  -37.771  0.829  47.430 0.0000000000
121152  -37.840  1.229  48.116 0.0000000000
121153  -37.340  1.399  48.691 0.0000000000
121154  -36.891  1.564  49.120 0.0000000000
121155  -36.404  1.576  49.658 0.0000000000
121156  -31.167  -0.964  47.926 0.0000000000
121157  -31.653  -0.528  48.339 0.0000000000
121158  -31.189  -0.544  48.565 0.0000000000
121159  -31.292  -0.217  49.183 0.0000000000
130934  -46.305  -11.231  46.968 0.0000000000
130935  -47.030  -10.920  47.417 0.0000000000
130936  -46.837  -10.705  48.192 0.0000000000
130937  -47.287  -10.603  47.986 0.0000000000
130938  -47.724  -10.452  47.791 0.0000000000
130939  -48.307  -9.933  48.073 0.0000000000
130940  -48.754  -9.397  48.332 0.0000000000
130941  -49.200  -8.818  48.432 0.0000000000
130942  -49.002  -8.418  48.527 0.0000000000
130943  -48.883  -7.846  48.571 0.0000000000
130944  -48.659  -7.553  48.371 0.0000000000
130945  -48.026  -8.400  48.853 0.0000000000
130946  -48.206  -7.866  48.519 0.0000000000
130947  -48.443  -7.181  48.018 0.0000000000
130948  -48.102  -6.846  47.595 0.0000000000
130949  -47.718  -6.547  47.042 0.0000000000
130950  -47.331  -6.167  46.518 0.0000000000
130951  -38.908  -7.649  50.069 0.0000000000
130952  -39.230  -7.597  49.619 0.0000000000
130953  -38.631  -7.736  48.857 0.0000000000
130954  -38.346  -7.819  47.951 0.0000000000
130955  -38.229  -7.818  46.796 0.0000000000
130956  -37.217  -8.024  46.768 0.0000000000
130957  -37.683  -7.900  46.314 0.0000000000
130958  -38.111  -7.753  45.718 0.0000000000
130959  -37.933  -7.585  44.879 0.0000000000
130960  -37.797  -7.311  44.066 0.0000000000
130961  -37.650  -6.918  43.312 0.0000000000
130962  -34.690  -8.168  45.146 0.0000000000
130963  -35.117  -7.897  44.717 0.0000000000
130964  -35.566  -7.639  44.329 0.0000000000
130965  -34.661  -7.015  43.494 0.0000000000
130966  -35.363  -7.215  43.700 0.0000000000
130967  -36.010  -7.334  43.863 0.0000000000
130968  -36.483  -7.011  43.407 0.0000000000
130969  -36.974  -6.728  43.057 0.0000000000
130970  -37.469  -6.349  42.781 0.0000000000
130971  -37.248  -5.713  42.496 0.0000000000
130972  -37.005  -5.063  42.295 0.0000000000
130973  -36.757  -4.334  42.424 0.0000000000
130974  -35.551  -4.535  42.598 0.0000000000
130975  -36.013  -4.106  42.546 0.0000000000
130976  -36.595  -3.721  42.631 0.0000000000
130977  -36.407  -3.070  42.967 0.0000000000
130978  -36.179  -2.361  43.509 0.0000000000
130979  -35.986  -1.719  44.085 0.0000000000
130980  -35.791  -1.128  44.690 0.0000000000
130981  -35.311  -1.465  44.481 0.0000000000
130982  -34.706  -1.325  44.954 0.0000000000
130983  -34.071  -1.161  45.451 0.0000000000
130984  -33.674  -2.092  44.591 0.0000000000
130985  -33.579  -1.622  45.256 0.0000000000
130986  -33.509  -1.186  45.962 0.0000000000
130987  -32.968  -1.114  46.399 0.0000000000
130988  -32.344  -1.256  46.753 0.0000000000
130989  -31.751  -1.258  47.070 0.0000000000
130990  -31.962  -4.077  43.950 0.0000000000
130991  -31.808  -3.471  44.371 0.0000000000
130992  -31.681  -2.985  44.879 0.0000000000
130993  -30.738  -3.414  45.016 0.0000000000
130994  -31.170  -3.021  45.207 0.0000000000
130995  -31.555  -2.527  45.485 0.0000000000
130996  -31.442  -2.074  46.135 0.0000000000
130997  -31.295  -1.742  46.725 0.0000000000
130998  -31.206  -1.361  47.326 0.0000000000
130999  -30.663  -1.352  47.512 0.0000000000
137772  -43.406  -9.288  52.895 0.0000000000
137780  -43.260  -9.213  53.333 0.0000000000
137781  -43.434  -8.873  53.143 0.0000000000
137782  -43.282  -8.326  53.415 0.0000000000
137783  -42.957  -7.865  53.481 0.0000000000
137784  -42.382  -7.570  53.097 0.0000000000
137785  -42.397  -7.759  54.096 0.0000000000
137786  -42.125  -7.555  53.562 0.0000000000
137787  -41.825  -7.365  52.849 0.0000000000
137788  -41.345  -7.301  52.454 0.0000000000
137789  -40.580  -7.270  52.114 0.0000000000
137790  -39.931  -7.377  51.582 0.0000000000
137811  -40.771  -7.393  54.641 0.0000000000
137812  -39.789  -7.498  54.754 0.0000000000
137813  -40.058  -7.419  54.222 0.0000000000
137814  -40.370  -7.333  53.904 0.0000000000
137815  -39.938  -7.388  52.931 0.0000000000
137816  -39.536  -7.439  52.115 0.0000000000
137817  -39.204  -7.528  51.008 0.0000000000
137818  -38.528  -7.683  50.566 0.0000000000
137819  -37.957  -7.969  49.898 0.0000000000
137820  -37.199  -8.151  49.370 0.0000000000
137822  -36.874  -8.241  49.640 0.0000000000
137823  -36.606  -8.310  48.712 0.0000000000
137824  -35.930  -8.441  48.146 0.0000000000
137825  -35.355  -8.530  47.743 0.0000000000
137826  -34.736  -8.679  47.375 0.0000000000
137833  -34.496  -8.941  48.620 0.0000000000
137834  -34.291  -8.865  47.786 0.0000000000
137835  -34.105  -8.747  46.899 0.0000000000
137836  -33.452  -8.865  46.583 0.0000000000
137837  -32.792  -8.921  46.273 0.0000000000
137838  -32.226  -8.984  46.006 0.0000000000
137839  -32.155  -9.499  47.135 0.0000000000
137840  -31.851  -9.296  46.270 0.0000000000
137841  -31.635  -9.048  45.676 0.0000000000
137842  -31.029  -8.976  45.318 0.0000000000
144449  -43.932  -10.666  50.317 0.0000000000
144450  -44.284  -10.735  49.992 0.0000000000
144451  -44.947  -10.380  50.151 0.0000000000
144452  -45.545  -10.039  50.204 0.0000000000
144453  -45.917  -9.577  50.235 0.0000000000
144454  -44.088  -8.752  52.105 0.0000000000
144455  -44.416  -8.848  51.650 0.0000000000
144456  -44.779  -8.962  51.245 0.0000000000
144457  -44.363  -8.271  50.686 0.0000000000
144458  -44.787  -8.605  50.951 0.0000000000
144459  -45.076  -9.043  50.931 0.0000000000
144460  -45.438  -9.104  50.599 0.0000000000
144461  -45.754  -9.141  50.272 0.0000000000
144462  -46.078  -9.178  50.044 0.0000000000
144463  -46.239  -8.754  49.657 0.0000000000
144464  -46.404  -8.425  49.151 0.0000000000
144465  -46.480  -8.051  48.483 0.0000000000
144466  -45.456  -7.992  48.220 0.0000000000
144467  -45.910  -7.890  47.941 0.0000000000
144468  -46.519  -7.725  47.800 0.0000000000
144469  -46.651  -7.275  47.117 0.0000000000
144470  -46.853  -6.595  46.484 0.0000000000
144471  -46.835  -5.816  45.945 0.0000000000
144472  -39.677  -7.528  49.110 0.0000000000
144473  -40.077  -7.531  48.538 0.0000000000
144474  -40.408  -7.534  48.180 0.0000000000
144475  -39.813  -7.572  46.485 0.0000000000
144476  -40.374  -7.615  47.053 0.0000000000
144477  -40.940  -7.549  47.667 0.0000000000
144478  -41.438  -7.580  47.187 0.0000000000
144479  -41.821  -7.448  46.907 0.0000000000
144480  -42.398  -7.385  46.457 0.0000000000
144481  -39.428  -6.527  43.055 0.0000000000
144482  -40.156  -6.605  43.426 0.0000000000
144483  -40.779  -6.812  43.934 0.0000000000
144484  -41.281  -5.941  43.121 0.0000000000
144485  -41.338  -6.503  43.726 0.0000000000
144486  -41.419  -6.956  44.338 0.0000000000
144487  -41.921  -7.074  44.887 0.0000000000
144488  -42.448  -7.187  45.482 0.0000000000
144489  -42.918  -7.311  46.102 0.0000000000
144490  -43.597  -7.170  45.826 0.0000000000
144491  -44.227  -6.947  45.511 0.0000000000
144492  -44.845  -6.698  45.272 0.0000000000
144493  -44.361  -5.836  44.107 0.0000000000
144494  -44.930  -6.053  44.625 0.0000000000
144495  -45.457  -6.273  45.254 0.0000000000
144496  -45.957  -5.833  45.277 0.0000000000
144497  -46.493  -5.296  45.337 0.0000000000
144498  -46.852  -4.666  45.530 0.0000000000
144499  -46.554  -3.652  45.308 0.0000000000
144500  -46.197  -2.736  45.310 0.0000000000
144501  -45.785  -1.904  45.427 0.0000000000
144502  -44.920  -2.297  44.741 0.0000000000
144503  -45.134  -1.694  45.246 0.0000000000
144504  -45.394  -1.100  45.659 0.0000000000
144508  -42.288  -1.951  44.108 0.0000000000
144509  -42.609  -1.402  44.617 0.0000000000
144510  -42.927  -0.959  45.083 0.0000000000
144511  -42.043  -0.531  45.499 0.0000000000
144512  -42.689  -0.501  45.513 0.0000000000
144513  -43.212  -0.444  45.638 0.0000000000
144535  -40.040  1.379  48.370 0.0000000000
144553  -35.664  -0.637  45.382 0.0000000000
144554  -35.582  -0.158  46.171 0.0000000000
144555  -35.540  0.260  46.960 0.0000000000
144556  -34.500  0.053  47.164 0.0000000000
144557  -35.068  0.372  47.444 0.0000000000
144558  -35.592  0.645  47.726 0.0000000000
144559  -35.650  0.956  48.582 0.0000000000
144560  -35.742  1.299  49.431 0.0000000000
144561  -35.893  1.637  50.229 0.0000000000
144562  -32.217  -0.180  48.765 0.0000000000
144563  -32.742  0.209  49.100 0.0000000000
144564  -33.319  0.504  49.513 0.0000000000
144566  -33.403  0.819  50.284 0.0000000000
144567  -33.998  0.854  49.965 0.0000000000
144568  -34.694  1.260  50.329 0.0000000000
144569  -35.371  1.555  50.724 0.0000000000
