#!ascii label  , from subject fsaverage vox2ras=TkReg
252
70  -16.467  -86.621  36.051 0.0000000000
1929  -18.059  -81.761  38.285 0.0000000000
1931  -19.318  -80.218  41.789 0.0000000000
1932  -20.484  -83.837  36.511 0.0000000000
3187  -15.701  -85.173  36.287 0.0000000000
4243  -20.142  -81.894  39.510 0.0000000000
4244  -21.253  -81.495  36.865 0.0000000000
4245  -21.328  -83.680  33.943 0.0000000000
7798  -17.884  -86.973  33.938 0.0000000000
8389  -18.145  -79.809  35.043 0.0000000000
8390  -17.677  -82.590  36.332 0.0000000000
8391  -17.651  -84.637  37.329 0.0000000000
8398  -18.506  -81.093  40.335 0.0000000000
8399  -19.166  -83.513  38.416 0.0000000000
8400  -18.720  -85.701  36.403 0.0000000000
8401  -20.004  -85.738  33.966 0.0000000000
10867  -15.961  -85.990  36.470 0.0000000000
10868  -14.482  -85.820  36.052 0.0000000000
10869  -14.787  -86.541  35.786 0.0000000000
11923  -21.016  -80.729  38.507 0.0000000000
11924  -21.317  -80.343  37.071 0.0000000000
11925  -21.379  -81.043  35.531 0.0000000000
18465  -17.875  -78.256  34.670 0.0000000000
18468  -18.019  -80.816  36.628 0.0000000000
18469  -17.998  -82.087  37.286 0.0000000000
18470  -17.517  -83.665  37.088 0.0000000000
18471  -18.125  -83.179  37.799 0.0000000000
18489  -18.960  -80.701  41.189 0.0000000000
18490  -20.566  -82.776  38.020 0.0000000000
18491  -19.632  -82.781  39.085 0.0000000000
18492  -19.932  -83.804  37.616 0.0000000000
18493  -19.083  -84.610  37.365 0.0000000000
18494  -19.625  -84.918  36.447 0.0000000000
18495  -19.309  -85.782  35.309 0.0000000000
18496  -20.250  -84.823  35.325 0.0000000000
18497  -21.719  -83.454  32.395 0.0000000000
18498  -21.428  -84.751  32.420 0.0000000000
24169  -15.794  -84.332  35.563 0.0000000000
26068  -19.976  -80.225  41.121 0.0000000000
26069  -19.691  -81.029  40.757 0.0000000000
26070  -20.370  -80.931  39.826 0.0000000000
26071  -20.855  -81.749  38.310 0.0000000000
26072  -21.006  -82.669  36.777 0.0000000000
26073  -20.935  -83.737  35.374 0.0000000000
26074  -21.320  -82.485  35.407 0.0000000000
26075  -21.467  -82.202  33.954 0.0000000000
26076  -21.688  -81.872  32.407 0.0000000000
33784  -17.066  -86.949  35.168 0.0000000000
33785  -15.487  -86.929  35.001 0.0000000000
35452  -17.878  -79.390  36.065 0.0000000000
35453  -18.016  -81.317  35.560 0.0000000000
35454  -17.114  -83.113  35.361 0.0000000000
35455  -16.654  -84.188  36.273 0.0000000000
35456  -16.724  -85.024  36.842 0.0000000000
35457  -17.078  -85.769  36.858 0.0000000000
35478  -18.254  -81.528  39.326 0.0000000000
35479  -19.269  -81.698  40.196 0.0000000000
35480  -18.835  -82.392  39.416 0.0000000000
35481  -18.505  -82.819  38.630 0.0000000000
35482  -18.494  -84.147  37.782 0.0000000000
35483  -18.102  -85.327  37.124 0.0000000000
35484  -17.633  -86.281  36.292 0.0000000000
35485  -18.415  -86.523  35.231 0.0000000000
35486  -19.040  -86.525  33.971 0.0000000000
35488  -20.819  -84.787  33.949 0.0000000000
41587  -16.173  -86.331  36.330 0.0000000000
41588  -15.339  -86.313  36.213 0.0000000000
41589  -15.610  -86.663  35.965 0.0000000000
49187  -18.017  -81.153  38.004 0.0000000000
49188  -18.051  -81.292  37.449 0.0000000000
49189  -18.044  -81.899  37.776 0.0000000000
49190  -17.994  -82.681  37.606 0.0000000000
49191  -18.159  -82.454  38.038 0.0000000000
49203  -19.483  -79.876  42.011 0.0000000000
49209  -19.165  -80.485  41.549 0.0000000000
49210  -20.555  -83.301  37.248 0.0000000000
49211  -20.239  -83.307  37.817 0.0000000000
49212  -20.231  -83.855  37.099 0.0000000000
49213  -19.796  -84.354  37.004 0.0000000000
49214  -20.071  -84.403  36.480 0.0000000000
49215  -19.931  -84.870  35.939 0.0000000000
49216  -20.358  -84.333  35.964 0.0000000000
55642  -15.736  -84.753  35.998 0.0000000000
55644  -15.011  -85.065  35.963 0.0000000000
58808  -20.157  -80.574  40.517 0.0000000000
58810  -21.214  -81.100  37.742 0.0000000000
58811  -20.928  -81.225  38.446 0.0000000000
58812  -21.094  -81.651  37.607 0.0000000000
58813  -20.975  -82.204  37.531 0.0000000000
58814  -21.151  -82.109  36.827 0.0000000000
58815  -21.181  -82.570  36.110 0.0000000000
58816  -21.293  -81.939  36.108 0.0000000000
58818  -21.422  -81.598  34.700 0.0000000000
58819  -21.498  -81.429  33.915 0.0000000000
58820  -21.575  -82.057  33.200 0.0000000000
74407  -17.531  -86.981  34.612 0.0000000000
74408  -16.705  -87.027  34.538 0.0000000000
74409  -17.086  -86.995  33.913 0.0000000000
78437  -18.031  -79.017  34.838 0.0000000000
78438  -18.119  -79.230  34.319 0.0000000000
78439  -18.187  -80.027  34.532 0.0000000000
78441  -18.132  -80.862  34.748 0.0000000000
78445  -18.005  -81.644  36.483 0.0000000000
78446  -18.094  -81.047  36.104 0.0000000000
78447  -17.864  -81.959  35.943 0.0000000000
78448  -17.682  -82.237  35.415 0.0000000000
78449  -17.466  -82.881  35.829 0.0000000000
78450  -16.846  -83.687  35.833 0.0000000000
78451  -17.183  -83.480  36.266 0.0000000000
78452  -17.523  -84.176  37.265 0.0000000000
78453  -17.113  -84.393  36.972 0.0000000000
78454  -17.183  -84.857  37.105 0.0000000000
78455  -16.854  -85.440  36.922 0.0000000000
78456  -17.343  -85.259  37.127 0.0000000000
78509  -18.353  -81.310  39.842 0.0000000000
78510  -19.893  -81.444  40.145 0.0000000000
78511  -19.510  -81.380  40.518 0.0000000000
78512  -19.687  -81.888  39.931 0.0000000000
78513  -19.394  -83.157  38.793 0.0000000000
78514  -19.215  -82.659  39.305 0.0000000000
78515  -19.033  -82.998  38.927 0.0000000000
78516  -18.662  -82.621  39.066 0.0000000000
78517  -18.822  -83.238  38.566 0.0000000000
78518  -18.565  -83.478  38.154 0.0000000000
78519  -18.854  -83.888  38.084 0.0000000000
78520  -18.888  -85.200  36.902 0.0000000000
78521  -18.590  -85.015  37.233 0.0000000000
78522  -18.385  -85.537  36.823 0.0000000000
78523  -17.860  -85.841  36.748 0.0000000000
78524  -18.208  -86.019  36.332 0.0000000000
78525  -18.049  -86.429  35.819 0.0000000000
78526  -18.559  -86.140  35.820 0.0000000000
78527  -19.650  -85.754  34.673 0.0000000000
78528  -19.139  -86.161  34.681 0.0000000000
78529  -19.521  -86.181  33.957 0.0000000000
78530  -19.341  -86.465  33.243 0.0000000000
78531  -19.830  -86.114  33.226 0.0000000000
78532  -21.149  -83.662  34.662 0.0000000000
78533  -20.879  -84.265  34.656 0.0000000000
78534  -21.127  -84.263  33.940 0.0000000000
87571  -14.633  -86.833  34.855 0.0000000000
93289  -15.720  -85.607  36.487 0.0000000000
93290  -15.083  -85.526  36.188 0.0000000000
93291  -15.201  -85.945  36.279 0.0000000000
93292  -14.569  -86.199  36.002 0.0000000000
95191  -21.222  -80.570  37.800 0.0000000000
95192  -21.298  -80.892  36.967 0.0000000000
95193  -21.348  -81.268  36.156 0.0000000000
95194  -21.370  -80.654  36.302 0.0000000000
104548  -18.190  -86.879  33.263 0.0000000000
104549  -17.422  -86.904  33.191 0.0000000000
106967  -17.716  -78.073  35.121 0.0000000000
106968  -17.926  -78.800  35.312 0.0000000000
106970  -17.893  -79.976  36.818 0.0000000000
106971  -17.991  -80.648  37.124 0.0000000000
106972  -18.016  -81.458  36.957 0.0000000000
106973  -17.911  -82.289  36.813 0.0000000000
106974  -17.544  -83.160  36.723 0.0000000000
106975  -17.887  -82.914  37.153 0.0000000000
106976  -17.902  -83.441  37.367 0.0000000000
106977  -17.978  -83.925  37.482 0.0000000000
107009  -18.733  -80.896  40.788 0.0000000000
107010  -20.352  -82.327  38.782 0.0000000000
107011  -19.908  -82.347  39.289 0.0000000000
107012  -20.111  -82.803  38.618 0.0000000000
107013  -19.833  -83.266  38.351 0.0000000000
107014  -19.528  -83.664  38.153 0.0000000000
107015  -19.203  -84.042  37.872 0.0000000000
107016  -19.514  -84.212  37.493 0.0000000000
107017  -19.363  -84.784  36.982 0.0000000000
107018  -19.177  -85.344  36.451 0.0000000000
107019  -19.027  -85.804  35.863 0.0000000000
107020  -19.464  -85.399  35.928 0.0000000000
107021  -19.804  -85.351  35.343 0.0000000000
107022  -20.143  -85.266  34.724 0.0000000000
107023  -21.541  -83.583  33.161 0.0000000000
107024  -21.385  -84.248  33.182 0.0000000000
107025  -21.650  -84.147  32.404 0.0000000000
117840  -14.341  -85.325  35.909 0.0000000000
122244  -17.983  -81.020  38.534 0.0000000000
122265  -19.802  -79.860  41.666 0.0000000000
122266  -19.676  -80.252  41.518 0.0000000000
122267  -19.507  -80.622  41.317 0.0000000000
122268  -19.833  -80.628  40.989 0.0000000000
122269  -20.033  -81.026  40.364 0.0000000000
122270  -20.257  -81.405  39.665 0.0000000000
122271  -20.702  -80.839  39.181 0.0000000000
122272  -20.601  -81.315  39.096 0.0000000000
122273  -20.521  -81.831  38.971 0.0000000000
122274  -20.714  -82.273  38.193 0.0000000000
122275  -20.808  -82.741  37.428 0.0000000000
122276  -20.772  -83.279  36.637 0.0000000000
122277  -20.712  -83.800  35.972 0.0000000000
122278  -20.971  -83.207  36.089 0.0000000000
122279  -21.163  -83.116  35.386 0.0000000000
122280  -21.308  -83.067  34.665 0.0000000000
122281  -21.360  -81.771  35.430 0.0000000000
122282  -21.390  -82.396  34.677 0.0000000000
122283  -21.441  -82.987  33.931 0.0000000000
122284  -21.588  -82.842  33.166 0.0000000000
122285  -21.717  -82.709  32.409 0.0000000000
142462  -16.816  -86.837  35.650 0.0000000000
142463  -15.952  -86.834  35.578 0.0000000000
142464  -16.316  -86.971  35.095 0.0000000000
147360  -18.076  -79.599  35.553 0.0000000000
147361  -17.990  -80.156  36.301 0.0000000000
147362  -18.127  -80.363  35.800 0.0000000000
147363  -18.169  -80.623  35.277 0.0000000000
147364  -17.925  -81.575  35.045 0.0000000000
147367  -16.432  -83.796  35.425 0.0000000000
147368  -16.232  -84.293  35.941 0.0000000000
147369  -16.156  -84.720  36.299 0.0000000000
147370  -17.117  -83.910  36.696 0.0000000000
147371  -16.615  -84.615  36.627 0.0000000000
147372  -16.202  -85.129  36.549 0.0000000000
147373  -16.333  -85.532  36.681 0.0000000000
147374  -16.519  -85.907  36.680 0.0000000000
147375  -16.760  -86.212  36.532 0.0000000000
147437  -18.013  -80.904  39.075 0.0000000000
147438  -18.153  -81.635  38.791 0.0000000000
147439  -19.340  -80.912  41.044 0.0000000000
147440  -19.139  -81.185  40.760 0.0000000000
147441  -18.873  -81.422  40.327 0.0000000000
147442  -19.436  -82.283  39.665 0.0000000000
147443  -19.035  -82.050  39.831 0.0000000000
147444  -18.655  -81.728  39.911 0.0000000000
147445  -18.499  -81.995  39.450 0.0000000000
147446  -18.388  -82.181  38.984 0.0000000000
147447  -18.268  -82.336  38.504 0.0000000000
147448  -18.358  -82.988  38.175 0.0000000000
147449  -18.282  -83.702  37.822 0.0000000000
147450  -18.131  -84.432  37.532 0.0000000000
147451  -18.772  -84.441  37.638 0.0000000000
147452  -18.324  -84.827  37.464 0.0000000000
147453  -17.858  -85.036  37.290 0.0000000000
147454  -17.604  -85.585  37.028 0.0000000000
147455  -17.335  -86.051  36.647 0.0000000000
147456  -17.064  -86.474  36.191 0.0000000000
147457  -17.411  -86.636  35.746 0.0000000000
147458  -17.799  -86.736  35.214 0.0000000000
147459  -18.184  -86.785  34.617 0.0000000000
147460  -18.874  -86.196  35.256 0.0000000000
147461  -18.737  -86.541  34.633 0.0000000000
147462  -18.507  -86.781  33.962 0.0000000000
147463  -18.788  -86.687  33.274 0.0000000000
147466  -20.643  -84.327  35.297 0.0000000000
147467  -20.550  -84.798  34.645 0.0000000000
147468  -20.466  -85.301  33.951 0.0000000000
147469  -21.116  -84.808  33.170 0.0000000000
147470  -20.782  -85.315  33.159 0.0000000000
147471  -20.306  -85.717  33.213 0.0000000000
158335  -15.109  -86.789  35.442 0.0000000000
