#!ascii label  , from subject fsaverage vox2ras=TkReg
699
1  -16.186  -66.740  59.196 0.0000000000
474  -21.323  -62.522  55.999 0.0000000000
475  -27.038  -57.261  62.510 0.0000000000
671  -16.115  -66.448  53.391 0.0000000000
1238  -22.942  -63.523  52.601 0.0000000000
2069  -18.477  -62.503  61.810 0.0000000000
2070  -19.188  -65.071  57.730 0.0000000000
2071  -21.368  -62.131  61.368 0.0000000000
2072  -23.932  -59.861  59.512 0.0000000000
2318  -19.765  -65.192  53.219 0.0000000000
2591  -16.380  -66.949  56.375 0.0000000000
2592  -15.057  -65.743  60.741 0.0000000000
4547  -19.426  -60.465  62.177 0.0000000000
4548  -20.049  -62.530  61.753 0.0000000000
4549  -20.968  -60.630  62.903 0.0000000000
4550  -25.362  -58.094  63.398 0.0000000000
4551  -24.036  -59.791  61.997 0.0000000000
4552  -25.425  -58.543  61.020 0.0000000000
4553  -25.158  -58.538  58.667 0.0000000000
4680  -17.447  -61.034  61.419 0.0000000000
5152  -20.212  -63.752  56.773 0.0000000000
5153  -19.423  -65.374  55.302 0.0000000000
5154  -20.779  -64.264  54.668 0.0000000000
6835  -22.402  -61.403  55.053 0.0000000000
6836  -21.953  -63.144  53.969 0.0000000000
6837  -22.821  -62.215  52.980 0.0000000000
6838  -23.758  -62.666  51.621 0.0000000000
8777  -17.402  -64.920  60.822 0.0000000000
8778  -17.908  -66.117  58.618 0.0000000000
8779  -18.937  -64.560  60.382 0.0000000000
8780  -20.082  -63.741  59.606 0.0000000000
8781  -21.264  -62.406  58.945 0.0000000000
8782  -22.606  -60.580  62.772 0.0000000000
8783  -22.776  -61.180  60.547 0.0000000000
8784  -22.501  -61.208  57.949 0.0000000000
8785  -23.726  -59.972  56.969 0.0000000000
9512  -18.010  -66.242  55.911 0.0000000000
9513  -17.926  -65.812  53.306 0.0000000000
9515  -21.558  -64.642  53.079 0.0000000000
10269  -15.329  -67.071  58.554 0.0000000000
10270  -15.374  -67.169  57.093 0.0000000000
10271  -16.259  -66.950  57.855 0.0000000000
10272  -15.557  -66.359  60.042 0.0000000000
10273  -14.711  -66.889  59.404 0.0000000000
12227  -19.809  -59.520  62.225 0.0000000000
12228  -20.170  -60.580  62.599 0.0000000000
12229  -20.605  -59.597  62.885 0.0000000000
12230  -26.241  -57.694  62.940 0.0000000000
12231  -25.543  -58.519  62.272 0.0000000000
12232  -26.367  -57.981  61.778 0.0000000000
12233  -26.210  -58.018  60.563 0.0000000000
12234  -27.196  -57.461  61.405 0.0000000000
12360  -18.900  -59.779  61.616 0.0000000000
12832  -20.770  -63.079  56.441 0.0000000000
12833  -20.400  -64.012  55.645 0.0000000000
12834  -21.025  -63.374  55.283 0.0000000000
15232  -22.837  -60.877  54.671 0.0000000000
15233  -22.527  -61.858  53.915 0.0000000000
15234  -22.834  -61.396  53.498 0.0000000000
15236  -23.469  -62.006  51.630 0.0000000000
15237  -23.981  -62.173  51.035 0.0000000000
15238  -24.115  -62.771  51.050 0.0000000000
19397  -18.001  -63.707  61.401 0.0000000000
19398  -18.272  -64.725  60.623 0.0000000000
19399  -18.844  -63.608  61.242 0.0000000000
19400  -20.693  -62.420  61.628 0.0000000000
19401  -20.098  -63.336  60.839 0.0000000000
19402  -20.727  -62.949  60.560 0.0000000000
19403  -20.646  -63.078  59.319 0.0000000000
19404  -21.358  -62.418  60.211 0.0000000000
19406  -22.214  -59.605  63.535 0.0000000000
19407  -23.055  -59.587  63.425 0.0000000000
19408  -23.972  -59.816  60.787 0.0000000000
19409  -23.340  -60.464  61.235 0.0000000000
19410  -23.296  -60.582  59.967 0.0000000000
19411  -22.676  -61.281  59.263 0.0000000000
19412  -23.263  -60.620  58.735 0.0000000000
19413  -23.088  -60.535  57.392 0.0000000000
19414  -23.836  -59.898  58.280 0.0000000000
19797  -17.926  -61.736  61.813 0.0000000000
19798  -16.919  -62.107  61.694 0.0000000000
19799  -17.452  -62.982  61.641 0.0000000000
19800  -16.909  -64.193  61.348 0.0000000000
21217  -18.615  -65.660  58.179 0.0000000000
21218  -17.893  -66.275  57.233 0.0000000000
21219  -18.650  -65.804  56.838 0.0000000000
21220  -19.631  -65.340  54.156 0.0000000000
21221  -18.822  -65.725  54.411 0.0000000000
21222  -18.815  -65.449  53.272 0.0000000000
21223  -17.710  -65.478  52.249 0.0000000000
21224  -18.674  -65.215  52.242 0.0000000000
21225  -22.410  -63.391  53.198 0.0000000000
21226  -21.889  -63.954  53.533 0.0000000000
21227  -22.268  -64.076  52.934 0.0000000000
21229  -20.403  -64.574  50.744 0.0000000000
23097  -16.406  -66.723  54.905 0.0000000000
23098  -14.456  -65.053  61.244 0.0000000000
24116  -23.157  -60.718  53.213 0.0000000000
26615  -18.980  -61.457  62.025 0.0000000000
26616  -19.310  -62.553  61.769 0.0000000000
26617  -19.764  -61.576  62.187 0.0000000000
26618  -20.534  -61.572  62.326 0.0000000000
26619  -21.247  -61.523  62.352 0.0000000000
26621  -23.945  -59.350  63.161 0.0000000000
26622  -24.739  -59.026  62.752 0.0000000000
26623  -24.738  -59.189  61.528 0.0000000000
26624  -24.570  -59.153  60.190 0.0000000000
26625  -24.509  -59.185  59.066 0.0000000000
26626  -25.259  -58.588  59.792 0.0000000000
26627  -25.946  -57.936  59.430 0.0000000000
26854  -17.030  -60.326  60.647 0.0000000000
26855  -18.009  -60.058  61.060 0.0000000000
26856  -18.436  -60.722  61.788 0.0000000000
27706  -19.733  -64.466  57.232 0.0000000000
27707  -19.307  -65.298  56.437 0.0000000000
27708  -19.884  -64.720  56.042 0.0000000000
27709  -20.075  -64.848  54.963 0.0000000000
27710  -20.426  -64.936  54.005 0.0000000000
27711  -23.220  -63.691  51.873 0.0000000000
27712  -22.439  -64.165  52.047 0.0000000000
31309  -21.906  -61.934  55.556 0.0000000000
31310  -21.560  -62.841  54.862 0.0000000000
31311  -22.061  -62.338  54.377 0.0000000000
31312  -22.477  -62.670  53.520 0.0000000000
31313  -22.977  -62.957  52.745 0.0000000000
31314  -23.059  -61.731  52.450 0.0000000000
31315  -23.245  -62.513  52.165 0.0000000000
31316  -23.423  -63.100  52.124 0.0000000000
31317  -23.786  -63.196  51.524 0.0000000000
36581  -16.795  -65.929  60.132 0.0000000000
36582  -17.111  -66.569  58.894 0.0000000000
36583  -17.602  -65.782  59.899 0.0000000000
36584  -18.401  -65.482  59.597 0.0000000000
36585  -19.026  -65.031  59.123 0.0000000000
36586  -19.469  -63.517  61.081 0.0000000000
36587  -19.545  -64.257  59.990 0.0000000000
36588  -19.574  -64.435  58.698 0.0000000000
36589  -20.045  -63.797  58.288 0.0000000000
36590  -20.594  -63.128  57.843 0.0000000000
36591  -21.177  -62.461  57.462 0.0000000000
36592  -21.386  -59.575  63.345 0.0000000000
36593  -21.741  -60.630  62.917 0.0000000000
36594  -21.979  -61.396  62.047 0.0000000000
36595  -23.361  -60.277  62.434 0.0000000000
36596  -22.726  -61.064  61.668 0.0000000000
36597  -22.046  -61.744  60.943 0.0000000000
36598  -22.022  -61.841  59.759 0.0000000000
36599  -21.901  -61.832  58.437 0.0000000000
36600  -21.767  -61.827  57.012 0.0000000000
36601  -22.328  -61.214  56.521 0.0000000000
36602  -22.884  -60.658  56.060 0.0000000000
36603  -23.393  -60.026  55.651 0.0000000000
36604  -24.425  -59.259  57.828 0.0000000000
36605  -24.220  -59.325  56.635 0.0000000000
36627  -27.885  -56.833  62.120 0.0000000000
37066  -15.259  -63.839  61.532 0.0000000000
37067  -15.687  -64.649  61.328 0.0000000000
37068  -16.241  -65.348  60.808 0.0000000000
38774  -17.139  -66.716  57.600 0.0000000000
38775  -17.184  -66.623  56.110 0.0000000000
38776  -17.262  -66.414  54.789 0.0000000000
38777  -18.752  -65.852  55.626 0.0000000000
38778  -18.062  -66.103  54.645 0.0000000000
38779  -16.987  -66.109  53.374 0.0000000000
38780  -16.710  -65.702  52.126 0.0000000000
38783  -21.343  -63.670  54.316 0.0000000000
38784  -21.147  -64.460  53.856 0.0000000000
38785  -20.731  -65.016  53.140 0.0000000000
38786  -21.596  -64.655  52.075 0.0000000000
38787  -20.686  -64.969  52.047 0.0000000000
38788  -19.695  -65.084  52.195 0.0000000000
40989  -15.723  -66.922  58.894 0.0000000000
40990  -15.764  -67.014  58.210 0.0000000000
40991  -16.213  -66.882  58.565 0.0000000000
40992  -15.858  -66.623  59.640 0.0000000000
40993  -15.447  -66.811  59.356 0.0000000000
42947  -20.037  -59.073  62.206 0.0000000000
42948  -20.190  -59.596  62.566 0.0000000000
42949  -20.395  -59.069  62.586 0.0000000000
42950  -26.676  -57.444  62.722 0.0000000000
42951  -26.354  -57.868  62.391 0.0000000000
42952  -26.744  -57.632  62.150 0.0000000000
42953  -26.814  -57.732  61.573 0.0000000000
42954  -27.100  -57.424  61.947 0.0000000000
43080  -19.592  -59.198  61.860 0.0000000000
43552  -21.063  -62.810  56.212 0.0000000000
43553  -20.871  -63.207  55.863 0.0000000000
43554  -21.160  -62.934  55.634 0.0000000000
44252  -15.784  -66.629  53.759 0.0000000000
44256  -15.953  -66.279  52.704 0.0000000000
45952  -22.964  -60.596  54.471 0.0000000000
45953  -22.776  -61.152  54.059 0.0000000000
45954  -22.957  -60.840  53.896 0.0000000000
45955  -23.981  -61.610  50.753 0.0000000000
45956  -23.859  -61.864  51.059 0.0000000000
45957  -24.108  -61.923  50.738 0.0000000000
50117  -18.240  -63.093  61.622 0.0000000000
50118  -18.461  -63.672  61.330 0.0000000000
50119  -18.633  -63.101  61.561 0.0000000000
50120  -21.043  -62.304  61.517 0.0000000000
50121  -20.716  -62.738  61.139 0.0000000000
50122  -21.049  -62.549  60.973 0.0000000000
50123  -21.038  -62.698  60.387 0.0000000000
50124  -21.367  -62.330  60.775 0.0000000000
50126  -22.847  -59.064  63.770 0.0000000000
50127  -23.299  -59.112  63.715 0.0000000000
50128  -23.961  -59.829  60.146 0.0000000000
50129  -23.634  -60.177  60.383 0.0000000000
50130  -23.616  -60.223  59.739 0.0000000000
50131  -23.297  -60.606  59.363 0.0000000000
50132  -23.596  -60.239  59.142 0.0000000000
50133  -23.564  -60.277  58.533 0.0000000000
50134  -23.925  -59.931  58.910 0.0000000000
50516  -16.365  -60.131  60.187 0.0000000000
50517  -18.210  -62.109  61.855 0.0000000000
50518  -17.668  -62.338  61.741 0.0000000000
50519  -17.965  -62.710  61.739 0.0000000000
50520  -17.709  -63.358  61.556 0.0000000000
51937  -18.860  -65.362  57.978 0.0000000000
51938  -18.581  -65.718  57.533 0.0000000000
51939  -18.880  -65.463  57.327 0.0000000000
51940  -19.723  -65.283  53.665 0.0000000000
51941  -19.301  -65.461  53.719 0.0000000000
51942  -19.296  -65.321  53.223 0.0000000000
51943  -18.755  -65.307  52.760 0.0000000000
51944  -19.270  -65.195  52.776 0.0000000000
51945  -22.710  -63.471  52.876 0.0000000000
51946  -22.349  -63.736  53.081 0.0000000000
51947  -22.593  -63.787  52.769 0.0000000000
53852  -15.875  -67.075  56.740 0.0000000000
53853  -15.439  -67.165  56.339 0.0000000000
53854  -15.937  -67.027  56.008 0.0000000000
53855  -15.929  -66.875  55.238 0.0000000000
53856  -16.411  -66.860  55.628 0.0000000000
53857  -14.739  -65.430  61.012 0.0000000000
53858  -14.266  -65.735  60.777 0.0000000000
53859  -14.638  -66.008  60.517 0.0000000000
53860  -14.577  -67.205  58.643 0.0000000000
53861  -14.263  -67.074  59.040 0.0000000000
59717  -19.218  -60.963  62.104 0.0000000000
59718  -19.416  -61.509  62.076 0.0000000000
59719  -19.622  -61.033  62.226 0.0000000000
59720  -20.544  -60.589  62.804 0.0000000000
59721  -20.370  -61.090  62.544 0.0000000000
59722  -20.751  -61.106  62.614 0.0000000000
59723  -20.884  -61.563  62.341 0.0000000000
59724  -21.134  -61.118  62.640 0.0000000000
59725  -24.902  -58.258  63.592 0.0000000000
59726  -24.641  -58.738  63.297 0.0000000000
59727  -25.070  -58.565  63.085 0.0000000000
59728  -25.498  -58.588  61.670 0.0000000000
59729  -25.161  -58.857  61.909 0.0000000000
59730  -25.079  -58.844  61.256 0.0000000000
59731  -24.655  -59.153  60.860 0.0000000000
59732  -25.005  -58.823  60.614 0.0000000000
59733  -24.944  -58.831  59.988 0.0000000000
59734  -25.370  -58.537  60.414 0.0000000000
59735  -26.561  -57.730  60.400 0.0000000000
59736  -26.003  -57.984  59.966 0.0000000000
59737  -26.441  -57.656  59.827 0.0000000000
60117  -19.147  -60.084  61.958 0.0000000000
60118  -18.661  -60.213  61.740 0.0000000000
60119  -18.931  -60.588  61.981 0.0000000000
60120  -18.700  -61.095  61.969 0.0000000000
61537  -19.966  -64.089  57.003 0.0000000000
61538  -19.770  -64.610  56.602 0.0000000000
61539  -20.033  -64.237  56.404 0.0000000000
61540  -20.605  -64.154  55.133 0.0000000000
61541  -20.226  -64.490  55.294 0.0000000000
61542  -20.428  -64.565  54.811 0.0000000000
61543  -20.241  -64.878  54.469 0.0000000000
61544  -20.629  -64.625  54.380 0.0000000000
61545  -23.236  -63.694  51.383 0.0000000000
61546  -22.861  -63.925  51.457 0.0000000000
61547  -22.752  -63.732  50.800 0.0000000000
68737  -22.153  -61.643  55.279 0.0000000000
68738  -21.949  -62.127  54.933 0.0000000000
68739  -22.198  -61.887  54.681 0.0000000000
68740  -22.626  -62.038  53.402 0.0000000000
68741  -22.500  -62.305  53.682 0.0000000000
68742  -22.654  -62.459  53.263 0.0000000000
68743  -22.660  -62.786  53.116 0.0000000000
68744  -22.891  -62.641  52.836 0.0000000000
68745  -23.230  -60.996  52.596 0.0000000000
68746  -23.059  -61.310  52.752 0.0000000000
68748  -23.623  -62.323  51.612 0.0000000000
68749  -23.413  -62.227  51.922 0.0000000000
68750  -23.518  -62.595  51.887 0.0000000000
68751  -23.353  -62.869  52.183 0.0000000000
68752  -23.586  -62.905  51.885 0.0000000000
68753  -23.612  -63.132  51.813 0.0000000000
68754  -23.821  -62.972  51.637 0.0000000000
68755  -24.258  -62.878  50.705 0.0000000000
68756  -24.069  -63.067  50.902 0.0000000000
68757  -24.184  -63.142  50.529 0.0000000000
81227  -17.066  -65.464  60.504 0.0000000000
81228  -17.219  -65.900  60.017 0.0000000000
81229  -17.519  -65.410  60.408 0.0000000000
81230  -18.634  -64.641  60.526 0.0000000000
81231  -18.329  -65.149  60.165 0.0000000000
81232  -18.661  -65.035  60.002 0.0000000000
81233  -18.715  -65.292  59.367 0.0000000000
81234  -18.961  -64.890  59.813 0.0000000000
81235  -19.675  -62.556  61.770 0.0000000000
81236  -19.412  -63.051  61.487 0.0000000000
81237  -19.761  -63.018  61.427 0.0000000000
81238  -20.071  -63.613  60.252 0.0000000000
81239  -19.819  -63.805  60.415 0.0000000000
81240  -19.776  -64.050  59.786 0.0000000000
81241  -19.526  -64.399  59.381 0.0000000000
81242  -19.811  -64.100  59.145 0.0000000000
81243  -19.826  -64.122  58.467 0.0000000000
81244  -20.080  -63.773  58.967 0.0000000000
81245  -20.902  -62.745  59.119 0.0000000000
81246  -20.557  -63.101  58.603 0.0000000000
81247  -20.887  -62.791  58.390 0.0000000000
81248  -20.887  -62.797  57.653 0.0000000000
81249  -21.212  -62.458  58.197 0.0000000000
81251  -21.188  -58.985  63.295 0.0000000000
81253  -22.381  -60.172  63.177 0.0000000000
81254  -21.980  -60.138  63.226 0.0000000000
81255  -22.139  -60.655  62.850 0.0000000000
81256  -21.882  -61.057  62.557 0.0000000000
81257  -22.292  -61.018  62.407 0.0000000000
81258  -24.041  -59.639  62.602 0.0000000000
81259  -23.685  -59.830  62.813 0.0000000000
81260  -23.722  -60.034  62.236 0.0000000000
81261  -23.051  -60.824  60.889 0.0000000000
81262  -23.027  -60.784  61.442 0.0000000000
81263  -22.737  -61.146  61.102 0.0000000000
81264  -22.390  -61.391  61.334 0.0000000000
81265  -22.421  -61.484  60.753 0.0000000000
81266  -22.079  -61.791  60.393 0.0000000000
81267  -22.387  -61.517  60.163 0.0000000000
81268  -22.607  -61.249  58.616 0.0000000000
81269  -22.333  -61.537  58.864 0.0000000000
81270  -22.191  -61.538  58.183 0.0000000000
81271  -21.793  -61.843  57.719 0.0000000000
81272  -22.072  -61.489  57.488 0.0000000000
81273  -22.034  -61.522  56.763 0.0000000000
81274  -22.364  -61.168  57.232 0.0000000000
81275  -23.418  -60.237  57.168 0.0000000000
81276  -23.006  -60.579  56.733 0.0000000000
81277  -23.324  -60.306  56.524 0.0000000000
81278  -23.144  -60.339  55.835 0.0000000000
81279  -23.595  -59.962  56.310 0.0000000000
81280  -24.815  -58.866  58.828 0.0000000000
81281  -24.464  -59.206  58.445 0.0000000000
81282  -24.790  -58.884  58.259 0.0000000000
81284  -24.626  -58.959  57.094 0.0000000000
82427  -17.256  -60.672  61.067 0.0000000000
82428  -16.813  -60.848  60.957 0.0000000000
82429  -16.983  -61.196  61.306 0.0000000000
82430  -16.683  -62.789  61.681 0.0000000000
82435  -15.480  -64.245  61.442 0.0000000000
82436  -16.096  -64.009  61.508 0.0000000000
82437  -17.134  -64.597  61.070 0.0000000000
82438  -16.575  -64.802  61.084 0.0000000000
82439  -16.808  -65.166  60.798 0.0000000000
82440  -16.517  -65.644  60.480 0.0000000000
86692  -17.542  -66.326  58.776 0.0000000000
86693  -17.158  -66.650  58.271 0.0000000000
86694  -17.597  -66.429  58.165 0.0000000000
86695  -17.966  -66.286  56.538 0.0000000000
86696  -17.536  -66.496  56.688 0.0000000000
86697  -17.604  -66.444  56.038 0.0000000000
86698  -17.261  -66.527  55.458 0.0000000000
86699  -17.676  -66.354  55.411 0.0000000000
86700  -19.369  -65.368  55.850 0.0000000000
86701  -19.048  -65.593  56.076 0.0000000000
86702  -19.095  -65.616  55.496 0.0000000000
86703  -18.386  -65.780  53.894 0.0000000000
86704  -18.415  -65.923  54.533 0.0000000000
86705  -17.978  -65.945  53.964 0.0000000000
86706  -17.559  -66.095  54.007 0.0000000000
86707  -17.443  -65.915  53.330 0.0000000000
86708  -16.818  -65.920  52.772 0.0000000000
86709  -17.329  -65.731  52.742 0.0000000000
86710  -17.583  -65.277  51.627 0.0000000000
86711  -17.078  -65.384  51.557 0.0000000000
86715  -21.780  -63.006  54.365 0.0000000000
86716  -21.441  -63.312  54.580 0.0000000000
86717  -21.649  -63.400  54.175 0.0000000000
86718  -21.771  -64.295  53.389 0.0000000000
86719  -21.500  -64.167  53.678 0.0000000000
86720  -21.401  -64.574  53.490 0.0000000000
86721  -20.982  -64.805  53.550 0.0000000000
86722  -21.153  -64.850  53.123 0.0000000000
86723  -21.952  -64.383  51.475 0.0000000000
86724  -22.016  -64.428  52.064 0.0000000000
86725  -21.502  -64.528  51.446 0.0000000000
86727  -20.543  -64.821  51.426 0.0000000000
86728  -19.963  -64.926  51.408 0.0000000000
86729  -20.187  -65.041  52.096 0.0000000000
86730  -19.514  -64.994  51.565 0.0000000000
92215  -15.348  -67.123  57.817 0.0000000000
92216  -15.786  -67.072  57.467 0.0000000000
92217  -16.351  -66.999  57.123 0.0000000000
92218  -15.323  -66.052  60.415 0.0000000000
92219  -14.869  -66.337  60.142 0.0000000000
92220  -15.138  -66.612  59.750 0.0000000000
92221  -15.048  -67.025  59.028 0.0000000000
95735  -19.597  -59.952  62.240 0.0000000000
95736  -19.799  -60.547  62.372 0.0000000000
95737  -19.974  -60.073  62.497 0.0000000000
95738  -20.387  -60.088  62.762 0.0000000000
95739  -20.755  -60.094  62.985 0.0000000000
95740  -25.820  -57.871  63.195 0.0000000000
95741  -25.556  -58.333  62.923 0.0000000000
95742  -25.906  -58.145  62.611 0.0000000000
95743  -25.951  -58.255  62.033 0.0000000000
95744  -25.847  -58.286  61.412 0.0000000000
95745  -25.802  -58.271  60.790 0.0000000000
95746  -26.277  -58.007  61.171 0.0000000000
95747  -26.721  -57.743  60.985 0.0000000000
95748  -27.117  -57.443  60.832 0.0000000000
95975  -19.142  -59.339  61.523 0.0000000000
95976  -19.361  -59.617  61.918 0.0000000000
96826  -20.481  -63.408  56.589 0.0000000000
96827  -20.255  -63.879  56.163 0.0000000000
96828  -20.570  -63.519  56.042 0.0000000000
96829  -20.737  -63.682  55.478 0.0000000000
96830  -20.891  -63.822  54.974 0.0000000000
101146  -22.642  -61.140  54.858 0.0000000000
101147  -22.457  -61.645  54.480 0.0000000000
101148  -22.653  -61.382  54.267 0.0000000000
101149  -22.691  -61.625  53.693 0.0000000000
101150  -22.834  -61.858  53.170 0.0000000000
101153  -23.576  -61.750  51.401 0.0000000000
101154  -23.716  -62.093  51.326 0.0000000000
101155  -23.838  -62.360  51.359 0.0000000000
101156  -23.973  -62.712  51.389 0.0000000000
101157  -24.083  -62.453  51.095 0.0000000000
108641  -17.720  -64.329  61.121 0.0000000000
108642  -17.886  -64.832  60.780 0.0000000000
108643  -18.204  -64.248  61.075 0.0000000000
108644  -18.603  -64.159  60.931 0.0000000000
108645  -18.953  -64.112  60.864 0.0000000000
108646  -20.384  -62.472  61.696 0.0000000000
108647  -20.103  -62.954  61.353 0.0000000000
108648  -20.386  -62.852  61.245 0.0000000000
108649  -20.383  -63.180  60.703 0.0000000000
108650  -20.400  -63.332  60.123 0.0000000000
108651  -20.386  -63.402  59.472 0.0000000000
108652  -20.717  -63.033  59.966 0.0000000000
108653  -20.995  -62.740  59.772 0.0000000000
108654  -21.317  -62.434  59.588 0.0000000000
108658  -22.614  -59.630  63.506 0.0000000000
108659  -22.831  -60.077  63.110 0.0000000000
108660  -23.978  -59.843  61.393 0.0000000000
108661  -23.710  -60.098  61.627 0.0000000000
108662  -23.643  -60.166  60.988 0.0000000000
108663  -23.317  -60.521  60.602 0.0000000000
108664  -23.008  -60.906  60.257 0.0000000000
108665  -22.677  -61.260  59.876 0.0000000000
108666  -22.990  -60.952  59.618 0.0000000000
108667  -23.010  -60.964  59.033 0.0000000000
108668  -22.895  -60.928  58.356 0.0000000000
108669  -22.768  -60.873  57.657 0.0000000000
108670  -23.176  -60.588  58.105 0.0000000000
108671  -23.477  -60.246  57.845 0.0000000000
108672  -23.790  -59.939  57.610 0.0000000000
108673  -25.495  -58.212  58.533 0.0000000000
108674  -25.115  -58.556  58.127 0.0000000000
109361  -17.673  -61.417  61.714 0.0000000000
109362  -17.173  -61.549  61.575 0.0000000000
109363  -17.397  -61.941  61.780 0.0000000000
109364  -17.177  -62.517  61.754 0.0000000000
109365  -17.003  -63.148  61.639 0.0000000000
109366  -16.708  -63.783  61.525 0.0000000000
109367  -17.209  -63.606  61.515 0.0000000000
109368  -17.435  -63.987  61.327 0.0000000000
111919  -18.272  -65.909  58.443 0.0000000000
111920  -17.886  -66.254  57.966 0.0000000000
111921  -18.236  -65.973  57.752 0.0000000000
111922  -18.271  -66.004  57.057 0.0000000000
111923  -18.333  -66.067  56.325 0.0000000000
111924  -19.518  -65.351  54.725 0.0000000000
111925  -19.174  -65.564  54.874 0.0000000000
111926  -19.237  -65.514  54.282 0.0000000000
111927  -18.820  -65.636  53.817 0.0000000000
111928  -18.365  -65.602  53.313 0.0000000000
111929  -17.824  -65.604  52.766 0.0000000000
111930  -18.288  -65.460  52.795 0.0000000000
111931  -18.197  -65.364  52.276 0.0000000000
111933  -22.172  -63.298  53.533 0.0000000000
111934  -21.896  -63.535  53.806 0.0000000000
111935  -22.159  -63.686  53.392 0.0000000000
111936  -22.109  -64.033  53.276 0.0000000000
111937  -21.942  -64.365  53.049 0.0000000000
115335  -16.302  -66.573  54.158 0.0000000000
115336  -14.198  -64.622  61.402 0.0000000000
115338  -13.972  -65.342  61.023 0.0000000000
117710  -23.138  -60.505  53.758 0.0000000000
117711  -23.287  -60.186  53.629 0.0000000000
117712  -23.288  -60.436  53.012 0.0000000000
123539  -18.722  -61.953  61.954 0.0000000000
123540  -18.874  -62.556  61.791 0.0000000000
123541  -19.138  -62.027  61.962 0.0000000000
123542  -19.548  -62.065  61.979 0.0000000000
123543  -19.943  -62.069  62.055 0.0000000000
123544  -19.953  -61.083  62.395 0.0000000000
123545  -20.171  -61.579  62.306 0.0000000000
123546  -20.315  -62.029  62.054 0.0000000000
123547  -20.645  -62.000  62.021 0.0000000000
123548  -20.981  -61.971  62.003 0.0000000000
123549  -21.336  -61.901  61.868 0.0000000000
123551  -23.769  -58.975  63.625 0.0000000000
123552  -24.229  -58.859  63.488 0.0000000000
123553  -24.336  -59.218  62.982 0.0000000000
123554  -24.379  -59.436  62.380 0.0000000000
123555  -25.179  -58.750  62.496 0.0000000000
123556  -24.767  -59.163  62.104 0.0000000000
123557  -24.358  -59.541  61.754 0.0000000000
123558  -24.341  -59.487  61.169 0.0000000000
123559  -24.266  -59.484  60.494 0.0000000000
123560  -24.252  -59.494  59.865 0.0000000000
123561  -24.201  -59.514  59.314 0.0000000000
123562  -24.546  -59.156  59.649 0.0000000000
123563  -24.859  -58.884  59.418 0.0000000000
123564  -25.197  -58.568  59.185 0.0000000000
123565  -25.718  -58.286  60.181 0.0000000000
123566  -25.581  -58.273  59.565 0.0000000000
123567  -25.529  -58.229  59.034 0.0000000000
124096  -16.785  -59.988  60.237 0.0000000000
124099  -17.755  -60.527  61.251 0.0000000000
124100  -18.460  -59.927  61.365 0.0000000000
124101  -18.208  -60.397  61.481 0.0000000000
124102  -17.942  -60.884  61.593 0.0000000000
124103  -18.186  -61.223  61.816 0.0000000000
124104  -18.456  -61.575  61.930 0.0000000000
126088  -19.488  -64.785  57.450 0.0000000000
126089  -19.246  -65.195  57.091 0.0000000000
126090  -19.503  -64.933  56.820 0.0000000000
126091  -19.583  -65.046  56.215 0.0000000000
126092  -19.701  -65.111  55.679 0.0000000000
126093  -20.110  -64.366  55.834 0.0000000000
126094  -19.997  -64.815  55.507 0.0000000000
126095  -19.765  -65.118  55.146 0.0000000000
126096  -19.873  -65.125  54.597 0.0000000000
126097  -20.030  -65.152  54.083 0.0000000000
126098  -20.148  -65.126  53.622 0.0000000000
126099  -23.094  -63.603  52.262 0.0000000000
126100  -22.766  -63.841  52.449 0.0000000000
126101  -22.855  -63.886  52.026 0.0000000000
126102  -22.454  -64.164  51.488 0.0000000000
133170  -25.598  -57.602  63.673 0.0000000000
135451  -21.620  -62.221  55.790 0.0000000000
135452  -21.414  -62.660  55.406 0.0000000000
135453  -21.719  -62.387  55.199 0.0000000000
135454  -21.825  -62.580  54.632 0.0000000000
135455  -22.006  -62.749  54.177 0.0000000000
135456  -22.355  -62.138  54.155 0.0000000000
135457  -22.270  -62.525  53.942 0.0000000000
135458  -22.212  -62.906  53.739 0.0000000000
135459  -22.410  -62.999  53.335 0.0000000000
135460  -22.728  -63.102  52.991 0.0000000000
135461  -23.044  -63.241  52.662 0.0000000000
135462  -22.987  -61.082  53.312 0.0000000000
135463  -22.925  -61.603  52.940 0.0000000000
135464  -22.976  -61.978  52.709 0.0000000000
135465  -23.237  -61.848  52.024 0.0000000000
135466  -23.155  -62.110  52.280 0.0000000000
135467  -23.026  -62.375  52.541 0.0000000000
135468  -23.119  -62.769  52.452 0.0000000000
135469  -23.285  -63.043  52.446 0.0000000000
135470  -23.232  -63.302  52.368 0.0000000000
135471  -23.385  -63.377  52.037 0.0000000000
135472  -23.560  -63.426  51.740 0.0000000000
135473  -23.606  -63.460  51.299 0.0000000000
135474  -23.960  -63.011  51.293 0.0000000000
135475  -23.863  -63.252  51.075 0.0000000000
150713  -16.488  -66.376  59.694 0.0000000000
150714  -16.674  -66.683  59.092 0.0000000000
150715  -16.937  -66.328  59.582 0.0000000000
150716  -17.313  -66.228  59.461 0.0000000000
150717  -17.722  -66.026  59.282 0.0000000000
150718  -17.925  -65.282  60.279 0.0000000000
150719  -18.034  -65.621  59.767 0.0000000000
150720  -18.138  -65.822  59.118 0.0000000000
150721  -18.495  -65.625  58.914 0.0000000000
150722  -18.808  -65.345  58.644 0.0000000000
150723  -19.114  -65.047  58.456 0.0000000000
150724  -19.042  -63.066  61.544 0.0000000000
150725  -19.175  -63.570  61.186 0.0000000000
150726  -19.215  -64.056  60.741 0.0000000000
150727  -19.781  -63.436  60.965 0.0000000000
150728  -19.487  -63.955  60.580 0.0000000000
150729  -19.213  -64.448  60.193 0.0000000000
150730  -19.271  -64.691  59.590 0.0000000000
150731  -19.308  -64.732  58.937 0.0000000000
150732  -19.390  -64.761  58.194 0.0000000000
150733  -19.644  -64.458  57.938 0.0000000000
150734  -19.867  -64.133  57.751 0.0000000000
150735  -20.126  -63.790  57.552 0.0000000000
150736  -20.314  -63.430  58.852 0.0000000000
150737  -20.323  -63.455  58.084 0.0000000000
150738  -20.380  -63.431  57.318 0.0000000000
150739  -20.641  -63.086  57.098 0.0000000000
150740  -20.927  -62.779  56.919 0.0000000000
150741  -21.216  -62.516  56.672 0.0000000000
150742  -20.820  -59.065  62.959 0.0000000000
150743  -20.975  -59.558  63.146 0.0000000000
150744  -21.167  -60.116  63.124 0.0000000000
150745  -21.810  -59.594  63.480 0.0000000000
150746  -21.572  -60.122  63.210 0.0000000000
150747  -21.367  -60.642  62.927 0.0000000000
150748  -21.495  -61.107  62.608 0.0000000000
150749  -21.618  -61.488  62.213 0.0000000000
150750  -21.668  -61.760  61.696 0.0000000000
150751  -23.522  -59.480  63.329 0.0000000000
150752  -23.269  -59.980  62.995 0.0000000000
150753  -22.983  -60.468  62.601 0.0000000000
150754  -23.384  -60.417  61.856 0.0000000000
150755  -23.045  -60.685  62.049 0.0000000000
150756  -22.693  -60.886  62.240 0.0000000000
150757  -22.373  -61.259  61.883 0.0000000000
150758  -22.020  -61.583  61.528 0.0000000000
150759  -21.693  -61.960  61.146 0.0000000000
150760  -21.702  -62.097  60.552 0.0000000000
150761  -21.731  -62.123  60.013 0.0000000000
150762  -21.656  -62.138  59.360 0.0000000000
150763  -22.351  -61.561  59.501 0.0000000000
150764  -22.014  -61.833  59.114 0.0000000000
150765  -21.589  -62.119  58.695 0.0000000000
150766  -21.504  -62.145  57.971 0.0000000000
150767  -21.446  -62.210  57.156 0.0000000000
150768  -21.514  -62.178  56.510 0.0000000000
150769  -21.785  -61.876  56.285 0.0000000000
150770  -22.042  -61.591  56.008 0.0000000000
150771  -22.373  -61.247  55.808 0.0000000000
150772  -22.677  -60.868  56.979 0.0000000000
150773  -22.628  -60.930  56.289 0.0000000000
150774  -22.580  -61.016  55.528 0.0000000000
150775  -22.852  -60.738  55.344 0.0000000000
150776  -23.069  -60.437  55.163 0.0000000000
150777  -23.253  -60.135  54.997 0.0000000000
150778  -24.172  -59.529  58.696 0.0000000000
150779  -24.127  -59.565  58.045 0.0000000000
150780  -24.087  -59.648  57.407 0.0000000000
150781  -24.731  -58.928  57.673 0.0000000000
150782  -24.337  -59.306  57.224 0.0000000000
150783  -23.971  -59.637  56.770 0.0000000000
150784  -23.794  -59.679  56.130 0.0000000000
150785  -23.616  -59.733  55.507 0.0000000000
150848  -27.750  -56.655  62.662 0.0000000000
150849  -27.404  -57.070  62.304 0.0000000000
150850  -27.504  -57.188  61.758 0.0000000000
152155  -14.394  -63.595  61.483 0.0000000000
152156  -16.587  -60.504  60.505 0.0000000000
152163  -15.001  -63.418  61.544 0.0000000000
152164  -14.584  -64.049  61.528 0.0000000000
152165  -14.861  -64.449  61.394 0.0000000000
152166  -15.088  -64.861  61.255 0.0000000000
152167  -15.353  -65.225  61.086 0.0000000000
152168  -16.335  -64.399  61.366 0.0000000000
152169  -15.954  -64.989  61.157 0.0000000000
152170  -15.662  -65.547  60.852 0.0000000000
152171  -15.909  -65.849  60.499 0.0000000000
152172  -16.207  -66.125  60.095 0.0000000000
157280  -16.702  -66.783  58.423 0.0000000000
157281  -16.756  -66.839  57.761 0.0000000000
157282  -16.752  -66.839  56.977 0.0000000000
157283  -17.524  -66.504  57.421 0.0000000000
157284  -17.135  -66.675  56.824 0.0000000000
157285  -16.756  -66.773  56.203 0.0000000000
157286  -16.842  -66.700  55.533 0.0000000000
157287  -16.819  -66.560  54.827 0.0000000000
157288  -16.713  -66.424  54.095 0.0000000000
157289  -18.993  -65.554  56.652 0.0000000000
157290  -18.690  -65.838  56.165 0.0000000000
157291  -18.382  -66.048  55.688 0.0000000000
157292  -18.818  -65.854  55.036 0.0000000000
157293  -18.444  -66.035  55.151 0.0000000000
157294  -18.057  -66.186  55.279 0.0000000000
157295  -17.702  -66.265  54.744 0.0000000000
157296  -17.115  -66.286  54.049 0.0000000000
157297  -16.568  -66.309  53.408 0.0000000000
157298  -16.426  -66.131  52.761 0.0000000000
157301  -17.205  -65.537  52.134 0.0000000000
157307  -21.278  -63.116  55.081 0.0000000000
157308  -21.165  -63.543  54.780 0.0000000000
157309  -21.048  -63.938  54.520 0.0000000000
157310  -21.576  -63.787  53.914 0.0000000000
157311  -21.259  -64.057  54.085 0.0000000000
157312  -20.950  -64.348  54.257 0.0000000000
157313  -20.801  -64.707  53.943 0.0000000000
157314  -20.587  -64.977  53.554 0.0000000000
157315  -20.261  -65.128  53.171 0.0000000000
157316  -22.415  -64.142  52.542 0.0000000000
157317  -22.087  -64.431  52.657 0.0000000000
157318  -21.645  -64.672  52.649 0.0000000000
157319  -21.041  -64.671  51.427 0.0000000000
157320  -21.175  -64.831  52.076 0.0000000000
157321  -21.201  -64.862  52.628 0.0000000000
157322  -20.747  -65.012  52.617 0.0000000000
157323  -20.284  -65.091  52.683 0.0000000000
157324  -19.788  -65.131  52.747 0.0000000000
157325  -19.169  -65.105  52.225 0.0000000000
