#!ascii label  , from subject fsaverage vox2ras=TkReg
727
265  -39.025  44.027  4.493 0.0000000000
387  -33.555  50.683  4.499 0.0000000000
394  -37.308  45.252  12.834 0.0000000000
885  -31.693  48.389  7.307 0.0000000000
887  -26.347  47.281  5.638 0.0000000000
898  -36.577  49.469  9.206 0.0000000000
1863  -36.756  52.629  1.520 0.0000000000
1879  -37.123  40.825  16.174 0.0000000000
1880  -36.208  40.707  11.827 0.0000000000
1881  -38.102  44.979  8.417 0.0000000000
1882  -38.918  49.581  5.644 0.0000000000
2806  -29.101  47.451  6.372 0.0000000000
3675  -38.666  42.340  6.117 0.0000000000
4095  -34.956  52.311  3.435 0.0000000000
4097  -32.701  50.888  2.219 0.0000000000
4128  -36.931  45.364  15.177 0.0000000000
4129  -36.792  43.061  16.770 0.0000000000
4130  -35.887  42.574  14.295 0.0000000000
4131  -36.202  40.686  13.971 0.0000000000
4132  -36.155  42.611  11.956 0.0000000000
4133  -37.059  42.597  9.960 0.0000000000
4134  -37.696  45.263  10.563 0.0000000000
4135  -35.032  49.472  6.422 0.0000000000
4136  -37.751  49.781  7.436 0.0000000000
4137  -36.348  50.853  5.125 0.0000000000
4138  -37.575  51.123  3.659 0.0000000000
6201  -32.451  49.177  5.585 0.0000000000
6202  -31.193  49.733  3.608 0.0000000000
6203  -30.032  48.816  5.108 0.0000000000
6223  -37.548  48.385  13.660 0.0000000000
6224  -38.238  48.309  11.197 0.0000000000
6225  -35.773  49.958  11.265 0.0000000000
6226  -33.957  48.942  8.460 0.0000000000
8216  -30.305  48.926  0.898 0.0000000000
8249  -35.722  36.032  14.990 0.0000000000
8253  -37.689  43.802  18.883 0.0000000000
8257  -36.465  38.466  14.240 0.0000000000
8258  -35.360  38.354  11.743 0.0000000000
8259  -36.528  40.487  9.507 0.0000000000
8260  -37.977  42.656  7.838 0.0000000000
8261  -39.050  44.628  6.500 0.0000000000
8262  -38.292  47.541  9.229 0.0000000000
8263  -38.909  47.241  7.210 0.0000000000
8264  -39.364  46.383  4.850 0.0000000000
8265  -38.558  48.105  3.301 0.0000000000
8266  -37.739  49.718  1.523 0.0000000000
11355  -39.259  43.275  5.340 0.0000000000
11775  -34.231  51.520  4.050 0.0000000000
11776  -33.716  51.813  2.902 0.0000000000
11777  -33.055  51.109  3.596 0.0000000000
11808  -37.110  45.240  14.015 0.0000000000
11809  -36.336  43.933  14.646 0.0000000000
11810  -36.380  43.866  13.484 0.0000000000
11811  -35.940  42.509  13.063 0.0000000000
11812  -36.610  43.926  12.319 0.0000000000
11813  -36.933  43.880  11.247 0.0000000000
11814  -37.497  45.334  11.738 0.0000000000
11815  -34.241  49.896  5.253 0.0000000000
11816  -35.684  50.189  5.747 0.0000000000
11817  -34.868  50.756  4.762 0.0000000000
11818  -35.548  51.501  4.278 0.0000000000
14175  -32.069  48.719  6.385 0.0000000000
14176  -31.133  49.119  5.427 0.0000000000
14177  -30.806  48.393  6.019 0.0000000000
14178  -27.768  47.130  6.035 0.0000000000
14179  -28.303  47.843  5.436 0.0000000000
14213  -36.833  49.807  12.565 0.0000000000
14214  -35.315  50.133  12.388 0.0000000000
14216  -33.518  49.048  9.537 0.0000000000
14217  -32.868  48.718  7.973 0.0000000000
14218  -33.270  48.838  6.915 0.0000000000
18045  -37.076  52.015  0.316 0.0000000000
18053  -30.176  48.794  2.934 0.0000000000
18054  -30.901  49.232  2.166 0.0000000000
18146  -36.846  41.868  16.452 0.0000000000
18147  -37.593  42.224  17.527 0.0000000000
18152  -37.474  39.714  16.074 0.0000000000
18153  -36.039  40.644  12.928 0.0000000000
18154  -36.451  39.738  13.983 0.0000000000
18155  -36.113  39.725  12.969 0.0000000000
18156  -35.801  38.456  13.071 0.0000000000
18157  -35.953  39.646  11.767 0.0000000000
18158  -35.819  39.447  10.484 0.0000000000
18159  -36.337  40.572  10.684 0.0000000000
18160  -37.619  43.792  9.074 0.0000000000
18161  -37.482  42.630  8.936 0.0000000000
18162  -38.108  43.759  8.085 0.0000000000
18163  -38.670  43.642  7.186 0.0000000000
18164  -38.526  44.850  7.404 0.0000000000
18165  -37.377  49.077  10.349 0.0000000000
18166  -38.355  47.894  10.162 0.0000000000
18167  -37.651  48.781  9.382 0.0000000000
18168  -38.537  49.980  6.616 0.0000000000
18169  -38.669  48.716  7.576 0.0000000000
18170  -39.198  48.390  6.474 0.0000000000
18171  -39.281  46.866  6.103 0.0000000000
18172  -39.339  47.888  5.314 0.0000000000
18173  -38.984  47.162  4.165 0.0000000000
18174  -38.890  48.885  4.470 0.0000000000
18175  -37.107  51.910  2.690 0.0000000000
18176  -37.777  50.477  2.629 0.0000000000
18177  -37.526  51.295  1.589 0.0000000000
18178  -37.505  50.615  0.414 0.0000000000
23481  -31.354  47.918  8.205 0.0000000000
23482  -30.424  47.858  6.836 0.0000000000
23484  -28.695  46.708  7.141 0.0000000000
23485  -27.264  46.540  6.767 0.0000000000
23504  -34.023  49.637  12.110 0.0000000000
25803  -35.912  52.826  2.570 0.0000000000
25804  -35.475  52.968  1.266 0.0000000000
25805  -34.605  52.508  2.224 0.0000000000
25807  -32.396  50.761  0.886 0.0000000000
25862  -36.848  45.493  16.147 0.0000000000
25863  -36.874  44.237  16.918 0.0000000000
25864  -36.554  44.060  15.821 0.0000000000
25865  -36.235  42.807  15.614 0.0000000000
25866  -36.156  41.613  15.346 0.0000000000
25867  -36.485  40.652  15.076 0.0000000000
25868  -35.893  41.507  14.132 0.0000000000
25869  -35.904  41.486  12.887 0.0000000000
25870  -36.108  41.514  11.759 0.0000000000
25871  -36.527  41.529  10.831 0.0000000000
25872  -36.599  42.564  10.928 0.0000000000
25873  -37.200  43.848  10.135 0.0000000000
25874  -37.832  45.093  9.411 0.0000000000
25875  -35.749  49.397  7.821 0.0000000000
25876  -37.106  49.535  8.326 0.0000000000
25877  -36.391  49.954  7.030 0.0000000000
25878  -37.154  50.428  6.316 0.0000000000
25879  -37.763  50.609  5.629 0.0000000000
25880  -38.284  50.496  4.705 0.0000000000
25881  -37.009  51.248  4.529 0.0000000000
25882  -36.273  52.072  3.627 0.0000000000
29241  -38.598  44.637  3.819 0.0000000000
29829  -32.968  49.874  4.994 0.0000000000
29830  -32.279  50.441  4.195 0.0000000000
29831  -31.634  49.747  4.835 0.0000000000
29832  -30.527  49.282  4.438 0.0000000000
29833  -29.531  48.624  3.830 0.0000000000
29834  -29.572  48.139  5.759 0.0000000000
29835  -29.024  48.386  4.724 0.0000000000
29836  -28.321  48.057  3.312 0.0000000000
29879  -37.110  46.854  15.587 0.0000000000
29880  -37.347  46.766  14.493 0.0000000000
29881  -37.812  46.714  13.364 0.0000000000
29882  -38.239  46.781  12.196 0.0000000000
29883  -37.960  48.365  12.416 0.0000000000
29884  -37.171  49.534  11.394 0.0000000000
29885  -36.192  49.617  10.221 0.0000000000
29886  -34.307  49.613  11.052 0.0000000000
29887  -34.782  49.444  9.979 0.0000000000
29888  -35.248  49.240  8.867 0.0000000000
29889  -34.471  49.024  7.355 0.0000000000
29890  -33.734  49.188  5.904 0.0000000000
34946  -31.961  50.291  2.928 0.0000000000
34947  -31.641  49.847  1.490 0.0000000000
35058  -37.306  43.435  17.790 0.0000000000
35059  -38.204  42.746  18.625 0.0000000000
35067  -37.026  39.730  14.905 0.0000000000
35068  -36.998  38.484  15.273 0.0000000000
35070  -36.043  37.292  14.584 0.0000000000
35071  -35.387  37.165  13.347 0.0000000000
35073  -35.191  38.197  10.384 0.0000000000
35074  -35.956  39.366  9.274 0.0000000000
35075  -36.663  40.548  8.418 0.0000000000
35076  -36.914  41.559  9.746 0.0000000000
35077  -37.148  41.613  8.642 0.0000000000
35078  -37.355  41.506  7.592 0.0000000000
35079  -38.383  42.510  6.914 0.0000000000
35080  -39.149  43.507  6.341 0.0000000000
35081  -39.365  44.447  5.529 0.0000000000
35082  -38.441  46.766  10.958 0.0000000000
35083  -38.307  46.485  9.831 0.0000000000
35084  -38.222  46.246  8.791 0.0000000000
35085  -38.143  48.714  8.499 0.0000000000
35086  -38.497  47.398  8.219 0.0000000000
35087  -38.494  46.052  7.752 0.0000000000
35088  -38.865  45.859  6.712 0.0000000000
35089  -39.230  45.590  5.750 0.0000000000
35090  -39.173  45.180  4.733 0.0000000000
35091  -38.935  45.763  3.940 0.0000000000
35092  -38.512  46.437  3.269 0.0000000000
35094  -38.392  49.797  3.576 0.0000000000
35095  -37.997  48.931  2.366 0.0000000000
35096  -37.749  48.131  1.331 0.0000000000
42075  -39.225  43.648  4.877 0.0000000000
42076  -39.078  42.989  4.730 0.0000000000
42077  -38.915  43.347  4.309 0.0000000000
42495  -33.894  51.124  4.241 0.0000000000
42496  -33.598  51.352  3.827 0.0000000000
42497  -33.288  50.958  4.104 0.0000000000
42528  -37.209  45.218  13.418 0.0000000000
42529  -36.752  44.557  13.730 0.0000000000
42530  -36.866  44.555  13.131 0.0000000000
42531  -36.490  43.893  12.881 0.0000000000
42532  -36.949  44.585  12.550 0.0000000000
42533  -37.038  44.622  12.003 0.0000000000
42534  -37.400  45.287  12.277 0.0000000000
42535  -33.857  50.278  4.882 0.0000000000
42536  -34.533  50.317  5.020 0.0000000000
42537  -34.167  50.713  4.636 0.0000000000
42538  -34.500  51.161  4.400 0.0000000000
44895  -31.892  48.547  6.843 0.0000000000
44896  -31.405  48.610  6.201 0.0000000000
44897  -31.249  48.339  6.619 0.0000000000
44898  -27.040  47.144  5.822 0.0000000000
44899  -27.332  47.462  5.513 0.0000000000
44935  -32.108  48.463  8.146 0.0000000000
44936  -32.693  48.691  8.492 0.0000000000
44937  -32.312  48.581  7.662 0.0000000000
44938  -32.512  48.677  7.161 0.0000000000
48765  -36.954  52.313  0.889 0.0000000000
48766  -36.695  52.661  0.354 0.0000000000
48767  -36.485  52.830  0.875 0.0000000000
48773  -29.558  48.396  2.658 0.0000000000
48866  -36.982  41.324  16.349 0.0000000000
48867  -37.409  41.502  16.821 0.0000000000
48868  -37.533  40.968  16.677 0.0000000000
48872  -37.310  40.274  16.070 0.0000000000
48873  -36.073  40.659  12.377 0.0000000000
48874  -36.108  40.241  12.957 0.0000000000
48875  -36.083  40.217  12.406 0.0000000000
48876  -35.983  39.685  12.411 0.0000000000
48877  -36.125  40.201  11.816 0.0000000000
48878  -36.148  40.130  11.194 0.0000000000
48879  -36.285  40.650  11.296 0.0000000000
48880  -37.864  44.396  8.743 0.0000000000
48881  -37.840  43.768  8.581 0.0000000000
48882  -38.094  44.367  8.250 0.0000000000
48883  -38.349  44.334  7.745 0.0000000000
48884  -38.298  44.922  7.909 0.0000000000
48885  -36.946  49.306  9.794 0.0000000000
48886  -37.493  48.927  9.860 0.0000000000
48887  -37.150  49.214  9.327 0.0000000000
48888  -38.769  49.797  6.162 0.0000000000
48889  -38.990  49.219  6.602 0.0000000000
48890  -39.145  49.001  6.076 0.0000000000
48891  -39.341  48.157  5.910 0.0000000000
48892  -39.193  48.732  5.499 0.0000000000
48893  -39.160  48.384  4.925 0.0000000000
48894  -38.944  49.291  5.064 0.0000000000
48895  -36.920  52.300  2.138 0.0000000000
48896  -37.429  51.641  2.125 0.0000000000
48897  -37.266  52.029  1.539 0.0000000000
48898  -37.327  51.684  0.928 0.0000000000
57105  -38.248  41.809  6.422 0.0000000000
58365  -35.408  52.671  3.032 0.0000000000
58366  -35.256  52.765  2.457 0.0000000000
58367  -34.761  52.446  2.890 0.0000000000
58368  -33.246  51.413  2.577 0.0000000000
58369  -33.603  51.778  2.215 0.0000000000
58372  -32.540  50.777  1.521 0.0000000000
58463  -36.891  45.406  15.678 0.0000000000
58464  -36.759  44.703  15.960 0.0000000000
58465  -36.712  44.682  15.456 0.0000000000
58466  -36.057  43.241  14.437 0.0000000000
58467  -36.178  43.347  15.083 0.0000000000
58468  -35.999  42.677  14.957 0.0000000000
58469  -36.155  42.193  15.496 0.0000000000
58470  -35.907  42.098  14.863 0.0000000000
58471  -35.953  41.589  14.755 0.0000000000
58472  -35.809  41.999  14.236 0.0000000000
58473  -36.027  42.588  12.505 0.0000000000
58474  -35.876  41.950  12.947 0.0000000000
58475  -35.931  42.006  12.379 0.0000000000
58476  -35.976  41.493  12.305 0.0000000000
58477  -36.085  42.019  11.827 0.0000000000
58478  -36.289  41.985  11.305 0.0000000000
58479  -36.370  42.578  11.435 0.0000000000
58480  -37.294  44.563  10.902 0.0000000000
58481  -37.066  43.847  10.693 0.0000000000
58482  -37.355  44.512  10.307 0.0000000000
58483  -37.536  44.483  9.770 0.0000000000
58484  -37.760  45.188  9.977 0.0000000000
58485  -35.401  49.413  7.170 0.0000000000
58486  -36.061  49.656  7.442 0.0000000000
58487  -35.713  49.697  6.753 0.0000000000
58488  -36.012  50.552  5.470 0.0000000000
58489  -36.406  50.370  6.058 0.0000000000
58490  -36.741  50.606  5.768 0.0000000000
58491  -37.495  50.570  6.032 0.0000000000
58492  -37.070  50.792  5.445 0.0000000000
58493  -37.377  50.941  5.101 0.0000000000
58494  -36.687  51.078  4.861 0.0000000000
58495  -35.194  51.959  3.945 0.0000000000
58496  -35.880  51.860  4.009 0.0000000000
58497  -35.578  52.284  3.575 0.0000000000
58498  -36.034  52.449  3.151 0.0000000000
64305  -38.425  44.901  3.472 0.0000000000
65565  -32.710  49.500  5.297 0.0000000000
65566  -32.276  49.843  4.942 0.0000000000
65567  -32.000  49.513  5.244 0.0000000000
65568  -30.602  48.920  5.237 0.0000000000
65569  -30.821  49.225  4.968 0.0000000000
65570  -30.287  49.023  4.764 0.0000000000
65571  -30.042  48.952  4.140 0.0000000000
65572  -29.774  48.794  4.530 0.0000000000
65573  -29.758  47.646  6.602 0.0000000000
65574  -29.944  47.943  6.257 0.0000000000
65575  -29.311  47.797  6.038 0.0000000000
65577  -28.653  48.129  5.077 0.0000000000
65578  -28.364  48.232  4.442 0.0000000000
65579  -28.690  48.272  4.014 0.0000000000
65673  -37.293  48.337  14.266 0.0000000000
65674  -37.318  47.538  14.668 0.0000000000
65675  -37.519  47.573  14.109 0.0000000000
65676  -37.571  46.729  13.925 0.0000000000
65677  -37.763  47.551  13.519 0.0000000000
65678  -38.000  47.531  12.903 0.0000000000
65679  -37.853  48.380  13.018 0.0000000000
65680  -36.282  50.004  11.897 0.0000000000
65681  -37.017  49.662  11.963 0.0000000000
65682  -36.486  49.911  11.349 0.0000000000
65683  -36.665  49.638  10.835 0.0000000000
65684  -36.007  49.790  10.747 0.0000000000
65685  -33.605  49.289  11.338 0.0000000000
65686  -34.173  49.641  11.589 0.0000000000
65687  -33.738  49.337  10.821 0.0000000000
65688  -33.749  49.001  9.011 0.0000000000
65689  -34.141  49.262  9.814 0.0000000000
65690  -34.368  49.183  9.260 0.0000000000
65691  -34.981  49.341  9.423 0.0000000000
65692  -34.580  49.078  8.665 0.0000000000
65693  -34.847  49.101  8.121 0.0000000000
65694  -34.219  48.935  7.899 0.0000000000
65695  -32.882  48.921  6.173 0.0000000000
65696  -33.494  48.964  6.362 0.0000000000
65697  -33.103  49.156  5.736 0.0000000000
65698  -33.337  49.498  5.395 0.0000000000
77198  -31.681  50.163  3.938 0.0000000000
77199  -32.059  50.521  3.634 0.0000000000
77200  -31.549  49.981  3.239 0.0000000000
77201  -30.645  49.023  1.504 0.0000000000
77202  -31.275  49.517  1.811 0.0000000000
77203  -31.034  49.350  1.138 0.0000000000
77204  -31.402  49.791  0.846 0.0000000000
77475  -38.084  43.437  19.375 0.0000000000
77476  -36.809  43.617  16.858 0.0000000000
77477  -37.028  43.776  17.380 0.0000000000
77478  -37.059  43.226  17.299 0.0000000000
77479  -38.121  41.868  17.940 0.0000000000
77480  -37.891  42.499  18.029 0.0000000000
77498  -36.323  40.672  14.513 0.0000000000
77499  -36.742  40.218  14.970 0.0000000000
77500  -36.566  40.247  14.455 0.0000000000
77501  -36.517  39.115  14.079 0.0000000000
77502  -36.751  39.116  14.550 0.0000000000
77503  -36.778  38.462  14.803 0.0000000000
77505  -36.551  37.886  14.980 0.0000000000
77507  -36.226  37.857  14.410 0.0000000000
77508  -35.528  38.425  12.396 0.0000000000
77509  -35.578  37.809  13.211 0.0000000000
77510  -35.266  37.745  12.548 0.0000000000
77514  -35.218  38.266  11.066 0.0000000000
77515  -36.167  39.996  9.962 0.0000000000
77516  -35.864  39.416  9.871 0.0000000000
77517  -36.238  39.992  9.377 0.0000000000
77518  -36.366  39.928  8.833 0.0000000000
77519  -36.627  40.484  8.941 0.0000000000
77520  -36.811  42.020  10.404 0.0000000000
77521  -36.755  41.527  10.346 0.0000000000
77522  -37.050  42.036  9.866 0.0000000000
77523  -37.735  42.666  8.358 0.0000000000
77524  -37.354  42.131  8.786 0.0000000000
77525  -37.556  42.133  8.244 0.0000000000
77526  -37.252  41.596  8.107 0.0000000000
77527  -37.697  42.089  7.721 0.0000000000
77528  -37.905  42.019  7.248 0.0000000000
77529  -38.213  42.627  7.342 0.0000000000
77530  -38.896  44.167  6.863 0.0000000000
77531  -38.914  43.577  6.751 0.0000000000
77532  -39.233  44.079  6.460 0.0000000000
77533  -39.331  43.984  5.942 0.0000000000
77534  -39.284  44.532  6.033 0.0000000000
77535  -38.436  47.595  11.682 0.0000000000
77536  -38.387  46.823  11.564 0.0000000000
77537  -38.596  47.564  11.073 0.0000000000
77538  -38.283  47.690  9.695 0.0000000000
77539  -38.467  47.164  10.028 0.0000000000
77540  -38.382  47.010  9.534 0.0000000000
77541  -38.225  46.358  9.294 0.0000000000
77542  -38.287  46.893  9.017 0.0000000000
77543  -37.433  49.697  7.878 0.0000000000
77544  -37.691  49.222  8.454 0.0000000000
77545  -38.005  49.284  8.031 0.0000000000
77546  -38.841  47.980  7.431 0.0000000000
77547  -38.616  48.051  7.918 0.0000000000
77548  -38.709  47.333  7.743 0.0000000000
77549  -38.518  46.730  8.002 0.0000000000
77550  -38.703  46.635  7.457 0.0000000000
77551  -38.682  45.960  7.224 0.0000000000
77552  -38.902  46.518  6.933 0.0000000000
77553  -39.349  46.663  5.499 0.0000000000
77554  -39.225  46.248  5.876 0.0000000000
77555  -39.303  46.030  5.323 0.0000000000
77556  -39.272  45.405  5.256 0.0000000000
77557  -39.253  45.748  4.787 0.0000000000
77558  -39.079  45.461  4.324 0.0000000000
77559  -39.162  46.059  4.371 0.0000000000
77560  -38.783  47.628  3.755 0.0000000000
77561  -38.731  46.801  3.701 0.0000000000
77562  -38.604  47.224  3.256 0.0000000000
77563  -38.365  46.839  2.788 0.0000000000
77564  -38.360  47.650  2.765 0.0000000000
77565  -37.929  50.849  4.174 0.0000000000
77566  -38.376  50.153  4.139 0.0000000000
77567  -38.035  50.553  3.648 0.0000000000
77568  -37.738  50.116  2.081 0.0000000000
77569  -37.927  49.738  2.563 0.0000000000
77570  -37.793  49.317  1.977 0.0000000000
77571  -37.850  48.513  1.816 0.0000000000
77572  -37.752  48.915  1.427 0.0000000000
77574  -37.665  49.362  0.956 0.0000000000
94167  -39.029  42.828  5.766 0.0000000000
94923  -34.585  51.913  3.810 0.0000000000
94924  -34.319  52.091  3.243 0.0000000000
94925  -33.949  51.723  3.567 0.0000000000
94926  -33.385  51.461  3.269 0.0000000000
94927  -32.870  51.098  2.960 0.0000000000
94982  -36.982  45.328  14.621 0.0000000000
94983  -36.713  44.629  14.899 0.0000000000
94984  -36.700  44.610  14.336 0.0000000000
94985  -36.328  43.893  14.061 0.0000000000
94986  -36.027  43.187  13.854 0.0000000000
94987  -35.889  42.538  13.702 0.0000000000
94988  -36.084  43.186  13.268 0.0000000000
94989  -36.215  43.228  12.676 0.0000000000
94990  -36.314  43.244  12.125 0.0000000000
94991  -36.500  43.234  11.610 0.0000000000
94992  -36.728  43.917  11.796 0.0000000000
94993  -37.166  44.612  11.481 0.0000000000
94994  -37.612  45.328  11.158 0.0000000000
94995  -34.664  49.614  5.750 0.0000000000
94996  -35.348  49.799  6.019 0.0000000000
94997  -34.961  50.019  5.478 0.0000000000
94998  -35.288  50.440  5.206 0.0000000000
94999  -35.614  50.814  4.913 0.0000000000
95000  -35.960  51.129  4.667 0.0000000000
95001  -35.200  51.129  4.512 0.0000000000
95002  -34.858  51.540  4.184 0.0000000000
99243  -32.243  48.939  5.988 0.0000000000
99244  -31.765  49.163  5.520 0.0000000000
99245  -31.585  48.891  5.857 0.0000000000
99246  -30.985  48.746  5.702 0.0000000000
99247  -30.396  48.575  5.544 0.0000000000
99248  -28.463  47.262  6.225 0.0000000000
99249  -28.683  47.635  5.894 0.0000000000
99250  -28.028  47.516  5.723 0.0000000000
99311  -37.356  49.188  13.161 0.0000000000
99314  -35.524  50.088  11.800 0.0000000000
99316  -33.339  49.065  10.036 0.0000000000
99318  -33.180  48.825  8.737 0.0000000000
99319  -33.392  48.818  8.223 0.0000000000
99320  -33.620  48.829  7.700 0.0000000000
99321  -33.059  48.780  7.495 0.0000000000
99322  -32.681  48.776  6.656 0.0000000000
106223  -30.691  49.304  3.282 0.0000000000
106224  -31.063  49.482  2.883 0.0000000000
106225  -30.520  48.979  2.521 0.0000000000
106390  -36.797  42.476  16.621 0.0000000000
106391  -37.125  42.643  17.169 0.0000000000
106392  -37.258  42.025  16.981 0.0000000000
106393  -37.796  41.649  17.371 0.0000000000
106402  -37.561  39.153  16.147 0.0000000000
106403  -36.087  40.680  13.473 0.0000000000
106404  -36.386  40.269  13.968 0.0000000000
106405  -36.190  40.256  13.505 0.0000000000
106406  -36.256  39.786  13.510 0.0000000000
106407  -36.302  39.141  13.545 0.0000000000
106408  -36.110  38.479  13.682 0.0000000000
106409  -36.026  39.116  12.991 0.0000000000
106410  -35.769  39.090  12.332 0.0000000000
106411  -35.689  39.055  11.661 0.0000000000
106412  -35.568  38.935  11.064 0.0000000000
106413  -35.884  39.558  11.113 0.0000000000
106414  -36.125  40.034  10.548 0.0000000000
106415  -36.448  40.516  10.083 0.0000000000
106416  -37.323  43.188  9.501 0.0000000000
106417  -37.284  42.610  9.430 0.0000000000
106418  -37.546  43.186  8.969 0.0000000000
106419  -37.827  43.208  8.452 0.0000000000
106420  -38.116  43.188  7.946 0.0000000000
106421  -38.350  43.149  7.471 0.0000000000
106422  -38.384  43.713  7.618 0.0000000000
106423  -38.600  44.276  7.288 0.0000000000
106424  -38.767  44.757  6.933 0.0000000000
106425  -37.846  48.804  10.782 0.0000000000
106426  -38.348  48.154  10.641 0.0000000000
106427  -37.906  48.542  10.283 0.0000000000
106428  -37.979  48.341  9.803 0.0000000000
106429  -38.078  48.215  9.349 0.0000000000
106430  -38.176  49.952  7.034 0.0000000000
106431  -38.350  49.415  7.587 0.0000000000
106432  -38.658  49.346  7.092 0.0000000000
106433  -38.950  48.601  7.049 0.0000000000
106434  -39.090  47.839  6.904 0.0000000000
106435  -39.108  47.088  6.664 0.0000000000
106436  -39.273  47.601  6.311 0.0000000000
106437  -39.368  47.363  5.715 0.0000000000
106438  -39.383  47.077  5.099 0.0000000000
106439  -39.187  46.748  4.530 0.0000000000
106440  -39.180  47.525  4.721 0.0000000000
106441  -38.973  48.020  4.318 0.0000000000
106442  -38.752  48.507  3.860 0.0000000000
106443  -37.283  51.536  3.187 0.0000000000
106444  -37.704  50.813  3.164 0.0000000000
106445  -37.511  51.224  2.661 0.0000000000
106446  -37.633  50.887  2.135 0.0000000000
106447  -37.644  50.504  1.602 0.0000000000
106448  -37.615  50.155  1.012 0.0000000000
106449  -37.517  50.944  1.012 0.0000000000
106450  -37.341  51.336  0.369 0.0000000000
116229  -31.530  48.200  7.777 0.0000000000
116230  -31.080  48.099  7.052 0.0000000000
116231  -30.928  47.857  7.528 0.0000000000
116232  -30.268  47.574  7.238 0.0000000000
116233  -29.576  47.328  6.934 0.0000000000
116235  -29.390  46.968  7.357 0.0000000000
116236  -28.921  47.073  6.736 0.0000000000
116237  -28.226  46.871  6.531 0.0000000000
116238  -27.492  46.769  6.336 0.0000000000
116239  -26.752  46.810  6.174 0.0000000000
116282  -34.523  49.875  12.842 0.0000000000
121647  -36.367  52.753  2.048 0.0000000000
121648  -36.161  52.954  1.404 0.0000000000
121649  -35.720  52.950  1.930 0.0000000000
121652  -34.136  52.171  2.553 0.0000000000
121653  -33.985  52.199  1.855 0.0000000000
121784  -36.855  45.517  16.643 0.0000000000
121785  -36.873  44.847  17.015 0.0000000000
121786  -36.815  44.799  16.490 0.0000000000
121787  -36.698  44.127  16.373 0.0000000000
121788  -36.570  43.483  16.295 0.0000000000
121789  -36.450  43.999  15.252 0.0000000000
121790  -36.371  43.428  15.715 0.0000000000
121791  -36.498  42.924  16.250 0.0000000000
121792  -36.446  42.321  16.112 0.0000000000
121793  -36.490  41.734  15.940 0.0000000000
121794  -36.600  41.198  15.777 0.0000000000
121795  -36.766  40.710  15.620 0.0000000000
121796  -36.287  41.110  15.198 0.0000000000
121797  -36.126  41.108  14.619 0.0000000000
121798  -36.033  41.089  14.025 0.0000000000
121799  -35.833  41.962  13.596 0.0000000000
121800  -35.856  41.462  13.508 0.0000000000
121801  -35.970  41.101  13.427 0.0000000000
121802  -35.972  41.072  12.875 0.0000000000
121803  -36.036  41.081  12.331 0.0000000000
121804  -36.205  41.146  11.801 0.0000000000
121805  -36.315  41.108  11.301 0.0000000000
121806  -36.299  41.534  11.289 0.0000000000
121807  -36.540  42.009  10.847 0.0000000000
121808  -36.831  42.564  10.439 0.0000000000
121809  -36.713  43.182  11.064 0.0000000000
121810  -36.890  43.172  10.538 0.0000000000
121811  -37.105  43.204  10.042 0.0000000000
121812  -37.411  43.824  9.594 0.0000000000
121813  -37.705  44.440  9.234 0.0000000000
121814  -37.976  45.036  8.887 0.0000000000
121815  -36.172  49.449  8.551 0.0000000000
121816  -36.820  49.475  8.755 0.0000000000
121817  -36.424  49.595  8.127 0.0000000000
121818  -36.736  49.775  7.690 0.0000000000
121819  -37.074  49.963  7.241 0.0000000000
121820  -36.082  50.009  6.318 0.0000000000
121821  -36.802  50.194  6.617 0.0000000000
121822  -37.494  50.254  6.857 0.0000000000
121823  -37.875  50.330  6.502 0.0000000000
121824  -38.220  50.401  6.155 0.0000000000
121825  -38.410  50.268  5.701 0.0000000000
121826  -38.552  50.030  5.166 0.0000000000
121827  -38.026  50.604  5.196 0.0000000000
121828  -37.676  50.962  4.652 0.0000000000
121829  -37.355  51.268  4.125 0.0000000000
121830  -36.310  51.449  4.391 0.0000000000
121831  -36.623  51.621  4.056 0.0000000000
121832  -36.997  51.632  3.643 0.0000000000
121833  -36.679  52.056  3.185 0.0000000000
121834  -36.496  52.543  2.722 0.0000000000
129837  -38.834  44.370  4.140 0.0000000000
131433  -33.241  50.280  4.748 0.0000000000
131434  -32.943  50.568  4.370 0.0000000000
131435  -32.587  50.215  4.641 0.0000000000
131436  -31.873  50.168  4.530 0.0000000000
131437  -31.360  49.848  4.283 0.0000000000
131438  -31.384  49.397  5.129 0.0000000000
131439  -31.076  49.516  4.647 0.0000000000
131440  -30.847  49.505  3.997 0.0000000000
131441  -30.351  49.102  3.690 0.0000000000
131442  -29.849  48.670  3.388 0.0000000000
131443  -29.258  48.326  3.095 0.0000000000
131444  -30.607  48.117  6.400 0.0000000000
131445  -30.169  48.247  5.885 0.0000000000
131446  -29.798  48.459  5.424 0.0000000000
131447  -28.972  48.010  5.619 0.0000000000
131448  -29.299  48.301  5.296 0.0000000000
131449  -29.549  48.603  4.954 0.0000000000
131450  -29.301  48.492  4.274 0.0000000000
131451  -28.963  48.323  3.553 0.0000000000
131568  -36.948  46.170  15.873 0.0000000000
131569  -37.041  46.103  15.387 0.0000000000
131571  -37.230  46.806  15.058 0.0000000000
131572  -37.156  46.044  14.878 0.0000000000
131573  -37.277  45.981  14.276 0.0000000000
131574  -37.454  45.940  13.688 0.0000000000
131575  -37.688  45.978  13.152 0.0000000000
131576  -37.778  46.011  12.560 0.0000000000
131577  -37.998  46.757  12.774 0.0000000000
131578  -38.175  47.561  12.297 0.0000000000
131579  -38.145  48.348  11.788 0.0000000000
131580  -37.547  49.145  12.545 0.0000000000
131581  -37.679  49.099  11.957 0.0000000000
131582  -37.757  48.972  11.322 0.0000000000
131583  -37.282  49.300  10.876 0.0000000000
131584  -36.804  49.461  10.341 0.0000000000
131585  -36.342  49.449  9.699 0.0000000000
131586  -34.640  49.973  12.320 0.0000000000
131587  -34.806  49.926  11.768 0.0000000000
131588  -35.031  49.843  11.184 0.0000000000
131589  -33.895  49.303  10.280 0.0000000000
131590  -34.531  49.520  10.483 0.0000000000
131591  -35.302  49.746  10.691 0.0000000000
131592  -35.490  49.578  10.124 0.0000000000
131593  -35.682  49.441  9.580 0.0000000000
131594  -35.930  49.383  9.048 0.0000000000
131595  -35.500  49.279  8.318 0.0000000000
131596  -35.112  49.206  7.588 0.0000000000
131597  -34.723  49.176  6.834 0.0000000000
131598  -33.848  48.885  7.116 0.0000000000
131599  -34.099  49.042  6.578 0.0000000000
131600  -34.379  49.302  6.125 0.0000000000
131601  -33.989  49.529  5.546 0.0000000000
131602  -33.566  49.870  5.080 0.0000000000
145838  -35.910  53.094  0.762 0.0000000000
145856  -32.699  50.760  3.924 0.0000000000
145857  -32.496  50.766  3.299 0.0000000000
145858  -32.348  50.608  2.616 0.0000000000
145859  -31.441  49.743  2.526 0.0000000000
145860  -31.832  50.040  2.190 0.0000000000
145861  -32.173  50.357  1.856 0.0000000000
145862  -32.026  50.282  1.200 0.0000000000
145863  -31.792  50.280  0.587 0.0000000000
145917  -26.527  46.653  6.637 0.0000000000
145918  -26.028  47.003  6.047 0.0000000000
146190  -36.996  44.326  17.445 0.0000000000
146191  -37.223  43.933  17.867 0.0000000000
146192  -37.550  43.628  18.325 0.0000000000
146193  -37.421  42.837  17.681 0.0000000000
146194  -37.745  43.104  18.218 0.0000000000
146195  -37.972  43.292  18.800 0.0000000000
146196  -38.408  42.924  19.251 0.0000000000
146217  -37.026  40.200  15.495 0.0000000000
146218  -37.210  39.675  15.491 0.0000000000
146219  -37.284  39.102  15.584 0.0000000000
146220  -36.713  39.725  14.452 0.0000000000
146221  -37.027  39.111  15.027 0.0000000000
146222  -37.278  38.495  15.759 0.0000000000
146228  -35.874  36.683  14.801 0.0000000000
146229  -35.900  37.845  13.833 0.0000000000
146230  -35.705  37.231  13.986 0.0000000000
146231  -35.526  36.577  14.192 0.0000000000
146237  -35.214  38.108  9.709 0.0000000000
146238  -35.504  38.834  10.423 0.0000000000
146239  -35.555  38.784  9.785 0.0000000000
146240  -35.610  38.685  9.173 0.0000000000
146241  -36.107  39.311  8.726 0.0000000000
146242  -36.472  39.946  8.299 0.0000000000
146243  -36.769  40.515  7.889 0.0000000000
146244  -36.467  41.076  10.801 0.0000000000
146245  -36.648  41.060  10.223 0.0000000000
146246  -36.748  41.024  9.630 0.0000000000
146247  -37.199  42.082  9.315 0.0000000000
146248  -37.040  41.573  9.177 0.0000000000
146249  -36.866  41.016  9.057 0.0000000000
146250  -36.912  41.083  8.521 0.0000000000
146251  -36.981  41.063  7.999 0.0000000000
146252  -37.063  40.945  7.483 0.0000000000
146253  -37.575  41.438  7.134 0.0000000000
146254  -38.091  41.926  6.817 0.0000000000
146255  -38.554  42.407  6.508 0.0000000000
146256  -38.591  43.083  7.031 0.0000000000
146257  -38.807  42.982  6.610 0.0000000000
146258  -38.948  42.923  6.231 0.0000000000
146259  -39.260  43.407  5.850 0.0000000000
146260  -39.367  43.848  5.424 0.0000000000
146261  -39.270  44.287  5.006 0.0000000000
146262  -37.898  46.056  11.992 0.0000000000
146263  -38.073  46.069  11.382 0.0000000000
146264  -38.098  46.017  10.782 0.0000000000
146265  -38.547  47.425  10.515 0.0000000000
146266  -38.432  46.647  10.368 0.0000000000
146267  -38.106  45.932  10.167 0.0000000000
146268  -38.069  45.804  9.613 0.0000000000
146269  -38.104  45.690  9.065 0.0000000000
146270  -38.158  45.587  8.581 0.0000000000
146271  -37.404  49.209  8.905 0.0000000000
146272  -37.862  48.709  8.926 0.0000000000
146273  -38.182  48.106  8.856 0.0000000000
146274  -38.389  48.706  8.031 0.0000000000
146275  -38.394  48.075  8.389 0.0000000000
146276  -38.359  47.451  8.720 0.0000000000
146277  -38.370  46.809  8.512 0.0000000000
146278  -38.336  46.150  8.281 0.0000000000
146279  -38.303  45.518  8.085 0.0000000000
146280  -38.474  45.411  7.547 0.0000000000
146281  -38.683  45.319  7.045 0.0000000000
146282  -38.923  45.222  6.581 0.0000000000
146283  -39.084  46.410  6.422 0.0000000000
146284  -39.072  45.763  6.226 0.0000000000
146285  -39.166  45.069  6.129 0.0000000000
146286  -39.283  44.974  5.644 0.0000000000
146287  -39.280  44.878  5.145 0.0000000000
146288  -39.146  44.674  4.640 0.0000000000
146289  -38.964  44.942  4.261 0.0000000000
146290  -38.819  45.190  3.870 0.0000000000
146291  -38.682  45.488  3.562 0.0000000000
146292  -38.961  46.385  4.042 0.0000000000
146293  -38.676  46.063  3.647 0.0000000000
146294  -38.445  45.772  3.218 0.0000000000
146298  -38.721  49.719  4.619 0.0000000000
146299  -38.659  49.347  4.028 0.0000000000
146300  -38.487  48.973  3.406 0.0000000000
146301  -37.997  50.111  3.103 0.0000000000
146302  -38.188  49.358  2.978 0.0000000000
146303  -38.259  48.537  2.776 0.0000000000
146304  -38.070  48.084  2.258 0.0000000000
146305  -37.918  47.688  1.809 0.0000000000
