#!ascii label  , from subject fsaverage vox2ras=TkReg
372
143  -5.391  -50.547  18.788 0.0000000000
1326  -5.752  -55.751  13.749 0.0000000000
2393  -6.997  -51.648  22.252 0.0000000000
2394  -6.799  -59.312  23.639 0.0000000000
2395  -6.298  -58.231  20.406 0.0000000000
2396  -5.821  -57.120  17.110 0.0000000000
3244  -5.629  -50.422  16.506 0.0000000000
3245  -6.780  -53.072  14.035 0.0000000000
3246  -7.118  -52.820  16.328 0.0000000000
5339  -8.194  -52.167  23.537 0.0000000000
5341  -7.081  -59.482  25.373 0.0000000000
5344  -4.229  -61.383  20.368 0.0000000000
5345  -4.340  -60.876  18.445 0.0000000000
5346  -6.136  -57.653  18.753 0.0000000000
6994  -6.718  -52.850  11.940 0.0000000000
9737  -6.091  -51.120  20.541 0.0000000000
9741  -4.336  -61.671  22.108 0.0000000000
9742  -6.501  -58.897  21.977 0.0000000000
9743  -9.282  -55.630  22.185 0.0000000000
9744  -8.740  -54.785  20.824 0.0000000000
9745  -8.343  -54.113  19.289 0.0000000000
9746  -7.768  -53.558  17.708 0.0000000000
9747  -5.682  -56.440  15.443 0.0000000000
10924  -5.469  -50.495  17.626 0.0000000000
10925  -6.432  -51.497  16.497 0.0000000000
10926  -6.520  -51.456  17.631 0.0000000000
15495  -6.782  -51.335  12.522 0.0000000000
15496  -6.678  -51.520  13.372 0.0000000000
15497  -6.389  -54.476  13.856 0.0000000000
15498  -6.241  -54.475  12.557 0.0000000000
15499  -5.765  -55.700  12.443 0.0000000000
15501  -5.294  -56.860  12.403 0.0000000000
21778  -5.008  -50.596  21.783 0.0000000000
21779  -6.568  -51.384  21.415 0.0000000000
21783  -6.992  -59.436  24.528 0.0000000000
21787  -8.366  -57.957  23.556 0.0000000000
21791  -4.908  -59.802  20.358 0.0000000000
21792  -5.017  -60.050  21.241 0.0000000000
21793  -6.400  -58.525  21.215 0.0000000000
21794  -8.154  -57.357  22.021 0.0000000000
21795  -7.941  -56.996  21.236 0.0000000000
21796  -8.982  -55.220  21.532 0.0000000000
21797  -7.761  -56.615  20.559 0.0000000000
21798  -5.934  -57.383  17.985 0.0000000000
21799  -7.451  -55.937  18.974 0.0000000000
21800  -7.300  -55.715  18.156 0.0000000000
21801  -8.088  -53.853  18.497 0.0000000000
21802  -7.117  -55.554  17.313 0.0000000000
21803  -7.001  -55.210  16.592 0.0000000000
21804  -5.714  -56.825  16.260 0.0000000000
21806  -4.846  -59.215  14.049 0.0000000000
22012  -6.607  -53.691  9.813 0.0000000000
24274  -6.366  -51.560  15.416 0.0000000000
24275  -6.916  -52.954  15.206 0.0000000000
24276  -6.708  -54.496  14.993 0.0000000000
28043  -7.598  -51.891  22.950 0.0000000000
28048  -5.446  -60.613  23.723 0.0000000000
28052  -4.298  -61.135  19.376 0.0000000000
28053  -4.880  -59.520  19.450 0.0000000000
28054  -6.232  -57.897  19.631 0.0000000000
28055  -4.783  -59.335  18.576 0.0000000000
28056  -4.745  -58.961  17.675 0.0000000000
28057  -4.753  -58.759  16.762 0.0000000000
28058  -4.776  -58.404  15.923 0.0000000000
28059  -4.564  -59.974  15.708 0.0000000000
31679  -6.787  -52.565  11.078 0.0000000000
31680  -6.374  -54.003  10.583 0.0000000000
31681  -6.698  -52.999  12.950 0.0000000000
31682  -6.276  -54.240  11.469 0.0000000000
31683  -6.118  -55.203  10.329 0.0000000000
39448  -4.702  -50.160  20.807 0.0000000000
39449  -5.690  -50.808  19.639 0.0000000000
39460  -4.470  -61.923  22.853 0.0000000000
39461  -5.312  -60.424  22.932 0.0000000000
39462  -4.205  -61.539  21.292 0.0000000000
39463  -5.151  -60.281  22.051 0.0000000000
39464  -6.660  -59.090  22.742 0.0000000000
39465  -8.276  -57.725  22.769 0.0000000000
39466  -9.476  -56.057  22.830 0.0000000000
39467  -9.765  -54.032  23.193 0.0000000000
39468  -9.359  -53.668  22.740 0.0000000000
39469  -8.940  -53.244  22.156 0.0000000000
39470  -8.536  -52.902  21.444 0.0000000000
39471  -7.606  -56.234  19.785 0.0000000000
39472  -8.500  -54.437  20.061 0.0000000000
39473  -8.171  -52.546  20.733 0.0000000000
39474  -7.732  -52.216  19.979 0.0000000000
39475  -7.344  -51.949  19.167 0.0000000000
39476  -6.909  -51.745  18.367 0.0000000000
39477  -7.419  -53.139  17.023 0.0000000000
39478  -6.843  -54.872  15.774 0.0000000000
39479  -5.692  -56.140  14.539 0.0000000000
39480  -4.826  -58.017  15.037 0.0000000000
39481  -4.923  -57.715  14.166 0.0000000000
39482  -5.057  -57.302  13.297 0.0000000000
41643  -5.083  -49.979  18.216 0.0000000000
41644  -5.470  -50.509  18.205 0.0000000000
41645  -6.010  -50.972  17.625 0.0000000000
41646  -5.958  -50.970  18.216 0.0000000000
46217  -6.042  -55.147  13.765 0.0000000000
46218  -6.022  -55.119  13.098 0.0000000000
46219  -5.739  -55.748  13.056 0.0000000000
46220  -5.501  -56.327  12.373 0.0000000000
46221  -5.471  -56.330  13.058 0.0000000000
52495  -6.384  -51.433  22.940 0.0000000000
52497  -6.133  -51.307  22.517 0.0000000000
52498  -5.910  -51.147  22.072 0.0000000000
52499  -6.785  -51.495  21.850 0.0000000000
52503  -6.892  -59.393  24.080 0.0000000000
52505  -7.654  -58.770  24.039 0.0000000000
52506  -8.379  -58.111  23.983 0.0000000000
52507  -7.578  -58.665  23.597 0.0000000000
52511  -5.539  -59.030  20.381 0.0000000000
52512  -5.535  -59.204  20.825 0.0000000000
52513  -6.354  -58.412  20.809 0.0000000000
52514  -7.179  -57.780  21.211 0.0000000000
52515  -7.084  -57.628  20.828 0.0000000000
52516  -7.806  -56.818  20.901 0.0000000000
52517  -7.026  -57.444  20.460 0.0000000000
52518  -5.872  -57.251  17.530 0.0000000000
52519  -6.661  -56.544  18.080 0.0000000000
52520  -6.576  -56.440  17.667 0.0000000000
52521  -7.224  -55.650  17.725 0.0000000000
52522  -6.484  -56.355  17.230 0.0000000000
52523  -6.401  -56.281  16.811 0.0000000000
52524  -5.731  -56.973  16.727 0.0000000000
55815  -6.056  -50.977  15.428 0.0000000000
55816  -5.997  -50.978  15.970 0.0000000000
55817  -6.830  -52.147  16.417 0.0000000000
55818  -6.754  -52.168  15.875 0.0000000000
55819  -7.052  -52.918  15.749 0.0000000000
55820  -6.900  -53.740  15.085 0.0000000000
55821  -7.056  -53.650  15.654 0.0000000000
62099  -7.858  -52.056  23.265 0.0000000000
62106  -5.525  -60.698  24.108 0.0000000000
62107  -4.952  -61.328  23.733 0.0000000000
62113  -4.313  -60.998  18.904 0.0000000000
62114  -4.489  -60.330  19.404 0.0000000000
62115  -4.459  -60.220  18.942 0.0000000000
62116  -4.843  -59.419  19.003 0.0000000000
62117  -4.439  -60.140  18.483 0.0000000000
62119  -4.467  -59.771  17.580 0.0000000000
62120  -4.509  -59.621  17.131 0.0000000000
62121  -4.783  -58.860  17.238 0.0000000000
62123  -4.541  -59.408  16.195 0.0000000000
69527  -6.828  -52.111  12.208 0.0000000000
69528  -6.827  -51.964  11.794 0.0000000000
69529  -6.728  -52.734  11.491 0.0000000000
69530  -6.546  -53.336  10.784 0.0000000000
69531  -6.547  -53.456  11.205 0.0000000000
69532  -6.660  -52.257  14.264 0.0000000000
69533  -6.716  -52.238  13.727 0.0000000000
69534  -6.690  -53.038  13.518 0.0000000000
69535  -5.991  -55.046  11.882 0.0000000000
69536  -6.250  -54.377  11.985 0.0000000000
69537  -6.033  -54.885  11.339 0.0000000000
69538  -6.118  -54.703  10.891 0.0000000000
69539  -5.982  -55.342  10.780 0.0000000000
69540  -6.068  -55.815  10.312 0.0000000000
88375  -5.478  -50.877  21.175 0.0000000000
88376  -4.836  -50.387  21.319 0.0000000000
88377  -5.307  -50.702  20.680 0.0000000000
88378  -5.111  -50.535  20.205 0.0000000000
88379  -5.855  -50.976  20.092 0.0000000000
88407  -4.336  -62.605  22.382 0.0000000000
88408  -4.443  -61.791  22.507 0.0000000000
88409  -4.809  -61.126  22.982 0.0000000000
88410  -4.748  -61.037  22.547 0.0000000000
88413  -4.208  -61.504  20.850 0.0000000000
88414  -5.707  -59.450  21.612 0.0000000000
88415  -5.060  -60.194  21.667 0.0000000000
88416  -5.766  -59.613  22.008 0.0000000000
88417  -5.866  -59.672  22.396 0.0000000000
88418  -6.556  -59.022  22.343 0.0000000000
88419  -7.477  -58.434  22.746 0.0000000000
88420  -7.415  -58.313  22.367 0.0000000000
88421  -8.801  -56.582  22.092 0.0000000000
88422  -8.852  -56.749  22.420 0.0000000000
88423  -9.356  -55.857  22.515 0.0000000000
88424  -9.798  -55.067  22.958 0.0000000000
88425  -9.643  -54.854  22.670 0.0000000000
88426  -9.595  -53.859  22.923 0.0000000000
88427  -9.481  -54.681  22.392 0.0000000000
88428  -8.876  -54.988  21.164 0.0000000000
88429  -9.137  -54.206  21.801 0.0000000000
88430  -9.038  -53.990  21.428 0.0000000000
88431  -8.726  -53.073  21.792 0.0000000000
88432  -8.817  -53.817  21.092 0.0000000000
88433  -6.156  -57.766  19.211 0.0000000000
88434  -6.901  -57.074  19.721 0.0000000000
88435  -6.848  -56.927  19.290 0.0000000000
88436  -8.040  -55.041  19.097 0.0000000000
88437  -8.121  -55.211  19.470 0.0000000000
88438  -8.426  -54.266  19.668 0.0000000000
88439  -8.523  -53.460  20.349 0.0000000000
88440  -8.363  -53.291  19.993 0.0000000000
88441  -7.924  -52.402  20.375 0.0000000000
88442  -8.289  -53.125  19.603 0.0000000000
88443  -7.843  -53.714  18.126 0.0000000000
88444  -7.917  -52.802  18.877 0.0000000000
88445  -7.663  -52.699  18.440 0.0000000000
88446  -7.116  -51.830  18.760 0.0000000000
88447  -7.480  -52.527  18.050 0.0000000000
88448  -7.276  -52.347  17.703 0.0000000000
88449  -7.563  -53.371  17.380 0.0000000000
88450  -6.337  -55.854  16.081 0.0000000000
88451  -6.942  -55.019  16.215 0.0000000000
88452  -6.286  -55.677  15.633 0.0000000000
88453  -6.210  -55.543  15.180 0.0000000000
88454  -5.672  -56.279  15.002 0.0000000000
88455  -4.568  -59.023  15.365 0.0000000000
88456  -4.751  -58.214  15.486 0.0000000000
88457  -4.646  -58.831  14.948 0.0000000000
88458  -4.941  -59.023  13.607 0.0000000000
88459  -4.788  -58.520  14.032 0.0000000000
88460  -4.848  -58.338  13.606 0.0000000000
88461  -4.961  -57.502  13.751 0.0000000000
88462  -4.930  -58.079  13.210 0.0000000000
88463  -5.007  -57.830  12.744 0.0000000000
93391  -5.150  -49.911  17.624 0.0000000000
93392  -5.548  -50.442  17.056 0.0000000000
93393  -5.967  -50.940  16.534 0.0000000000
93394  -5.989  -50.974  17.057 0.0000000000
93395  -6.518  -51.485  17.042 0.0000000000
93396  -6.943  -52.046  17.007 0.0000000000
101621  -6.712  -51.467  12.912 0.0000000000
101622  -6.827  -52.211  12.640 0.0000000000
101623  -6.632  -53.780  13.938 0.0000000000
101624  -6.556  -53.795  13.328 0.0000000000
101625  -6.304  -54.468  13.179 0.0000000000
101626  -6.008  -55.087  12.501 0.0000000000
101627  -5.806  -55.622  11.884 0.0000000000
101629  -5.592  -56.223  11.823 0.0000000000
112930  -5.715  -51.012  21.621 0.0000000000
112931  -6.350  -51.238  20.991 0.0000000000
112937  -7.040  -59.488  24.950 0.0000000000
112951  -4.471  -60.576  20.348 0.0000000000
112952  -4.481  -60.695  20.833 0.0000000000
112953  -4.888  -59.917  20.800 0.0000000000
112954  -5.658  -59.283  21.214 0.0000000000
112955  -6.464  -58.681  21.593 0.0000000000
112956  -7.337  -58.134  21.976 0.0000000000
112957  -7.268  -57.933  21.605 0.0000000000
112958  -8.020  -57.172  21.632 0.0000000000
112959  -8.661  -56.341  21.720 0.0000000000
112960  -9.113  -55.437  21.869 0.0000000000
112961  -8.568  -56.148  21.382 0.0000000000
112962  -8.474  -55.938  21.024 0.0000000000
112963  -8.355  -55.727  20.659 0.0000000000
112964  -6.017  -57.511  18.360 0.0000000000
112965  -6.770  -56.803  18.867 0.0000000000
112966  -6.691  -56.671  18.494 0.0000000000
112967  -7.437  -55.802  18.566 0.0000000000
112968  -7.929  -54.942  18.689 0.0000000000
112969  -8.175  -53.979  18.905 0.0000000000
112970  -7.778  -54.854  18.283 0.0000000000
112971  -7.670  -54.727  17.885 0.0000000000
112972  -7.564  -54.617  17.481 0.0000000000
112973  -7.475  -54.438  17.128 0.0000000000
112974  -7.040  -55.415  16.944 0.0000000000
112975  -6.343  -56.074  16.423 0.0000000000
112976  -5.639  -56.627  15.869 0.0000000000
112978  -4.762  -59.372  14.489 0.0000000000
113350  -6.742  -52.918  10.032 0.0000000000
118079  -6.417  -51.531  14.919 0.0000000000
118080  -6.668  -52.282  14.737 0.0000000000
118081  -6.379  -51.539  15.947 0.0000000000
118082  -6.730  -52.205  15.317 0.0000000000
118083  -6.804  -53.028  14.605 0.0000000000
118084  -6.804  -53.763  14.546 0.0000000000
118085  -6.508  -54.503  14.423 0.0000000000
118086  -6.192  -55.163  14.372 0.0000000000
126875  -7.293  -51.809  22.598 0.0000000000
126883  -6.306  -60.149  24.964 0.0000000000
126884  -6.232  -60.090  24.533 0.0000000000
126885  -6.152  -60.034  24.096 0.0000000000
126886  -6.081  -59.946  23.694 0.0000000000
126894  -4.227  -61.264  19.887 0.0000000000
126895  -4.440  -60.446  19.866 0.0000000000
126896  -4.872  -59.643  19.904 0.0000000000
126897  -5.501  -58.850  19.955 0.0000000000
126898  -6.256  -58.045  20.029 0.0000000000
126899  -5.456  -58.727  19.513 0.0000000000
126900  -5.455  -58.601  19.104 0.0000000000
126901  -5.380  -58.501  18.684 0.0000000000
126902  -4.467  -59.957  18.042 0.0000000000
126903  -4.816  -59.141  18.127 0.0000000000
126904  -5.365  -58.323  18.240 0.0000000000
126905  -5.268  -58.180  17.832 0.0000000000
126906  -5.248  -58.069  17.383 0.0000000000
126907  -5.225  -57.926  16.929 0.0000000000
126908  -5.179  -57.763  16.527 0.0000000000
126909  -4.757  -58.596  16.320 0.0000000000
126910  -4.548  -59.221  15.768 0.0000000000
126911  -4.603  -59.761  15.300 0.0000000000
136455  -6.794  -52.366  10.715 0.0000000000
136456  -6.643  -53.139  10.423 0.0000000000
136457  -6.463  -53.882  10.168 0.0000000000
136458  -6.345  -54.492  10.013 0.0000000000
136460  -6.741  -52.232  13.186 0.0000000000
136461  -6.743  -52.958  12.457 0.0000000000
136462  -6.516  -53.800  12.680 0.0000000000
136463  -6.508  -53.668  12.177 0.0000000000
136464  -6.526  -53.557  11.706 0.0000000000
136465  -6.286  -54.081  11.040 0.0000000000
136466  -6.223  -54.612  10.452 0.0000000000
143121  -4.930  -50.140  19.348 0.0000000000
159303  -4.651  -49.913  20.355 0.0000000000
159304  -5.027  -50.344  19.774 0.0000000000
159305  -5.510  -50.724  19.212 0.0000000000
159338  -4.520  -61.989  23.286 0.0000000000
159339  -4.881  -61.234  23.341 0.0000000000
159340  -5.392  -60.528  23.326 0.0000000000
159341  -6.005  -59.863  23.264 0.0000000000
159344  -4.307  -61.634  21.690 0.0000000000
159345  -4.510  -60.818  21.290 0.0000000000
159346  -4.568  -60.883  21.708 0.0000000000
159347  -4.580  -60.954  22.138 0.0000000000
159348  -5.237  -60.341  22.491 0.0000000000
159349  -5.942  -59.738  22.827 0.0000000000
159350  -6.718  -59.207  23.195 0.0000000000
159351  -7.528  -58.561  23.157 0.0000000000
159352  -8.349  -57.883  23.155 0.0000000000
159354  -8.204  -57.542  22.375 0.0000000000
159355  -8.940  -56.920  22.754 0.0000000000
159359  -9.737  -53.280  23.781 0.0000000000
159360  -9.432  -53.105  23.576 0.0000000000
159361  -9.196  -52.891  23.385 0.0000000000
159362  -8.921  -52.771  23.144 0.0000000000
159363  -9.331  -54.476  22.074 0.0000000000
159364  -9.194  -53.404  22.473 0.0000000000
159365  -8.633  -52.635  22.839 0.0000000000
159366  -8.375  -52.475  22.527 0.0000000000
159367  -8.121  -52.342  22.195 0.0000000000
159368  -7.918  -52.158  21.839 0.0000000000
159369  -6.986  -57.240  20.115 0.0000000000
159370  -7.664  -56.415  20.202 0.0000000000
159371  -8.315  -55.541  20.282 0.0000000000
159372  -7.527  -56.084  19.374 0.0000000000
159373  -8.172  -55.363  19.884 0.0000000000
159374  -8.681  -54.631  20.435 0.0000000000
159375  -8.692  -53.601  20.741 0.0000000000
159376  -8.330  -52.715  21.086 0.0000000000
159377  -7.653  -52.010  21.478 0.0000000000
159378  -7.422  -51.836  21.135 0.0000000000
159379  -7.206  -51.706  20.724 0.0000000000
159380  -6.955  -51.568  20.309 0.0000000000
159381  -8.027  -52.988  19.233 0.0000000000
159382  -7.508  -52.102  19.589 0.0000000000
159383  -6.743  -51.430  19.884 0.0000000000
159384  -6.516  -51.290  19.434 0.0000000000
159385  -6.321  -51.197  19.034 0.0000000000
159386  -6.140  -51.121  18.609 0.0000000000
159387  -6.729  -51.564  18.044 0.0000000000
159388  -7.093  -52.203  17.376 0.0000000000
159389  -7.286  -52.967  16.675 0.0000000000
159390  -7.441  -54.260  16.752 0.0000000000
159391  -7.285  -54.034  16.385 0.0000000000
159392  -7.183  -53.808  16.013 0.0000000000
159393  -6.732  -54.659  15.387 0.0000000000
159394  -6.179  -55.360  14.757 0.0000000000
159395  -5.713  -55.951  14.132 0.0000000000
159396  -5.176  -57.589  16.093 0.0000000000
159397  -5.125  -57.382  15.614 0.0000000000
159398  -5.179  -57.208  15.217 0.0000000000
159399  -4.706  -58.658  14.502 0.0000000000
159400  -4.840  -57.842  14.578 0.0000000000
159401  -5.185  -57.025  14.814 0.0000000000
159402  -5.246  -56.898  14.367 0.0000000000
159403  -5.304  -56.734  13.899 0.0000000000
159404  -5.357  -56.536  13.476 0.0000000000
159405  -5.174  -57.078  12.844 0.0000000000
