#!ascii label  , from subject fsaverage vox2ras=TkReg
679
63  -48.559  -28.224  19.329 0.0000000000
402  -53.279  -20.340  21.848 0.0000000000
544  -50.337  -32.704  24.335 0.0000000000
545  -46.197  -42.804  22.073 0.0000000000
1200  -53.585  -27.666  17.849 0.0000000000
1201  -55.819  -30.193  20.392 0.0000000000
1202  -50.101  -31.677  19.054 0.0000000000
1204  -42.852  -39.687  21.880 0.0000000000
1657  -44.605  -33.147  17.911 0.0000000000
1897  -55.576  -24.891  20.576 0.0000000000
2275  -44.676  -34.486  23.131 0.0000000000
2276  -45.597  -38.327  25.748 0.0000000000
2278  -50.053  -45.235  22.305 0.0000000000
3120  -50.929  -27.892  18.460 0.0000000000
3121  -51.995  -29.502  17.416 0.0000000000
3122  -49.322  -29.950  17.745 0.0000000000
4165  -54.907  -20.662  22.531 0.0000000000
4167  -54.064  -23.030  21.762 0.0000000000
4168  -53.657  -25.136  20.867 0.0000000000
5043  -53.304  -31.353  22.427 0.0000000000
5049  -44.850  -34.126  20.196 0.0000000000
5051  -44.469  -41.208  22.004 0.0000000000
5052  -43.894  -39.092  24.126 0.0000000000
5053  -45.248  -41.140  24.305 0.0000000000
5055  -46.724  -43.011  24.488 0.0000000000
5056  -48.413  -44.421  24.681 0.0000000000
5057  -48.120  -44.149  22.047 0.0000000000
6768  -56.431  -27.426  17.987 0.0000000000
6769  -57.870  -29.017  18.888 0.0000000000
6770  -54.819  -29.203  17.927 0.0000000000
6771  -52.870  -30.771  19.782 0.0000000000
6772  -50.200  -32.013  21.956 0.0000000000
7705  -46.716  -30.325  18.164 0.0000000000
8303  -57.336  -26.099  19.386 0.0000000000
8304  -54.995  -26.364  19.205 0.0000000000
8305  -52.565  -26.748  19.714 0.0000000000
8306  -50.165  -26.750  20.484 0.0000000000
9385  -47.451  -32.620  18.405 0.0000000000
9386  -47.512  -33.112  21.260 0.0000000000
9387  -47.461  -33.482  23.972 0.0000000000
9388  -42.846  -37.120  23.517 0.0000000000
9389  -44.857  -35.998  25.007 0.0000000000
9390  -47.424  -35.134  25.680 0.0000000000
10800  -49.695  -28.033  18.884 0.0000000000
10801  -50.100  -28.751  17.910 0.0000000000
10802  -48.850  -29.041  18.347 0.0000000000
11845  -54.108  -20.406  22.200 0.0000000000
11846  -54.416  -21.860  22.253 0.0000000000
11847  -53.536  -21.692  22.096 0.0000000000
11848  -53.200  -22.944  21.793 0.0000000000
11849  -52.731  -21.575  21.987 0.0000000000
12723  -51.851  -31.921  23.439 0.0000000000
12724  -53.458  -31.860  23.555 0.0000000000
12731  -45.319  -41.990  22.070 0.0000000000
12732  -44.742  -41.220  23.221 0.0000000000
12733  -45.571  -42.183  23.266 0.0000000000
12734  -45.947  -42.108  24.422 0.0000000000
12735  -46.418  -42.987  23.352 0.0000000000
12736  -47.261  -43.715  23.311 0.0000000000
12737  -47.155  -43.502  22.026 0.0000000000
15120  -54.987  -27.576  17.821 0.0000000000
15121  -55.704  -28.390  17.734 0.0000000000
15122  -54.213  -28.426  17.479 0.0000000000
15123  -51.116  -30.607  18.124 0.0000000000
15124  -52.459  -30.317  18.400 0.0000000000
15125  -51.506  -31.211  19.425 0.0000000000
15126  -51.552  -31.465  20.792 0.0000000000
15127  -50.195  -31.981  20.443 0.0000000000
18258  -55.614  -24.011  21.218 0.0000000000
18260  -56.459  -24.723  20.624 0.0000000000
18261  -57.394  -25.406  20.068 0.0000000000
18262  -56.421  -25.511  19.955 0.0000000000
18263  -56.192  -26.226  19.174 0.0000000000
18264  -55.435  -25.670  19.973 0.0000000000
18265  -52.587  -25.175  21.199 0.0000000000
18266  -53.213  -25.955  20.411 0.0000000000
20888  -56.981  -29.628  19.498 0.0000000000
20890  -57.459  -30.132  20.759 0.0000000000
20903  -45.722  -31.779  17.668 0.0000000000
20904  -47.122  -31.606  17.703 0.0000000000
20905  -46.069  -32.887  18.043 0.0000000000
20906  -44.748  -34.215  21.743 0.0000000000
20907  -46.138  -33.665  20.726 0.0000000000
20908  -46.100  -33.702  22.189 0.0000000000
20909  -47.480  -33.159  22.680 0.0000000000
20910  -46.042  -33.945  23.579 0.0000000000
20914  -44.650  -38.702  25.044 0.0000000000
20915  -44.125  -37.559  24.788 0.0000000000
20916  -45.181  -37.130  25.411 0.0000000000
20917  -46.121  -35.518  25.453 0.0000000000
20918  -46.330  -36.728  25.930 0.0000000000
20919  -47.530  -36.400  26.205 0.0000000000
20920  -46.631  -37.967  26.295 0.0000000000
20928  -49.140  -44.982  23.420 0.0000000000
24048  -52.277  -27.753  18.032 0.0000000000
24049  -52.798  -28.517  17.418 0.0000000000
24050  -51.434  -28.612  17.574 0.0000000000
24051  -50.593  -29.739  17.567 0.0000000000
24052  -49.757  -30.942  17.962 0.0000000000
25932  -54.959  -23.067  21.892 0.0000000000
25933  -54.743  -24.109  21.221 0.0000000000
25934  -54.612  -25.004  20.711 0.0000000000
25935  -53.829  -24.133  21.292 0.0000000000
25936  -52.897  -24.124  21.483 0.0000000000
27509  -54.572  -30.810  21.404 0.0000000000
27511  -54.906  -31.267  22.600 0.0000000000
27519  -44.836  -33.927  18.822 0.0000000000
27520  -43.612  -34.590  19.654 0.0000000000
27521  -43.463  -34.718  21.220 0.0000000000
27522  -43.430  -35.034  22.556 0.0000000000
27523  -43.633  -40.441  21.945 0.0000000000
27524  -43.279  -39.414  23.057 0.0000000000
27525  -44.003  -40.318  23.177 0.0000000000
27526  -44.531  -40.113  24.233 0.0000000000
27527  -45.208  -39.834  25.172 0.0000000000
27528  -46.048  -39.519  25.992 0.0000000000
27529  -45.843  -40.981  25.280 0.0000000000
27530  -46.436  -41.983  25.517 0.0000000000
27531  -47.164  -42.879  25.664 0.0000000000
27533  -47.559  -43.773  24.655 0.0000000000
27534  -48.194  -44.356  23.401 0.0000000000
27535  -49.025  -44.718  22.150 0.0000000000
29932  -54.927  -19.247  21.843 0.0000000000
31152  -57.830  -27.367  18.334 0.0000000000
31153  -58.586  -28.206  18.601 0.0000000000
31154  -57.149  -28.297  18.061 0.0000000000
31155  -56.321  -29.104  18.384 0.0000000000
31156  -55.357  -29.757  19.046 0.0000000000
31157  -53.350  -29.362  17.560 0.0000000000
31158  -53.884  -30.004  18.680 0.0000000000
31159  -54.303  -30.413  20.089 0.0000000000
31160  -53.063  -31.050  21.081 0.0000000000
31161  -51.697  -31.598  22.192 0.0000000000
31162  -50.340  -32.167  23.257 0.0000000000
31172  -45.162  -41.777  20.880 0.0000000000
31173  -46.096  -42.460  20.895 0.0000000000
31174  -47.107  -43.111  20.783 0.0000000000
33529  -47.695  -29.247  18.721 0.0000000000
33530  -46.646  -29.424  19.169 0.0000000000
33531  -45.567  -30.594  18.418 0.0000000000
33532  -44.448  -31.993  17.872 0.0000000000
33534  -43.341  -32.186  18.255 0.0000000000
35201  -58.154  -26.586  18.955 0.0000000000
35202  -56.990  -26.737  18.617 0.0000000000
35203  -55.687  -26.839  18.435 0.0000000000
35204  -54.362  -27.009  18.428 0.0000000000
35205  -54.311  -25.788  20.126 0.0000000000
35206  -53.795  -26.536  19.418 0.0000000000
35207  -53.084  -27.212  18.675 0.0000000000
35208  -51.780  -27.271  19.001 0.0000000000
35209  -50.531  -27.377  19.416 0.0000000000
35210  -49.359  -27.381  19.859 0.0000000000
35219  -53.447  -19.087  20.785 0.0000000000
38395  -48.036  -30.253  17.943 0.0000000000
38396  -48.445  -31.328  17.835 0.0000000000
38397  -48.761  -32.201  18.724 0.0000000000
38398  -46.203  -33.485  19.230 0.0000000000
38399  -47.549  -33.066  19.710 0.0000000000
38400  -48.804  -32.594  20.094 0.0000000000
38401  -48.825  -32.554  21.613 0.0000000000
38402  -48.868  -32.646  23.029 0.0000000000
38403  -48.878  -33.076  24.185 0.0000000000
38406  -43.527  -35.656  23.664 0.0000000000
38407  -43.323  -37.986  23.986 0.0000000000
38408  -43.769  -36.540  24.405 0.0000000000
38409  -44.695  -35.057  24.253 0.0000000000
38410  -46.006  -34.558  24.722 0.0000000000
38411  -47.377  -34.161  24.993 0.0000000000
38412  -48.770  -33.748  25.193 0.0000000000
38431  -48.002  -43.762  20.793 0.0000000000
38432  -49.012  -44.408  20.953 0.0000000000
41520  -49.117  -28.104  19.109 0.0000000000
41521  -49.292  -28.496  18.583 0.0000000000
41522  -48.722  -28.593  18.782 0.0000000000
42565  -53.706  -20.371  21.996 0.0000000000
42566  -53.819  -21.047  22.158 0.0000000000
42567  -53.372  -20.987  22.117 0.0000000000
42568  -53.140  -21.642  22.038 0.0000000000
42569  -52.993  -20.922  21.946 0.0000000000
43443  -51.076  -32.320  23.886 0.0000000000
43444  -51.889  -32.235  23.929 0.0000000000
43445  -51.101  -32.660  24.373 0.0000000000
43451  -45.762  -42.388  22.085 0.0000000000
43452  -45.421  -42.082  22.678 0.0000000000
43453  -45.844  -42.513  22.695 0.0000000000
43454  -45.995  -42.591  23.316 0.0000000000
43455  -46.286  -42.933  22.699 0.0000000000
43456  -46.753  -43.293  22.710 0.0000000000
43457  -46.666  -43.158  22.059 0.0000000000
45840  -54.286  -27.625  17.787 0.0000000000
45841  -54.611  -27.992  17.587 0.0000000000
45842  -53.886  -28.007  17.573 0.0000000000
45843  -50.617  -31.160  18.601 0.0000000000
45844  -51.310  -30.997  18.750 0.0000000000
45845  -50.785  -31.446  19.240 0.0000000000
45846  -50.872  -31.623  19.921 0.0000000000
45847  -50.165  -31.910  19.698 0.0000000000
48978  -55.588  -24.482  20.901 0.0000000000
48979  -56.007  -24.378  20.916 0.0000000000
48980  -56.001  -24.798  20.591 0.0000000000
48981  -56.448  -25.131  20.283 0.0000000000
48982  -55.988  -25.210  20.257 0.0000000000
48983  -55.956  -25.602  19.914 0.0000000000
48984  -55.552  -25.289  20.258 0.0000000000
51608  -56.401  -29.902  19.899 0.0000000000
51609  -57.247  -29.872  20.153 0.0000000000
51623  -45.168  -32.456  17.712 0.0000000000
51624  -45.914  -32.357  17.717 0.0000000000
51625  -45.348  -33.003  17.931 0.0000000000
51626  -44.691  -34.330  22.446 0.0000000000
51627  -45.429  -33.958  21.990 0.0000000000
51628  -45.366  -34.045  22.698 0.0000000000
51629  -46.075  -33.789  22.886 0.0000000000
51630  -45.328  -34.179  23.404 0.0000000000
51634  -45.094  -38.524  25.400 0.0000000000
51635  -44.865  -37.938  25.281 0.0000000000
51636  -45.380  -37.729  25.594 0.0000000000
51637  -45.747  -36.871  25.706 0.0000000000
51638  -45.940  -37.484  25.922 0.0000000000
51639  -46.482  -37.336  26.125 0.0000000000
51640  -46.079  -38.130  26.046 0.0000000000
51648  -49.573  -45.120  22.847 0.0000000000
51649  -49.650  -45.305  23.470 0.0000000000
51650  -50.091  -45.414  22.881 0.0000000000
55440  -51.587  -27.831  18.238 0.0000000000
55441  -51.880  -28.143  17.754 0.0000000000
55442  -51.187  -28.219  17.961 0.0000000000
55443  -49.694  -29.322  17.777 0.0000000000
55444  -50.324  -29.238  17.639 0.0000000000
55445  -49.929  -29.864  17.606 0.0000000000
55446  -50.195  -30.334  17.716 0.0000000000
55447  -49.548  -30.433  17.723 0.0000000000
58578  -54.216  -22.401  22.025 0.0000000000
58579  -54.649  -22.488  22.101 0.0000000000
58580  -54.480  -23.045  21.785 0.0000000000
58581  -54.820  -23.596  21.511 0.0000000000
58582  -54.364  -23.611  21.507 0.0000000000
58583  -54.301  -24.117  21.251 0.0000000000
58584  -53.937  -23.605  21.520 0.0000000000
58586  -53.027  -23.552  21.636 0.0000000000
61208  -53.939  -31.078  21.939 0.0000000000
61209  -54.724  -31.029  22.076 0.0000000000
61210  -54.104  -31.290  22.520 0.0000000000
61224  -43.592  -34.504  18.980 0.0000000000
61229  -43.424  -34.853  21.904 0.0000000000
61230  -42.844  -35.357  22.254 0.0000000000
61231  -44.047  -40.823  21.984 0.0000000000
61232  -43.807  -40.376  22.565 0.0000000000
61233  -44.197  -40.800  22.626 0.0000000000
61234  -44.972  -41.190  23.769 0.0000000000
61235  -44.588  -40.683  23.749 0.0000000000
61236  -44.872  -40.611  24.285 0.0000000000
61237  -44.851  -39.990  24.753 0.0000000000
61238  -45.191  -40.519  24.783 0.0000000000
61239  -45.534  -40.399  25.217 0.0000000000
61240  -45.542  -41.057  24.841 0.0000000000
61241  -46.312  -42.563  24.477 0.0000000000
61242  -46.192  -42.076  24.983 0.0000000000
61243  -46.522  -42.536  25.023 0.0000000000
61244  -46.783  -42.452  25.581 0.0000000000
61245  -46.915  -42.989  25.093 0.0000000000
61246  -47.307  -43.359  25.190 0.0000000000
61247  -47.148  -43.416  24.548 0.0000000000
61248  -47.700  -43.962  22.678 0.0000000000
61249  -47.715  -44.058  23.361 0.0000000000
61250  -48.139  -44.265  22.733 0.0000000000
61251  -48.594  -44.568  22.750 0.0000000000
61252  -48.544  -44.449  22.127 0.0000000000
68400  -57.176  -27.412  18.113 0.0000000000
68401  -57.569  -27.796  18.120 0.0000000000
68402  -56.805  -27.873  17.920 0.0000000000
68403  -55.283  -28.783  17.781 0.0000000000
68404  -56.028  -28.752  17.955 0.0000000000
68405  -55.584  -29.136  18.158 0.0000000000
68406  -55.836  -29.446  18.697 0.0000000000
68407  -55.074  -29.500  18.441 0.0000000000
68408  -52.415  -28.995  17.317 0.0000000000
68409  -53.098  -28.940  17.346 0.0000000000
68410  -52.661  -29.416  17.487 0.0000000000
68411  -52.685  -30.586  19.097 0.0000000000
68412  -53.168  -30.155  18.557 0.0000000000
68413  -53.400  -30.409  19.239 0.0000000000
68414  -54.113  -30.249  19.383 0.0000000000
68415  -53.584  -30.606  19.934 0.0000000000
68416  -53.712  -30.730  20.573 0.0000000000
68417  -52.980  -30.930  20.408 0.0000000000
68418  -50.848  -31.773  21.334 0.0000000000
68419  -51.606  -31.538  21.498 0.0000000000
68420  -50.930  -31.787  22.039 0.0000000000
68421  -51.019  -31.851  22.741 0.0000000000
68422  -50.284  -32.038  22.634 0.0000000000
68446  -46.599  -42.573  20.257 0.0000000000
73802  -46.576  -28.996  19.685 0.0000000000
73806  -45.029  -31.328  18.093 0.0000000000
73807  -44.452  -31.404  18.256 0.0000000000
77823  -57.390  -25.774  19.717 0.0000000000
77824  -57.823  -25.690  19.879 0.0000000000
77825  -57.830  -26.046  19.519 0.0000000000
77826  -58.234  -26.292  19.325 0.0000000000
77827  -57.762  -26.345  19.160 0.0000000000
77828  -57.613  -26.685  18.774 0.0000000000
77829  -57.182  -26.405  19.007 0.0000000000
77830  -55.622  -26.296  19.170 0.0000000000
77831  -55.954  -26.560  18.775 0.0000000000
77832  -55.330  -26.609  18.795 0.0000000000
77833  -55.000  -26.929  18.387 0.0000000000
77834  -54.703  -26.678  18.821 0.0000000000
77835  -54.124  -25.048  20.783 0.0000000000
77836  -54.493  -25.439  20.457 0.0000000000
77837  -53.981  -25.482  20.515 0.0000000000
77838  -52.916  -26.375  20.125 0.0000000000
77839  -53.498  -26.269  19.945 0.0000000000
77840  -53.170  -26.664  19.573 0.0000000000
77841  -53.459  -26.919  19.048 0.0000000000
77842  -52.812  -27.000  19.157 0.0000000000
77843  -52.428  -27.261  18.811 0.0000000000
77844  -52.180  -27.039  19.347 0.0000000000
77846  -50.934  -27.094  19.777 0.0000000000
77847  -50.340  -27.086  19.959 0.0000000000
77848  -49.928  -27.380  19.611 0.0000000000
77849  -49.785  -27.085  20.178 0.0000000000
85703  -58.266  -28.636  18.651 0.0000000000
85706  -58.886  -29.835  20.546 0.0000000000
85711  -56.378  -31.086  22.190 0.0000000000
85748  -47.261  -29.788  18.472 0.0000000000
85749  -47.851  -29.726  18.286 0.0000000000
85750  -47.416  -30.323  18.063 0.0000000000
85751  -47.316  -32.180  17.942 0.0000000000
85752  -47.775  -31.474  17.708 0.0000000000
85753  -47.999  -32.053  18.008 0.0000000000
85754  -48.631  -31.825  18.179 0.0000000000
85755  -48.114  -32.437  18.570 0.0000000000
85756  -44.895  -34.071  19.465 0.0000000000
85757  -45.563  -33.724  19.033 0.0000000000
85758  -45.502  -33.841  19.708 0.0000000000
85759  -46.822  -33.399  20.996 0.0000000000
85760  -46.842  -33.378  20.229 0.0000000000
85761  -47.510  -33.149  20.478 0.0000000000
85762  -48.173  -32.860  19.938 0.0000000000
85763  -48.174  -32.883  20.690 0.0000000000
85764  -48.843  -32.622  20.862 0.0000000000
85765  -48.169  -32.860  21.463 0.0000000000
85766  -47.476  -33.268  23.345 0.0000000000
85767  -48.182  -32.900  22.939 0.0000000000
85768  -48.203  -33.046  23.550 0.0000000000
85769  -48.892  -32.833  23.637 0.0000000000
85770  -48.184  -33.278  24.102 0.0000000000
85777  -42.969  -35.975  23.300 0.0000000000
85778  -43.116  -36.390  23.691 0.0000000000
85779  -43.567  -39.228  23.635 0.0000000000
85780  -43.251  -38.705  23.549 0.0000000000
85781  -43.599  -38.522  24.088 0.0000000000
85782  -44.448  -36.785  24.947 0.0000000000
85783  -43.917  -37.019  24.652 0.0000000000
85784  -44.295  -36.258  24.718 0.0000000000
85785  -44.184  -35.767  24.400 0.0000000000
85786  -44.772  -35.476  24.686 0.0000000000
85787  -45.345  -34.787  24.518 0.0000000000
85788  -45.381  -35.222  24.907 0.0000000000
85789  -46.744  -35.346  25.603 0.0000000000
85790  -46.711  -34.807  25.280 0.0000000000
85791  -47.357  -34.598  25.407 0.0000000000
85792  -48.089  -33.907  25.080 0.0000000000
85793  -48.067  -34.364  25.467 0.0000000000
85794  -48.697  -34.260  25.551 0.0000000000
85795  -48.032  -34.882  25.743 0.0000000000
85796  -47.623  -37.032  26.472 0.0000000000
85839  -47.575  -43.433  20.786 0.0000000000
85843  -49.596  -44.372  20.428 0.0000000000
85844  -49.550  -44.631  21.029 0.0000000000
85845  -50.112  -44.596  20.510 0.0000000000
93168  -50.280  -27.957  18.663 0.0000000000
93169  -50.508  -28.264  18.153 0.0000000000
93170  -49.883  -28.378  18.339 0.0000000000
93171  -49.464  -28.895  18.120 0.0000000000
93172  -49.073  -29.484  17.966 0.0000000000
95049  -54.532  -20.532  22.349 0.0000000000
95050  -54.654  -21.300  22.460 0.0000000000
95051  -54.247  -21.173  22.314 0.0000000000
95052  -53.985  -21.729  22.141 0.0000000000
95053  -53.786  -22.383  21.966 0.0000000000
95054  -53.623  -23.009  21.776 0.0000000000
95055  -53.348  -22.346  21.966 0.0000000000
95056  -52.945  -22.321  21.947 0.0000000000
96629  -52.615  -31.596  22.931 0.0000000000
96630  -53.434  -31.573  22.993 0.0000000000
96631  -52.669  -31.862  23.475 0.0000000000
96632  -52.651  -32.231  23.982 0.0000000000
96643  -44.885  -41.586  22.020 0.0000000000
96644  -44.609  -41.231  22.628 0.0000000000
96645  -45.014  -41.658  22.659 0.0000000000
96646  -45.146  -41.691  23.241 0.0000000000
96647  -45.373  -41.682  23.800 0.0000000000
96648  -45.626  -41.629  24.365 0.0000000000
96649  -45.755  -42.140  23.848 0.0000000000
96650  -46.131  -42.574  23.909 0.0000000000
96651  -46.544  -43.003  23.941 0.0000000000
96652  -46.973  -43.403  23.907 0.0000000000
96653  -46.833  -43.358  23.340 0.0000000000
96654  -47.229  -43.660  22.639 0.0000000000
96655  -47.635  -43.839  22.012 0.0000000000
100944  -55.706  -27.484  17.904 0.0000000000
100945  -56.069  -27.908  17.811 0.0000000000
100946  -55.354  -27.959  17.654 0.0000000000
100947  -54.938  -28.389  17.586 0.0000000000
100948  -54.542  -28.849  17.595 0.0000000000
100949  -51.581  -30.052  17.720 0.0000000000
100950  -52.226  -29.920  17.784 0.0000000000
100951  -51.807  -30.461  18.259 0.0000000000
100952  -52.010  -30.769  18.921 0.0000000000
100953  -52.162  -30.960  19.594 0.0000000000
100954  -52.242  -31.100  20.259 0.0000000000
100955  -51.527  -31.352  20.093 0.0000000000
100956  -50.844  -31.724  20.625 0.0000000000
100957  -50.172  -32.011  21.216 0.0000000000
106592  -55.729  -23.547  21.624 0.0000000000
106598  -56.909  -25.082  20.310 0.0000000000
106599  -56.917  -25.458  19.988 0.0000000000
106600  -56.880  -25.826  19.635 0.0000000000
106601  -56.763  -26.146  19.249 0.0000000000
106602  -56.359  -25.886  19.567 0.0000000000
106603  -55.837  -25.960  19.554 0.0000000000
106604  -55.263  -26.019  19.610 0.0000000000
106605  -53.144  -25.130  21.025 0.0000000000
106606  -53.461  -25.544  20.664 0.0000000000
106607  -52.917  -25.593  20.815 0.0000000000
106608  -52.652  -26.028  20.562 0.0000000000
106609  -52.303  -26.445  20.245 0.0000000000
106610  -51.940  -26.799  19.933 0.0000000000
111326  -57.438  -29.346  19.162 0.0000000000
111328  -57.794  -29.593  19.795 0.0000000000
111329  -58.078  -29.802  20.350 0.0000000000
111330  -58.313  -30.131  20.905 0.0000000000
111353  -46.259  -31.087  17.860 0.0000000000
111354  -46.933  -30.994  17.756 0.0000000000
111355  -46.433  -31.682  17.652 0.0000000000
111356  -46.629  -32.275  17.769 0.0000000000
111357  -46.786  -32.790  18.181 0.0000000000
111358  -44.825  -34.139  20.967 0.0000000000
111359  -45.476  -33.882  20.455 0.0000000000
111360  -45.463  -33.909  21.236 0.0000000000
111361  -46.148  -33.653  21.486 0.0000000000
111362  -46.820  -33.387  21.743 0.0000000000
111363  -47.491  -33.124  21.993 0.0000000000
111364  -46.784  -33.439  22.441 0.0000000000
111365  -46.780  -33.502  23.116 0.0000000000
111366  -46.739  -33.698  23.809 0.0000000000
111371  -42.661  -37.848  23.227 0.0000000000
111372  -44.246  -38.909  24.586 0.0000000000
111373  -43.983  -38.366  24.535 0.0000000000
111374  -44.389  -38.130  24.946 0.0000000000
111375  -44.643  -37.336  25.116 0.0000000000
111376  -45.016  -36.525  25.219 0.0000000000
111377  -45.465  -35.732  25.214 0.0000000000
111378  -45.605  -36.287  25.476 0.0000000000
111379  -46.186  -36.134  25.708 0.0000000000
111380  -46.834  -35.943  25.841 0.0000000000
111381  -47.468  -35.744  25.936 0.0000000000
111382  -46.928  -36.544  26.072 0.0000000000
111383  -47.056  -37.192  26.306 0.0000000000
111398  -48.756  -44.716  24.003 0.0000000000
117552  -52.947  -27.717  17.946 0.0000000000
117553  -53.178  -28.035  17.603 0.0000000000
117554  -52.542  -28.104  17.655 0.0000000000
117555  -52.106  -28.563  17.440 0.0000000000
117556  -51.703  -29.057  17.368 0.0000000000
117557  -50.750  -28.640  17.709 0.0000000000
117558  -50.990  -29.131  17.484 0.0000000000
117559  -51.291  -29.612  17.443 0.0000000000
117560  -50.881  -30.191  17.725 0.0000000000
117561  -50.429  -30.781  18.065 0.0000000000
117562  -49.959  -31.396  18.452 0.0000000000
121946  -54.814  -21.961  22.396 0.0000000000
121948  -55.414  -23.060  21.932 0.0000000000
121949  -55.303  -23.566  21.568 0.0000000000
121950  -55.203  -24.068  21.213 0.0000000000
121951  -55.157  -24.526  20.901 0.0000000000
121952  -55.117  -24.949  20.571 0.0000000000
121953  -54.701  -24.563  20.940 0.0000000000
121954  -54.211  -24.571  21.029 0.0000000000
121955  -53.749  -24.636  21.094 0.0000000000
121956  -53.490  -23.546  21.562 0.0000000000
121957  -53.380  -24.149  21.386 0.0000000000
121958  -53.281  -24.689  21.223 0.0000000000
121959  -52.788  -24.646  21.336 0.0000000000
121960  -52.198  -24.622  21.514 0.0000000000
125627  -55.177  -30.504  20.952 0.0000000000
125629  -55.367  -30.779  21.579 0.0000000000
125630  -55.556  -31.027  22.131 0.0000000000
125631  -55.730  -31.326  22.683 0.0000000000
125632  -54.207  -31.551  23.067 0.0000000000
125633  -55.025  -31.566  23.147 0.0000000000
125649  -44.735  -33.621  18.298 0.0000000000
125650  -44.163  -34.147  18.596 0.0000000000
125651  -44.257  -34.289  19.185 0.0000000000
125652  -44.222  -34.359  19.943 0.0000000000
125654  -43.539  -34.657  20.461 0.0000000000
125655  -44.174  -34.397  20.712 0.0000000000
125656  -44.110  -34.466  21.462 0.0000000000
125657  -44.055  -34.587  22.178 0.0000000000
125658  -44.036  -34.758  22.844 0.0000000000
125659  -43.245  -40.077  21.912 0.0000000000
125660  -43.073  -39.551  22.472 0.0000000000
125661  -43.438  -39.984  22.517 0.0000000000
125662  -43.645  -39.877  23.146 0.0000000000
125663  -43.906  -39.764  23.677 0.0000000000
125664  -44.362  -40.762  23.190 0.0000000000
125665  -44.253  -40.227  23.705 0.0000000000
125666  -44.208  -39.616  24.175 0.0000000000
125667  -44.530  -39.449  24.669 0.0000000000
125668  -44.913  -39.271  25.110 0.0000000000
125669  -45.360  -39.101  25.508 0.0000000000
125670  -45.818  -38.926  25.872 0.0000000000
125671  -45.630  -39.673  25.592 0.0000000000
125672  -45.899  -40.257  25.678 0.0000000000
125673  -46.171  -40.828  25.780 0.0000000000
125674  -45.878  -41.583  24.919 0.0000000000
125675  -46.144  -41.496  25.430 0.0000000000
125677  -46.733  -41.866  26.034 0.0000000000
125678  -47.062  -42.326  26.096 0.0000000000
125682  -47.723  -43.712  25.270 0.0000000000
125683  -47.955  -44.072  24.680 0.0000000000
125684  -47.408  -43.776  23.983 0.0000000000
125685  -47.833  -44.087  24.034 0.0000000000
125686  -48.282  -44.391  24.024 0.0000000000
125687  -48.676  -44.657  23.349 0.0000000000
125688  -49.085  -44.833  22.750 0.0000000000
125689  -49.533  -44.977  22.214 0.0000000000
131714  -54.850  -19.920  22.336 0.0000000000
131715  -54.474  -19.802  22.070 0.0000000000
131717  -53.651  -19.718  21.627 0.0000000000
135024  -58.447  -27.341  18.585 0.0000000000
135025  -58.853  -27.765  18.646 0.0000000000
135026  -58.196  -27.803  18.372 0.0000000000
135027  -57.899  -28.223  18.314 0.0000000000
135028  -57.514  -28.672  18.404 0.0000000000
135029  -56.416  -28.344  17.881 0.0000000000
135030  -56.755  -28.724  18.148 0.0000000000
135031  -57.101  -29.056  18.614 0.0000000000
135032  -56.647  -29.383  18.895 0.0000000000
135033  -56.160  -29.679  19.237 0.0000000000
135034  -55.611  -29.969  19.691 0.0000000000
135035  -53.490  -28.458  17.454 0.0000000000
135036  -53.811  -28.898  17.505 0.0000000000
135037  -54.062  -29.290  17.766 0.0000000000
135038  -52.905  -29.820  17.938 0.0000000000
135039  -53.623  -29.729  18.071 0.0000000000
135040  -54.310  -29.594  18.202 0.0000000000
135041  -54.595  -29.840  18.786 0.0000000000
135042  -54.837  -30.093  19.540 0.0000000000
135043  -55.071  -30.250  20.202 0.0000000000
135044  -54.448  -30.587  20.740 0.0000000000
135045  -53.822  -30.896  21.231 0.0000000000
135046  -53.170  -31.173  21.788 0.0000000000
135047  -52.293  -31.259  20.963 0.0000000000
135048  -52.370  -31.329  21.662 0.0000000000
135049  -52.493  -31.439  22.329 0.0000000000
135050  -51.797  -31.711  22.855 0.0000000000
135051  -51.045  -32.050  23.362 0.0000000000
135052  -50.304  -32.434  23.838 0.0000000000
135072  -43.079  -40.174  21.302 0.0000000000
135073  -43.492  -40.506  21.340 0.0000000000
135074  -43.922  -40.840  21.366 0.0000000000
135075  -44.377  -41.200  21.365 0.0000000000
135077  -44.742  -41.464  20.798 0.0000000000
135078  -44.778  -41.515  21.400 0.0000000000
135079  -45.225  -41.882  21.453 0.0000000000
135080  -45.686  -42.256  21.481 0.0000000000
135081  -46.154  -42.636  21.465 0.0000000000
135082  -46.609  -42.995  21.421 0.0000000000
135083  -46.596  -42.787  20.804 0.0000000000
135084  -47.102  -42.910  20.250 0.0000000000
141721  -48.118  -28.716  19.031 0.0000000000
141723  -47.178  -29.346  18.934 0.0000000000
141724  -46.682  -29.821  18.640 0.0000000000
141725  -46.044  -29.529  19.316 0.0000000000
141726  -46.087  -29.934  18.778 0.0000000000
141727  -46.156  -30.484  18.270 0.0000000000
141728  -45.640  -31.217  17.927 0.0000000000
141729  -45.078  -31.888  17.776 0.0000000000
141730  -44.446  -32.582  17.728 0.0000000000
141733  -43.854  -30.971  19.012 0.0000000000
141735  -43.353  -31.633  18.713 0.0000000000
141736  -43.922  -31.505  18.458 0.0000000000
141737  -43.879  -32.081  18.053 0.0000000000
141738  -43.862  -32.678  17.850 0.0000000000
141739  -43.921  -33.279  17.899 0.0000000000
146615  -58.640  -26.960  18.861 0.0000000000
146616  -58.040  -26.996  18.632 0.0000000000
146617  -57.437  -27.052  18.398 0.0000000000
146618  -56.769  -27.090  18.247 0.0000000000
146619  -56.575  -26.469  18.872 0.0000000000
146620  -56.344  -26.777  18.477 0.0000000000
146621  -56.054  -27.092  18.151 0.0000000000
146622  -55.355  -27.181  18.093 0.0000000000
146623  -54.659  -27.280  18.057 0.0000000000
146624  -53.951  -27.344  18.045 0.0000000000
146625  -55.021  -25.364  20.357 0.0000000000
146626  -54.874  -25.731  20.061 0.0000000000
146627  -54.651  -26.076  19.697 0.0000000000
146628  -53.761  -25.885  20.272 0.0000000000
146629  -54.083  -26.162  19.789 0.0000000000
146630  -54.398  -26.419  19.304 0.0000000000
146631  -54.097  -26.768  18.917 0.0000000000
146632  -53.745  -27.142  18.539 0.0000000000
146633  -53.337  -27.429  18.224 0.0000000000
146634  -52.681  -27.482  18.339 0.0000000000
146635  -52.014  -27.508  18.464 0.0000000000
146636  -51.362  -27.579  18.711 0.0000000000
146637  -51.543  -27.068  19.611 0.0000000000
146638  -51.150  -27.340  19.224 0.0000000000
146639  -50.721  -27.639  18.915 0.0000000000
146640  -50.093  -27.683  19.121 0.0000000000
146641  -49.498  -27.682  19.371 0.0000000000
146642  -48.955  -27.777  19.590 0.0000000000
146668  -53.748  -19.109  21.051 0.0000000000
146669  -53.305  -19.670  21.387 0.0000000000
146696  -52.916  -20.195  21.642 0.0000000000
146720  -49.603  -26.705  20.636 0.0000000000
146721  -49.203  -27.069  20.329 0.0000000000
146722  -48.852  -27.450  20.081 0.0000000000
146723  -48.452  -27.862  19.827 0.0000000000
156145  -48.254  -29.159  18.525 0.0000000000
156146  -48.434  -29.636  18.129 0.0000000000
156147  -48.662  -30.112  17.851 0.0000000000
156148  -47.598  -30.911  17.769 0.0000000000
156149  -48.239  -30.780  17.760 0.0000000000
156150  -48.897  -30.623  17.735 0.0000000000
156151  -49.091  -31.156  17.877 0.0000000000
156152  -49.283  -31.605  18.298 0.0000000000
156153  -49.413  -31.951  18.897 0.0000000000
156154  -45.487  -33.489  18.370 0.0000000000
156155  -46.166  -33.264  18.570 0.0000000000
156156  -46.830  -33.081  18.778 0.0000000000
156157  -46.171  -33.615  19.961 0.0000000000
156158  -46.866  -33.269  19.477 0.0000000000
156159  -47.489  -32.893  19.013 0.0000000000
156160  -48.162  -32.725  19.232 0.0000000000
156161  -48.809  -32.488  19.403 0.0000000000
156162  -49.458  -32.181  19.557 0.0000000000
156163  -49.488  -32.298  20.266 0.0000000000
156164  -49.515  -32.312  21.030 0.0000000000
156165  -49.479  -32.259  21.784 0.0000000000
156166  -48.174  -32.824  22.191 0.0000000000
156167  -48.834  -32.545  22.347 0.0000000000
156168  -49.540  -32.263  22.498 0.0000000000
156169  -49.600  -32.395  23.141 0.0000000000
156170  -49.598  -32.617  23.730 0.0000000000
156171  -49.559  -32.898  24.266 0.0000000000
156178  -42.887  -35.624  22.823 0.0000000000
156179  -43.458  -35.306  23.140 0.0000000000
156180  -44.053  -35.004  23.481 0.0000000000
156181  -42.938  -38.914  22.965 0.0000000000
156182  -42.941  -38.249  23.405 0.0000000000
156183  -43.057  -37.553  23.744 0.0000000000
156184  -43.729  -37.810  24.452 0.0000000000
156185  -43.500  -37.285  24.261 0.0000000000
156186  -43.299  -36.821  23.987 0.0000000000
156187  -43.635  -36.072  24.101 0.0000000000
156188  -44.102  -35.348  23.995 0.0000000000
156189  -44.675  -34.724  23.746 0.0000000000
156190  -45.299  -34.437  24.001 0.0000000000
156191  -45.998  -34.204  24.215 0.0000000000
156192  -46.706  -33.992  24.384 0.0000000000
156193  -46.044  -34.956  25.136 0.0000000000
156194  -46.704  -34.355  24.867 0.0000000000
156195  -47.427  -33.783  24.525 0.0000000000
156196  -48.127  -33.545  24.609 0.0000000000
156197  -48.787  -33.381  24.699 0.0000000000
156198  -49.519  -33.227  24.786 0.0000000000
156202  -48.089  -35.565  26.029 0.0000000000
156208  -46.291  -38.777  26.202 0.0000000000
156253  -47.108  -43.314  21.398 0.0000000000
156254  -47.570  -43.643  21.388 0.0000000000
156255  -48.054  -43.990  21.410 0.0000000000
156257  -48.485  -44.139  20.945 0.0000000000
156258  -48.535  -44.304  21.469 0.0000000000
156259  -49.002  -44.573  21.553 0.0000000000
156260  -49.507  -44.830  21.600 0.0000000000
