#!ascii label  , from subject fsaverage vox2ras=TkReg
531
189  -10.232  -69.988  52.425 0.0000000000
190  -15.525  -74.441  44.669 0.0000000000
669  -12.749  -67.943  56.029 0.0000000000
670  -13.128  -68.555  49.080 0.0000000000
1494  -11.848  -75.675  46.609 0.0000000000
1495  -12.991  -72.577  48.308 0.0000000000
1496  -16.159  -69.984  46.103 0.0000000000
2589  -14.439  -67.355  57.791 0.0000000000
2590  -14.482  -67.240  54.676 0.0000000000
2593  -13.220  -66.833  59.528 0.0000000000
3449  -9.169  -71.522  51.424 0.0000000000
3450  -10.705  -73.159  49.349 0.0000000000
3451  -11.141  -71.336  49.444 0.0000000000
3452  -14.493  -67.356  48.475 0.0000000000
3453  -14.577  -69.442  47.568 0.0000000000
3462  -8.839  -69.357  54.477 0.0000000000
4237  -13.932  -75.346  46.268 0.0000000000
4238  -13.858  -76.717  45.433 0.0000000000
4239  -15.862  -76.497  44.796 0.0000000000
5813  -11.347  -68.743  54.078 0.0000000000
5814  -11.641  -69.359  50.488 0.0000000000
5815  -12.693  -68.067  52.559 0.0000000000
5816  -14.078  -66.921  51.277 0.0000000000
5817  -15.577  -65.828  50.608 0.0000000000
5821  -11.559  -67.589  58.023 0.0000000000
6286  -16.511  -73.195  42.655 0.0000000000
7326  -9.611  -74.848  46.467 0.0000000000
7327  -10.051  -74.289  48.224 0.0000000000
7328  -12.486  -74.326  47.729 0.0000000000
7329  -14.367  -73.420  46.948 0.0000000000
7330  -13.012  -70.711  48.282 0.0000000000
7331  -14.803  -71.448  47.283 0.0000000000
7332  -15.640  -72.190  45.307 0.0000000000
7333  -16.522  -70.748  43.537 0.0000000000
11129  -9.736  -70.758  51.858 0.0000000000
11130  -10.217  -71.514  50.508 0.0000000000
11131  -10.588  -70.630  50.852 0.0000000000
11132  -15.163  -66.667  48.114 0.0000000000
11133  -15.063  -67.712  47.414 0.0000000000
11140  -10.183  -69.212  54.415 0.0000000000
11142  -9.582  -69.820  53.563 0.0000000000
11143  -9.009  -70.440  52.844 0.0000000000
11917  -14.858  -74.936  45.620 0.0000000000
11918  -14.884  -75.923  45.427 0.0000000000
11919  -15.746  -75.518  44.616 0.0000000000
13529  -12.061  -68.299  55.137 0.0000000000
13530  -12.099  -68.586  53.390 0.0000000000
13531  -12.761  -68.096  54.338 0.0000000000
13532  -15.326  -66.790  53.958 0.0000000000
13533  -14.252  -67.116  52.880 0.0000000000
13534  -15.037  -66.585  52.430 0.0000000000
13535  -14.773  -66.365  50.850 0.0000000000
13536  -15.776  -66.031  52.011 0.0000000000
13540  -13.009  -67.490  57.908 0.0000000000
13541  -12.425  -67.190  58.848 0.0000000000
13542  -12.208  -67.830  57.118 0.0000000000
13543  -11.462  -68.206  56.234 0.0000000000
16110  -8.862  -73.617  48.354 0.0000000000
16111  -8.942  -73.452  49.339 0.0000000000
16112  -11.828  -72.963  48.796 0.0000000000
16113  -11.647  -73.719  48.569 0.0000000000
16114  -12.848  -73.494  48.136 0.0000000000
16115  -13.503  -73.935  47.430 0.0000000000
16116  -13.751  -72.924  47.752 0.0000000000
16117  -12.354  -69.002  49.634 0.0000000000
16118  -12.151  -70.008  49.019 0.0000000000
16119  -12.985  -69.636  48.509 0.0000000000
16120  -15.461  -69.703  46.942 0.0000000000
16121  -14.756  -70.447  47.422 0.0000000000
16122  -15.480  -70.749  46.723 0.0000000000
16123  -15.310  -71.781  46.462 0.0000000000
16124  -15.914  -71.051  45.760 0.0000000000
16125  -16.090  -71.512  44.406 0.0000000000
16126  -16.370  -70.359  44.903 0.0000000000
18472  -10.617  -75.436  46.480 0.0000000000
18473  -10.430  -75.778  45.582 0.0000000000
18474  -11.661  -76.080  45.781 0.0000000000
23093  -13.543  -67.622  56.947 0.0000000000
23094  -13.585  -67.682  55.368 0.0000000000
23095  -14.488  -67.366  56.311 0.0000000000
23096  -15.438  -67.059  55.561 0.0000000000
23101  -13.852  -67.238  58.650 0.0000000000
24642  -9.372  -73.062  49.814 0.0000000000
24643  -9.825  -72.339  50.202 0.0000000000
24644  -10.898  -72.333  49.382 0.0000000000
24645  -12.013  -72.077  48.740 0.0000000000
24646  -13.763  -67.963  48.705 0.0000000000
24647  -13.725  -69.041  48.149 0.0000000000
24648  -14.398  -68.383  47.796 0.0000000000
24649  -15.202  -68.741  47.071 0.0000000000
24650  -16.007  -68.976  46.374 0.0000000000
24665  -7.789  -68.489  53.897 0.0000000000
24666  -8.292  -69.635  53.587 0.0000000000
24667  -8.360  -70.887  52.251 0.0000000000
26059  -13.004  -75.592  46.592 0.0000000000
26060  -12.772  -76.195  45.920 0.0000000000
26061  -13.869  -76.180  45.799 0.0000000000
26062  -15.065  -76.760  45.217 0.0000000000
28925  -10.749  -69.343  53.233 0.0000000000
28926  -11.006  -69.792  51.428 0.0000000000
28927  -11.448  -69.117  52.364 0.0000000000
28928  -12.041  -68.600  51.456 0.0000000000
28929  -12.748  -68.112  50.597 0.0000000000
28930  -13.563  -67.603  53.627 0.0000000000
28931  -13.341  -67.489  51.771 0.0000000000
28932  -13.416  -67.605  50.064 0.0000000000
28933  -14.144  -67.039  49.717 0.0000000000
28934  -14.865  -66.408  49.481 0.0000000000
28945  -10.774  -68.646  55.310 0.0000000000
30028  -16.114  -73.891  43.633 0.0000000000
30029  -16.453  -75.030  43.752 0.0000000000
32503  -8.738  -73.696  47.378 0.0000000000
32504  -9.781  -74.513  47.435 0.0000000000
32505  -10.963  -74.998  47.283 0.0000000000
32506  -10.365  -73.824  48.984 0.0000000000
32507  -11.352  -74.453  47.990 0.0000000000
32508  -12.148  -75.075  47.204 0.0000000000
32509  -13.221  -74.835  47.005 0.0000000000
32510  -14.113  -74.459  46.559 0.0000000000
32511  -14.912  -73.951  45.881 0.0000000000
32512  -11.408  -70.234  49.806 0.0000000000
32513  -12.100  -71.087  48.728 0.0000000000
32514  -13.045  -71.669  48.292 0.0000000000
32515  -13.821  -70.074  47.899 0.0000000000
32516  -13.949  -71.074  47.869 0.0000000000
32517  -13.917  -72.016  47.862 0.0000000000
32518  -14.602  -72.381  47.196 0.0000000000
32519  -15.084  -72.914  46.213 0.0000000000
32520  -15.504  -73.394  44.939 0.0000000000
32521  -15.993  -72.673  43.935 0.0000000000
32522  -16.315  -71.960  42.991 0.0000000000
41849  -10.005  -70.368  52.088 0.0000000000
41850  -10.170  -70.710  51.379 0.0000000000
41851  -10.386  -70.263  51.656 0.0000000000
41860  -10.195  -69.600  53.365 0.0000000000
41861  -9.854  -69.509  53.998 0.0000000000
41862  -9.911  -69.926  52.981 0.0000000000
41863  -9.665  -70.280  52.644 0.0000000000
42637  -15.224  -74.687  45.172 0.0000000000
42638  -15.315  -75.187  45.104 0.0000000000
42639  -15.601  -74.977  44.605 0.0000000000
44249  -12.406  -68.118  55.571 0.0000000000
44250  -12.413  -68.222  54.678 0.0000000000
44251  -12.764  -68.039  55.180 0.0000000000
44253  -15.207  -66.703  53.203 0.0000000000
44254  -15.579  -66.495  52.949 0.0000000000
44255  -15.365  -66.319  52.205 0.0000000000
44260  -12.872  -67.713  57.016 0.0000000000
44261  -12.597  -67.637  57.525 0.0000000000
44262  -12.517  -67.905  56.568 0.0000000000
44263  -12.151  -68.093  56.147 0.0000000000
46830  -8.512  -73.025  49.285 0.0000000000
46832  -12.470  -72.784  48.564 0.0000000000
46833  -12.364  -73.220  48.472 0.0000000000
46834  -12.919  -73.031  48.254 0.0000000000
46835  -13.304  -73.269  47.974 0.0000000000
46836  -13.392  -72.770  48.054 0.0000000000
46837  -12.758  -68.793  49.314 0.0000000000
46838  -12.600  -69.329  48.919 0.0000000000
46839  -13.022  -69.138  48.706 0.0000000000
46840  -15.811  -69.860  46.544 0.0000000000
46841  -15.464  -70.217  46.827 0.0000000000
46842  -15.844  -70.416  46.435 0.0000000000
46843  -15.738  -70.898  46.278 0.0000000000
46844  -16.024  -70.541  45.912 0.0000000000
46845  -16.138  -70.744  45.310 0.0000000000
46846  -16.276  -70.173  45.536 0.0000000000
49192  -11.223  -75.602  46.546 0.0000000000
49193  -11.128  -75.777  46.120 0.0000000000
49194  -11.734  -75.916  46.235 0.0000000000
53849  -13.958  -67.511  57.362 0.0000000000
53850  -13.991  -67.496  56.636 0.0000000000
53851  -14.460  -67.343  57.093 0.0000000000
53862  -14.112  -67.363  58.254 0.0000000000
53863  -13.719  -67.490  57.860 0.0000000000
56429  -8.882  -71.863  51.176 0.0000000000
56431  -9.476  -71.920  50.805 0.0000000000
56432  -10.677  -71.427  49.944 0.0000000000
56433  -10.526  -71.892  49.871 0.0000000000
56434  -11.020  -71.839  49.388 0.0000000000
56435  -11.435  -72.249  49.025 0.0000000000
56436  -11.535  -71.726  49.021 0.0000000000
56437  -14.141  -67.682  48.616 0.0000000000
56438  -14.019  -68.192  48.183 0.0000000000
56439  -14.392  -67.867  48.065 0.0000000000
56440  -15.390  -67.849  46.937 0.0000000000
56441  -15.104  -68.245  47.206 0.0000000000
56442  -15.531  -68.382  46.802 0.0000000000
56443  -15.619  -68.869  46.705 0.0000000000
56444  -15.936  -68.503  46.453 0.0000000000
56463  -9.098  -69.150  54.947 0.0000000000
56469  -8.563  -69.533  54.048 0.0000000000
56470  -9.098  -70.959  52.100 0.0000000000
56471  -8.708  -70.655  52.529 0.0000000000
56472  -8.776  -71.313  51.867 0.0000000000
56473  -8.430  -71.537  51.594 0.0000000000
58792  -13.468  -75.474  46.443 0.0000000000
58793  -13.398  -75.847  46.214 0.0000000000
58794  -13.875  -75.767  46.046 0.0000000000
58795  -15.410  -76.203  45.080 0.0000000000
58796  -14.937  -76.384  45.336 0.0000000000
58797  -15.463  -76.647  45.073 0.0000000000
63629  -11.029  -69.025  53.655 0.0000000000
63630  -11.113  -69.224  52.780 0.0000000000
63631  -11.404  -68.952  53.254 0.0000000000
63632  -12.395  -68.320  52.939 0.0000000000
63633  -12.057  -68.594  52.410 0.0000000000
63634  -12.348  -68.281  51.974 0.0000000000
63635  -12.392  -68.343  50.974 0.0000000000
63636  -12.686  -68.047  51.533 0.0000000000
63637  -14.030  -67.479  55.020 0.0000000000
63638  -13.583  -67.649  54.488 0.0000000000
63639  -14.002  -67.435  54.173 0.0000000000
63640  -14.146  -67.022  52.050 0.0000000000
63641  -13.772  -67.309  52.336 0.0000000000
63642  -13.679  -67.229  51.488 0.0000000000
63643  -13.336  -67.543  50.877 0.0000000000
63644  -13.706  -67.216  50.655 0.0000000000
63645  -13.773  -67.276  49.863 0.0000000000
63646  -14.081  -66.940  50.461 0.0000000000
63647  -15.213  -66.097  50.803 0.0000000000
63648  -14.800  -66.361  50.165 0.0000000000
63649  -15.199  -66.087  50.074 0.0000000000
63650  -15.228  -66.143  49.326 0.0000000000
63662  -12.899  -66.544  59.891 0.0000000000
63663  -11.975  -67.385  58.438 0.0000000000
63664  -12.053  -66.947  59.177 0.0000000000
63665  -11.624  -67.152  58.785 0.0000000000
63670  -11.430  -68.497  55.167 0.0000000000
63671  -11.091  -68.434  55.774 0.0000000000
63672  -11.082  -68.719  54.695 0.0000000000
63673  -10.769  -69.017  54.262 0.0000000000
65992  -16.328  -73.565  43.118 0.0000000000
65993  -16.502  -74.180  43.107 0.0000000000
65994  -16.720  -73.831  42.639 0.0000000000
71371  -8.306  -73.136  47.775 0.0000000000
71372  -9.387  -74.021  48.341 0.0000000000
71373  -9.333  -74.061  47.877 0.0000000000
71374  -9.932  -74.397  47.824 0.0000000000
71375  -10.363  -74.845  47.340 0.0000000000
71376  -10.572  -74.642  47.752 0.0000000000
71377  -10.046  -73.156  49.600 0.0000000000
71378  -9.864  -73.482  49.418 0.0000000000
71379  -10.523  -73.509  49.221 0.0000000000
71380  -12.097  -74.046  48.098 0.0000000000
71381  -11.510  -74.136  48.261 0.0000000000
71382  -11.920  -74.424  47.835 0.0000000000
71383  -11.748  -74.752  47.545 0.0000000000
71384  -12.291  -74.725  47.480 0.0000000000
71385  -12.711  -74.990  47.125 0.0000000000
71386  -12.835  -74.565  47.384 0.0000000000
71387  -13.955  -73.651  47.177 0.0000000000
71388  -13.809  -74.171  46.978 0.0000000000
71389  -14.228  -73.956  46.742 0.0000000000
71390  -14.548  -74.205  46.272 0.0000000000
71391  -14.662  -73.671  46.463 0.0000000000
71392  -11.293  -69.566  50.999 0.0000000000
71393  -11.158  -69.941  50.501 0.0000000000
71394  -11.516  -69.748  50.053 0.0000000000
71395  -12.533  -70.388  48.565 0.0000000000
71396  -12.134  -70.552  48.852 0.0000000000
71397  -12.543  -70.900  48.459 0.0000000000
71398  -12.547  -71.411  48.432 0.0000000000
71399  -13.025  -71.190  48.227 0.0000000000
71400  -14.126  -69.293  47.847 0.0000000000
71401  -13.726  -69.570  48.003 0.0000000000
71402  -14.203  -69.784  47.762 0.0000000000
71403  -14.785  -70.952  47.339 0.0000000000
71404  -14.358  -70.735  47.660 0.0000000000
71405  -14.387  -71.220  47.628 0.0000000000
71406  -13.961  -71.575  47.849 0.0000000000
71407  -14.385  -71.735  47.591 0.0000000000
71408  -14.250  -72.183  47.544 0.0000000000
71409  -14.749  -71.895  47.263 0.0000000000
71410  -15.489  -71.963  45.934 0.0000000000
71411  -15.190  -72.329  46.353 0.0000000000
71412  -15.380  -72.554  45.779 0.0000000000
71413  -15.291  -73.168  45.598 0.0000000000
71414  -15.555  -72.815  45.116 0.0000000000
71415  -15.784  -73.023  44.447 0.0000000000
71416  -15.784  -72.435  44.657 0.0000000000
71417  -16.310  -71.120  43.986 0.0000000000
71418  -16.172  -71.708  43.686 0.0000000000
71419  -16.335  -71.310  43.264 0.0000000000
71420  -16.504  -71.602  42.524 0.0000000000
71490  -7.827  -69.164  53.306 0.0000000000
71491  -7.656  -68.529  53.352 0.0000000000
78457  -9.108  -74.293  46.483 0.0000000000
78459  -9.522  -74.909  45.951 0.0000000000
78460  -11.035  -76.000  45.298 0.0000000000
78461  -10.451  -75.727  45.209 0.0000000000
78465  -13.268  -76.465  45.641 0.0000000000
78466  -12.785  -76.412  45.616 0.0000000000
78467  -13.310  -76.664  45.364 0.0000000000
78481  -16.562  -75.569  43.940 0.0000000000
92213  -14.936  -67.255  58.174 0.0000000000
92214  -14.920  -67.259  57.457 0.0000000000
93761  -9.465  -71.165  51.651 0.0000000000
93762  -9.709  -71.556  51.013 0.0000000000
93763  -9.944  -71.119  51.185 0.0000000000
93764  -10.396  -71.098  50.638 0.0000000000
93765  -10.822  -70.957  50.086 0.0000000000
93766  -14.834  -67.012  48.270 0.0000000000
93767  -14.750  -67.535  47.909 0.0000000000
93768  -15.084  -67.177  47.711 0.0000000000
93780  -10.099  -68.761  55.422 0.0000000000
93782  -9.768  -69.093  55.010 0.0000000000
93783  -9.477  -69.378  54.519 0.0000000000
93784  -9.205  -69.699  54.055 0.0000000000
93785  -8.922  -69.912  53.648 0.0000000000
93786  -9.298  -70.138  53.173 0.0000000000
93787  -9.383  -70.640  52.373 0.0000000000
95179  -14.390  -75.204  45.969 0.0000000000
95180  -14.355  -75.655  45.820 0.0000000000
95181  -14.850  -75.458  45.511 0.0000000000
95182  -15.387  -75.716  45.040 0.0000000000
95183  -15.841  -76.019  44.713 0.0000000000
98081  -11.706  -68.550  54.631 0.0000000000
98082  -11.752  -68.777  53.827 0.0000000000
98083  -12.082  -68.480  54.276 0.0000000000
98084  -12.421  -68.314  53.839 0.0000000000
98085  -12.746  -68.093  53.459 0.0000000000
98086  -14.916  -66.978  54.304 0.0000000000
98087  -14.412  -67.143  53.805 0.0000000000
98088  -14.778  -66.912  53.408 0.0000000000
98089  -14.625  -66.849  52.575 0.0000000000
98090  -14.539  -66.741  51.846 0.0000000000
98091  -14.446  -66.647  51.067 0.0000000000
98092  -14.895  -66.465  51.643 0.0000000000
98093  -15.270  -66.187  51.468 0.0000000000
98094  -15.681  -65.921  51.331 0.0000000000
98100  -13.117  -67.218  58.752 0.0000000000
98101  -12.822  -67.018  59.231 0.0000000000
98102  -12.738  -67.363  58.398 0.0000000000
98103  -12.313  -67.539  58.033 0.0000000000
98104  -11.882  -67.726  57.603 0.0000000000
98105  -11.494  -67.876  57.212 0.0000000000
98106  -11.840  -68.020  56.725 0.0000000000
98107  -11.803  -68.295  55.667 0.0000000000
99499  -16.711  -72.852  42.173 0.0000000000
99500  -16.932  -73.468  42.156 0.0000000000
102726  -8.379  -73.127  48.295 0.0000000000
102727  -8.448  -73.108  48.807 0.0000000000
102728  -8.917  -73.561  48.825 0.0000000000
102729  -9.505  -73.898  48.754 0.0000000000
102730  -11.279  -73.094  49.068 0.0000000000
102731  -11.196  -73.441  48.972 0.0000000000
102732  -11.735  -73.351  48.719 0.0000000000
102733  -12.225  -73.628  48.352 0.0000000000
102734  -12.670  -73.906  47.978 0.0000000000
102735  -13.022  -74.145  47.635 0.0000000000
102736  -13.169  -73.712  47.823 0.0000000000
102737  -13.635  -73.435  47.604 0.0000000000
102738  -14.078  -73.134  47.355 0.0000000000
102739  -11.954  -69.194  50.054 0.0000000000
102740  -11.853  -69.621  49.617 0.0000000000
102741  -12.188  -69.484  49.206 0.0000000000
102742  -12.580  -69.861  48.752 0.0000000000
102743  -13.028  -70.211  48.384 0.0000000000
102744  -14.990  -69.607  47.254 0.0000000000
102745  -14.649  -69.927  47.490 0.0000000000
102746  -15.038  -70.056  47.177 0.0000000000
102747  -15.096  -70.589  47.078 0.0000000000
102748  -15.118  -71.128  46.965 0.0000000000
102749  -15.053  -71.614  46.885 0.0000000000
102750  -15.412  -71.257  46.587 0.0000000000
102751  -15.655  -71.409  46.131 0.0000000000
102752  -15.752  -71.596  45.549 0.0000000000
102753  -15.870  -71.808  44.927 0.0000000000
102754  -15.991  -71.263  45.124 0.0000000000
102755  -16.229  -70.943  44.657 0.0000000000
102756  -16.472  -70.539  44.262 0.0000000000
106978  -10.120  -75.208  46.518 0.0000000000
106979  -10.019  -75.355  46.012 0.0000000000
106980  -10.554  -75.607  46.049 0.0000000000
106981  -11.120  -75.907  45.657 0.0000000000
106982  -11.628  -76.188  45.395 0.0000000000
115325  -13.131  -67.758  56.496 0.0000000000
115326  -13.157  -67.853  55.705 0.0000000000
115327  -13.553  -67.674  56.174 0.0000000000
115328  -14.008  -67.489  55.853 0.0000000000
115329  -14.533  -67.347  55.535 0.0000000000
115330  -14.927  -67.298  56.721 0.0000000000
115331  -14.977  -67.240  55.949 0.0000000000
115332  -14.961  -67.132  55.134 0.0000000000
115333  -15.414  -66.908  54.768 0.0000000000
115334  -15.895  -66.753  54.486 0.0000000000
115343  -13.539  -67.074  59.103 0.0000000000
115344  -13.441  -67.374  58.303 0.0000000000
115345  -13.308  -67.603  57.449 0.0000000000
118940  -9.620  -72.716  50.029 0.0000000000
118941  -10.232  -72.790  49.745 0.0000000000
118942  -10.038  -71.982  50.404 0.0000000000
118943  -10.359  -72.376  49.801 0.0000000000
118944  -10.820  -72.768  49.383 0.0000000000
118945  -11.341  -72.683  49.057 0.0000000000
118946  -11.936  -72.529  48.781 0.0000000000
118947  -12.515  -72.343  48.524 0.0000000000
118948  -13.458  -68.276  48.871 0.0000000000
118949  -13.397  -68.790  48.500 0.0000000000
118950  -13.679  -68.505  48.313 0.0000000000
118951  -14.062  -68.750  47.977 0.0000000000
118952  -14.461  -68.943  47.621 0.0000000000
118953  -14.756  -68.075  47.662 0.0000000000
118954  -14.787  -68.590  47.418 0.0000000000
118955  -14.880  -69.141  47.311 0.0000000000
118956  -15.312  -69.256  46.982 0.0000000000
118957  -15.730  -69.371  46.640 0.0000000000
118958  -16.092  -69.487  46.243 0.0000000000
118993  -8.020  -69.097  53.811 0.0000000000
118994  -8.029  -69.754  53.170 0.0000000000
118995  -8.615  -70.090  53.257 0.0000000000
118996  -8.305  -70.265  52.917 0.0000000000
118997  -8.031  -70.404  52.542 0.0000000000
118998  -8.038  -71.076  51.964 0.0000000000
122245  -12.462  -75.668  46.641 0.0000000000
122246  -12.339  -75.934  46.311 0.0000000000
122247  -12.902  -75.941  46.314 0.0000000000
122248  -13.317  -76.222  45.861 0.0000000000
122249  -13.882  -76.501  45.611 0.0000000000
122250  -14.338  -76.141  45.674 0.0000000000
122251  -14.433  -76.487  45.505 0.0000000000
122252  -14.493  -76.788  45.376 0.0000000000
128981  -10.480  -69.627  52.808 0.0000000000
128982  -10.627  -69.885  51.981 0.0000000000
128983  -10.873  -69.557  52.340 0.0000000000
128984  -11.176  -69.421  51.905 0.0000000000
128985  -11.475  -69.209  51.433 0.0000000000
128986  -11.755  -68.842  52.858 0.0000000000
128987  -11.756  -68.906  51.886 0.0000000000
128988  -11.799  -68.977  50.931 0.0000000000
128989  -12.129  -68.759  50.502 0.0000000000
128990  -12.559  -68.521  50.018 0.0000000000
128991  -12.908  -68.289  49.755 0.0000000000
128992  -13.167  -67.892  54.866 0.0000000000
128993  -13.154  -67.851  53.969 0.0000000000
128994  -13.100  -67.821  53.091 0.0000000000
128995  -13.921  -67.377  53.274 0.0000000000
128996  -13.470  -67.548  52.710 0.0000000000
128997  -13.016  -67.775  52.164 0.0000000000
128998  -13.020  -67.784  51.178 0.0000000000
128999  -13.080  -67.881  50.315 0.0000000000
129000  -13.246  -68.075  49.510 0.0000000000
129001  -13.564  -67.754  49.308 0.0000000000
129002  -13.925  -67.480  49.178 0.0000000000
129003  -14.280  -67.189  49.052 0.0000000000
129004  -14.432  -66.656  50.277 0.0000000000
129005  -14.479  -66.716  49.559 0.0000000000
129006  -14.625  -66.852  48.887 0.0000000000
129007  -14.964  -66.531  48.718 0.0000000000
129008  -15.301  -66.226  48.590 0.0000000000
129024  -12.492  -66.743  59.548 0.0000000000
129033  -11.120  -68.072  56.782 0.0000000000
129034  -10.771  -68.295  56.354 0.0000000000
129035  -10.436  -68.515  55.879 0.0000000000
129036  -10.476  -68.909  54.855 0.0000000000
129037  -10.487  -69.301  53.819 0.0000000000
131974  -15.816  -74.175  44.157 0.0000000000
131975  -15.939  -74.713  44.137 0.0000000000
131976  -16.248  -74.482  43.607 0.0000000000
138752  -8.703  -73.721  46.926 0.0000000000
138753  -9.152  -74.272  46.941 0.0000000000
138754  -8.790  -73.642  47.867 0.0000000000
138755  -9.221  -74.168  47.425 0.0000000000
138756  -9.675  -74.651  46.980 0.0000000000
138757  -10.211  -74.977  46.949 0.0000000000
138758  -10.766  -75.227  46.878 0.0000000000
138759  -11.349  -75.346  46.863 0.0000000000
138760  -9.163  -73.275  49.637 0.0000000000
138761  -9.687  -73.736  49.144 0.0000000000
138762  -10.218  -74.092  48.610 0.0000000000
138763  -11.027  -73.797  48.786 0.0000000000
138764  -10.916  -74.141  48.486 0.0000000000
138765  -10.744  -74.415  48.145 0.0000000000
138766  -11.191  -74.754  47.698 0.0000000000
138767  -11.561  -75.080  47.248 0.0000000000
138768  -11.981  -75.444  46.924 0.0000000000
138769  -12.603  -75.359  46.881 0.0000000000
138770  -13.108  -75.266  46.763 0.0000000000
138771  -13.568  -75.096  46.655 0.0000000000
138772  -13.353  -74.363  47.203 0.0000000000
138773  -13.698  -74.624  46.843 0.0000000000
138774  -14.017  -74.913  46.423 0.0000000000
138775  -14.446  -74.716  46.088 0.0000000000
138776  -14.850  -74.470  45.755 0.0000000000
138777  -15.211  -74.204  45.299 0.0000000000
138778  -10.783  -70.148  51.042 0.0000000000
138779  -10.993  -70.460  50.276 0.0000000000
138780  -11.264  -70.773  49.612 0.0000000000
138781  -11.812  -70.148  49.411 0.0000000000
138782  -11.718  -70.649  49.207 0.0000000000
138783  -11.622  -71.183  49.077 0.0000000000
138784  -12.048  -71.581  48.707 0.0000000000
138785  -12.564  -71.902  48.482 0.0000000000
138786  -13.035  -72.122  48.302 0.0000000000
138787  -13.355  -69.334  48.309 0.0000000000
138788  -13.341  -69.840  48.115 0.0000000000
138789  -13.432  -70.404  48.083 0.0000000000
138790  -14.302  -70.295  47.684 0.0000000000
138791  -13.892  -70.562  47.849 0.0000000000
138792  -13.484  -70.955  48.057 0.0000000000
138793  -13.530  -71.419  48.075 0.0000000000
138794  -13.517  -71.859  48.100 0.0000000000
138795  -13.508  -72.312  48.112 0.0000000000
138796  -13.844  -72.461  47.826 0.0000000000
138797  -14.160  -72.649  47.488 0.0000000000
138798  -14.466  -72.924  47.116 0.0000000000
138799  -14.992  -72.097  46.846 0.0000000000
138800  -14.884  -72.687  46.774 0.0000000000
138801  -14.744  -73.198  46.623 0.0000000000
138802  -14.960  -73.467  46.008 0.0000000000
138803  -15.217  -73.699  45.417 0.0000000000
138804  -15.447  -73.950  44.756 0.0000000000
138805  -15.762  -73.592  44.278 0.0000000000
138806  -16.018  -73.260  43.737 0.0000000000
138807  -16.199  -72.936  43.214 0.0000000000
138808  -15.991  -72.070  44.178 0.0000000000
138809  -16.162  -72.325  43.453 0.0000000000
138810  -16.346  -72.587  42.770 0.0000000000
138811  -16.512  -72.252  42.273 0.0000000000
138812  -16.685  -71.854  41.858 0.0000000000
138897  -7.627  -67.807  53.955 0.0000000000
138898  -7.512  -67.851  53.374 0.0000000000
147379  -9.888  -75.402  45.492 0.0000000000
147385  -12.228  -76.142  45.904 0.0000000000
147386  -12.208  -76.321  45.508 0.0000000000
147403  -16.084  -75.298  44.191 0.0000000000
157299  -16.254  -65.872  52.095 0.0000000000
157300  -16.123  -65.714  51.417 0.0000000000
157302  -16.566  -65.531  51.485 0.0000000000
157303  -15.998  -65.599  50.738 0.0000000000
