#!ascii label  , from subject fsaverage vox2ras=TkReg
1265
148  -34.507  -13.805  -25.077 0.0000000000
328  -27.956  -18.480  -26.084 0.0000000000
329  -36.326  -26.797  -17.727 0.0000000000
639  -38.364  -34.919  -11.494 0.0000000000
808  -38.537  -23.450  -17.922 0.0000000000
1344  -27.450  -11.863  -29.649 0.0000000000
1345  -24.697  -19.970  -24.470 0.0000000000
1429  -20.603  -41.875  -0.044 0.0000000000
1431  -28.662  -40.301  -5.729 0.0000000000
1432  -31.669  -38.461  -8.937 0.0000000000
1433  -36.684  -37.367  -7.283 0.0000000000
1434  -32.373  -35.575  -12.547 0.0000000000
1435  -32.390  -32.233  -15.105 0.0000000000
1742  -31.317  -16.416  -25.770 0.0000000000
1743  -34.713  -19.925  -21.849 0.0000000000
1744  -32.201  -22.654  -22.012 0.0000000000
1745  -29.174  -24.786  -21.282 0.0000000000
2554  -38.290  -31.129  -14.641 0.0000000000
2555  -31.092  -28.387  -18.102 0.0000000000
3264  -31.287  -13.259  -27.287 0.0000000000
3349  -17.703  -42.237  -1.271 0.0000000000
3351  -27.700  -38.149  -9.974 0.0000000000
3352  -28.577  -36.942  -11.477 0.0000000000
3353  -32.393  -37.313  -10.796 0.0000000000
3354  -28.957  -35.491  -12.933 0.0000000000
3355  -29.223  -33.880  -14.130 0.0000000000
3863  -35.772  -18.386  -21.699 0.0000000000
3864  -37.469  -20.039  -19.811 0.0000000000
3865  -37.570  -25.250  -17.923 0.0000000000
3866  -35.489  -23.185  -19.861 0.0000000000
3867  -34.237  -24.639  -19.657 0.0000000000
3868  -30.782  -23.819  -21.695 0.0000000000
3869  -32.730  -25.909  -19.579 0.0000000000
5475  -29.725  -17.606  -26.107 0.0000000000
5476  -27.506  -15.184  -28.019 0.0000000000
5477  -25.317  -15.779  -27.773 0.0000000000
5726  -21.407  -41.821  -4.091 0.0000000000
5727  -23.219  -41.095  -5.553 0.0000000000
5735  -37.863  -36.291  -9.390 0.0000000000
5739  -39.361  -32.685  -10.792 0.0000000000
5740  -39.782  -30.989  -12.452 0.0000000000
5741  -38.629  -33.098  -13.172 0.0000000000
5742  -28.964  -30.556  -16.581 0.0000000000
5743  -31.905  -30.346  -16.588 0.0000000000
5744  -28.414  -28.679  -17.884 0.0000000000
5745  -27.507  -26.709  -19.231 0.0000000000
6062  -38.988  -21.553  -17.698 0.0000000000
6065  -39.201  -27.339  -16.075 0.0000000000
7026  -28.022  -8.451  -30.683 0.0000000000
7029  -26.217  -19.336  -25.557 0.0000000000
7181  -24.879  -40.311  -7.111 0.0000000000
7182  -26.444  -39.298  -8.517 0.0000000000
7183  -30.323  -39.413  -7.224 0.0000000000
7184  -33.263  -39.168  -6.117 0.0000000000
7186  -34.759  -38.506  -8.120 0.0000000000
7187  -35.547  -37.329  -10.070 0.0000000000
7188  -35.616  -35.618  -11.918 0.0000000000
7189  -35.740  -34.078  -13.522 0.0000000000
7190  -32.566  -34.007  -13.720 0.0000000000
7191  -29.297  -32.314  -15.234 0.0000000000
7903  -35.745  -15.340  -23.281 0.0000000000
7904  -32.913  -15.139  -25.355 0.0000000000
7905  -34.316  -16.754  -23.600 0.0000000000
7906  -32.917  -18.226  -23.900 0.0000000000
7907  -31.660  -19.533  -24.120 0.0000000000
7908  -36.488  -21.610  -19.951 0.0000000000
7909  -33.487  -21.350  -21.989 0.0000000000
7910  -30.188  -20.694  -24.139 0.0000000000
7911  -28.665  -21.719  -23.810 0.0000000000
7912  -27.019  -22.414  -22.934 0.0000000000
7913  -25.474  -22.938  -21.928 0.0000000000
9900  -29.609  -14.336  -27.641 0.0000000000
9901  -25.435  -12.579  -29.686 0.0000000000
10198  -19.543  -41.976  -2.587 0.0000000000
10201  -26.916  -40.961  -4.073 0.0000000000
10218  -37.365  -28.974  -16.366 0.0000000000
10219  -35.504  -32.037  -14.958 0.0000000000
10220  -34.741  -29.885  -16.517 0.0000000000
10221  -33.813  -27.813  -17.923 0.0000000000
10222  -30.154  -26.567  -19.722 0.0000000000
10223  -26.453  -24.823  -20.614 0.0000000000
10938  -36.101  -13.763  -23.783 0.0000000000
10944  -32.965  -13.663  -26.121 0.0000000000
11029  -15.854  -41.762  -1.520 0.0000000000
11033  -28.775  -36.236  -12.191 0.0000000000
11035  -27.274  -34.433  -13.496 0.0000000000
11545  -36.920  -26.063  -17.880 0.0000000000
11546  -35.935  -25.007  -18.709 0.0000000000
11547  -35.210  -25.712  -18.652 0.0000000000
11548  -33.464  -25.300  -19.672 0.0000000000
11549  -34.427  -26.365  -18.622 0.0000000000
13155  -28.799  -18.058  -26.178 0.0000000000
13156  -27.528  -16.805  -27.108 0.0000000000
13157  -26.627  -17.223  -26.987 0.0000000000
13406  -21.373  -40.540  -5.713 0.0000000000
13407  -22.210  -40.177  -6.417 0.0000000000
13415  -38.284  -35.618  -10.515 0.0000000000
13416  -38.324  -35.273  -9.056 0.0000000000
13417  -38.788  -34.666  -10.103 0.0000000000
13419  -39.139  -33.976  -11.249 0.0000000000
13420  -39.326  -33.030  -11.978 0.0000000000
13421  -38.520  -34.097  -12.425 0.0000000000
13422  -27.331  -29.579  -16.962 0.0000000000
13423  -28.649  -29.632  -17.253 0.0000000000
13424  -27.138  -28.680  -17.542 0.0000000000
13425  -26.576  -27.537  -18.184 0.0000000000
15550  -28.374  -11.402  -29.415 0.0000000000
15551  -27.741  -10.201  -30.299 0.0000000000
15552  -26.636  -10.551  -30.536 0.0000000000
15555  -25.534  -19.693  -25.041 0.0000000000
15808  -29.794  -38.348  -9.547 0.0000000000
15809  -29.185  -38.861  -8.701 0.0000000000
15810  -31.058  -38.934  -8.009 0.0000000000
15811  -31.930  -39.406  -6.577 0.0000000000
15812  -32.725  -39.035  -7.422 0.0000000000
15813  -33.996  -38.820  -7.014 0.0000000000
15814  -33.248  -38.541  -8.438 0.0000000000
15815  -32.432  -36.514  -11.660 0.0000000000
15816  -34.052  -37.421  -10.397 0.0000000000
15817  -34.112  -36.585  -11.314 0.0000000000
15818  -35.614  -36.496  -11.023 0.0000000000
15819  -34.065  -35.666  -12.277 0.0000000000
15820  -34.113  -34.838  -12.915 0.0000000000
15821  -32.471  -34.775  -13.188 0.0000000000
15822  -27.556  -32.891  -14.627 0.0000000000
15823  -29.261  -33.079  -14.669 0.0000000000
15824  -27.601  -32.076  -15.214 0.0000000000
15825  -27.568  -31.320  -15.772 0.0000000000
17347  -36.397  -16.080  -22.369 0.0000000000
17348  -34.995  -16.064  -23.417 0.0000000000
17349  -35.642  -16.868  -22.540 0.0000000000
17350  -35.294  -19.152  -21.785 0.0000000000
17351  -34.387  -18.341  -22.751 0.0000000000
17352  -33.810  -19.039  -22.822 0.0000000000
17353  -32.269  -18.893  -24.053 0.0000000000
17354  -33.206  -19.791  -22.942 0.0000000000
17355  -38.808  -22.495  -17.930 0.0000000000
17356  -37.912  -21.639  -18.915 0.0000000000
17357  -37.576  -22.462  -18.939 0.0000000000
17358  -33.943  -22.923  -20.856 0.0000000000
17359  -34.415  -22.236  -20.900 0.0000000000
17360  -32.963  -22.020  -21.964 0.0000000000
17361  -31.950  -21.097  -23.103 0.0000000000
17362  -31.216  -21.709  -23.149 0.0000000000
17363  -29.485  -21.250  -24.037 0.0000000000
17364  -30.503  -22.272  -23.010 0.0000000000
17365  -29.942  -24.336  -21.575 0.0000000000
17366  -28.947  -23.245  -22.518 0.0000000000
17367  -28.061  -23.582  -22.145 0.0000000000
17368  -26.170  -22.617  -22.461 0.0000000000
17369  -27.221  -23.863  -21.701 0.0000000000
22185  -32.126  -15.814  -25.559 0.0000000000
22186  -31.326  -14.860  -26.436 0.0000000000
22187  -30.414  -15.399  -26.747 0.0000000000
22188  -25.470  -14.190  -28.712 0.0000000000
22189  -26.498  -13.954  -28.938 0.0000000000
22930  -16.790  -40.638  -3.688 0.0000000000
22931  -17.770  -41.447  -2.897 0.0000000000
22932  -18.666  -41.301  -3.519 0.0000000000
22933  -23.226  -41.967  -3.557 0.0000000000
22934  -22.234  -42.166  -2.817 0.0000000000
22935  -23.876  -41.785  -1.923 0.0000000000
22938  -26.863  -40.443  -6.499 0.0000000000
22939  -25.998  -40.893  -5.810 0.0000000000
22940  -27.786  -40.638  -4.900 0.0000000000
22977  -39.353  -31.211  -13.546 0.0000000000
22979  -39.228  -30.282  -14.590 0.0000000000
22980  -38.947  -29.318  -15.396 0.0000000000
22981  -37.843  -30.050  -15.589 0.0000000000
22982  -34.043  -33.111  -14.337 0.0000000000
22983  -35.689  -33.068  -14.197 0.0000000000
22984  -33.946  -32.200  -15.037 0.0000000000
22985  -31.576  -29.397  -17.294 0.0000000000
22986  -33.207  -30.050  -16.622 0.0000000000
22987  -32.902  -29.095  -17.301 0.0000000000
22988  -34.252  -28.821  -17.221 0.0000000000
22989  -32.403  -28.127  -18.041 0.0000000000
22990  -31.991  -27.248  -18.789 0.0000000000
22991  -30.592  -27.461  -18.925 0.0000000000
22993  -27.005  -25.759  -19.927 0.0000000000
24308  -29.371  -12.642  -28.467 0.0000000000
24458  -18.243  -42.275  -0.040 0.0000000000
24459  -19.246  -42.293  -0.671 0.0000000000
24463  -28.205  -37.553  -10.772 0.0000000000
24464  -30.220  -37.873  -10.363 0.0000000000
24465  -32.026  -37.924  -9.846 0.0000000000
24466  -30.503  -37.195  -11.142 0.0000000000
24467  -30.675  -36.460  -11.987 0.0000000000
24468  -30.703  -35.601  -12.779 0.0000000000
24469  -30.907  -34.760  -13.390 0.0000000000
24470  -29.141  -34.729  -13.522 0.0000000000
25385  -36.419  -17.622  -21.583 0.0000000000
25386  -37.195  -18.370  -20.618 0.0000000000
25387  -36.701  -19.244  -20.760 0.0000000000
25388  -36.205  -20.009  -20.858 0.0000000000
25389  -38.144  -24.410  -17.932 0.0000000000
25390  -37.129  -23.393  -18.860 0.0000000000
25391  -36.551  -24.258  -18.788 0.0000000000
25392  -34.808  -23.895  -19.800 0.0000000000
25393  -33.209  -23.589  -20.764 0.0000000000
25394  -31.530  -23.277  -21.878 0.0000000000
25395  -32.497  -24.260  -20.736 0.0000000000
25396  -31.730  -24.891  -20.682 0.0000000000
25397  -30.884  -25.386  -20.575 0.0000000000
28287  -30.551  -17.061  -25.888 0.0000000000
28288  -29.540  -15.950  -26.837 0.0000000000
28289  -28.543  -16.401  -27.055 0.0000000000
28290  -26.517  -15.534  -27.939 0.0000000000
28291  -24.184  -14.357  -28.431 0.0000000000
28736  -19.555  -41.117  -4.244 0.0000000000
28737  -20.474  -40.907  -5.011 0.0000000000
28738  -22.307  -41.476  -4.802 0.0000000000
28739  -24.172  -41.595  -4.233 0.0000000000
28753  -37.324  -36.893  -8.418 0.0000000000
28764  -39.402  -32.106  -12.785 0.0000000000
28765  -38.518  -32.133  -13.851 0.0000000000
28766  -30.744  -31.421  -15.884 0.0000000000
28767  -32.304  -31.406  -15.775 0.0000000000
28768  -30.528  -30.574  -16.590 0.0000000000
28769  -30.127  -29.558  -17.401 0.0000000000
28770  -29.733  -28.571  -18.087 0.0000000000
28771  -29.260  -27.617  -18.825 0.0000000000
28772  -27.998  -27.694  -18.551 0.0000000000
29510  -39.332  -24.387  -16.987 0.0000000000
29511  -38.995  -25.330  -17.042 0.0000000000
29512  -38.485  -26.275  -17.081 0.0000000000
29513  -37.862  -27.145  -16.959 0.0000000000
31755  -28.761  -9.785  -29.959 0.0000000000
31761  -27.026  -18.933  -25.865 0.0000000000
31762  -25.581  -17.532  -26.681 0.0000000000
31763  -24.891  -17.931  -26.232 0.0000000000
32111  -22.874  -39.736  -7.190 0.0000000000
32112  -23.553  -39.270  -7.923 0.0000000000
32113  -25.738  -39.846  -7.737 0.0000000000
32114  -27.758  -39.954  -7.163 0.0000000000
32115  -27.165  -38.751  -9.229 0.0000000000
32116  -28.469  -39.429  -7.938 0.0000000000
32117  -29.439  -39.845  -6.571 0.0000000000
32118  -31.087  -39.723  -5.765 0.0000000000
32119  -32.447  -39.443  -5.050 0.0000000000
32123  -35.152  -38.260  -6.577 0.0000000000
32124  -35.853  -38.031  -7.678 0.0000000000
32125  -33.752  -38.023  -9.518 0.0000000000
32126  -35.287  -37.978  -9.041 0.0000000000
32127  -36.511  -37.667  -8.643 0.0000000000
32128  -36.884  -37.029  -9.692 0.0000000000
32129  -37.063  -36.217  -10.723 0.0000000000
32130  -37.181  -35.382  -11.784 0.0000000000
32131  -37.243  -34.667  -12.619 0.0000000000
32132  -35.785  -34.825  -12.619 0.0000000000
32133  -34.126  -33.984  -13.621 0.0000000000
32134  -32.431  -33.096  -14.519 0.0000000000
32135  -30.896  -33.959  -13.990 0.0000000000
32136  -30.970  -33.172  -14.556 0.0000000000
32137  -30.728  -32.207  -15.273 0.0000000000
32138  -29.092  -31.383  -15.884 0.0000000000
32139  -27.511  -30.471  -16.345 0.0000000000
34069  -35.138  -14.578  -24.140 0.0000000000
34070  -33.697  -14.500  -25.183 0.0000000000
34071  -34.332  -15.310  -24.284 0.0000000000
34072  -33.632  -15.959  -24.471 0.0000000000
34073  -32.900  -16.658  -24.637 0.0000000000
34074  -34.953  -17.534  -22.656 0.0000000000
34075  -33.572  -17.493  -23.742 0.0000000000
34076  -32.169  -17.369  -24.798 0.0000000000
34077  -31.437  -18.034  -25.017 0.0000000000
34078  -30.681  -18.621  -25.197 0.0000000000
34079  -29.903  -19.128  -25.214 0.0000000000
34080  -38.196  -20.826  -18.792 0.0000000000
34081  -37.013  -20.814  -19.912 0.0000000000
34082  -35.593  -20.783  -20.911 0.0000000000
34083  -35.986  -22.401  -19.914 0.0000000000
34084  -34.976  -21.534  -20.929 0.0000000000
34085  -34.102  -20.671  -21.898 0.0000000000
34086  -32.556  -20.434  -23.026 0.0000000000
34087  -30.955  -20.108  -24.126 0.0000000000
34088  -29.079  -19.619  -25.171 0.0000000000
34089  -28.194  -20.102  -25.060 0.0000000000
34090  -27.491  -20.557  -24.727 0.0000000000
34091  -26.744  -20.935  -24.303 0.0000000000
34092  -29.764  -22.794  -22.722 0.0000000000
34093  -27.907  -22.127  -23.391 0.0000000000
34094  -25.937  -21.238  -23.777 0.0000000000
39936  -32.129  -14.253  -26.249 0.0000000000
39937  -30.455  -13.812  -27.461 0.0000000000
39938  -28.510  -13.180  -28.791 0.0000000000
39939  -28.534  -14.795  -27.856 0.0000000000
39940  -27.600  -13.608  -28.911 0.0000000000
39941  -26.447  -12.312  -29.830 0.0000000000
39946  -23.050  -14.399  -27.862 0.0000000000
40828  -16.859  -41.634  -2.195 0.0000000000
40829  -18.576  -42.118  -1.921 0.0000000000
40831  -20.429  -41.945  -3.289 0.0000000000
40832  -21.180  -42.238  -2.041 0.0000000000
40837  -24.053  -40.700  -6.382 0.0000000000
40838  -25.064  -41.208  -5.005 0.0000000000
40839  -25.924  -41.224  -3.317 0.0000000000
40840  -28.398  -40.414  -3.225 0.0000000000
40888  -39.674  -28.320  -15.224 0.0000000000
40889  -38.430  -28.188  -16.239 0.0000000000
40890  -36.802  -27.850  -17.051 0.0000000000
40891  -37.282  -33.741  -13.365 0.0000000000
40892  -37.185  -32.742  -14.092 0.0000000000
40893  -37.035  -31.752  -14.805 0.0000000000
40894  -33.722  -31.145  -15.770 0.0000000000
40895  -35.140  -30.947  -15.748 0.0000000000
40896  -36.568  -30.626  -15.684 0.0000000000
40897  -36.130  -29.500  -16.434 0.0000000000
40898  -35.555  -28.388  -17.126 0.0000000000
40899  -35.076  -27.363  -17.846 0.0000000000
40900  -33.265  -26.839  -18.741 0.0000000000
40901  -31.441  -26.292  -19.740 0.0000000000
40902  -29.680  -25.709  -20.554 0.0000000000
40903  -28.792  -26.679  -19.589 0.0000000000
40904  -28.278  -25.791  -20.328 0.0000000000
40905  -27.765  -24.833  -21.032 0.0000000000
40906  -25.948  -23.860  -21.254 0.0000000000
41658  -35.290  -13.783  -24.441 0.0000000000
41663  -33.325  -13.349  -26.120 0.0000000000
41664  -33.803  -13.774  -25.611 0.0000000000
42265  -36.593  -26.409  -17.766 0.0000000000
42266  -36.069  -25.897  -18.259 0.0000000000
42267  -35.753  -26.233  -18.170 0.0000000000
42268  -34.850  -26.032  -18.655 0.0000000000
42269  -35.357  -26.589  -18.149 0.0000000000
43875  -28.417  -18.296  -26.159 0.0000000000
43876  -27.746  -17.669  -26.609 0.0000000000
43877  -27.209  -17.848  -26.563 0.0000000000
44135  -38.324  -35.277  -11.032 0.0000000000
44136  -38.615  -35.203  -10.320 0.0000000000
44137  -38.703  -34.863  -10.752 0.0000000000
44138  -38.964  -34.296  -10.590 0.0000000000
44139  -38.860  -34.511  -11.373 0.0000000000
44140  -38.910  -34.077  -11.835 0.0000000000
44141  -38.499  -34.528  -11.897 0.0000000000
44143  -27.220  -29.121  -17.248 0.0000000000
44145  -26.254  -28.086  -17.592 0.0000000000
46270  -27.902  -11.620  -29.578 0.0000000000
46271  -27.550  -11.017  -30.023 0.0000000000
46272  -26.979  -11.194  -30.160 0.0000000000
46274  -26.537  -11.373  -30.201 0.0000000000
46275  -25.177  -19.863  -24.736 0.0000000000
46276  -24.535  -19.179  -25.084 0.0000000000
46277  -24.126  -19.322  -24.776 0.0000000000
46528  -30.688  -38.422  -9.200 0.0000000000
46529  -30.469  -38.672  -8.742 0.0000000000
46530  -31.348  -38.703  -8.516 0.0000000000
46531  -31.910  -39.005  -7.742 0.0000000000
46532  -32.251  -38.760  -8.180 0.0000000000
46533  -32.951  -38.718  -7.911 0.0000000000
46534  -32.465  -38.488  -8.668 0.0000000000
46535  -32.412  -36.051  -12.117 0.0000000000
46536  -33.296  -36.557  -11.492 0.0000000000
46537  -33.247  -36.052  -12.053 0.0000000000
46538  -34.077  -36.120  -11.799 0.0000000000
46539  -33.206  -35.590  -12.373 0.0000000000
46540  -33.311  -35.236  -12.740 0.0000000000
46541  -32.445  -35.164  -12.846 0.0000000000
46543  -27.594  -32.500  -14.910 0.0000000000
48066  -37.131  -16.006  -21.702 0.0000000000
48067  -36.708  -16.472  -21.906 0.0000000000
48068  -36.061  -16.461  -22.448 0.0000000000
48069  -36.267  -16.863  -21.994 0.0000000000
48070  -35.050  -19.554  -21.776 0.0000000000
48071  -34.547  -19.111  -22.275 0.0000000000
48072  -34.238  -19.501  -22.321 0.0000000000
48073  -33.484  -19.428  -22.906 0.0000000000
48074  -33.995  -19.864  -22.396 0.0000000000
48075  -38.683  -23.011  -17.946 0.0000000000
48076  -38.253  -22.486  -18.446 0.0000000000
48077  -38.058  -22.994  -18.416 0.0000000000
48078  -33.082  -22.801  -21.431 0.0000000000
48079  -33.371  -22.467  -21.490 0.0000000000
48080  -32.652  -22.354  -22.009 0.0000000000
48081  -32.127  -21.876  -22.548 0.0000000000
48082  -31.869  -22.205  -22.541 0.0000000000
48083  -30.954  -22.013  -23.087 0.0000000000
48084  -31.304  -22.469  -22.547 0.0000000000
48085  -29.468  -24.517  -21.423 0.0000000000
48086  -28.977  -23.980  -21.905 0.0000000000
48087  -28.504  -24.129  -21.721 0.0000000000
48088  -27.566  -23.722  -21.966 0.0000000000
48089  -28.243  -24.364  -21.506 0.0000000000
52905  -31.782  -16.109  -25.631 0.0000000000
52906  -31.233  -15.629  -26.157 0.0000000000
52907  -30.825  -15.911  -26.193 0.0000000000
52908  -24.389  -13.581  -28.874 0.0000000000
52909  -24.864  -13.499  -29.084 0.0000000000
53650  -17.265  -40.532  -4.017 0.0000000000
53651  -17.806  -40.989  -3.588 0.0000000000
53652  -18.214  -40.879  -3.904 0.0000000000
53653  -24.029  -41.775  -3.165 0.0000000000
53654  -23.522  -41.923  -2.799 0.0000000000
53658  -27.823  -40.402  -6.095 0.0000000000
53659  -27.349  -40.589  -5.731 0.0000000000
53660  -28.264  -40.507  -5.254 0.0000000000
53680  -36.368  -37.571  -6.913 0.0000000000
53697  -38.936  -31.229  -14.063 0.0000000000
53698  -39.325  -30.767  -13.983 0.0000000000
53699  -38.808  -30.751  -14.581 0.0000000000
53700  -38.605  -30.215  -15.102 0.0000000000
53701  -38.083  -30.611  -15.160 0.0000000000
53702  -33.231  -32.684  -14.706 0.0000000000
53703  -33.995  -32.675  -14.703 0.0000000000
53704  -33.162  -32.224  -15.098 0.0000000000
53705  -31.339  -28.887  -17.699 0.0000000000
53706  -32.224  -29.232  -17.292 0.0000000000
53707  -32.000  -28.738  -17.693 0.0000000000
53708  -32.781  -28.663  -17.566 0.0000000000
53709  -31.854  -28.324  -18.023 0.0000000000
53710  -31.511  -27.806  -18.483 0.0000000000
53711  -30.886  -27.946  -18.468 0.0000000000
55870  -31.696  -12.998  -27.193 0.0000000000
55872  -30.751  -12.730  -27.712 0.0000000000
55873  -29.744  -12.414  -28.333 0.0000000000
55874  -30.406  -12.985  -27.831 0.0000000000
56121  -17.538  -42.343  -0.342 0.0000000000
56122  -18.057  -42.339  -0.697 0.0000000000
56123  -18.746  -42.289  -0.348 0.0000000000
56124  -18.497  -42.332  -0.975 0.0000000000
56128  -27.535  -36.708  -11.537 0.0000000000
56130  -28.403  -37.241  -11.143 0.0000000000
56131  -29.241  -37.736  -10.652 0.0000000000
56132  -29.410  -37.446  -10.991 0.0000000000
56133  -30.308  -37.512  -10.829 0.0000000000
56134  -29.516  -37.078  -11.381 0.0000000000
56135  -28.868  -35.844  -12.580 0.0000000000
56136  -29.763  -36.339  -12.119 0.0000000000
56137  -29.796  -35.988  -12.476 0.0000000000
56138  -30.694  -36.013  -12.419 0.0000000000
56139  -29.876  -35.557  -12.805 0.0000000000
56140  -29.942  -35.172  -13.156 0.0000000000
56141  -29.017  -35.072  -13.234 0.0000000000
57670  -37.794  -19.583  -19.758 0.0000000000
57671  -37.362  -19.213  -20.286 0.0000000000
57672  -37.264  -19.639  -20.265 0.0000000000
57673  -36.504  -19.642  -20.784 0.0000000000
57674  -36.917  -20.008  -20.342 0.0000000000
57675  -37.886  -24.798  -17.915 0.0000000000
57676  -37.377  -24.376  -18.356 0.0000000000
57677  -37.143  -24.716  -18.321 0.0000000000
57678  -35.117  -24.859  -19.166 0.0000000000
57679  -35.338  -24.460  -19.307 0.0000000000
57680  -34.480  -24.259  -19.803 0.0000000000
57681  -33.992  -23.733  -20.280 0.0000000000
57682  -33.678  -24.063  -20.267 0.0000000000
57683  -32.907  -23.934  -20.750 0.0000000000
57684  -33.368  -24.451  -20.193 0.0000000000
57685  -33.072  -25.602  -19.685 0.0000000000
57686  -32.582  -25.090  -20.183 0.0000000000
57687  -32.217  -25.384  -20.155 0.0000000000
57688  -31.355  -25.160  -20.616 0.0000000000
57689  -31.798  -25.654  -20.093 0.0000000000
62505  -30.095  -17.302  -26.006 0.0000000000
62506  -29.549  -16.746  -26.464 0.0000000000
62507  -29.045  -16.990  -26.585 0.0000000000
62508  -26.381  -16.327  -27.533 0.0000000000
62509  -26.944  -16.142  -27.574 0.0000000000
62510  -25.797  -15.682  -27.956 0.0000000000
62511  -25.258  -14.944  -28.318 0.0000000000
62512  -24.757  -15.083  -28.118 0.0000000000
63251  -19.423  -40.425  -4.986 0.0000000000
63252  -19.948  -40.313  -5.335 0.0000000000
63253  -22.285  -40.873  -5.657 0.0000000000
63254  -21.851  -41.066  -5.304 0.0000000000
63255  -22.766  -41.299  -5.169 0.0000000000
63256  -23.248  -41.590  -4.578 0.0000000000
63257  -23.707  -41.391  -4.944 0.0000000000
63280  -37.590  -36.592  -8.931 0.0000000000
63282  -37.903  -36.125  -8.759 0.0000000000
63290  -39.133  -33.083  -10.325 0.0000000000
63296  -39.501  -32.242  -11.248 0.0000000000
63297  -39.071  -33.116  -12.586 0.0000000000
63298  -39.408  -32.588  -12.406 0.0000000000
63299  -39.095  -32.618  -12.941 0.0000000000
63300  -39.092  -32.184  -13.335 0.0000000000
63301  -38.597  -32.582  -13.451 0.0000000000
63302  -29.853  -31.029  -16.269 0.0000000000
63303  -30.632  -30.980  -16.247 0.0000000000
63304  -29.766  -30.568  -16.609 0.0000000000
63305  -28.494  -29.068  -17.599 0.0000000000
63306  -29.510  -29.639  -17.300 0.0000000000
63307  -29.266  -29.133  -17.677 0.0000000000
63308  -29.916  -29.052  -17.729 0.0000000000
63309  -29.045  -28.649  -18.043 0.0000000000
63310  -28.875  -28.173  -18.341 0.0000000000
63311  -28.134  -28.135  -18.293 0.0000000000
63313  -26.435  -27.120  -18.484 0.0000000000
64883  -39.187  -24.845  -17.012 0.0000000000
64885  -39.477  -26.841  -16.095 0.0000000000
64886  -39.138  -26.305  -16.580 0.0000000000
64887  -38.873  -26.818  -16.576 0.0000000000
64888  -38.154  -26.723  -17.016 0.0000000000
64889  -38.606  -27.300  -16.579 0.0000000000
69692  -29.111  -10.386  -29.454 0.0000000000
69694  -27.419  -9.563  -30.679 0.0000000000
69705  -26.610  -19.104  -25.682 0.0000000000
69706  -25.933  -18.464  -26.097 0.0000000000
69707  -25.511  -18.661  -25.882 0.0000000000
70451  -22.475  -38.861  -7.842 0.0000000000
70453  -25.375  -39.069  -8.637 0.0000000000
70454  -25.032  -39.353  -8.273 0.0000000000
70455  -26.065  -39.545  -8.144 0.0000000000
70456  -26.762  -39.952  -7.510 0.0000000000
70457  -27.154  -39.667  -7.872 0.0000000000
70458  -26.654  -37.893  -10.040 0.0000000000
70460  -27.437  -38.419  -9.600 0.0000000000
70461  -29.804  -39.143  -7.960 0.0000000000
70462  -28.800  -39.125  -8.358 0.0000000000
70463  -29.381  -39.382  -7.620 0.0000000000
70464  -29.025  -39.657  -7.230 0.0000000000
70465  -29.862  -39.609  -6.919 0.0000000000
70466  -30.270  -39.799  -6.138 0.0000000000
70467  -30.750  -39.629  -6.478 0.0000000000
70468  -32.651  -39.303  -6.347 0.0000000000
70469  -32.247  -39.453  -5.888 0.0000000000
70470  -32.851  -39.313  -5.573 0.0000000000
70475  -34.352  -38.627  -7.549 0.0000000000
70476  -34.585  -38.581  -6.842 0.0000000000
70477  -34.963  -38.461  -7.328 0.0000000000
70478  -35.540  -38.110  -7.103 0.0000000000
70479  -35.369  -38.282  -7.848 0.0000000000
70480  -32.260  -37.640  -10.366 0.0000000000
70481  -32.920  -37.977  -9.698 0.0000000000
70482  -33.055  -37.639  -10.205 0.0000000000
70483  -34.832  -37.363  -10.148 0.0000000000
70484  -34.768  -37.783  -9.732 0.0000000000
70485  -35.511  -37.694  -9.547 0.0000000000
70486  -35.890  -37.837  -8.853 0.0000000000
70487  -36.087  -37.548  -9.460 0.0000000000
70488  -36.753  -37.374  -9.161 0.0000000000
70489  -36.252  -37.220  -9.886 0.0000000000
70490  -35.611  -36.063  -11.476 0.0000000000
70491  -36.336  -36.376  -10.847 0.0000000000
70492  -36.377  -35.948  -11.325 0.0000000000
70493  -37.176  -35.792  -11.263 0.0000000000
70494  -36.352  -35.491  -11.846 0.0000000000
70495  -36.532  -35.147  -12.185 0.0000000000
70496  -35.670  -35.176  -12.309 0.0000000000
70497  -33.362  -34.442  -13.358 0.0000000000
70498  -34.177  -34.461  -13.254 0.0000000000
70499  -33.363  -34.023  -13.695 0.0000000000
70500  -33.199  -33.535  -14.115 0.0000000000
70501  -32.576  -33.605  -14.121 0.0000000000
70502  -30.104  -34.342  -13.760 0.0000000000
70503  -30.938  -34.413  -13.653 0.0000000000
70504  -30.098  -33.954  -14.041 0.0000000000
70505  -29.290  -32.696  -14.963 0.0000000000
70506  -30.084  -33.125  -14.639 0.0000000000
70507  -30.122  -32.737  -14.889 0.0000000000
70508  -30.861  -32.699  -14.884 0.0000000000
70509  -30.047  -32.277  -15.238 0.0000000000
70510  -29.914  -31.820  -15.571 0.0000000000
70511  -29.259  -31.879  -15.549 0.0000000000
70512  -26.759  -30.762  -15.918 0.0000000000
70513  -27.629  -30.943  -16.044 0.0000000000
70514  -26.797  -30.393  -16.186 0.0000000000
70515  -26.702  -29.903  -16.456 0.0000000000
75081  -35.892  -14.558  -23.516 0.0000000000
75082  -35.444  -14.916  -23.629 0.0000000000
75083  -34.705  -14.920  -24.202 0.0000000000
75084  -35.043  -15.344  -23.775 0.0000000000
75085  -34.667  -16.414  -23.530 0.0000000000
75086  -34.253  -15.987  -23.993 0.0000000000
75087  -33.933  -16.380  -24.074 0.0000000000
75088  -33.245  -16.301  -24.545 0.0000000000
75089  -33.592  -16.710  -24.127 0.0000000000
75090  -36.109  -18.022  -21.628 0.0000000000
75091  -35.708  -17.588  -22.089 0.0000000000
75092  -35.339  -17.998  -22.165 0.0000000000
75093  -33.677  -18.282  -23.302 0.0000000000
75094  -33.958  -17.906  -23.257 0.0000000000
75095  -33.228  -17.848  -23.841 0.0000000000
75096  -32.843  -17.431  -24.264 0.0000000000
75097  -32.522  -17.778  -24.397 0.0000000000
75098  -31.761  -17.701  -24.938 0.0000000000
75099  -32.218  -18.146  -24.441 0.0000000000
75100  -31.988  -19.221  -24.078 0.0000000000
75101  -31.494  -18.774  -24.642 0.0000000000
75102  -31.161  -19.071  -24.688 0.0000000000
75103  -30.261  -18.873  -25.262 0.0000000000
75104  -30.812  -19.358  -24.704 0.0000000000
75106  -38.672  -20.753  -18.190 0.0000000000
75107  -38.591  -21.201  -18.230 0.0000000000
75108  -37.245  -21.621  -19.454 0.0000000000
75109  -37.475  -21.256  -19.382 0.0000000000
75110  -36.796  -21.232  -19.892 0.0000000000
75111  -36.347  -20.792  -20.412 0.0000000000
75112  -36.100  -21.205  -20.409 0.0000000000
75113  -36.266  -23.302  -19.370 0.0000000000
75114  -36.523  -22.927  -19.364 0.0000000000
75115  -35.748  -22.853  -19.851 0.0000000000
75116  -33.947  -21.799  -21.435 0.0000000000
75117  -34.746  -21.901  -20.919 0.0000000000
75118  -34.232  -21.443  -21.442 0.0000000000
75119  -34.564  -21.098  -21.414 0.0000000000
75120  -33.825  -20.992  -21.917 0.0000000000
75121  -33.362  -20.568  -22.422 0.0000000000
75122  -33.012  -20.898  -22.511 0.0000000000
75123  -31.138  -20.923  -23.601 0.0000000000
75124  -31.392  -20.596  -23.654 0.0000000000
75125  -30.462  -20.373  -24.172 0.0000000000
75126  -29.978  -19.896  -24.721 0.0000000000
75127  -29.614  -20.146  -24.662 0.0000000000
75128  -28.666  -19.849  -25.079 0.0000000000
75129  -29.175  -20.404  -24.669 0.0000000000
75130  -29.147  -21.503  -23.940 0.0000000000
75131  -28.487  -20.925  -24.433 0.0000000000
75132  -28.162  -21.160  -24.276 0.0000000000
75133  -27.170  -20.772  -24.556 0.0000000000
75134  -27.763  -21.368  -24.077 0.0000000000
75135  -31.063  -23.543  -21.826 0.0000000000
75136  -30.666  -23.060  -22.319 0.0000000000
75137  -30.094  -23.304  -22.270 0.0000000000
75138  -27.923  -22.822  -22.744 0.0000000000
75139  -28.339  -22.638  -22.930 0.0000000000
75140  -27.368  -22.231  -23.188 0.0000000000
75141  -26.963  -21.717  -23.613 0.0000000000
75142  -26.318  -21.778  -23.409 0.0000000000
75144  -26.136  -21.981  -23.091 0.0000000000
75145  -25.803  -22.806  -22.211 0.0000000000
89595  -33.302  -14.824  -25.301 0.0000000000
89596  -32.975  -14.405  -25.717 0.0000000000
89597  -32.535  -14.722  -25.821 0.0000000000
89598  -30.499  -14.604  -27.000 0.0000000000
89599  -30.897  -14.338  -26.931 0.0000000000
89600  -29.987  -14.077  -27.593 0.0000000000
89601  -29.508  -13.500  -28.132 0.0000000000
89602  -29.054  -13.757  -28.275 0.0000000000
89603  -28.577  -15.592  -27.417 0.0000000000
89604  -29.058  -15.354  -27.359 0.0000000000
89605  -28.110  -15.024  -27.953 0.0000000000
89606  -25.953  -13.306  -29.324 0.0000000000
89607  -27.123  -13.849  -28.932 0.0000000000
89608  -26.444  -13.130  -29.393 0.0000000000
89609  -26.962  -12.967  -29.373 0.0000000000
89610  -25.925  -12.432  -29.791 0.0000000000
89619  -25.002  -16.837  -27.040 0.0000000000
91827  -16.368  -41.231  -2.604 0.0000000000
91828  -18.603  -41.737  -2.738 0.0000000000
91829  -18.161  -41.809  -2.410 0.0000000000
91830  -19.092  -42.063  -2.266 0.0000000000
91831  -19.430  -42.275  -1.708 0.0000000000
91832  -19.912  -42.197  -2.009 0.0000000000
91833  -20.460  -41.492  -4.234 0.0000000000
91834  -19.979  -41.562  -3.829 0.0000000000
91835  -20.959  -41.879  -3.715 0.0000000000
91836  -22.594  -42.075  -2.014 0.0000000000
91837  -21.709  -42.222  -2.410 0.0000000000
91838  -21.984  -42.143  -1.695 0.0000000000
91848  -23.868  -40.054  -7.225 0.0000000000
91849  -23.540  -40.295  -6.826 0.0000000000
91850  -24.442  -40.500  -6.781 0.0000000000
91851  -26.481  -40.978  -4.954 0.0000000000
91852  -25.574  -41.058  -5.386 0.0000000000
91853  -26.047  -41.127  -4.521 0.0000000000
91854  -25.519  -41.279  -4.213 0.0000000000
91855  -26.450  -41.073  -3.693 0.0000000000
91977  -38.230  -29.200  -15.902 0.0000000000
91978  -38.718  -28.738  -15.879 0.0000000000
91979  -37.935  -28.605  -16.335 0.0000000000
91980  -37.668  -28.050  -16.653 0.0000000000
91981  -37.096  -28.417  -16.751 0.0000000000
91982  -36.501  -34.408  -13.082 0.0000000000
91983  -37.332  -34.274  -12.967 0.0000000000
91984  -36.530  -33.939  -13.426 0.0000000000
91985  -35.624  -32.576  -14.586 0.0000000000
91986  -36.455  -32.956  -14.172 0.0000000000
91987  -36.389  -32.439  -14.509 0.0000000000
91988  -37.122  -32.249  -14.447 0.0000000000
91989  -36.261  -31.917  -14.915 0.0000000000
91990  -32.126  -30.845  -16.180 0.0000000000
91991  -32.937  -31.261  -15.799 0.0000000000
91992  -32.902  -30.786  -16.129 0.0000000000
91993  -33.959  -29.958  -16.583 0.0000000000
91994  -34.145  -30.514  -16.188 0.0000000000
91995  -35.043  -30.443  -16.166 0.0000000000
91996  -35.829  -30.772  -15.807 0.0000000000
91997  -35.623  -30.251  -16.154 0.0000000000
91998  -36.300  -30.048  -16.091 0.0000000000
91999  -35.399  -29.728  -16.499 0.0000000000
92000  -33.987  -28.291  -17.553 0.0000000000
92001  -34.905  -28.636  -17.172 0.0000000000
92002  -34.693  -28.102  -17.537 0.0000000000
92003  -35.265  -27.841  -17.530 0.0000000000
92004  -34.322  -27.547  -17.951 0.0000000000
92005  -34.193  -27.115  -18.274 0.0000000000
92006  -33.471  -27.293  -18.346 0.0000000000
92007  -30.978  -26.866  -19.343 0.0000000000
92008  -31.706  -26.770  -19.262 0.0000000000
92009  -30.761  -26.456  -19.756 0.0000000000
92010  -30.574  -26.022  -20.178 0.0000000000
92011  -29.792  -26.107  -20.200 0.0000000000
92012  -28.380  -27.186  -19.084 0.0000000000
92013  -29.096  -27.191  -19.221 0.0000000000
92014  -28.181  -26.763  -19.454 0.0000000000
92015  -26.823  -25.330  -20.287 0.0000000000
92016  -27.645  -25.760  -20.184 0.0000000000
92017  -27.353  -25.327  -20.496 0.0000000000
92018  -28.045  -25.300  -20.699 0.0000000000
92019  -27.111  -24.799  -20.869 0.0000000000
92020  -26.857  -24.360  -21.152 0.0000000000
92021  -26.272  -24.351  -20.939 0.0000000000
93427  -32.544  -13.220  -26.646 0.0000000000
93428  -32.134  -13.500  -26.685 0.0000000000
93579  -16.787  -42.022  -1.450 0.0000000000
93584  -27.693  -36.396  -11.895 0.0000000000
93585  -28.688  -36.602  -11.832 0.0000000000
93586  -27.806  -36.063  -12.263 0.0000000000
93588  -27.991  -35.340  -12.964 0.0000000000
93589  -28.110  -34.971  -13.267 0.0000000000
94508  -37.987  -19.998  -19.267 0.0000000000
94509  -37.191  -25.625  -17.882 0.0000000000
94510  -36.736  -25.130  -18.306 0.0000000000
94511  -36.257  -25.456  -18.314 0.0000000000
94512  -35.492  -25.305  -18.751 0.0000000000
94513  -34.677  -25.156  -19.219 0.0000000000
94514  -33.863  -24.992  -19.693 0.0000000000
94515  -34.334  -25.503  -19.164 0.0000000000
94516  -33.927  -25.821  -19.204 0.0000000000
94517  -33.549  -26.132  -19.107 0.0000000000
97407  -29.326  -17.833  -26.100 0.0000000000
97408  -28.659  -17.206  -26.583 0.0000000000
97409  -28.292  -17.455  -26.608 0.0000000000
97410  -27.174  -16.993  -27.045 0.0000000000
97411  -25.901  -16.496  -27.401 0.0000000000
97856  -20.368  -40.159  -5.675 0.0000000000
97857  -20.802  -39.984  -6.009 0.0000000000
97858  -21.798  -40.347  -6.063 0.0000000000
97859  -22.747  -40.690  -6.027 0.0000000000
97873  -38.064  -35.931  -9.963 0.0000000000
97874  -38.165  -35.789  -9.262 0.0000000000
97875  -38.430  -35.482  -9.759 0.0000000000
97876  -38.613  -34.984  -9.577 0.0000000000
97877  -38.674  -34.436  -9.498 0.0000000000
97879  -38.887  -34.049  -9.914 0.0000000000
97880  -39.158  -33.698  -10.536 0.0000000000
97881  -39.298  -33.338  -11.007 0.0000000000
97882  -39.417  -32.873  -11.325 0.0000000000
97883  -39.250  -33.520  -11.570 0.0000000000
97884  -38.957  -33.601  -12.224 0.0000000000
97885  -38.508  -33.574  -12.794 0.0000000000
97886  -28.077  -30.052  -16.826 0.0000000000
97887  -28.834  -30.100  -16.951 0.0000000000
97888  -28.045  -29.644  -17.119 0.0000000000
97889  -27.858  -29.154  -17.487 0.0000000000
97890  -27.624  -28.572  -17.758 0.0000000000
97891  -27.480  -28.120  -18.066 0.0000000000
97892  -26.822  -28.103  -17.844 0.0000000000
97893  -26.092  -27.596  -17.885 0.0000000000
101717  -28.857  -8.995  -30.119 0.0000000000
101718  -28.892  -11.186  -29.224 0.0000000000
101719  -28.569  -10.602  -29.707 0.0000000000
101720  -28.066  -10.810  -29.851 0.0000000000
101721  -27.211  -10.417  -30.469 0.0000000000
101727  -25.841  -19.519  -25.311 0.0000000000
101728  -25.130  -18.792  -25.625 0.0000000000
101729  -24.800  -18.992  -25.373 0.0000000000
102179  -25.745  -38.819  -8.976 0.0000000000
102180  -28.743  -38.230  -9.819 0.0000000000
102181  -28.472  -38.511  -9.378 0.0000000000
102182  -29.499  -38.584  -9.136 0.0000000000
102183  -30.184  -38.898  -8.358 0.0000000000
102184  -30.659  -39.191  -7.578 0.0000000000
102185  -31.120  -39.433  -6.911 0.0000000000
102186  -31.530  -39.233  -7.317 0.0000000000
102187  -32.367  -39.226  -7.064 0.0000000000
102188  -33.041  -39.135  -6.852 0.0000000000
102189  -33.653  -38.981  -6.599 0.0000000000
102190  -33.357  -38.922  -7.282 0.0000000000
102191  -33.676  -38.743  -7.758 0.0000000000
102192  -33.987  -38.519  -8.245 0.0000000000
102193  -32.332  -36.883  -11.316 0.0000000000
102194  -33.202  -37.337  -10.652 0.0000000000
102195  -33.335  -37.010  -11.027 0.0000000000
102196  -34.110  -37.017  -10.812 0.0000000000
102197  -34.891  -36.981  -10.677 0.0000000000
102198  -35.625  -36.962  -10.521 0.0000000000
102199  -34.917  -36.538  -11.123 0.0000000000
102200  -34.868  -36.101  -11.668 0.0000000000
102201  -34.838  -35.665  -12.052 0.0000000000
102202  -34.854  -35.238  -12.447 0.0000000000
102203  -34.117  -35.315  -12.552 0.0000000000
102204  -33.344  -34.859  -13.018 0.0000000000
102205  -32.538  -34.413  -13.449 0.0000000000
102206  -28.363  -33.397  -14.415 0.0000000000
102207  -29.298  -33.511  -14.375 0.0000000000
102208  -28.433  -33.033  -14.673 0.0000000000
102209  -28.433  -32.619  -14.964 0.0000000000
102210  -28.424  -32.212  -15.247 0.0000000000
102211  -28.524  -31.897  -15.506 0.0000000000
102212  -27.561  -31.664  -15.512 0.0000000000
104953  -36.008  -15.700  -22.848 0.0000000000
104954  -35.313  -15.663  -23.365 0.0000000000
104955  -35.708  -16.080  -22.899 0.0000000000
104956  -35.382  -16.432  -22.984 0.0000000000
104957  -35.001  -16.799  -23.015 0.0000000000
104958  -35.576  -18.809  -21.690 0.0000000000
104959  -35.094  -18.366  -22.224 0.0000000000
104960  -34.843  -18.750  -22.221 0.0000000000
104961  -34.090  -18.696  -22.814 0.0000000000
104962  -33.373  -18.637  -23.373 0.0000000000
104963  -32.626  -18.526  -23.949 0.0000000000
104964  -33.059  -18.979  -23.427 0.0000000000
104965  -32.769  -19.330  -23.491 0.0000000000
104966  -32.495  -19.674  -23.501 0.0000000000
104967  -38.900  -22.013  -17.782 0.0000000000
104968  -38.505  -21.632  -18.317 0.0000000000
104969  -38.425  -22.076  -18.332 0.0000000000
104970  -37.744  -22.044  -18.921 0.0000000000
104971  -36.957  -22.039  -19.461 0.0000000000
104972  -34.759  -23.049  -20.326 0.0000000000
104973  -34.912  -22.676  -20.393 0.0000000000
104974  -34.137  -22.558  -20.936 0.0000000000
104975  -33.708  -22.144  -21.419 0.0000000000
104976  -33.180  -21.686  -21.978 0.0000000000
104977  -32.752  -21.248  -22.546 0.0000000000
104978  -32.451  -21.568  -22.568 0.0000000000
104979  -31.669  -21.412  -23.110 0.0000000000
104980  -30.740  -21.192  -23.661 0.0000000000
104981  -29.785  -20.944  -24.147 0.0000000000
104982  -30.396  -21.504  -23.607 0.0000000000
104983  -30.031  -21.790  -23.573 0.0000000000
104984  -29.632  -22.024  -23.422 0.0000000000
104985  -30.269  -24.048  -21.651 0.0000000000
104986  -29.895  -23.560  -22.112 0.0000000000
104987  -29.388  -23.753  -22.011 0.0000000000
104988  -28.498  -23.403  -22.295 0.0000000000
104989  -27.557  -22.982  -22.512 0.0000000000
104990  -26.481  -22.480  -22.725 0.0000000000
104991  -27.130  -23.124  -22.328 0.0000000000
104992  -26.681  -23.266  -22.101 0.0000000000
104993  -26.208  -23.338  -21.851 0.0000000000
113661  -32.534  -15.487  -25.444 0.0000000000
113662  -32.105  -15.019  -25.919 0.0000000000
113663  -31.696  -15.317  -26.037 0.0000000000
113664  -30.897  -15.125  -26.578 0.0000000000
113665  -30.013  -14.878  -27.133 0.0000000000
113666  -26.477  -14.763  -28.489 0.0000000000
113667  -27.096  -14.613  -28.437 0.0000000000
113668  -25.977  -14.127  -28.907 0.0000000000
113669  -25.328  -13.403  -29.288 0.0000000000
115001  -16.849  -41.133  -2.955 0.0000000000
115002  -17.336  -41.082  -3.248 0.0000000000
115003  -18.263  -41.386  -3.229 0.0000000000
115004  -19.068  -41.658  -3.093 0.0000000000
115005  -22.313  -41.949  -3.885 0.0000000000
115006  -21.817  -42.070  -3.496 0.0000000000
115007  -22.707  -42.074  -3.293 0.0000000000
115008  -23.029  -42.039  -2.460 0.0000000000
115009  -23.389  -41.861  -1.536 0.0000000000
115014  -25.935  -40.466  -6.785 0.0000000000
115015  -25.505  -40.660  -6.501 0.0000000000
115016  -26.470  -40.710  -6.085 0.0000000000
115017  -26.928  -40.805  -5.303 0.0000000000
115018  -27.339  -40.814  -4.478 0.0000000000
115085  -39.639  -31.111  -13.007 0.0000000000
115087  -39.669  -30.713  -13.398 0.0000000000
115089  -39.586  -29.811  -14.445 0.0000000000
115090  -39.538  -29.345  -14.863 0.0000000000
115091  -39.111  -29.808  -14.994 0.0000000000
115092  -38.507  -29.730  -15.476 0.0000000000
115093  -37.644  -29.496  -15.970 0.0000000000
115094  -34.897  -33.585  -13.926 0.0000000000
115095  -35.676  -33.540  -13.912 0.0000000000
115096  -34.822  -33.108  -14.348 0.0000000000
115097  -34.782  -32.620  -14.646 0.0000000000
115098  -34.816  -32.188  -14.945 0.0000000000
115099  -31.778  -29.886  -16.948 0.0000000000
115100  -32.658  -30.276  -16.565 0.0000000000
115101  -32.401  -29.732  -16.937 0.0000000000
115102  -33.054  -29.571  -16.941 0.0000000000
115103  -33.891  -29.520  -16.853 0.0000000000
115104  -34.507  -29.353  -16.832 0.0000000000
115105  -33.623  -28.998  -17.188 0.0000000000
115106  -33.298  -28.446  -17.620 0.0000000000
115107  -33.100  -27.966  -17.946 0.0000000000
115108  -32.934  -27.550  -18.321 0.0000000000
115109  -32.207  -27.678  -18.411 0.0000000000
115110  -31.270  -27.370  -18.892 0.0000000000
115111  -30.337  -27.033  -19.331 0.0000000000
115112  -26.643  -26.142  -19.301 0.0000000000
115113  -27.231  -26.262  -19.625 0.0000000000
115116  -25.864  -24.782  -20.360 0.0000000000
115117  -25.577  -24.319  -20.709 0.0000000000
118158  -29.312  -11.791  -28.755 0.0000000000
118159  -28.832  -12.031  -28.967 0.0000000000
118160  -28.415  -12.281  -29.095 0.0000000000
118504  -17.074  -42.350  -0.064 0.0000000000
118505  -17.776  -42.234  0.254 0.0000000000
118509  -19.918  -42.150  -0.401 0.0000000000
118514  -26.936  -37.614  -10.399 0.0000000000
118516  -27.184  -37.340  -10.758 0.0000000000
118517  -27.938  -37.838  -10.395 0.0000000000
118518  -29.034  -37.985  -10.242 0.0000000000
118519  -30.025  -38.122  -9.913 0.0000000000
118520  -30.948  -38.178  -9.626 0.0000000000
118521  -31.880  -38.208  -9.390 0.0000000000
118522  -31.130  -37.897  -10.129 0.0000000000
118523  -31.262  -37.571  -10.545 0.0000000000
118524  -31.413  -37.241  -11.061 0.0000000000
118525  -29.602  -36.704  -11.775 0.0000000000
118526  -30.611  -36.854  -11.632 0.0000000000
118527  -31.517  -36.888  -11.448 0.0000000000
118528  -31.522  -36.460  -11.900 0.0000000000
118529  -31.534  -36.032  -12.279 0.0000000000
118530  -31.575  -35.537  -12.650 0.0000000000
118531  -31.648  -35.167  -12.945 0.0000000000
118532  -30.816  -35.144  -13.098 0.0000000000
118533  -30.025  -34.751  -13.482 0.0000000000
118534  -29.120  -34.268  -13.850 0.0000000000
118535  -28.169  -34.559  -13.578 0.0000000000
118536  -28.280  -34.190  -13.851 0.0000000000
118537  -28.286  -33.770  -14.131 0.0000000000
118538  -27.461  -33.227  -14.371 0.0000000000
120671  -36.705  -17.246  -21.520 0.0000000000
120674  -36.441  -18.424  -21.197 0.0000000000
120675  -37.554  -18.780  -20.148 0.0000000000
120676  -36.910  -18.827  -20.658 0.0000000000
120677  -36.284  -18.834  -21.190 0.0000000000
120678  -36.061  -19.220  -21.256 0.0000000000
120679  -35.754  -19.613  -21.293 0.0000000000
120680  -35.447  -19.976  -21.358 0.0000000000
120681  -38.386  -23.899  -17.948 0.0000000000
120682  -37.890  -23.429  -18.377 0.0000000000
120683  -37.639  -23.848  -18.387 0.0000000000
120684  -36.809  -23.781  -18.829 0.0000000000
120685  -35.940  -23.675  -19.277 0.0000000000
120686  -36.280  -24.623  -18.784 0.0000000000
120687  -35.669  -24.086  -19.281 0.0000000000
120688  -35.168  -23.537  -19.780 0.0000000000
120689  -34.370  -23.394  -20.305 0.0000000000
120690  -33.579  -23.260  -20.828 0.0000000000
120691  -32.711  -23.114  -21.379 0.0000000000
120692  -31.855  -22.939  -21.915 0.0000000000
120693  -32.390  -23.446  -21.305 0.0000000000
120694  -32.007  -23.749  -21.301 0.0000000000
120695  -31.618  -24.035  -21.271 0.0000000000
120696  -32.991  -24.772  -20.198 0.0000000000
120697  -32.122  -24.571  -20.697 0.0000000000
120698  -31.239  -24.350  -21.174 0.0000000000
120699  -30.843  -24.635  -21.160 0.0000000000
120700  -30.440  -24.872  -21.069 0.0000000000
120701  -29.973  -25.094  -21.015 0.0000000000
127443  -30.976  -16.734  -25.822 0.0000000000
127444  -30.493  -16.213  -26.273 0.0000000000
127445  -30.085  -16.511  -26.380 0.0000000000
127446  -29.078  -16.178  -26.962 0.0000000000
127447  -28.092  -15.803  -27.472 0.0000000000
127448  -28.069  -16.657  -27.111 0.0000000000
127449  -27.486  -16.020  -27.612 0.0000000000
127450  -27.023  -15.322  -27.954 0.0000000000
127451  -25.858  -14.872  -28.419 0.0000000000
127452  -24.811  -14.302  -28.645 0.0000000000
128488  -20.046  -41.035  -4.625 0.0000000000
128489  -20.927  -41.415  -4.598 0.0000000000
128490  -20.918  -40.743  -5.350 0.0000000000
128491  -21.381  -41.269  -4.947 0.0000000000
128492  -21.866  -41.686  -4.455 0.0000000000
128493  -22.770  -41.782  -4.213 0.0000000000
128494  -23.686  -41.769  -3.912 0.0000000000
128495  -24.528  -41.632  -3.479 0.0000000000
128496  -29.430  -40.115  -5.298 0.0000000000
128497  -29.059  -40.301  -4.839 0.0000000000
128527  -37.033  -37.158  -7.793 0.0000000000
128528  -36.876  -36.887  -7.178 0.0000000000
128552  -39.498  -32.411  -11.825 0.0000000000
128553  -39.601  -31.992  -12.217 0.0000000000
128554  -39.674  -31.543  -12.563 0.0000000000
128555  -39.401  -31.626  -13.161 0.0000000000
128556  -38.984  -31.654  -13.717 0.0000000000
128557  -38.459  -31.620  -14.239 0.0000000000
128558  -31.580  -31.822  -15.515 0.0000000000
128559  -32.330  -31.782  -15.477 0.0000000000
128560  -31.472  -31.372  -15.874 0.0000000000
128561  -31.411  -30.961  -16.207 0.0000000000
128562  -31.232  -30.446  -16.583 0.0000000000
128563  -29.593  -30.115  -16.946 0.0000000000
128564  -30.343  -30.042  -16.975 0.0000000000
128565  -30.984  -29.932  -17.018 0.0000000000
128566  -30.847  -29.466  -17.352 0.0000000000
128567  -30.643  -28.980  -17.734 0.0000000000
128568  -30.466  -28.533  -18.083 0.0000000000
128569  -30.142  -28.015  -18.504 0.0000000000
128570  -29.615  -28.172  -18.421 0.0000000000
128571  -28.765  -27.767  -18.698 0.0000000000
128572  -27.858  -27.243  -18.870 0.0000000000
128573  -27.285  -27.653  -18.402 0.0000000000
128574  -27.126  -27.204  -18.719 0.0000000000
128575  -26.863  -26.659  -18.992 0.0000000000
130558  -39.192  -22.936  -17.404 0.0000000000
130559  -39.072  -23.429  -17.459 0.0000000000
130568  -38.961  -23.883  -17.504 0.0000000000
130569  -38.794  -24.413  -17.476 0.0000000000
130570  -38.547  -24.845  -17.509 0.0000000000
130571  -38.355  -25.311  -17.493 0.0000000000
130572  -39.355  -25.787  -16.592 0.0000000000
130573  -38.777  -25.806  -17.065 0.0000000000
130574  -38.039  -25.743  -17.468 0.0000000000
130575  -37.736  -26.200  -17.498 0.0000000000
130576  -37.376  -26.579  -17.418 0.0000000000
130577  -37.113  -26.979  -17.341 0.0000000000
136660  -29.220  -9.571  -29.746 0.0000000000
136661  -28.474  -9.197  -30.339 0.0000000000
136662  -28.270  -10.010  -30.117 0.0000000000
136663  -27.946  -9.360  -30.534 0.0000000000
136677  -27.550  -18.700  -25.945 0.0000000000
136678  -26.879  -18.099  -26.449 0.0000000000
136679  -26.451  -18.256  -26.253 0.0000000000
136680  -25.263  -17.718  -26.447 0.0000000000
136682  -24.402  -18.062  -25.944 0.0000000000
137623  -23.220  -39.497  -7.570 0.0000000000
137624  -24.229  -39.839  -7.576 0.0000000000
137625  -23.908  -39.014  -8.280 0.0000000000
137626  -24.613  -39.641  -7.901 0.0000000000
137627  -25.297  -40.108  -7.394 0.0000000000
137628  -26.351  -40.211  -7.145 0.0000000000
137629  -27.322  -40.201  -6.855 0.0000000000
137630  -28.242  -40.183  -6.442 0.0000000000
137632  -26.083  -38.546  -9.314 0.0000000000
137633  -26.839  -39.037  -8.854 0.0000000000
137634  -28.167  -38.794  -9.070 0.0000000000
137635  -27.831  -39.117  -8.642 0.0000000000
137636  -27.519  -39.403  -8.257 0.0000000000
137637  -28.099  -39.686  -7.616 0.0000000000
137638  -28.610  -39.922  -6.889 0.0000000000
137639  -29.060  -40.053  -6.103 0.0000000000
137640  -29.822  -39.961  -5.790 0.0000000000
137642  -31.314  -39.666  -4.939 0.0000000000
137643  -31.479  -39.568  -6.163 0.0000000000
137644  -31.760  -39.618  -5.327 0.0000000000
137645  -31.959  -39.475  -4.580 0.0000000000
137653  -34.237  -38.724  -6.345 0.0000000000
137654  -34.733  -38.347  -6.114 0.0000000000
137656  -35.556  -37.871  -6.419 0.0000000000
137657  -35.978  -37.874  -6.995 0.0000000000
137658  -36.401  -37.753  -7.524 0.0000000000
137659  -32.716  -38.233  -9.092 0.0000000000
137660  -33.487  -38.289  -8.998 0.0000000000
137661  -34.376  -38.337  -8.780 0.0000000000
137662  -33.928  -37.736  -9.974 0.0000000000
137663  -34.597  -38.078  -9.230 0.0000000000
137664  -35.079  -38.266  -8.534 0.0000000000
137665  -35.638  -38.058  -8.377 0.0000000000
137666  -36.258  -37.838  -8.168 0.0000000000
137667  -36.709  -37.604  -7.994 0.0000000000
137668  -37.024  -37.358  -8.506 0.0000000000
137669  -37.223  -37.037  -9.072 0.0000000000
137670  -37.406  -36.687  -9.572 0.0000000000
137671  -36.306  -36.810  -10.357 0.0000000000
137672  -37.000  -36.649  -10.253 0.0000000000
137673  -37.592  -36.309  -10.082 0.0000000000
137674  -37.769  -35.925  -10.603 0.0000000000
137675  -37.901  -35.562  -11.189 0.0000000000
137676  -37.785  -35.221  -11.716 0.0000000000
137677  -37.858  -34.826  -12.113 0.0000000000
137678  -37.145  -35.048  -12.218 0.0000000000
137679  -36.449  -34.781  -12.642 0.0000000000
137680  -35.719  -34.415  -13.077 0.0000000000
137681  -34.901  -34.810  -12.838 0.0000000000
137682  -34.996  -34.383  -13.120 0.0000000000
137683  -34.958  -34.043  -13.538 0.0000000000
137684  -34.129  -33.622  -13.931 0.0000000000
137685  -33.264  -33.150  -14.389 0.0000000000
137686  -32.433  -32.709  -14.819 0.0000000000
137687  -31.724  -34.789  -13.254 0.0000000000
137688  -31.668  -34.353  -13.611 0.0000000000
137689  -31.720  -33.952  -13.901 0.0000000000
137690  -30.070  -33.530  -14.373 0.0000000000
137691  -30.897  -33.539  -14.263 0.0000000000
137692  -31.740  -33.570  -14.173 0.0000000000
137693  -31.678  -33.123  -14.525 0.0000000000
137694  -31.637  -32.669  -14.904 0.0000000000
137695  -31.601  -32.244  -15.174 0.0000000000
137696  -30.800  -31.857  -15.522 0.0000000000
137697  -29.921  -31.429  -15.885 0.0000000000
137698  -29.069  -30.998  -16.206 0.0000000000
137699  -28.405  -31.400  -15.848 0.0000000000
137700  -28.224  -30.911  -16.173 0.0000000000
137701  -28.210  -30.517  -16.472 0.0000000000
137702  -27.463  -30.085  -16.623 0.0000000000
143285  -36.432  -14.115  -23.279 0.0000000000
143286  -35.682  -14.187  -23.976 0.0000000000
143287  -34.816  -14.178  -24.586 0.0000000000
143288  -34.075  -14.143  -25.118 0.0000000000
143289  -34.441  -14.558  -24.642 0.0000000000
143290  -34.030  -14.883  -24.728 0.0000000000
143291  -33.659  -15.269  -24.804 0.0000000000
143292  -34.654  -15.672  -23.876 0.0000000000
143293  -34.008  -15.650  -24.389 0.0000000000
143294  -33.272  -15.598  -24.903 0.0000000000
143295  -32.941  -15.913  -24.981 0.0000000000
143296  -32.508  -16.217  -25.097 0.0000000000
143297  -32.220  -16.562  -25.158 0.0000000000
143298  -36.014  -17.244  -21.999 0.0000000000
143299  -35.240  -17.236  -22.589 0.0000000000
143300  -34.525  -17.192  -23.128 0.0000000000
143301  -34.612  -17.950  -22.727 0.0000000000
143302  -34.270  -17.550  -23.205 0.0000000000
143303  -33.911  -17.137  -23.620 0.0000000000
143304  -33.211  -17.077  -24.207 0.0000000000
143305  -32.478  -17.010  -24.801 0.0000000000
143306  -31.735  -16.888  -25.303 0.0000000000
143307  -31.375  -17.241  -25.370 0.0000000000
143308  -30.969  -17.553  -25.529 0.0000000000
143309  -30.610  -17.860  -25.544 0.0000000000
143310  -31.877  -18.447  -24.552 0.0000000000
143311  -31.153  -18.325  -25.072 0.0000000000
143312  -30.374  -18.153  -25.560 0.0000000000
143313  -29.790  -18.373  -25.700 0.0000000000
143314  -29.423  -18.626  -25.723 0.0000000000
143315  -28.941  -18.825  -25.679 0.0000000000
143317  -38.361  -20.390  -18.728 0.0000000000
143318  -37.799  -20.460  -19.303 0.0000000000
143319  -38.082  -21.252  -18.853 0.0000000000
143320  -37.611  -20.869  -19.357 0.0000000000
143321  -37.248  -20.456  -19.829 0.0000000000
143322  -36.647  -20.414  -20.326 0.0000000000
143323  -35.906  -20.377  -20.872 0.0000000000
143324  -35.169  -20.348  -21.369 0.0000000000
143325  -37.304  -22.974  -18.881 0.0000000000
143326  -36.760  -22.456  -19.455 0.0000000000
143327  -36.181  -22.026  -19.961 0.0000000000
143328  -35.198  -22.332  -20.405 0.0000000000
143329  -35.471  -21.969  -20.447 0.0000000000
143330  -35.716  -21.576  -20.437 0.0000000000
143331  -35.351  -21.166  -20.906 0.0000000000
143332  -34.775  -20.750  -21.448 0.0000000000
143333  -34.456  -20.277  -21.832 0.0000000000
143334  -33.665  -20.183  -22.379 0.0000000000
143335  -32.902  -20.097  -22.981 0.0000000000
143336  -32.095  -19.963  -23.588 0.0000000000
143337  -32.234  -20.756  -23.078 0.0000000000
143338  -31.761  -20.285  -23.588 0.0000000000
143339  -31.225  -19.804  -24.214 0.0000000000
143340  -30.420  -19.609  -24.712 0.0000000000
143341  -29.526  -19.377  -25.177 0.0000000000
143342  -28.685  -19.112  -25.597 0.0000000000
143343  -28.069  -19.289  -25.530 0.0000000000
143344  -27.776  -19.519  -25.384 0.0000000000
143345  -27.241  -19.736  -25.380 0.0000000000
143346  -28.782  -20.663  -24.597 0.0000000000
143347  -27.809  -20.358  -24.938 0.0000000000
143348  -26.751  -19.930  -25.193 0.0000000000
143349  -26.512  -20.147  -24.946 0.0000000000
143350  -26.171  -20.345  -24.670 0.0000000000
143351  -25.604  -20.414  -24.430 0.0000000000
143352  -30.992  -22.751  -22.431 0.0000000000
143353  -30.092  -22.543  -22.906 0.0000000000
143354  -29.225  -22.263  -23.289 0.0000000000
143355  -29.226  -22.994  -22.639 0.0000000000
143356  -28.803  -22.496  -23.106 0.0000000000
143357  -28.320  -21.916  -23.607 0.0000000000
143358  -27.322  -21.522  -23.873 0.0000000000
143359  -26.318  -21.102  -24.043 0.0000000000
143360  -25.305  -20.636  -24.161 0.0000000000
143364  -25.541  -22.024  -22.866 0.0000000000
160764  -33.380  -14.081  -25.655 0.0000000000
160765  -32.611  -13.993  -26.146 0.0000000000
160766  -31.777  -13.801  -26.734 0.0000000000
160767  -31.704  -14.543  -26.335 0.0000000000
160768  -31.329  -14.091  -26.820 0.0000000000
160769  -30.857  -13.540  -27.386 0.0000000000
160770  -30.007  -13.265  -27.973 0.0000000000
160771  -28.965  -12.897  -28.623 0.0000000000
160772  -27.912  -12.511  -29.239 0.0000000000
160773  -29.975  -15.675  -26.783 0.0000000000
160774  -29.516  -15.113  -27.284 0.0000000000
160775  -29.099  -14.567  -27.708 0.0000000000
160776  -27.568  -14.417  -28.464 0.0000000000
160777  -28.092  -14.223  -28.411 0.0000000000
160778  -28.603  -14.004  -28.337 0.0000000000
160779  -28.007  -13.369  -28.882 0.0000000000
160780  -27.478  -12.761  -29.325 0.0000000000
160781  -26.994  -12.091  -29.759 0.0000000000
160782  -25.980  -11.548  -30.253 0.0000000000
160791  -26.002  -17.370  -26.924 0.0000000000
160792  -25.370  -16.651  -27.266 0.0000000000
160793  -24.816  -15.914  -27.558 0.0000000000
160795  -23.777  -15.288  -27.619 0.0000000000
160796  -24.299  -15.178  -27.912 0.0000000000
160797  -23.606  -14.313  -28.141 0.0000000000
163439  -16.404  -41.692  -1.884 0.0000000000
163440  -17.304  -41.985  -1.799 0.0000000000
163441  -17.319  -41.534  -2.541 0.0000000000
163442  -17.767  -41.916  -2.099 0.0000000000
163443  -18.174  -42.227  -1.586 0.0000000000
163444  -18.956  -42.313  -1.338 0.0000000000
163445  -19.707  -42.287  -1.034 0.0000000000
163446  -20.399  -42.118  -0.705 0.0000000000
163447  -19.073  -41.216  -3.846 0.0000000000
163448  -19.435  -41.605  -3.444 0.0000000000
163449  -19.946  -41.918  -2.919 0.0000000000
163450  -21.398  -42.139  -3.097 0.0000000000
163451  -20.871  -42.162  -2.680 0.0000000000
163452  -20.372  -42.144  -2.326 0.0000000000
163465  -22.551  -39.965  -6.801 0.0000000000
163466  -23.172  -40.527  -6.414 0.0000000000
163467  -23.654  -40.919  -5.958 0.0000000000
163468  -25.050  -40.846  -6.152 0.0000000000
163469  -24.581  -41.009  -5.771 0.0000000000
163470  -24.154  -41.205  -5.398 0.0000000000
163471  -24.628  -41.383  -4.633 0.0000000000
163472  -25.031  -41.462  -3.806 0.0000000000
163474  -28.611  -40.445  -4.458 0.0000000000
163475  -28.149  -40.593  -4.052 0.0000000000
163476  -27.698  -40.740  -3.619 0.0000000000
163478  -27.888  -40.504  -2.861 0.0000000000
163479  -27.207  -40.792  -3.143 0.0000000000
163620  -39.493  -27.833  -15.714 0.0000000000
163621  -39.407  -28.855  -15.292 0.0000000000
163622  -39.108  -28.276  -15.761 0.0000000000
163623  -38.817  -27.793  -16.235 0.0000000000
163624  -38.101  -27.682  -16.658 0.0000000000
163625  -37.343  -27.515  -17.031 0.0000000000
163626  -36.536  -27.302  -17.378 0.0000000000
163627  -37.958  -34.438  -12.462 0.0000000000
163628  -37.937  -33.953  -12.898 0.0000000000
163629  -37.957  -33.462  -13.294 0.0000000000
163630  -36.480  -33.406  -13.831 0.0000000000
163631  -37.269  -33.272  -13.694 0.0000000000
163632  -37.910  -32.964  -13.651 0.0000000000
163633  -37.922  -32.459  -13.939 0.0000000000
163634  -37.824  -31.982  -14.336 0.0000000000
163635  -37.673  -31.436  -14.769 0.0000000000
163636  -33.171  -31.827  -15.365 0.0000000000
163637  -33.839  -31.709  -15.384 0.0000000000
163638  -34.603  -31.559  -15.384 0.0000000000
163639  -33.568  -30.677  -16.162 0.0000000000
163640  -34.475  -31.098  -15.736 0.0000000000
163641  -35.371  -31.549  -15.353 0.0000000000
163642  -36.115  -31.372  -15.302 0.0000000000
163643  -36.755  -31.122  -15.325 0.0000000000
163644  -37.495  -30.935  -15.189 0.0000000000
163645  -37.195  -30.349  -15.647 0.0000000000
163646  -37.020  -29.797  -16.041 0.0000000000
163647  -36.746  -29.236  -16.417 0.0000000000
163648  -35.184  -29.167  -16.838 0.0000000000
163649  -35.827  -28.965  -16.806 0.0000000000
163650  -36.449  -28.672  -16.733 0.0000000000
163651  -36.240  -28.153  -17.112 0.0000000000
163652  -35.923  -27.613  -17.452 0.0000000000
163653  -35.682  -27.079  -17.753 0.0000000000
163654  -34.773  -26.854  -18.190 0.0000000000
163655  -33.869  -26.650  -18.669 0.0000000000
163656  -32.919  -26.379  -19.212 0.0000000000
163657  -32.619  -27.054  -18.770 0.0000000000
163658  -32.318  -26.551  -19.243 0.0000000000
163659  -32.003  -26.095  -19.718 0.0000000000
163660  -31.123  -25.810  -20.182 0.0000000000
163661  -30.244  -25.532  -20.610 0.0000000000
163662  -29.318  -25.179  -20.944 0.0000000000
163663  -29.951  -27.552  -18.868 0.0000000000
163664  -29.689  -27.080  -19.299 0.0000000000
163665  -29.469  -26.692  -19.692 0.0000000000
163666  -27.972  -26.298  -19.807 0.0000000000
163667  -28.525  -26.219  -19.983 0.0000000000
163668  -29.259  -26.219  -20.049 0.0000000000
163669  -28.926  -25.729  -20.482 0.0000000000
163670  -28.693  -25.281  -20.875 0.0000000000
163671  -28.400  -24.787  -21.201 0.0000000000
163672  -27.476  -24.350  -21.369 0.0000000000
163673  -26.572  -23.890  -21.501 0.0000000000
163674  -25.648  -23.391  -21.597 0.0000000000
163675  -25.349  -23.867  -21.014 0.0000000000
