#!ascii label  , from subject fsaverage vox2ras=TkReg
463
92  -58.243  0.973  26.335 0.0000000000
693  -53.890  -0.679  35.374 0.0000000000
992  -58.672  1.629  22.990 0.0000000000
994  -56.848  5.832  25.429 0.0000000000
1533  -55.820  5.041  29.787 0.0000000000
1534  -55.244  2.501  33.041 0.0000000000
1803  -53.840  -4.159  42.779 0.0000000000
2613  -55.736  -3.403  37.863 0.0000000000
2614  -55.230  -4.595  39.283 0.0000000000
2912  -58.475  1.438  24.818 0.0000000000
2913  -58.698  4.592  24.430 0.0000000000
2914  -58.293  4.375  26.459 0.0000000000
3513  -57.458  2.015  32.421 0.0000000000
3514  -56.925  0.732  34.038 0.0000000000
5853  -56.431  -0.672  35.411 0.0000000000
5854  -56.038  -2.018  36.607 0.0000000000
5855  -53.781  -1.823  36.945 0.0000000000
6392  -58.954  1.527  20.769 0.0000000000
6393  -59.304  4.147  19.654 0.0000000000
6394  -59.034  4.390  22.029 0.0000000000
6395  -57.395  5.773  23.008 0.0000000000
7412  -57.806  0.458  28.211 0.0000000000
7413  -57.971  3.833  28.471 0.0000000000
7414  -57.810  3.073  30.459 0.0000000000
7415  -55.830  3.940  31.494 0.0000000000
7417  -54.523  0.853  34.281 0.0000000000
8043  -53.965  -5.704  40.952 0.0000000000
8623  -56.071  5.689  27.718 0.0000000000
8641  -54.434  -3.559  40.867 0.0000000000
10293  -54.807  -5.165  38.332 0.0000000000
10294  -54.238  -5.690  38.981 0.0000000000
10592  -58.362  1.210  25.573 0.0000000000
10593  -58.614  2.988  25.738 0.0000000000
10594  -58.459  2.836  26.604 0.0000000000
11193  -57.347  -0.026  33.136 0.0000000000
11194  -57.115  -0.686  33.931 0.0000000000
13593  -56.348  -2.573  35.909 0.0000000000
13594  -56.001  -3.258  36.469 0.0000000000
13595  -55.104  -2.872  38.397 0.0000000000
13596  -55.099  -2.346  37.652 0.0000000000
13597  -53.888  -2.229  37.821 0.0000000000
14492  -58.810  1.586  21.873 0.0000000000
14493  -59.195  2.954  21.443 0.0000000000
14494  -59.019  3.090  22.671 0.0000000000
14495  -57.993  5.589  25.034 0.0000000000
14496  -58.222  5.527  23.861 0.0000000000
14497  -57.118  5.847  24.210 0.0000000000
14499  -55.696  5.346  24.542 0.0000000000
14623  -58.002  0.289  22.668 0.0000000000
16293  -58.131  1.854  29.469 0.0000000000
16294  -57.977  1.553  30.426 0.0000000000
16295  -56.583  2.524  32.991 0.0000000000
16296  -56.858  3.184  32.142 0.0000000000
16297  -55.657  3.237  32.251 0.0000000000
16300  -55.305  -0.466  35.637 0.0000000000
16301  -55.598  0.280  35.014 0.0000000000
16302  -54.115  0.027  34.805 0.0000000000
19000  -58.643  5.179  20.202 0.0000000000
19015  -57.170  4.730  29.314 0.0000000000
19016  -57.262  5.064  28.229 0.0000000000
19017  -55.894  5.447  28.721 0.0000000000
19060  -54.078  -5.036  41.974 0.0000000000
19061  -54.615  -4.508  41.086 0.0000000000
19062  -54.218  -3.804  41.852 0.0000000000
23135  -55.518  -4.032  38.559 0.0000000000
23136  -55.109  -3.441  39.208 0.0000000000
23672  -58.576  1.604  23.986 0.0000000000
23673  -58.892  3.275  23.767 0.0000000000
23674  -58.737  3.143  24.803 0.0000000000
23675  -58.469  4.592  25.538 0.0000000000
23676  -57.708  5.551  26.142 0.0000000000
23752  -57.900  0.158  23.473 0.0000000000
24753  -57.804  1.001  31.389 0.0000000000
24754  -57.593  0.544  32.250 0.0000000000
24755  -57.207  1.359  33.208 0.0000000000
24756  -56.287  1.801  33.755 0.0000000000
26386  -54.283  4.716  29.834 0.0000000000
29013  -56.852  -1.301  34.654 0.0000000000
29014  -56.590  -1.928  35.310 0.0000000000
29015  -56.222  -1.310  36.032 0.0000000000
29016  -55.136  -1.109  36.258 0.0000000000
29017  -55.871  -2.737  37.236 0.0000000000
29018  -55.093  -1.744  36.965 0.0000000000
29019  -53.706  -1.288  36.094 0.0000000000
30272  -59.013  1.417  19.609 0.0000000000
30273  -59.336  2.698  19.087 0.0000000000
30274  -59.328  2.820  20.242 0.0000000000
30275  -59.200  4.223  20.806 0.0000000000
30276  -58.557  5.300  21.332 0.0000000000
30277  -58.818  4.549  23.300 0.0000000000
30278  -58.383  5.428  22.530 0.0000000000
32732  -58.029  0.758  27.261 0.0000000000
32733  -58.312  2.533  27.511 0.0000000000
32734  -58.223  2.215  28.467 0.0000000000
32735  -57.905  3.489  29.532 0.0000000000
32736  -57.163  4.282  30.233 0.0000000000
32737  -57.693  2.601  31.476 0.0000000000
32738  -57.044  3.826  31.268 0.0000000000
32739  -55.855  4.596  30.614 0.0000000000
32743  -56.678  0.036  34.734 0.0000000000
32744  -55.970  1.080  34.398 0.0000000000
32745  -54.905  1.704  33.678 0.0000000000
32746  -52.851  0.307  33.877 0.0000000000
32747  -53.394  1.118  33.286 0.0000000000
32748  -53.797  1.920  32.695 0.0000000000
34442  -51.803  -7.104  39.186 0.0000000000
34443  -53.419  -6.252  39.814 0.0000000000
34444  -52.681  -6.724  40.459 0.0000000000
36121  -58.102  4.167  27.428 0.0000000000
36122  -57.464  5.349  27.173 0.0000000000
36123  -56.441  5.809  26.577 0.0000000000
36125  -54.825  5.434  26.898 0.0000000000
36126  -55.200  5.396  25.744 0.0000000000
36175  -54.685  -5.168  40.147 0.0000000000
36176  -55.034  -4.027  40.156 0.0000000000
41312  -58.316  1.095  25.931 0.0000000000
41313  -58.474  1.994  26.108 0.0000000000
41314  -58.410  1.958  26.548 0.0000000000
41353  -57.911  0.138  26.070 0.0000000000
41355  -58.047  0.249  25.621 0.0000000000
41356  -58.123  0.368  25.241 0.0000000000
41914  -56.912  -1.358  33.793 0.0000000000
44315  -54.624  -2.743  38.609 0.0000000000
44316  -54.556  -2.516  38.180 0.0000000000
44317  -53.985  -2.423  38.290 0.0000000000
45212  -58.704  1.639  22.445 0.0000000000
45213  -58.948  2.335  22.263 0.0000000000
45214  -58.903  2.378  22.828 0.0000000000
45215  -57.474  5.826  25.268 0.0000000000
45216  -57.602  5.812  24.674 0.0000000000
45217  -56.976  5.845  24.858 0.0000000000
45218  -56.444  5.642  24.408 0.0000000000
45219  -56.251  5.644  25.010 0.0000000000
45343  -58.375  0.925  22.840 0.0000000000
45344  -58.065  0.349  22.212 0.0000000000
45345  -58.439  0.968  22.364 0.0000000000
45346  -58.520  0.947  21.818 0.0000000000
47013  -57.882  0.855  29.847 0.0000000000
47014  -57.806  0.676  30.302 0.0000000000
47015  -55.957  2.527  33.116 0.0000000000
47016  -56.116  2.889  32.726 0.0000000000
47017  -55.484  2.853  32.651 0.0000000000
47018  -54.940  3.028  32.168 0.0000000000
47019  -54.763  2.653  32.526 0.0000000000
47020  -54.616  -0.541  35.524 0.0000000000
47021  -54.745  -0.183  35.224 0.0000000000
47022  -53.993  -0.352  35.058 0.0000000000
49735  -56.501  4.984  29.624 0.0000000000
49736  -56.558  5.160  29.073 0.0000000000
49737  -55.839  5.255  29.274 0.0000000000
49780  -53.996  -4.585  42.411 0.0000000000
49781  -54.241  -4.384  41.957 0.0000000000
49782  -54.024  -3.973  42.326 0.0000000000
53915  -55.108  -4.928  38.801 0.0000000000
53916  -55.290  -4.645  38.498 0.0000000000
53917  -55.381  -4.314  38.923 0.0000000000
53918  -55.387  -3.718  38.906 0.0000000000
53919  -55.280  -4.033  39.267 0.0000000000
54812  -58.514  1.506  24.388 0.0000000000
54813  -58.668  2.357  24.429 0.0000000000
54814  -58.629  2.292  24.824 0.0000000000
54815  -58.507  3.744  26.108 0.0000000000
54816  -58.594  3.828  25.659 0.0000000000
54817  -58.386  4.476  26.007 0.0000000000
54818  -58.170  5.120  25.829 0.0000000000
54819  -58.055  5.061  26.362 0.0000000000
54943  -58.219  0.640  24.528 0.0000000000
54945  -58.224  0.769  24.185 0.0000000000
54946  -58.267  0.839  23.753 0.0000000000
56615  -57.191  0.386  33.626 0.0000000000
56616  -57.302  0.693  33.232 0.0000000000
56617  -57.054  1.035  33.632 0.0000000000
56618  -56.807  1.649  33.557 0.0000000000
56619  -56.657  1.308  33.945 0.0000000000
63813  -56.520  -2.240  34.818 0.0000000000
63814  -56.361  -2.540  35.088 0.0000000000
63815  -56.272  -2.267  36.318 0.0000000000
63816  -56.398  -1.916  36.022 0.0000000000
63817  -56.129  -1.666  36.324 0.0000000000
63818  -55.766  -1.158  36.196 0.0000000000
63819  -55.704  -1.502  36.512 0.0000000000
63820  -55.801  -3.663  37.550 0.0000000000
63821  -55.908  -3.334  37.212 0.0000000000
63822  -55.808  -3.067  37.543 0.0000000000
63823  -54.488  -2.017  37.371 0.0000000000
63824  -55.086  -2.049  37.297 0.0000000000
63825  -54.464  -1.765  36.981 0.0000000000
63826  -54.452  -1.503  36.588 0.0000000000
63827  -53.760  -1.575  36.521 0.0000000000
66512  -58.982  1.456  20.162 0.0000000000
66513  -59.199  2.103  19.907 0.0000000000
66514  -59.153  2.154  20.491 0.0000000000
66515  -59.181  3.695  21.762 0.0000000000
66516  -59.270  3.620  21.139 0.0000000000
66517  -59.141  4.282  21.387 0.0000000000
66518  -58.937  4.821  21.065 0.0000000000
66519  -58.869  4.885  21.650 0.0000000000
66520  -58.847  3.958  24.112 0.0000000000
66521  -58.911  3.931  23.560 0.0000000000
66522  -58.757  4.584  23.866 0.0000000000
66523  -57.854  5.753  23.424 0.0000000000
66524  -58.315  5.491  23.193 0.0000000000
66525  -57.930  5.692  22.802 0.0000000000
66526  -57.994  5.630  22.176 0.0000000000
66527  -57.466  5.713  22.368 0.0000000000
66529  -56.786  5.595  22.568 0.0000000000
66913  -58.649  0.888  20.708 0.0000000000
66915  -58.705  0.832  20.143 0.0000000000
66916  -58.747  0.781  19.605 0.0000000000
71912  -57.915  0.627  27.737 0.0000000000
71913  -58.228  1.490  27.832 0.0000000000
71914  -58.114  1.370  28.324 0.0000000000
71915  -58.059  2.563  30.025 0.0000000000
71916  -58.103  2.717  29.524 0.0000000000
71917  -57.859  3.290  30.000 0.0000000000
71918  -57.627  3.943  29.838 0.0000000000
71919  -57.601  3.702  30.430 0.0000000000
71920  -57.693  1.548  31.917 0.0000000000
71921  -57.811  1.791  31.441 0.0000000000
71922  -57.589  2.320  31.964 0.0000000000
71923  -56.381  3.629  31.851 0.0000000000
71924  -56.962  3.522  31.723 0.0000000000
71925  -56.450  3.970  31.421 0.0000000000
71926  -56.491  4.233  30.970 0.0000000000
71927  -55.852  4.294  31.042 0.0000000000
71935  -56.735  -0.952  35.082 0.0000000000
71936  -56.858  -0.612  34.746 0.0000000000
71937  -56.543  -0.321  35.084 0.0000000000
71938  -55.078  0.613  34.671 0.0000000000
71939  -55.766  0.674  34.699 0.0000000000
71940  -55.260  1.035  34.382 0.0000000000
71941  -55.456  1.451  34.099 0.0000000000
71942  -54.680  1.290  33.982 0.0000000000
71944  -52.698  -0.096  34.137 0.0000000000
71945  -52.097  0.034  33.672 0.0000000000
71949  -53.555  1.520  32.975 0.0000000000
75963  -52.307  -6.934  39.812 0.0000000000
75964  -51.950  -7.151  40.159 0.0000000000
80035  -59.384  3.452  19.376 0.0000000000
80036  -59.381  3.323  18.807 0.0000000000
80037  -59.318  4.013  19.062 0.0000000000
80080  -58.205  3.175  27.986 0.0000000000
80081  -58.259  3.339  27.493 0.0000000000
80082  -58.028  4.006  27.931 0.0000000000
80083  -56.702  5.473  28.012 0.0000000000
80084  -57.361  5.211  27.686 0.0000000000
80085  -56.835  5.616  27.498 0.0000000000
80086  -56.961  5.708  26.953 0.0000000000
80087  -56.231  5.769  27.187 0.0000000000
80092  -53.967  5.088  26.959 0.0000000000
80094  -55.027  5.428  26.338 0.0000000000
80215  -53.776  -5.979  40.357 0.0000000000
80216  -54.163  -5.727  39.975 0.0000000000
80217  -54.352  -5.438  40.538 0.0000000000
80218  -54.680  -3.992  40.990 0.0000000000
80219  -54.879  -4.246  40.602 0.0000000000
80220  -54.794  -3.784  40.524 0.0000000000
80221  -54.800  -3.563  40.026 0.0000000000
92254  -54.058  -5.665  38.070 0.0000000000
92255  -54.555  -5.423  38.662 0.0000000000
92256  -54.870  -5.170  39.155 0.0000000000
92792  -58.431  1.350  25.225 0.0000000000
92793  -58.575  2.266  25.286 0.0000000000
92794  -58.525  2.137  25.704 0.0000000000
92795  -58.530  2.931  26.186 0.0000000000
92796  -58.438  3.676  26.576 0.0000000000
92872  -58.180  0.497  24.876 0.0000000000
93875  -57.235  -0.330  33.531 0.0000000000
93876  -57.092  0.055  34.020 0.0000000000
98195  -56.166  -2.904  36.198 0.0000000000
98196  -56.148  -2.645  36.568 0.0000000000
98197  -55.515  -3.166  38.177 0.0000000000
98198  -55.556  -2.889  37.849 0.0000000000
98199  -55.112  -2.628  38.023 0.0000000000
98200  -54.508  -2.274  37.768 0.0000000000
98201  -53.812  -2.042  37.381 0.0000000000
99812  -58.894  1.558  21.321 0.0000000000
99813  -59.079  2.225  21.116 0.0000000000
99814  -59.002  2.280  21.712 0.0000000000
99815  -59.123  3.020  22.036 0.0000000000
99816  -59.082  3.790  22.394 0.0000000000
99817  -58.403  5.152  24.764 0.0000000000
99818  -58.506  5.134  24.192 0.0000000000
99819  -58.113  5.559  24.471 0.0000000000
99820  -57.723  5.787  24.062 0.0000000000
99821  -57.280  5.820  23.620 0.0000000000
99822  -56.712  5.624  23.186 0.0000000000
99823  -56.591  5.635  23.796 0.0000000000
103052  -57.762  0.345  28.676 0.0000000000
103053  -58.040  1.207  28.840 0.0000000000
103054  -57.983  1.015  29.356 0.0000000000
103055  -58.070  1.694  29.949 0.0000000000
103056  -57.986  2.343  30.490 0.0000000000
103057  -57.118  2.332  32.784 0.0000000000
103058  -57.234  2.654  32.363 0.0000000000
103059  -56.732  2.880  32.573 0.0000000000
103060  -56.270  3.266  32.286 0.0000000000
103061  -55.772  3.617  31.859 0.0000000000
103062  -55.144  3.789  31.414 0.0000000000
103063  -55.094  3.431  31.783 0.0000000000
103066  -55.949  -0.535  35.603 0.0000000000
103067  -56.064  -0.130  35.269 0.0000000000
103068  -55.440  -0.104  35.327 0.0000000000
103069  -54.897  0.235  34.966 0.0000000000
103070  -54.319  0.435  34.555 0.0000000000
105483  -51.607  -7.351  40.514 0.0000000000
107926  -59.052  4.725  19.924 0.0000000000
107953  -57.657  4.330  28.890 0.0000000000
107954  -57.670  4.525  28.373 0.0000000000
107955  -57.183  4.906  28.790 0.0000000000
107956  -56.620  5.325  28.528 0.0000000000
107957  -55.959  5.578  28.190 0.0000000000
108034  -54.049  -5.414  41.515 0.0000000000
108035  -54.457  -5.113  41.023 0.0000000000
108036  -54.336  -4.793  41.550 0.0000000000
108037  -54.450  -4.194  41.479 0.0000000000
108038  -54.360  -3.686  41.359 0.0000000000
115416  -55.625  -4.037  37.794 0.0000000000
115417  -55.014  -4.907  37.986 0.0000000000
115418  -55.456  -4.358  38.133 0.0000000000
115419  -55.651  -3.749  38.215 0.0000000000
115420  -55.457  -3.434  38.527 0.0000000000
115421  -55.104  -3.151  38.804 0.0000000000
115422  -54.701  -2.997  39.022 0.0000000000
116672  -58.629  1.621  23.503 0.0000000000
116673  -58.866  2.415  23.427 0.0000000000
116674  -58.750  2.399  23.963 0.0000000000
116675  -58.802  3.199  24.311 0.0000000000
116676  -58.786  3.953  24.657 0.0000000000
116677  -58.677  3.090  25.290 0.0000000000
116678  -58.688  3.912  25.192 0.0000000000
116679  -58.607  4.592  24.989 0.0000000000
116680  -58.288  5.150  25.295 0.0000000000
116681  -57.853  5.583  25.588 0.0000000000
116682  -57.312  5.824  25.841 0.0000000000
116859  -57.951  0.220  23.067 0.0000000000
116860  -58.318  0.889  23.300 0.0000000000
119193  -57.745  0.458  30.749 0.0000000000
119194  -57.702  0.205  31.199 0.0000000000
119195  -57.713  0.767  31.833 0.0000000000
119196  -57.583  1.269  32.364 0.0000000000
119197  -57.469  0.267  32.699 0.0000000000
119198  -57.464  0.986  32.796 0.0000000000
119199  -57.348  1.688  32.800 0.0000000000
119200  -56.944  2.015  33.155 0.0000000000
119201  -56.433  2.155  33.387 0.0000000000
119202  -55.801  2.192  33.459 0.0000000000
119203  -53.117  -0.883  35.183 0.0000000000
119204  -53.235  -0.565  34.889 0.0000000000
123004  -55.083  4.937  29.846 0.0000000000
123005  -55.063  5.175  29.365 0.0000000000
123006  -54.258  4.955  29.395 0.0000000000
123068  -53.717  -3.536  42.688 0.0000000000
129213  -56.766  -1.662  34.139 0.0000000000
129214  -56.652  -1.947  34.496 0.0000000000
129215  -56.719  -1.647  34.990 0.0000000000
129216  -56.624  -1.281  35.405 0.0000000000
129217  -56.467  -2.224  35.613 0.0000000000
129218  -56.518  -1.580  35.707 0.0000000000
129219  -56.326  -0.997  35.725 0.0000000000
129220  -55.851  -0.835  35.892 0.0000000000
129221  -55.210  -0.775  35.927 0.0000000000
129222  -54.505  -0.842  35.858 0.0000000000
129223  -55.840  -3.639  36.731 0.0000000000
129224  -56.022  -3.003  36.883 0.0000000000
129225  -55.947  -2.372  36.910 0.0000000000
129226  -55.572  -2.567  37.532 0.0000000000
129227  -55.595  -2.213  37.193 0.0000000000
129228  -55.636  -1.852  36.846 0.0000000000
129229  -55.088  -1.431  36.605 0.0000000000
129230  -54.465  -1.217  36.212 0.0000000000
129231  -53.796  -0.989  35.715 0.0000000000
129232  -53.021  -1.184  35.579 0.0000000000
132632  -59.041  1.363  19.054 0.0000000000
132633  -59.239  1.977  18.792 0.0000000000
132634  -59.208  2.084  19.374 0.0000000000
132635  -59.336  2.790  19.650 0.0000000000
132636  -59.368  3.514  19.957 0.0000000000
132637  -59.266  2.888  20.843 0.0000000000
132638  -59.334  3.546  20.544 0.0000000000
132639  -59.254  4.183  20.222 0.0000000000
132640  -58.984  4.777  20.493 0.0000000000
132641  -58.586  5.265  20.764 0.0000000000
132643  -58.948  3.187  23.244 0.0000000000
132644  -58.983  3.874  23.008 0.0000000000
132645  -58.921  4.480  22.672 0.0000000000
132646  -58.576  5.106  23.580 0.0000000000
132647  -58.656  5.058  22.940 0.0000000000
132648  -58.759  4.988  22.261 0.0000000000
132649  -58.475  5.360  21.918 0.0000000000
133144  -58.789  0.784  19.111 0.0000000000
139412  -58.131  0.825  26.789 0.0000000000
139413  -58.341  1.803  27.008 0.0000000000
139414  -58.281  1.632  27.424 0.0000000000
139415  -58.271  2.367  27.984 0.0000000000
139416  -58.167  3.065  28.512 0.0000000000
139417  -58.154  2.051  28.974 0.0000000000
139418  -58.138  2.888  29.018 0.0000000000
139419  -57.934  3.666  29.013 0.0000000000
139420  -57.650  4.135  29.371 0.0000000000
139421  -57.181  4.505  29.762 0.0000000000
139422  -56.544  4.745  30.079 0.0000000000
139423  -57.886  1.261  30.922 0.0000000000
139424  -57.903  2.081  30.963 0.0000000000
139425  -57.763  2.856  30.971 0.0000000000
139426  -57.325  2.972  31.906 0.0000000000
139427  -57.471  3.237  31.439 0.0000000000
139428  -57.552  3.472  30.956 0.0000000000
139429  -57.087  4.087  30.754 0.0000000000
139430  -56.527  4.500  30.522 0.0000000000
139431  -55.837  4.832  30.234 0.0000000000
139432  -55.118  4.686  30.298 0.0000000000
139441  -56.987  -1.002  34.298 0.0000000000
139442  -56.991  -0.293  34.419 0.0000000000
139443  -56.806  0.390  34.389 0.0000000000
139444  -56.212  0.251  34.935 0.0000000000
139445  -56.369  0.615  34.613 0.0000000000
139446  -56.503  0.982  34.309 0.0000000000
139447  -56.133  1.459  34.083 0.0000000000
139448  -55.644  1.852  33.771 0.0000000000
139449  -55.094  2.110  33.360 0.0000000000
139450  -53.359  -0.180  34.593 0.0000000000
139451  -53.517  0.203  34.333 0.0000000000
139452  -53.742  0.587  34.114 0.0000000000
139454  -53.123  0.710  33.590 0.0000000000
139455  -53.963  1.000  33.818 0.0000000000
139456  -54.157  1.423  33.509 0.0000000000
139457  -54.339  1.850  33.187 0.0000000000
139458  -54.567  2.278  32.865 0.0000000000
144362  -52.123  -6.866  38.861 0.0000000000
144363  -53.003  -6.436  39.126 0.0000000000
144364  -52.655  -6.699  39.471 0.0000000000
144365  -53.026  -6.492  40.148 0.0000000000
144366  -53.396  -6.196  40.727 0.0000000000
144367  -52.420  -6.902  40.818 0.0000000000
149281  -59.316  2.572  18.529 0.0000000000
149282  -59.322  3.180  18.244 0.0000000000
149335  -58.391  2.685  27.040 0.0000000000
149336  -58.340  3.510  27.026 0.0000000000
149337  -58.186  4.284  26.933 0.0000000000
149338  -57.772  4.664  27.831 0.0000000000
149339  -57.855  4.798  27.306 0.0000000000
149340  -57.944  4.933  26.829 0.0000000000
149341  -57.559  5.482  26.701 0.0000000000
149342  -57.123  5.775  26.406 0.0000000000
149343  -56.689  5.816  25.997 0.0000000000
149344  -55.110  5.392  28.884 0.0000000000
149345  -55.173  5.509  28.357 0.0000000000
149346  -55.272  5.596  27.842 0.0000000000
149348  -54.607  5.417  27.411 0.0000000000
149349  -55.408  5.658  27.337 0.0000000000
149350  -55.632  5.702  26.768 0.0000000000
149351  -55.889  5.706  26.147 0.0000000000
149352  -56.104  5.683  25.556 0.0000000000
149353  -55.441  5.338  25.134 0.0000000000
149497  -53.884  -5.984  39.380 0.0000000000
149498  -54.534  -5.452  39.582 0.0000000000
149499  -55.006  -4.892  39.706 0.0000000000
149500  -54.752  -4.830  40.583 0.0000000000
149501  -54.981  -4.579  40.166 0.0000000000
149502  -55.151  -4.336  39.721 0.0000000000
149503  -55.095  -3.796  39.674 0.0000000000
149504  -54.761  -3.302  39.517 0.0000000000
