#!ascii label  , from subject fsaverage vox2ras=TkReg
520
120  -53.786  21.350  16.670 0.0000000000
264  -42.681  20.607  20.009 0.0000000000
742  -35.792  19.130  23.472 0.0000000000
743  -39.940  17.577  21.122 0.0000000000
744  -37.496  22.134  21.110 0.0000000000
1627  -46.326  16.781  21.354 0.0000000000
1628  -48.649  20.786  18.296 0.0000000000
2219  -49.653  24.560  14.858 0.0000000000
2662  -35.982  21.548  23.857 0.0000000000
2663  -36.553  20.741  22.154 0.0000000000
3670  -41.311  18.964  20.368 0.0000000000
3671  -43.168  16.935  20.762 0.0000000000
3672  -44.534  18.615  19.752 0.0000000000
3673  -47.662  18.574  19.698 0.0000000000
3674  -45.633  20.527  19.070 0.0000000000
4911  -46.839  24.297  16.091 0.0000000000
5945  -38.525  15.965  22.001 0.0000000000
5946  -37.295  18.303  22.146 0.0000000000
5947  -38.441  19.661  21.148 0.0000000000
5948  -39.796  20.936  20.429 0.0000000000
7638  -49.503  17.099  21.636 0.0000000000
7639  -50.570  19.022  19.502 0.0000000000
7640  -51.490  21.403  17.821 0.0000000000
8639  -35.123  19.212  25.285 0.0000000000
8640  -36.452  21.470  25.958 0.0000000000
9214  -38.798  23.791  20.480 0.0000000000
9215  -41.051  22.759  19.759 0.0000000000
9218  -43.741  22.561  19.229 0.0000000000
9219  -46.551  22.973  18.596 0.0000000000
9220  -49.383  23.349  17.370 0.0000000000
9221  -52.118  23.560  15.938 0.0000000000
9229  -51.947  24.643  13.029 0.0000000000
10343  -36.294  22.390  23.273 0.0000000000
10750  -53.496  20.542  17.702 0.0000000000
11350  -42.003  19.705  20.136 0.0000000000
11351  -42.903  18.744  19.932 0.0000000000
11352  -43.597  19.660  19.773 0.0000000000
11353  -45.110  19.566  19.435 0.0000000000
11354  -44.190  20.530  19.546 0.0000000000
13747  -35.848  17.886  23.197 0.0000000000
13748  -36.726  17.560  22.540 0.0000000000
13749  -36.414  18.749  22.738 0.0000000000
13750  -36.973  21.440  21.607 0.0000000000
13751  -37.344  20.179  21.575 0.0000000000
13752  -37.846  20.841  21.089 0.0000000000
13753  -39.070  20.326  20.747 0.0000000000
13754  -38.493  21.454  20.691 0.0000000000
16770  -39.219  16.801  21.569 0.0000000000
16772  -40.744  16.436  21.293 0.0000000000
16773  -44.742  16.809  20.976 0.0000000000
16774  -43.958  16.040  21.605 0.0000000000
16775  -45.482  16.043  22.117 0.0000000000
16777  -47.062  16.084  22.447 0.0000000000
16778  -48.656  16.165  22.516 0.0000000000
16779  -47.915  16.867  21.669 0.0000000000
16780  -48.145  19.635  18.865 0.0000000000
16781  -49.188  18.722  19.691 0.0000000000
16782  -49.603  19.897  18.691 0.0000000000
16783  -51.011  20.288  18.517 0.0000000000
16784  -50.143  21.133  18.057 0.0000000000
19057  -35.193  19.116  26.335 0.0000000000
19058  -35.697  20.354  25.626 0.0000000000
19059  -36.002  20.200  26.671 0.0000000000
20479  -38.812  25.446  21.016 0.0000000000
20480  -39.353  24.641  20.263 0.0000000000
20481  -39.827  23.203  20.038 0.0000000000
20490  -44.047  23.469  18.492 0.0000000000
20491  -45.074  22.702  19.006 0.0000000000
20492  -45.328  23.636  18.037 0.0000000000
20493  -48.360  24.352  15.438 0.0000000000
20494  -48.242  23.971  16.887 0.0000000000
20495  -49.678  24.090  16.257 0.0000000000
20496  -50.781  23.498  16.617 0.0000000000
20497  -50.943  24.249  15.445 0.0000000000
23224  -35.795  20.370  23.594 0.0000000000
23225  -36.169  19.986  22.756 0.0000000000
23226  -36.083  21.154  22.928 0.0000000000
23227  -36.468  21.938  22.348 0.0000000000
23228  -36.900  22.708  21.839 0.0000000000
25038  -40.608  18.321  20.690 0.0000000000
25039  -41.535  17.218  20.806 0.0000000000
25040  -42.262  17.974  20.263 0.0000000000
25041  -43.888  17.773  20.145 0.0000000000
25042  -45.463  17.592  20.276 0.0000000000
25043  -47.100  17.588  20.490 0.0000000000
25044  -46.129  18.504  19.631 0.0000000000
25045  -46.680  19.581  19.137 0.0000000000
25046  -47.197  20.656  18.592 0.0000000000
27271  -45.379  24.270  16.839 0.0000000000
29232  -37.250  16.404  22.446 0.0000000000
29233  -37.858  17.150  21.994 0.0000000000
29234  -38.558  17.934  21.618 0.0000000000
29235  -36.871  19.534  22.112 0.0000000000
29236  -37.890  19.026  21.617 0.0000000000
29237  -39.203  18.609  21.184 0.0000000000
29238  -39.824  19.275  20.778 0.0000000000
29239  -40.472  19.951  20.504 0.0000000000
29240  -41.169  20.675  20.216 0.0000000000
33342  -42.360  16.128  21.347 0.0000000000
33349  -50.230  16.458  22.096 0.0000000000
33350  -50.904  17.356  21.224 0.0000000000
33351  -48.688  17.761  20.682 0.0000000000
33352  -50.091  18.013  20.531 0.0000000000
33353  -51.446  18.272  20.210 0.0000000000
33354  -51.953  19.442  19.175 0.0000000000
33355  -52.368  20.477  18.247 0.0000000000
33356  -52.816  21.457  17.444 0.0000000000
36171  -35.321  19.228  24.308 0.0000000000
36172  -35.620  20.432  24.584 0.0000000000
36173  -36.164  21.607  24.923 0.0000000000
37883  -37.507  23.645  21.443 0.0000000000
37886  -38.137  22.987  20.754 0.0000000000
37887  -39.118  22.337  20.346 0.0000000000
37888  -40.387  21.860  20.099 0.0000000000
37889  -41.820  21.602  19.931 0.0000000000
37897  -42.393  22.576  19.438 0.0000000000
37898  -43.209  21.581  19.668 0.0000000000
37899  -44.588  21.620  19.327 0.0000000000
37900  -46.165  21.744  18.931 0.0000000000
37901  -47.617  21.952  18.438 0.0000000000
37902  -46.756  23.862  17.554 0.0000000000
37903  -47.953  23.181  18.057 0.0000000000
37904  -49.085  22.248  18.041 0.0000000000
37905  -50.483  22.433  17.540 0.0000000000
37906  -51.779  22.558  17.045 0.0000000000
37907  -53.043  22.484  16.438 0.0000000000
37931  -50.912  24.720  14.007 0.0000000000
37932  -52.094  24.175  14.585 0.0000000000
37933  -53.079  23.284  15.044 0.0000000000
37934  -53.805  22.264  15.347 0.0000000000
41063  -36.679  23.118  24.057 0.0000000000
41470  -53.661  20.952  17.197 0.0000000000
42070  -42.337  20.127  20.082 0.0000000000
42071  -42.785  19.667  19.924 0.0000000000
42072  -43.122  20.143  19.903 0.0000000000
42073  -43.917  20.099  19.664 0.0000000000
42074  -43.427  20.562  19.811 0.0000000000
44467  -35.791  18.526  23.387 0.0000000000
44468  -36.153  18.327  22.998 0.0000000000
44469  -36.045  18.934  23.080 0.0000000000
44470  -37.228  21.795  21.333 0.0000000000
44471  -37.383  21.159  21.312 0.0000000000
44472  -37.642  21.485  21.066 0.0000000000
44473  -38.129  21.150  20.871 0.0000000000
44474  -37.919  21.799  20.865 0.0000000000
47490  -39.591  17.194  21.325 0.0000000000
47491  -39.959  16.609  21.398 0.0000000000
47492  -40.334  17.013  21.165 0.0000000000
47493  -45.552  16.788  21.170 0.0000000000
47494  -45.188  16.397  21.559 0.0000000000
47495  -45.905  16.420  21.739 0.0000000000
47496  -46.246  16.059  22.280 0.0000000000
47497  -46.651  16.447  21.933 0.0000000000
47498  -47.467  16.478  22.091 0.0000000000
47499  -47.086  16.802  21.550 0.0000000000
47500  -48.396  20.188  18.518 0.0000000000
47501  -48.863  19.728  18.765 0.0000000000
47502  -49.140  20.343  18.386 0.0000000000
47503  -49.876  20.528  18.335 0.0000000000
47504  -49.399  20.960  18.176 0.0000000000
49777  -35.322  19.058  26.838 0.0000000000
49778  -35.580  19.666  26.514 0.0000000000
49779  -35.745  19.597  27.034 0.0000000000
51199  -39.226  25.475  20.508 0.0000000000
51200  -39.494  25.106  20.116 0.0000000000
51201  -39.765  24.311  19.888 0.0000000000
51210  -44.086  23.885  18.016 0.0000000000
51211  -44.673  23.533  18.292 0.0000000000
51212  -44.741  23.910  17.790 0.0000000000
51213  -49.042  24.428  15.169 0.0000000000
51214  -49.035  24.243  15.903 0.0000000000
51215  -49.700  24.345  15.636 0.0000000000
51216  -50.343  24.190  15.879 0.0000000000
51217  -50.330  24.453  15.203 0.0000000000
54067  -35.860  20.952  23.715 0.0000000000
54068  -35.935  20.764  23.241 0.0000000000
54069  -35.980  21.355  23.400 0.0000000000
54070  -36.467  22.767  22.979 0.0000000000
54071  -36.335  22.185  22.797 0.0000000000
54072  -36.525  22.547  22.529 0.0000000000
54073  -36.664  22.301  22.083 0.0000000000
54074  -36.728  22.943  22.283 0.0000000000
57090  -40.948  18.644  20.517 0.0000000000
57091  -41.424  18.140  20.480 0.0000000000
57092  -41.734  18.486  20.267 0.0000000000
57093  -43.733  18.689  19.817 0.0000000000
57094  -43.407  18.247  19.922 0.0000000000
57095  -44.215  18.180  19.924 0.0000000000
57096  -44.667  17.675  20.175 0.0000000000
57097  -44.999  18.068  19.915 0.0000000000
57098  -45.827  18.003  19.934 0.0000000000
57099  -45.336  18.544  19.700 0.0000000000
57100  -45.330  20.031  19.269 0.0000000000
57101  -45.880  19.540  19.287 0.0000000000
57102  -46.147  20.075  19.037 0.0000000000
57103  -46.938  20.122  18.827 0.0000000000
57104  -46.410  20.604  18.790 0.0000000000
64284  -36.628  16.614  22.686 0.0000000000
64285  -37.024  17.942  22.346 0.0000000000
64286  -37.270  17.370  22.269 0.0000000000
64287  -37.569  17.744  22.089 0.0000000000
64288  -38.203  17.549  21.831 0.0000000000
64289  -37.900  18.111  21.870 0.0000000000
64290  -36.372  20.353  22.423 0.0000000000
64291  -36.448  19.825  22.387 0.0000000000
64292  -36.676  20.148  22.094 0.0000000000
64293  -37.807  19.922  21.338 0.0000000000
64294  -37.599  19.600  21.596 0.0000000000
64295  -38.132  19.326  21.413 0.0000000000
64296  -38.498  18.790  21.414 0.0000000000
64297  -38.818  19.121  21.180 0.0000000000
64298  -39.533  18.941  20.968 0.0000000000
64299  -39.149  19.442  20.941 0.0000000000
64300  -39.425  20.627  20.583 0.0000000000
64301  -39.764  20.102  20.625 0.0000000000
64302  -40.093  20.401  20.467 0.0000000000
64303  -40.812  20.304  20.326 0.0000000000
64304  -40.453  20.795  20.293 0.0000000000
73350  -38.228  15.631  22.285 0.0000000000
73352  -38.903  15.491  22.126 0.0000000000
73358  -42.357  17.052  20.704 0.0000000000
73359  -41.961  16.661  21.016 0.0000000000
73360  -42.789  16.529  21.083 0.0000000000
73375  -49.068  16.647  22.109 0.0000000000
73376  -49.479  16.286  22.374 0.0000000000
73377  -49.878  16.781  21.941 0.0000000000
73378  -50.610  17.003  21.737 0.0000000000
73379  -50.257  17.269  21.487 0.0000000000
73380  -47.428  18.070  20.054 0.0000000000
73381  -47.885  17.656  20.580 0.0000000000
73382  -48.191  18.145  20.151 0.0000000000
73383  -49.916  18.831  19.600 0.0000000000
73384  -49.676  18.328  20.120 0.0000000000
73385  -50.367  18.479  20.040 0.0000000000
73386  -50.784  18.123  20.418 0.0000000000
73387  -51.071  18.626  19.884 0.0000000000
73388  -51.707  18.840  19.690 0.0000000000
73389  -51.269  19.226  19.353 0.0000000000
73390  -51.253  20.870  18.134 0.0000000000
73391  -51.675  20.391  18.360 0.0000000000
73392  -51.929  20.935  18.012 0.0000000000
73393  -52.611  20.976  17.862 0.0000000000
73394  -52.189  21.463  17.689 0.0000000000
80205  -34.967  18.598  25.071 0.0000000000
80206  -35.082  18.615  24.576 0.0000000000
80207  -35.194  19.251  24.776 0.0000000000
80208  -35.436  19.839  24.449 0.0000000000
80209  -35.376  19.838  24.947 0.0000000000
80210  -36.063  20.939  25.789 0.0000000000
80211  -35.954  21.006  25.250 0.0000000000
84471  -37.341  23.964  21.872 0.0000000000
84472  -37.695  24.402  21.711 0.0000000000
84476  -38.727  24.615  20.697 0.0000000000
84478  -38.410  24.216  20.799 0.0000000000
84479  -38.105  23.790  20.931 0.0000000000
84480  -38.479  23.418  20.593 0.0000000000
84481  -38.581  22.614  20.508 0.0000000000
84482  -38.939  23.034  20.366 0.0000000000
84483  -40.407  22.930  19.902 0.0000000000
84484  -40.076  22.507  20.049 0.0000000000
84485  -40.709  22.308  19.947 0.0000000000
84486  -41.059  21.713  20.035 0.0000000000
84487  -41.362  22.169  19.836 0.0000000000
84506  -43.233  22.990  19.048 0.0000000000
84507  -42.545  23.041  19.178 0.0000000000
84508  -43.054  22.523  19.352 0.0000000000
84509  -42.773  22.078  19.595 0.0000000000
84510  -43.499  22.037  19.457 0.0000000000
84511  -43.908  21.577  19.502 0.0000000000
84512  -44.129  22.091  19.367 0.0000000000
84513  -45.843  22.810  18.791 0.0000000000
84514  -45.608  22.240  19.046 0.0000000000
84515  -46.384  22.396  18.831 0.0000000000
84516  -46.885  21.845  18.669 0.0000000000
84517  -47.089  22.486  18.594 0.0000000000
84518  -46.066  24.299  16.479 0.0000000000
84519  -46.093  24.079  17.234 0.0000000000
84520  -46.835  24.124  16.879 0.0000000000
84521  -48.819  23.707  17.175 0.0000000000
84522  -48.101  23.652  17.527 0.0000000000
84523  -48.662  23.273  17.732 0.0000000000
84524  -48.523  22.727  18.099 0.0000000000
84525  -49.238  22.822  17.792 0.0000000000
84526  -49.803  22.346  17.797 0.0000000000
84527  -49.929  22.905  17.483 0.0000000000
84528  -51.468  23.529  16.290 0.0000000000
84529  -51.286  23.069  16.864 0.0000000000
84530  -51.966  23.079  16.567 0.0000000000
84531  -52.449  22.556  16.781 0.0000000000
84532  -52.595  23.048  16.243 0.0000000000
84591  -51.341  24.968  12.682 0.0000000000
84592  -50.833  24.933  13.142 0.0000000000
84593  -51.455  24.675  13.502 0.0000000000
84594  -51.521  24.487  14.356 0.0000000000
84595  -52.055  24.404  13.818 0.0000000000
84599  -53.494  22.790  15.234 0.0000000000
92344  -36.232  22.143  24.124 0.0000000000
92345  -36.132  21.969  23.587 0.0000000000
92346  -36.382  22.571  23.803 0.0000000000
92347  -36.542  22.967  23.517 0.0000000000
93078  -53.325  20.077  18.156 0.0000000000
94158  -41.686  19.309  20.249 0.0000000000
94159  -42.085  18.821  20.080 0.0000000000
94160  -42.448  19.229  20.008 0.0000000000
94161  -43.252  19.190  19.836 0.0000000000
94162  -44.075  19.153  19.699 0.0000000000
94163  -44.846  19.094  19.593 0.0000000000
94164  -44.375  19.614  19.568 0.0000000000
94165  -44.641  20.059  19.456 0.0000000000
94166  -44.880  20.497  19.311 0.0000000000
98474  -36.409  17.151  22.738 0.0000000000
98475  -36.274  17.730  22.881 0.0000000000
98476  -36.565  18.137  22.678 0.0000000000
98477  -36.828  18.539  22.422 0.0000000000
98478  -36.754  21.088  21.881 0.0000000000
98479  -36.895  20.481  21.836 0.0000000000
98480  -37.117  20.789  21.567 0.0000000000
98481  -37.578  20.532  21.319 0.0000000000
98482  -38.093  20.237  21.108 0.0000000000
98483  -38.744  19.983  20.929 0.0000000000
98484  -38.406  20.543  20.899 0.0000000000
98485  -38.752  20.873  20.699 0.0000000000
98486  -39.122  21.188  20.545 0.0000000000
103914  -38.872  16.377  21.765 0.0000000000
103919  -43.955  16.855  20.798 0.0000000000
103920  -43.576  16.465  21.153 0.0000000000
103921  -44.367  16.415  21.292 0.0000000000
103922  -44.734  16.031  21.844 0.0000000000
103929  -47.852  16.113  22.551 0.0000000000
103930  -48.243  16.539  22.159 0.0000000000
103931  -48.697  16.966  21.700 0.0000000000
103932  -47.914  19.102  19.306 0.0000000000
103933  -48.448  18.632  19.704 0.0000000000
103934  -48.671  19.171  19.258 0.0000000000
103935  -49.340  19.296  19.155 0.0000000000
103936  -50.078  19.450  19.082 0.0000000000
103937  -50.766  19.628  18.989 0.0000000000
103938  -50.323  20.091  18.605 0.0000000000
103939  -50.591  20.775  18.230 0.0000000000
103940  -50.813  21.287  17.950 0.0000000000
108029  -35.124  19.156  25.804 0.0000000000
108030  -35.362  19.759  25.466 0.0000000000
108031  -35.441  19.719  25.998 0.0000000000
108032  -35.824  20.288  26.143 0.0000000000
108033  -36.233  20.840  26.321 0.0000000000
110589  -39.020  26.255  21.392 0.0000000000
110590  -39.049  25.881  20.910 0.0000000000
110591  -39.002  25.026  20.638 0.0000000000
110592  -39.101  24.184  20.351 0.0000000000
110593  -39.295  23.466  20.209 0.0000000000
110594  -39.580  23.891  20.087 0.0000000000
110595  -40.134  23.637  19.881 0.0000000000
110596  -40.734  23.377  19.692 0.0000000000
110610  -43.909  23.023  18.904 0.0000000000
110611  -44.378  22.611  19.114 0.0000000000
110612  -44.601  23.069  18.792 0.0000000000
110613  -45.261  23.180  18.566 0.0000000000
110614  -45.959  23.288  18.373 0.0000000000
110615  -47.625  24.298  15.731 0.0000000000
110616  -47.610  24.164  16.516 0.0000000000
110617  -48.344  24.192  16.171 0.0000000000
110618  -48.985  24.034  16.587 0.0000000000
110619  -49.572  23.790  16.849 0.0000000000
110620  -50.066  23.440  17.020 0.0000000000
110621  -50.259  23.850  16.462 0.0000000000
110622  -50.931  23.900  16.024 0.0000000000
110623  -51.553  23.928  15.627 0.0000000000
115630  -35.780  19.762  23.518 0.0000000000
115631  -35.974  19.547  23.127 0.0000000000
115632  -35.941  20.211  23.130 0.0000000000
115633  -36.117  20.583  22.803 0.0000000000
115634  -36.294  20.956  22.519 0.0000000000
115635  -36.117  21.774  23.112 0.0000000000
115636  -36.280  21.580  22.646 0.0000000000
115637  -36.460  21.325  22.226 0.0000000000
115638  -36.676  21.686  21.953 0.0000000000
115639  -36.878  22.060  21.687 0.0000000000
115640  -37.132  22.426  21.422 0.0000000000
119862  -40.288  17.939  20.931 0.0000000000
119863  -40.711  17.397  20.937 0.0000000000
119864  -41.087  17.769  20.714 0.0000000000
119865  -41.910  17.610  20.528 0.0000000000
119866  -42.727  17.444  20.450 0.0000000000
119867  -42.564  18.318  20.060 0.0000000000
119868  -43.068  17.819  20.192 0.0000000000
119869  -43.541  17.333  20.459 0.0000000000
119870  -44.318  17.277  20.497 0.0000000000
119871  -45.098  17.205  20.591 0.0000000000
119872  -45.918  17.167  20.772 0.0000000000
119873  -46.711  17.134  20.954 0.0000000000
119874  -46.309  17.522  20.358 0.0000000000
119875  -46.635  18.021  20.002 0.0000000000
119876  -46.910  18.538  19.653 0.0000000000
119877  -45.620  19.050  19.480 0.0000000000
119878  -46.403  19.034  19.403 0.0000000000
119879  -47.147  19.055  19.356 0.0000000000
119880  -47.419  19.605  19.010 0.0000000000
119881  -47.674  20.148  18.653 0.0000000000
119882  -47.930  20.675  18.425 0.0000000000
125073  -45.241  24.462  16.105 0.0000000000
125074  -45.957  24.455  15.702 0.0000000000
125077  -46.776  24.387  15.377 0.0000000000
125078  -47.580  24.452  14.989 0.0000000000
125079  -48.303  24.537  14.691 0.0000000000
125080  -48.936  24.654  14.419 0.0000000000
129811  -37.586  15.821  22.444 0.0000000000
129812  -37.889  16.158  22.180 0.0000000000
129813  -36.958  16.985  22.483 0.0000000000
129814  -37.552  16.773  22.229 0.0000000000
129815  -38.178  16.534  21.952 0.0000000000
129816  -38.513  16.963  21.763 0.0000000000
129817  -38.872  17.371  21.576 0.0000000000
129818  -39.230  17.774  21.339 0.0000000000
129819  -36.261  19.364  22.750 0.0000000000
129820  -36.654  19.175  22.444 0.0000000000
129821  -37.102  18.903  22.182 0.0000000000
129822  -37.097  19.863  21.808 0.0000000000
129823  -37.357  19.261  21.886 0.0000000000
129824  -37.612  18.674  21.887 0.0000000000
129825  -38.215  18.470  21.624 0.0000000000
129826  -38.866  18.292  21.383 0.0000000000
129827  -39.559  18.124  21.160 0.0000000000
129828  -39.894  18.450  20.958 0.0000000000
129829  -40.204  18.790  20.748 0.0000000000
129830  -40.551  19.110  20.595 0.0000000000
129831  -39.448  19.783  20.775 0.0000000000
129832  -40.150  19.617  20.643 0.0000000000
129833  -40.894  19.455  20.460 0.0000000000
129834  -41.221  19.798  20.337 0.0000000000
129835  -41.564  20.176  20.249 0.0000000000
129836  -41.929  20.581  20.132 0.0000000000
141180  -41.142  16.840  21.026 0.0000000000
141181  -41.550  16.262  21.254 0.0000000000
141183  -43.165  16.089  21.480 0.0000000000
141201  -49.071  15.768  22.685 0.0000000000
141204  -50.961  16.627  21.760 0.0000000000
141207  -47.515  17.199  21.053 0.0000000000
141208  -48.310  17.299  21.166 0.0000000000
141209  -49.093  17.418  21.219 0.0000000000
141210  -48.968  18.211  20.185 0.0000000000
141211  -49.393  17.878  20.619 0.0000000000
141212  -49.817  17.569  21.057 0.0000000000
141213  -50.527  17.671  20.944 0.0000000000
141214  -51.182  17.771  20.712 0.0000000000
141219  -51.461  19.835  18.837 0.0000000000
141220  -52.168  19.978  18.680 0.0000000000
141221  -52.792  20.039  18.495 0.0000000000
141222  -52.984  20.521  18.056 0.0000000000
141223  -53.188  20.993  17.586 0.0000000000
141224  -53.372  21.414  17.108 0.0000000000
149478  -35.528  18.557  23.781 0.0000000000
149486  -35.280  18.600  24.176 0.0000000000
149487  -35.515  19.191  23.889 0.0000000000
149488  -35.560  19.812  23.969 0.0000000000
149489  -35.676  20.413  24.087 0.0000000000
149490  -35.838  21.037  24.217 0.0000000000
149491  -35.632  20.413  25.092 0.0000000000
149492  -35.868  21.062  24.720 0.0000000000
149493  -36.061  21.625  24.397 0.0000000000
149494  -36.340  22.162  24.611 0.0000000000
149733  -36.756  21.469  26.525 0.0000000000
154611  -37.031  23.500  22.090 0.0000000000
154612  -37.175  23.204  21.613 0.0000000000
154613  -37.437  22.891  21.240 0.0000000000
154620  -37.793  24.067  21.307 0.0000000000
154621  -37.743  23.286  21.086 0.0000000000
154622  -37.759  22.573  20.923 0.0000000000
154623  -38.260  22.187  20.689 0.0000000000
154624  -38.812  21.884  20.526 0.0000000000
154625  -39.428  21.632  20.392 0.0000000000
154626  -39.473  22.771  20.174 0.0000000000
154627  -39.741  22.063  20.197 0.0000000000
154628  -40.090  21.396  20.253 0.0000000000
154629  -40.753  21.246  20.178 0.0000000000
154630  -41.475  21.136  20.099 0.0000000000
154631  -42.250  21.106  19.964 0.0000000000
154652  -41.322  23.229  19.505 0.0000000000
154654  -41.947  23.125  19.316 0.0000000000
154655  -41.707  22.647  19.585 0.0000000000
154656  -42.092  22.108  19.703 0.0000000000
154657  -42.510  21.598  19.794 0.0000000000
154658  -42.947  21.087  19.850 0.0000000000
154659  -43.639  21.073  19.711 0.0000000000
154660  -44.374  21.067  19.443 0.0000000000
154661  -45.109  21.058  19.206 0.0000000000
154662  -44.831  22.154  19.205 0.0000000000
154663  -45.348  21.655  19.132 0.0000000000
154664  -45.905  21.115  18.983 0.0000000000
154665  -46.678  21.217  18.716 0.0000000000
154666  -47.421  21.305  18.432 0.0000000000
154667  -48.142  21.387  18.298 0.0000000000
154668  -45.410  23.989  17.502 0.0000000000
154669  -46.009  23.731  17.817 0.0000000000
154670  -46.628  23.432  18.156 0.0000000000
154671  -47.517  23.932  17.228 0.0000000000
154672  -47.375  23.581  17.863 0.0000000000
154673  -47.252  23.116  18.399 0.0000000000
154674  -47.813  22.588  18.398 0.0000000000
154675  -48.366  22.089  18.232 0.0000000000
154676  -48.851  21.512  18.134 0.0000000000
154677  -49.599  21.715  17.998 0.0000000000
154678  -50.316  21.798  17.824 0.0000000000
154679  -50.950  21.891  17.608 0.0000000000
154680  -50.558  23.007  17.133 0.0000000000
154681  -51.062  22.510  17.255 0.0000000000
154682  -51.626  21.988  17.451 0.0000000000
154683  -52.314  22.020  17.256 0.0000000000
154684  -52.927  21.983  16.961 0.0000000000
154685  -53.447  21.918  16.570 0.0000000000
154748  -49.547  24.799  14.003 0.0000000000
154756  -50.202  24.895  13.603 0.0000000000
154757  -50.309  24.694  14.448 0.0000000000
154758  -50.956  24.529  14.833 0.0000000000
154759  -51.539  24.243  15.047 0.0000000000
154760  -52.109  23.868  15.283 0.0000000000
154762  -52.638  23.769  14.827 0.0000000000
154763  -52.629  23.418  15.539 0.0000000000
154764  -53.083  22.919  15.762 0.0000000000
154765  -53.497  22.422  15.963 0.0000000000
154766  -53.815  21.843  16.030 0.0000000000
