#!ascii label  , from subject fsaverage vox2ras=TkReg
549
56  -17.322  57.987  -4.413 0.0000000000
176  -23.374  53.657  11.086 0.0000000000
389  -23.417  50.248  2.035 0.0000000000
390  -17.527  61.086  3.978 0.0000000000
889  -20.551  58.318  7.442 0.0000000000
1868  -22.271  51.928  5.927 0.0000000000
1869  -21.660  57.821  2.641 0.0000000000
1870  -18.352  61.932  -1.467 0.0000000000
2809  -19.614  60.453  11.024 0.0000000000
4098  -25.724  48.000  1.811 0.0000000000
4102  -21.674  52.607  0.502 0.0000000000
4103  -23.516  50.114  10.525 0.0000000000
4104  -23.413  49.407  7.752 0.0000000000
4105  -22.496  52.674  8.531 0.0000000000
4106  -19.718  60.615  5.616 0.0000000000
4107  -21.421  58.567  4.869 0.0000000000
4108  -20.595  61.138  3.208 0.0000000000
4109  -19.805  59.996  0.687 0.0000000000
4110  -17.620  61.628  1.380 0.0000000000
6204  -27.621  48.040  4.206 0.0000000000
6205  -25.069  48.932  3.789 0.0000000000
6206  -23.780  56.992  12.122 0.0000000000
6207  -22.348  56.018  9.473 0.0000000000
6208  -22.043  59.129  10.222 0.0000000000
6209  -19.240  60.216  8.496 0.0000000000
6210  -16.919  60.787  6.797 0.0000000000
7610  -15.877  61.464  -4.749 0.0000000000
8223  -23.920  48.999  5.504 0.0000000000
8224  -23.610  51.498  4.095 0.0000000000
8225  -21.127  55.388  6.630 0.0000000000
8226  -22.245  54.889  4.467 0.0000000000
8227  -22.302  53.953  2.533 0.0000000000
8228  -20.301  56.402  0.772 0.0000000000
8229  -19.350  58.568  -1.204 0.0000000000
8230  -18.724  60.702  -3.226 0.0000000000
8231  -16.262  63.521  -3.291 0.0000000000
11778  -24.429  48.930  1.832 0.0000000000
11782  -22.538  51.331  1.332 0.0000000000
11783  -23.416  51.959  10.877 0.0000000000
11784  -23.199  51.319  9.428 0.0000000000
11785  -23.153  53.112  9.799 0.0000000000
11786  -18.719  60.946  4.825 0.0000000000
11787  -20.246  60.991  4.408 0.0000000000
11788  -19.089  61.277  3.592 0.0000000000
11789  -19.114  61.440  2.394 0.0000000000
11790  -17.572  61.425  2.725 0.0000000000
11791  -16.211  61.556  1.675 0.0000000000
11792  -16.181  61.281  2.983 0.0000000000
14180  -26.950  47.712  4.983 0.0000000000
14181  -26.297  48.177  3.886 0.0000000000
14182  -25.632  48.160  4.698 0.0000000000
14184  -23.362  58.250  11.228 0.0000000000
14185  -22.285  59.328  11.594 0.0000000000
14187  -19.583  60.519  9.797 0.0000000000
14188  -18.147  60.879  9.055 0.0000000000
14189  -18.029  60.628  7.644 0.0000000000
18067  -19.855  56.060  -1.778 0.0000000000
18071  -22.698  50.574  6.832 0.0000000000
18073  -22.975  50.327  5.712 0.0000000000
18074  -23.653  50.179  4.715 0.0000000000
18075  -22.851  51.687  4.957 0.0000000000
18076  -21.146  57.119  8.565 0.0000000000
18077  -21.413  55.588  8.105 0.0000000000
18078  -20.736  56.922  7.035 0.0000000000
18079  -22.016  58.269  3.733 0.0000000000
18080  -21.861  56.781  4.539 0.0000000000
18081  -22.259  56.416  3.568 0.0000000000
18082  -22.634  54.494  3.529 0.0000000000
18083  -21.840  55.841  2.607 0.0000000000
18084  -21.292  55.163  1.663 0.0000000000
18085  -20.958  57.133  1.723 0.0000000000
18086  -18.878  60.856  -0.388 0.0000000000
18087  -19.324  59.312  -0.395 0.0000000000
18088  -19.051  60.425  -1.479 0.0000000000
18089  -19.270  59.699  -2.210 0.0000000000
18090  -18.765  61.612  -2.457 0.0000000000
18091  -17.652  62.464  -3.334 0.0000000000
18092  -17.431  62.863  -2.420 0.0000000000
25808  -27.317  47.704  2.005 0.0000000000
25819  -23.428  49.701  9.104 0.0000000000
25820  -22.845  50.874  8.071 0.0000000000
25821  -22.093  52.215  7.196 0.0000000000
25822  -20.240  59.588  6.386 0.0000000000
25823  -20.668  58.459  6.016 0.0000000000
25824  -20.796  59.941  5.251 0.0000000000
25825  -21.523  60.096  4.074 0.0000000000
25826  -21.488  59.656  2.834 0.0000000000
25827  -20.798  59.036  1.719 0.0000000000
25828  -20.304  60.637  1.887 0.0000000000
25829  -18.955  61.234  1.008 0.0000000000
25830  -17.823  61.730  -0.170 0.0000000000
25831  -16.790  62.501  -1.314 0.0000000000
25832  -16.382  61.870  0.180 0.0000000000
29837  -26.743  47.836  2.918 0.0000000000
29838  -25.364  48.466  2.796 0.0000000000
29839  -24.293  49.512  2.794 0.0000000000
29840  -23.571  55.339  11.612 0.0000000000
29841  -23.174  54.851  10.163 0.0000000000
29842  -23.290  56.565  10.745 0.0000000000
29843  -22.239  57.595  9.914 0.0000000000
29844  -21.153  58.533  8.926 0.0000000000
29845  -21.071  60.106  10.698 0.0000000000
29846  -20.643  59.723  9.328 0.0000000000
29847  -20.181  59.422  7.917 0.0000000000
29848  -19.295  60.222  6.966 0.0000000000
29849  -18.348  60.586  6.173 0.0000000000
29850  -17.303  60.748  5.344 0.0000000000
29851  -15.881  60.976  4.473 0.0000000000
32341  -23.320  52.349  12.174 0.0000000000
32351  -23.570  55.690  13.052 0.0000000000
33272  -16.703  59.942  -4.594 0.0000000000
34963  -18.645  57.566  -3.694 0.0000000000
34969  -25.080  47.890  5.530 0.0000000000
34970  -24.538  48.949  4.656 0.0000000000
34971  -24.246  50.031  3.826 0.0000000000
34972  -23.642  50.958  3.060 0.0000000000
34973  -22.466  54.383  8.978 0.0000000000
34974  -21.761  53.985  7.611 0.0000000000
34975  -21.675  53.666  6.271 0.0000000000
34976  -21.087  56.942  5.675 0.0000000000
34977  -21.546  55.219  5.365 0.0000000000
34978  -22.098  53.449  5.092 0.0000000000
34979  -22.898  53.138  4.275 0.0000000000
34980  -23.100  52.716  3.314 0.0000000000
34981  -22.777  52.012  2.363 0.0000000000
34982  -21.936  53.303  1.583 0.0000000000
34983  -20.889  54.499  0.766 0.0000000000
34984  -20.047  55.689  -0.107 0.0000000000
34985  -20.072  58.343  0.717 0.0000000000
34986  -19.670  57.598  -0.268 0.0000000000
34987  -19.664  56.748  -0.965 0.0000000000
34988  -19.443  57.812  -1.874 0.0000000000
34989  -19.131  58.824  -2.942 0.0000000000
34990  -18.072  59.530  -3.828 0.0000000000
34991  -17.419  61.292  -4.092 0.0000000000
41453  -17.641  57.035  -4.378 0.0000000000
41454  -17.352  56.149  -4.938 0.0000000000
41455  -16.978  57.056  -4.914 0.0000000000
42498  -23.856  49.542  1.941 0.0000000000
42499  -23.874  49.296  1.477 0.0000000000
42500  -23.351  49.965  1.577 0.0000000000
42501  -22.896  50.429  1.188 0.0000000000
42502  -22.951  50.719  1.702 0.0000000000
42503  -23.357  52.804  10.973 0.0000000000
42504  -23.336  52.559  10.299 0.0000000000
42505  -23.303  53.397  10.426 0.0000000000
42506  -18.169  60.990  4.417 0.0000000000
42507  -18.934  61.132  4.163 0.0000000000
42508  -18.295  61.191  3.769 0.0000000000
42509  -18.331  61.317  3.163 0.0000000000
42510  -17.634  61.328  3.371 0.0000000000
42511  -16.871  61.356  2.887 0.0000000000
42512  -16.872  61.184  3.486 0.0000000000
44900  -26.631  47.506  5.288 0.0000000000
44901  -26.265  47.865  4.795 0.0000000000
44902  -25.983  47.704  5.109 0.0000000000
44904  -22.828  58.902  12.143 0.0000000000
44907  -18.187  61.030  9.640 0.0000000000
44909  -17.393  61.034  8.647 0.0000000000
48791  -22.396  51.187  6.346 0.0000000000
48792  -22.700  50.403  6.245 0.0000000000
48793  -22.592  51.100  5.827 0.0000000000
48794  -22.855  50.981  5.350 0.0000000000
48795  -22.529  51.841  5.403 0.0000000000
48796  -20.759  57.687  8.018 0.0000000000
48797  -20.844  56.988  7.816 0.0000000000
48798  -20.612  57.665  7.286 0.0000000000
48799  -21.949  58.089  3.165 0.0000000000
48800  -22.135  57.354  3.611 0.0000000000
48801  -21.987  57.120  3.061 0.0000000000
48802  -22.093  56.149  3.062 0.0000000000
48803  -21.719  56.834  2.595 0.0000000000
48804  -21.419  56.502  2.180 0.0000000000
48805  -21.309  57.514  2.190 0.0000000000
48806  -18.609  61.363  -0.930 0.0000000000
48807  -18.954  60.664  -0.981 0.0000000000
48808  -18.765  61.256  -1.530 0.0000000000
48809  -18.974  61.048  -1.970 0.0000000000
48810  -18.548  61.832  -1.968 0.0000000000
48811  -18.162  62.325  -2.435 0.0000000000
48812  -17.940  62.400  -1.932 0.0000000000
58373  -26.495  47.778  1.880 0.0000000000
58375  -25.976  47.915  1.302 0.0000000000
58387  -21.235  53.208  0.133 0.0000000000
58388  -23.643  49.345  10.340 0.0000000000
58390  -23.459  49.893  9.811 0.0000000000
58391  -22.908  51.992  8.952 0.0000000000
58392  -23.000  51.078  8.754 0.0000000000
58393  -22.645  51.723  8.275 0.0000000000
58394  -22.451  51.558  7.628 0.0000000000
58395  -22.258  52.421  7.862 0.0000000000
58396  -20.036  60.167  5.959 0.0000000000
58397  -20.433  59.728  5.777 0.0000000000
58398  -20.318  60.407  5.373 0.0000000000
58399  -20.515  61.093  3.843 0.0000000000
58400  -20.987  60.735  4.281 0.0000000000
58401  -21.159  60.660  3.650 0.0000000000
58402  -21.617  59.916  3.444 0.0000000000
58403  -21.178  60.508  3.001 0.0000000000
58404  -20.971  60.238  2.391 0.0000000000
58405  -20.512  60.935  2.558 0.0000000000
58406  -18.331  61.540  1.911 0.0000000000
58407  -19.025  61.369  1.707 0.0000000000
58408  -18.339  61.491  1.200 0.0000000000
58409  -18.376  61.463  0.457 0.0000000000
58410  -17.718  61.681  0.612 0.0000000000
58411  -17.118  61.825  0.000 0.0000000000
58412  -16.995  61.757  0.799 0.0000000000
65576  -27.963  48.005  4.829 0.0000000000
65580  -27.994  48.044  3.759 0.0000000000
65581  -27.586  47.817  3.062 0.0000000000
65582  -27.246  47.925  3.543 0.0000000000
65583  -25.639  48.493  3.820 0.0000000000
65584  -25.810  48.249  3.331 0.0000000000
65585  -25.194  48.734  3.289 0.0000000000
65586  -24.784  48.991  2.772 0.0000000000
65587  -24.686  49.228  3.262 0.0000000000
65588  -23.670  56.167  11.876 0.0000000000
65589  -23.499  55.959  11.139 0.0000000000
65590  -23.609  56.795  11.409 0.0000000000
65591  -22.710  58.715  10.734 0.0000000000
65592  -22.824  57.914  10.555 0.0000000000
65593  -22.205  58.402  10.089 0.0000000000
65594  -21.656  58.063  9.431 0.0000000000
65595  -21.600  58.800  9.583 0.0000000000
65597  -20.935  59.910  11.321 0.0000000000
65598  -20.371  60.336  10.894 0.0000000000
65599  -19.407  60.360  9.187 0.0000000000
65600  -20.154  60.159  9.561 0.0000000000
65601  -19.917  59.946  8.909 0.0000000000
65602  -20.368  59.543  8.636 0.0000000000
65603  -19.762  59.836  8.187 0.0000000000
65604  -19.716  59.805  7.414 0.0000000000
65605  -19.169  60.144  7.761 0.0000000000
65606  -17.466  60.723  7.233 0.0000000000
65607  -18.154  60.557  6.892 0.0000000000
65608  -17.622  60.589  6.488 0.0000000000
65609  -17.853  60.684  5.776 0.0000000000
65610  -17.098  60.706  6.091 0.0000000000
65611  -16.482  60.743  5.688 0.0000000000
65612  -16.290  60.887  6.468 0.0000000000
71011  -23.559  54.915  12.796 0.0000000000
73193  -16.315  60.779  -4.650 0.0000000000
73194  -15.818  59.850  -5.065 0.0000000000
77242  -19.134  57.290  -3.256 0.0000000000
77251  -23.678  48.860  8.263 0.0000000000
77254  -23.641  49.050  5.993 0.0000000000
77259  -24.785  48.414  5.069 0.0000000000
77260  -24.239  48.959  5.054 0.0000000000
77261  -23.608  50.806  4.388 0.0000000000
77262  -24.013  50.117  4.278 0.0000000000
77263  -23.979  50.732  3.954 0.0000000000
77264  -24.002  50.474  3.430 0.0000000000
77265  -23.666  51.257  3.567 0.0000000000
77266  -22.809  55.440  9.827 0.0000000000
77267  -22.856  54.602  9.548 0.0000000000
77268  -22.423  55.188  9.227 0.0000000000
77269  -21.123  55.434  7.350 0.0000000000
77270  -21.586  54.799  7.852 0.0000000000
77271  -21.392  54.716  7.144 0.0000000000
77272  -21.634  53.834  6.964 0.0000000000
77273  -21.425  54.571  6.455 0.0000000000
77274  -21.003  58.532  5.404 0.0000000000
77275  -20.881  57.709  5.842 0.0000000000
77276  -21.254  57.747  5.262 0.0000000000
77277  -22.048  55.855  4.471 0.0000000000
77278  -21.652  56.010  4.947 0.0000000000
77279  -21.897  55.078  4.877 0.0000000000
77280  -21.833  54.316  5.251 0.0000000000
77281  -22.162  54.177  4.766 0.0000000000
77282  -22.476  53.284  4.648 0.0000000000
77283  -22.547  54.015  4.322 0.0000000000
77284  -22.462  54.226  3.015 0.0000000000
77285  -22.921  53.593  3.456 0.0000000000
77286  -22.723  53.304  2.943 0.0000000000
77287  -22.902  52.351  2.827 0.0000000000
77288  -22.538  52.984  2.461 0.0000000000
77289  -22.373  52.650  2.001 0.0000000000
77290  -22.176  53.663  2.087 0.0000000000
77291  -20.795  55.794  1.230 0.0000000000
77292  -21.083  54.829  1.202 0.0000000000
77293  -20.569  55.433  0.766 0.0000000000
77294  -20.443  55.096  0.332 0.0000000000
77295  -20.162  56.037  0.314 0.0000000000
77296  -20.341  59.529  1.155 0.0000000000
77297  -20.425  58.731  1.250 0.0000000000
77298  -19.966  59.223  0.665 0.0000000000
77299  -19.320  58.964  -0.820 0.0000000000
77300  -19.472  58.480  -0.331 0.0000000000
77301  -19.474  58.066  -0.728 0.0000000000
77302  -19.639  57.143  -0.615 0.0000000000
77303  -19.478  57.644  -1.075 0.0000000000
77304  -19.573  57.313  -1.417 0.0000000000
77305  -19.400  58.184  -1.524 0.0000000000
77306  -19.220  60.257  -2.723 0.0000000000
77307  -19.287  59.285  -2.538 0.0000000000
77308  -18.983  59.769  -3.079 0.0000000000
77309  -18.751  59.246  -3.434 0.0000000000
77310  -18.482  60.188  -3.556 0.0000000000
77311  -17.777  60.471  -3.931 0.0000000000
77312  -18.100  61.032  -3.678 0.0000000000
77313  -17.014  63.089  -3.343 0.0000000000
77314  -17.006  62.728  -3.744 0.0000000000
77318  -15.948  62.585  -1.164 0.0000000000
94928  -25.045  48.396  1.784 0.0000000000
94929  -25.219  48.187  1.291 0.0000000000
94935  -22.508  51.047  0.820 0.0000000000
94936  -22.125  51.990  0.931 0.0000000000
94937  -23.426  51.013  10.707 0.0000000000
94938  -23.363  50.728  9.973 0.0000000000
94939  -23.343  51.644  10.145 0.0000000000
94940  -23.206  52.268  9.615 0.0000000000
94941  -22.857  52.900  9.164 0.0000000000
94942  -19.224  60.837  5.219 0.0000000000
94943  -19.957  60.813  4.979 0.0000000000
94944  -19.463  61.014  4.590 0.0000000000
94945  -19.748  61.199  4.012 0.0000000000
94946  -19.894  61.301  3.443 0.0000000000
94947  -19.898  61.347  2.806 0.0000000000
94948  -19.194  61.409  3.064 0.0000000000
94949  -18.348  61.469  2.560 0.0000000000
94950  -17.575  61.582  2.070 0.0000000000
94951  -16.910  61.620  1.535 0.0000000000
94952  -16.852  61.471  2.240 0.0000000000
94953  -16.190  61.450  2.359 0.0000000000
94954  -15.468  61.539  2.563 0.0000000000
99251  -27.611  47.790  5.177 0.0000000000
99252  -27.282  47.917  4.608 0.0000000000
99253  -26.989  48.016  4.030 0.0000000000
99254  -26.629  47.920  4.431 0.0000000000
99255  -25.924  48.161  4.271 0.0000000000
99256  -25.337  48.540  4.254 0.0000000000
99257  -23.725  57.775  12.483 0.0000000000
99258  -23.653  57.634  11.701 0.0000000000
99259  -23.463  58.400  11.981 0.0000000000
99260  -22.971  58.915  11.415 0.0000000000
99261  -22.336  59.350  10.894 0.0000000000
99262  -18.841  60.780  10.569 0.0000000000
99263  -19.655  60.564  10.394 0.0000000000
99264  -18.962  60.815  9.985 0.0000000000
99265  -18.856  60.725  9.422 0.0000000000
99266  -18.685  60.571  8.780 0.0000000000
99267  -18.580  60.450  8.079 0.0000000000
99268  -18.016  60.727  8.389 0.0000000000
99269  -17.376  60.852  7.974 0.0000000000
99270  -16.755  60.972  7.572 0.0000000000
106249  -19.695  56.516  -2.251 0.0000000000
106255  -23.050  49.968  7.273 0.0000000000
106256  -23.425  49.288  7.182 0.0000000000
106257  -23.079  49.840  6.699 0.0000000000
106258  -23.176  49.686  6.095 0.0000000000
106259  -23.435  49.636  5.579 0.0000000000
106260  -23.742  49.585  5.098 0.0000000000
106261  -23.273  50.261  5.186 0.0000000000
106262  -23.234  50.894  4.855 0.0000000000
106263  -23.223  51.578  4.544 0.0000000000
106264  -21.691  56.556  9.049 0.0000000000
106265  -21.812  55.783  8.826 0.0000000000
106266  -21.263  56.371  8.353 0.0000000000
106267  -20.977  56.209  7.582 0.0000000000
106268  -20.891  56.158  6.820 0.0000000000
106269  -21.796  58.463  4.314 0.0000000000
106270  -21.658  57.698  4.690 0.0000000000
106271  -21.968  57.526  4.118 0.0000000000
106272  -22.127  56.621  4.041 0.0000000000
106273  -22.290  55.650  4.037 0.0000000000
106274  -22.515  54.711  3.990 0.0000000000
106275  -22.408  55.434  3.573 0.0000000000
106276  -22.247  55.170  3.056 0.0000000000
106277  -22.006  54.871  2.568 0.0000000000
106278  -21.832  54.573  2.099 0.0000000000
106279  -21.572  55.513  2.134 0.0000000000
106280  -21.072  56.147  1.712 0.0000000000
106281  -20.616  56.760  1.257 0.0000000000
106282  -19.327  60.452  0.184 0.0000000000
106283  -19.576  59.669  0.111 0.0000000000
106284  -19.174  60.119  -0.437 0.0000000000
106285  -19.194  59.856  -0.943 0.0000000000
106286  -19.229  59.504  -1.350 0.0000000000
106287  -19.309  59.131  -1.691 0.0000000000
106288  -19.228  60.088  -1.880 0.0000000000
106289  -19.124  60.662  -2.370 0.0000000000
106290  -18.910  61.207  -2.876 0.0000000000
106291  -18.308  61.562  -3.339 0.0000000000
106292  -18.338  62.063  -2.936 0.0000000000
106293  -17.627  62.796  -2.935 0.0000000000
106294  -16.947  63.308  -2.910 0.0000000000
121683  -23.403  49.548  8.384 0.0000000000
121684  -23.264  50.452  9.295 0.0000000000
121685  -23.160  50.259  8.593 0.0000000000
121686  -23.114  50.119  7.883 0.0000000000
121687  -22.726  50.736  7.451 0.0000000000
121688  -22.381  51.374  6.992 0.0000000000
121689  -22.080  52.020  6.553 0.0000000000
121690  -20.365  58.946  6.906 0.0000000000
121691  -20.488  58.333  6.719 0.0000000000
121692  -20.483  59.043  6.213 0.0000000000
121693  -20.740  59.184  5.591 0.0000000000
121694  -21.135  59.323  5.019 0.0000000000
121695  -20.623  60.546  4.836 0.0000000000
121696  -21.149  60.047  4.664 0.0000000000
121697  -21.531  59.326  4.476 0.0000000000
121698  -21.836  59.210  3.900 0.0000000000
121699  -21.859  59.000  3.275 0.0000000000
121700  -21.613  58.760  2.722 0.0000000000
121701  -21.232  58.485  2.188 0.0000000000
121702  -21.207  59.396  2.284 0.0000000000
121703  -20.656  59.865  1.742 0.0000000000
121704  -20.032  60.311  1.245 0.0000000000
121705  -19.769  61.246  2.131 0.0000000000
121706  -19.595  60.951  1.459 0.0000000000
121707  -19.475  60.756  0.826 0.0000000000
121708  -18.920  61.065  0.317 0.0000000000
121709  -18.470  61.430  -0.252 0.0000000000
121710  -18.077  61.866  -0.851 0.0000000000
121711  -17.631  62.301  -1.412 0.0000000000
121712  -17.350  62.116  -0.764 0.0000000000
121713  -16.522  62.194  -0.606 0.0000000000
121714  -15.751  62.235  -0.427 0.0000000000
121715  -16.282  61.719  0.938 0.0000000000
121716  -15.651  61.950  0.335 0.0000000000
131453  -27.839  47.791  2.623 0.0000000000
131454  -27.027  47.737  2.468 0.0000000000
131455  -26.228  47.869  2.363 0.0000000000
131456  -26.503  47.989  3.406 0.0000000000
131457  -26.015  48.051  2.850 0.0000000000
131458  -25.499  48.151  2.289 0.0000000000
131459  -24.902  48.669  2.268 0.0000000000
131460  -24.357  49.197  2.314 0.0000000000
131461  -23.905  49.848  2.403 0.0000000000
131462  -23.460  54.511  11.311 0.0000000000
131463  -23.326  54.273  10.558 0.0000000000
131464  -23.384  55.127  10.860 0.0000000000
131465  -23.203  55.704  10.462 0.0000000000
131466  -22.820  56.282  10.099 0.0000000000
131467  -23.348  57.378  10.990 0.0000000000
131468  -22.824  57.097  10.338 0.0000000000
131469  -22.295  56.817  9.718 0.0000000000
131470  -21.646  57.307  9.250 0.0000000000
131471  -21.142  57.813  8.750 0.0000000000
131472  -20.710  58.336  8.229 0.0000000000
131474  -21.673  59.751  11.132 0.0000000000
131475  -21.650  59.709  10.441 0.0000000000
131476  -20.321  60.307  10.219 0.0000000000
131477  -20.910  59.965  9.994 0.0000000000
131478  -21.376  59.458  9.768 0.0000000000
131479  -20.985  59.185  9.112 0.0000000000
131480  -20.622  58.983  8.458 0.0000000000
131481  -20.445  58.934  7.695 0.0000000000
131482  -20.125  59.456  7.156 0.0000000000
131483  -19.841  59.965  6.674 0.0000000000
131484  -19.495  60.410  6.284 0.0000000000
131485  -18.668  60.419  7.274 0.0000000000
131486  -18.839  60.467  6.535 0.0000000000
131487  -19.050  60.641  5.886 0.0000000000
131488  -18.547  60.767  5.491 0.0000000000
131489  -18.024  60.852  5.080 0.0000000000
131490  -17.402  60.881  4.629 0.0000000000
131491  -16.748  60.965  4.156 0.0000000000
131492  -16.597  60.823  4.899 0.0000000000
131493  -15.764  60.935  5.261 0.0000000000
138277  -23.674  49.519  11.045 0.0000000000
138279  -23.592  49.796  11.658 0.0000000000
138280  -23.548  50.398  11.243 0.0000000000
138282  -23.381  52.196  11.544 0.0000000000
138283  -23.324  53.042  11.631 0.0000000000
138310  -23.428  53.902  11.754 0.0000000000
138311  -23.604  54.729  12.089 0.0000000000
138312  -23.652  55.543  12.369 0.0000000000
138313  -23.721  56.353  12.590 0.0000000000
140978  -17.029  58.969  -4.495 0.0000000000
140980  -16.255  59.014  -5.014 0.0000000000
145908  -18.352  56.862  -4.016 0.0000000000
145909  -18.002  57.781  -4.067 0.0000000000
145926  -25.384  47.380  5.985 0.0000000000
145927  -25.701  47.526  5.547 0.0000000000
145928  -25.380  48.002  5.111 0.0000000000
145929  -25.064  48.520  4.688 0.0000000000
145930  -24.814  48.975  4.231 0.0000000000
145931  -24.134  49.539  4.647 0.0000000000
145932  -24.390  49.504  4.228 0.0000000000
145933  -24.602  49.465  3.745 0.0000000000
145934  -24.311  49.804  3.315 0.0000000000
145935  -24.010  50.171  2.902 0.0000000000
145936  -23.540  50.607  2.559 0.0000000000
145937  -23.158  53.992  9.938 0.0000000000
145938  -22.830  53.754  9.355 0.0000000000
145939  -22.463  53.572  8.731 0.0000000000
145940  -21.946  54.980  8.566 0.0000000000
145941  -22.037  54.166  8.282 0.0000000000
145942  -22.130  53.315  8.096 0.0000000000
145943  -21.929  53.108  7.448 0.0000000000
145944  -21.839  52.905  6.773 0.0000000000
145945  -21.913  52.781  6.104 0.0000000000
145946  -20.591  57.653  6.528 0.0000000000
145947  -20.748  56.906  6.277 0.0000000000
145948  -20.930  56.159  6.101 0.0000000000
145949  -21.468  56.914  5.091 0.0000000000
145950  -21.301  56.115  5.513 0.0000000000
145951  -21.254  55.303  5.944 0.0000000000
145952  -21.531  54.419  5.781 0.0000000000
145953  -21.812  53.549  5.620 0.0000000000
145954  -22.144  52.696  5.494 0.0000000000
145955  -22.469  52.546  5.008 0.0000000000
145956  -22.843  52.401  4.595 0.0000000000
145957  -23.238  52.306  4.203 0.0000000000
145958  -22.808  53.811  3.907 0.0000000000
145959  -23.107  52.948  3.833 0.0000000000
145960  -23.316  52.114  3.691 0.0000000000
145961  -23.316  51.832  3.183 0.0000000000
145962  -23.209  51.444  2.731 0.0000000000
145963  -23.079  51.083  2.232 0.0000000000
145964  -22.623  51.638  1.889 0.0000000000
145965  -22.216  52.331  1.476 0.0000000000
145966  -21.759  52.986  1.064 0.0000000000
145967  -21.637  54.240  1.638 0.0000000000
145968  -21.435  53.888  1.169 0.0000000000
145969  -21.256  53.560  0.643 0.0000000000
145970  -20.791  54.165  0.305 0.0000000000
145971  -20.377  54.754  -0.102 0.0000000000
145972  -20.123  55.290  -0.497 0.0000000000
145973  -20.868  58.124  1.730 0.0000000000
145974  -20.518  57.740  1.257 0.0000000000
145975  -20.186  57.355  0.771 0.0000000000
145976  -19.669  58.885  0.149 0.0000000000
145977  -19.830  57.952  0.225 0.0000000000
145978  -19.963  56.994  0.280 0.0000000000
145979  -19.826  56.643  -0.155 0.0000000000
145980  -19.844  56.212  -0.528 0.0000000000
145981  -19.901  55.823  -0.897 0.0000000000
145982  -19.777  56.438  -1.344 0.0000000000
145983  -19.633  56.938  -1.795 0.0000000000
145984  -19.477  57.423  -2.264 0.0000000000
145985  -19.339  58.741  -2.026 0.0000000000
145986  -19.337  58.358  -2.363 0.0000000000
145987  -19.257  57.858  -2.828 0.0000000000
145988  -18.939  58.253  -3.359 0.0000000000
145989  -18.356  58.529  -3.761 0.0000000000
145990  -17.694  58.763  -4.117 0.0000000000
145991  -17.404  59.785  -4.202 0.0000000000
145992  -17.069  60.644  -4.321 0.0000000000
145993  -16.662  61.435  -4.419 0.0000000000
145994  -17.602  61.903  -3.733 0.0000000000
145995  -16.934  62.118  -4.128 0.0000000000
145996  -16.151  62.174  -4.483 0.0000000000
146000  -17.136  62.810  -1.900 0.0000000000
146001  -16.612  63.176  -2.362 0.0000000000
146018  -16.032  61.153  3.736 0.0000000000
146019  -15.332  61.414  3.321 0.0000000000
