#!ascii label  , from subject fsaverage vox2ras=TkReg
956
121  -48.826  30.095  -1.170 0.0000000000
526  -52.441  26.880  6.260 0.0000000000
527  -41.907  25.179  6.805 0.0000000000
1160  -51.058  28.879  3.061 0.0000000000
1161  -48.015  25.655  5.811 0.0000000000
1162  -44.924  28.039  3.224 0.0000000000
1163  -39.170  27.385  5.279 0.0000000000
1164  -42.513  29.755  0.776 0.0000000000
1634  -47.340  32.623  -3.797 0.0000000000
2222  -53.418  23.913  10.554 0.0000000000
2223  -50.514  22.277  7.287 0.0000000000
2224  -44.790  21.957  8.112 0.0000000000
2229  -41.812  32.229  -2.215 0.0000000000
3074  -54.248  20.714  14.044 0.0000000000
3078  -50.545  31.264  -0.510 0.0000000000
3079  -51.244  30.596  1.994 0.0000000000
3080  -50.025  29.274  0.924 0.0000000000
3081  -48.238  28.215  2.820 0.0000000000
3082  -46.853  28.955  0.899 0.0000000000
3083  -43.677  29.008  1.981 0.0000000000
3084  -45.591  29.898  -0.398 0.0000000000
4919  -51.776  25.797  9.766 0.0000000000
4920  -52.864  25.001  7.707 0.0000000000
4921  -52.858  22.866  8.248 0.0000000000
4922  -51.890  24.144  6.462 0.0000000000
4923  -44.948  25.397  6.307 0.0000000000
4924  -46.334  23.911  7.088 0.0000000000
4925  -43.411  23.717  7.673 0.0000000000
4926  -42.206  21.448  9.013 0.0000000000
4930  -38.044  28.425  4.389 0.0000000000
4935  -46.833  33.510  -5.356 0.0000000000
4936  -44.436  32.223  -2.992 0.0000000000
4937  -44.241  33.269  -4.795 0.0000000000
6695  -51.850  30.401  4.511 0.0000000000
6696  -52.133  28.331  4.933 0.0000000000
6697  -50.823  25.954  5.618 0.0000000000
6698  -49.665  27.514  4.521 0.0000000000
6699  -46.454  26.966  4.701 0.0000000000
6700  -43.334  26.791  5.208 0.0000000000
6701  -40.487  26.255  6.108 0.0000000000
6702  -41.980  27.824  4.089 0.0000000000
6703  -40.779  28.722  3.103 0.0000000000
6704  -39.829  29.468  2.063 0.0000000000
7651  -49.876  32.326  -2.363 0.0000000000
7652  -47.945  31.286  -2.493 0.0000000000
7653  -49.291  33.463  -3.744 0.0000000000
9230  -53.805  22.887  13.891 0.0000000000
9231  -53.745  22.007  11.269 0.0000000000
9232  -51.450  21.552  9.342 0.0000000000
9233  -48.547  20.987  8.540 0.0000000000
9234  -49.321  23.933  6.490 0.0000000000
9235  -47.535  22.163  7.474 0.0000000000
9237  -43.473  19.552  8.594 0.0000000000
9249  -44.737  30.841  -1.665 0.0000000000
9250  -41.933  30.606  -0.642 0.0000000000
9251  -39.346  30.872  0.562 0.0000000000
9252  -41.670  33.406  -4.153 0.0000000000
9253  -39.143  32.504  -1.081 0.0000000000
10754  -54.222  21.077  15.497 0.0000000000
10758  -50.094  30.594  -1.012 0.0000000000
10759  -50.526  30.154  0.081 0.0000000000
10760  -49.506  29.575  -0.176 0.0000000000
10761  -48.546  28.925  0.805 0.0000000000
10762  -47.931  29.361  -0.175 0.0000000000
10763  -46.209  29.382  0.264 0.0000000000
10764  -47.294  29.887  -0.926 0.0000000000
12596  -52.371  28.400  6.456 0.0000000000
12598  -52.395  27.390  7.034 0.0000000000
12599  -52.403  26.363  7.766 0.0000000000
12600  -52.594  25.876  6.842 0.0000000000
12601  -52.653  24.497  6.965 0.0000000000
12602  -52.257  25.422  6.266 0.0000000000
12603  -43.427  25.353  6.503 0.0000000000
12604  -44.187  24.618  6.971 0.0000000000
12605  -42.677  24.470  7.236 0.0000000000
12606  -42.040  23.495  8.067 0.0000000000
12607  -41.227  24.257  7.682 0.0000000000
12609  -40.546  24.844  7.311 0.0000000000
12610  -37.545  28.908  3.934 0.0000000000
12616  -45.521  33.374  -5.015 0.0000000000
14996  -51.327  29.618  2.487 0.0000000000
14997  -51.558  30.393  3.307 0.0000000000
14998  -51.810  29.496  3.661 0.0000000000
14999  -52.244  29.408  4.762 0.0000000000
15000  -51.632  28.663  4.119 0.0000000000
15001  -51.106  27.810  4.626 0.0000000000
15002  -50.430  28.232  3.803 0.0000000000
15003  -46.510  27.999  2.910 0.0000000000
15004  -47.260  27.629  3.790 0.0000000000
15005  -45.595  27.475  4.052 0.0000000000
15006  -44.853  26.814  4.960 0.0000000000
15007  -44.048  27.442  4.245 0.0000000000
15008  -42.634  27.290  4.605 0.0000000000
15009  -43.395  27.972  3.619 0.0000000000
15010  -43.103  29.375  1.370 0.0000000000
15011  -42.238  28.932  2.530 0.0000000000
15012  -41.671  29.276  1.956 0.0000000000
15013  -40.302  29.111  2.608 0.0000000000
15014  -41.196  29.617  1.378 0.0000000000
16806  -50.031  33.134  -1.827 0.0000000000
16807  -49.808  33.555  -2.618 0.0000000000
16808  -49.557  32.874  -3.056 0.0000000000
16809  -49.476  34.036  -3.273 0.0000000000
20516  -52.698  24.882  10.192 0.0000000000
20517  -51.814  25.182  11.347 0.0000000000
20518  -52.851  24.415  11.885 0.0000000000
20519  -53.029  23.888  13.516 0.0000000000
20520  -53.631  23.471  12.282 0.0000000000
20521  -54.013  22.457  12.550 0.0000000000
20522  -53.755  22.929  10.878 0.0000000000
20523  -51.847  22.533  7.642 0.0000000000
20524  -52.275  22.152  8.803 0.0000000000
20525  -50.977  21.846  8.210 0.0000000000
20526  -49.947  21.332  8.805 0.0000000000
20527  -49.519  21.623  7.840 0.0000000000
20528  -49.428  25.765  5.712 0.0000000000
20529  -50.126  24.897  6.010 0.0000000000
20530  -48.671  24.784  6.162 0.0000000000
20531  -45.565  22.984  7.680 0.0000000000
20532  -47.004  23.059  7.356 0.0000000000
20533  -46.109  22.123  7.750 0.0000000000
20534  -46.574  21.213  7.760 0.0000000000
20535  -45.169  21.036  8.011 0.0000000000
20536  -44.593  19.855  8.454 0.0000000000
20537  -44.014  20.787  8.362 0.0000000000
20539  -41.624  20.170  9.318 0.0000000000
20550  -39.823  26.857  5.724 0.0000000000
20565  -47.593  31.984  -3.096 0.0000000000
20566  -46.338  31.034  -2.158 0.0000000000
20567  -45.985  31.710  -2.693 0.0000000000
20568  -43.110  32.233  -2.671 0.0000000000
20569  -43.136  31.396  -1.908 0.0000000000
20570  -41.896  31.395  -1.434 0.0000000000
20571  -40.643  30.682  -0.035 0.0000000000
20572  -40.615  31.550  -0.886 0.0000000000
20574  -42.818  33.628  -5.669 0.0000000000
20577  -39.032  33.072  -2.061 0.0000000000
20578  -37.699  32.619  -0.356 0.0000000000
20579  -37.932  31.881  0.533 0.0000000000
23966  -53.645  20.440  12.696 0.0000000000
23972  -50.272  32.004  0.294 0.0000000000
23974  -50.859  30.936  0.697 0.0000000000
23975  -50.946  29.816  1.306 0.0000000000
23976  -50.478  29.040  1.982 0.0000000000
23977  -49.806  28.480  2.816 0.0000000000
23978  -49.152  28.680  1.838 0.0000000000
23979  -47.538  28.498  1.858 0.0000000000
23980  -45.789  28.532  2.092 0.0000000000
23981  -44.297  28.560  2.558 0.0000000000
23982  -45.197  29.023  1.440 0.0000000000
23983  -44.603  29.428  0.794 0.0000000000
23984  -43.979  29.841  0.181 0.0000000000
25061  -48.684  35.028  -3.461 0.0000000000
27287  -52.555  25.473  8.740 0.0000000000
27288  -53.175  24.350  8.973 0.0000000000
27289  -53.396  23.309  9.322 0.0000000000
27290  -53.027  23.818  7.893 0.0000000000
27291  -52.404  23.341  7.174 0.0000000000
27292  -51.330  23.091  6.876 0.0000000000
27293  -46.466  25.513  5.973 0.0000000000
27294  -47.159  24.693  6.470 0.0000000000
27295  -45.708  24.651  6.732 0.0000000000
27296  -44.851  23.811  7.397 0.0000000000
27297  -44.181  22.859  8.015 0.0000000000
27298  -43.477  21.730  8.494 0.0000000000
27299  -42.784  22.664  8.422 0.0000000000
27300  -41.483  22.391  8.894 0.0000000000
27306  -38.568  27.912  4.861 0.0000000000
27315  -47.131  33.116  -4.509 0.0000000000
27316  -45.888  32.321  -3.377 0.0000000000
27317  -45.659  32.959  -4.111 0.0000000000
27318  -44.347  32.852  -3.804 0.0000000000
27319  -43.049  32.827  -3.510 0.0000000000
30983  -52.509  29.030  5.634 0.0000000000
30984  -52.364  27.733  5.699 0.0000000000
30985  -51.902  26.241  5.741 0.0000000000
30986  -51.603  27.162  5.274 0.0000000000
30987  -50.244  26.796  5.236 0.0000000000
30988  -48.745  26.659  5.378 0.0000000000
30989  -48.858  27.926  3.744 0.0000000000
30990  -47.985  27.263  4.651 0.0000000000
30991  -47.230  26.405  5.382 0.0000000000
30992  -45.668  26.185  5.527 0.0000000000
30993  -44.162  26.141  5.730 0.0000000000
30994  -42.584  26.012  6.022 0.0000000000
30995  -41.167  25.674  6.484 0.0000000000
30996  -41.868  26.532  5.615 0.0000000000
30997  -41.198  27.064  5.102 0.0000000000
30998  -40.538  27.586  4.648 0.0000000000
30999  -42.809  28.465  3.087 0.0000000000
31000  -41.329  28.280  3.624 0.0000000000
31001  -39.923  28.096  4.189 0.0000000000
31002  -39.391  28.548  3.712 0.0000000000
31003  -38.957  28.974  3.232 0.0000000000
31004  -38.498  29.453  2.708 0.0000000000
33384  -50.294  31.706  -1.609 0.0000000000
33385  -49.488  31.020  -1.977 0.0000000000
33386  -48.343  30.707  -1.913 0.0000000000
33387  -49.195  31.706  -2.589 0.0000000000
33388  -48.861  32.376  -3.214 0.0000000000
33389  -48.548  32.992  -3.872 0.0000000000
33390  -49.109  34.456  -4.045 0.0000000000
33391  -48.992  33.898  -4.465 0.0000000000
33392  -48.286  33.474  -4.630 0.0000000000
33393  -47.914  33.872  -5.511 0.0000000000
37935  -54.183  21.826  14.058 0.0000000000
37936  -54.022  21.384  12.689 0.0000000000
37937  -53.157  21.080  11.416 0.0000000000
37938  -53.279  22.481  9.719 0.0000000000
37939  -52.771  21.703  10.122 0.0000000000
37940  -51.842  21.019  10.538 0.0000000000
37941  -50.415  20.893  9.965 0.0000000000
37942  -49.041  20.665  9.596 0.0000000000
37944  -51.415  25.027  5.880 0.0000000000
37945  -50.762  23.999  6.343 0.0000000000
37946  -49.934  22.995  6.817 0.0000000000
37947  -47.807  23.917  6.817 0.0000000000
37948  -48.443  23.023  7.089 0.0000000000
37949  -48.951  22.165  7.231 0.0000000000
37950  -48.046  21.367  7.655 0.0000000000
37956  -42.818  20.472  8.809 0.0000000000
37989  -46.759  30.469  -1.599 0.0000000000
37990  -45.129  30.392  -1.076 0.0000000000
37991  -43.550  30.214  -0.516 0.0000000000
37992  -44.512  31.451  -2.316 0.0000000000
37993  -43.272  30.634  -1.184 0.0000000000
37994  -42.173  30.104  0.100 0.0000000000
37995  -40.800  29.989  0.723 0.0000000000
37996  -39.501  30.037  1.394 0.0000000000
37997  -38.181  30.165  2.026 0.0000000000
37998  -44.153  33.607  -5.887 0.0000000000
37999  -42.965  33.301  -4.550 0.0000000000
38000  -41.768  32.934  -3.201 0.0000000000
38002  -40.405  33.036  -2.650 0.0000000000
38003  -40.525  32.391  -1.742 0.0000000000
38004  -39.227  31.739  -0.194 0.0000000000
38005  -38.006  31.033  1.274 0.0000000000
41472  -54.034  20.867  16.664 0.0000000000
41473  -54.235  20.741  16.074 0.0000000000
41474  -54.080  21.228  16.107 0.0000000000
41478  -49.547  30.324  -1.132 0.0000000000
41479  -49.851  30.056  -0.632 0.0000000000
41480  -49.205  29.792  -0.716 0.0000000000
41481  -48.800  29.427  -0.218 0.0000000000
41482  -48.404  29.690  -0.696 0.0000000000
41483  -47.600  29.607  -0.543 0.0000000000
41484  -48.097  29.955  -1.099 0.0000000000
43316  -52.446  27.679  6.366 0.0000000000
43317  -52.361  27.985  6.800 0.0000000000
43318  -52.509  27.203  6.621 0.0000000000
43319  -52.547  26.628  6.908 0.0000000000
43320  -52.518  26.377  6.523 0.0000000000
43321  -52.487  25.633  6.519 0.0000000000
43322  -52.371  26.089  6.223 0.0000000000
43323  -42.659  25.276  6.662 0.0000000000
43324  -43.050  24.924  6.872 0.0000000000
43325  -42.306  24.836  7.018 0.0000000000
43326  -41.960  24.373  7.432 0.0000000000
43327  -41.597  24.733  7.205 0.0000000000
43328  -40.887  24.559  7.494 0.0000000000
43329  -41.222  24.997  7.038 0.0000000000
45716  -51.216  29.217  2.724 0.0000000000
45717  -51.553  29.551  3.075 0.0000000000
45718  -51.476  29.164  3.317 0.0000000000
45719  -51.764  29.101  3.848 0.0000000000
45720  -51.312  28.785  3.615 0.0000000000
45721  -51.086  28.415  3.934 0.0000000000
45722  -50.770  28.552  3.437 0.0000000000
45723  -45.700  28.000  3.068 0.0000000000
45724  -46.060  27.744  3.503 0.0000000000
45725  -45.256  27.727  3.643 0.0000000000
45726  -44.821  27.448  4.176 0.0000000000
45727  -44.454  27.740  3.717 0.0000000000
45728  -43.713  27.704  3.905 0.0000000000
45729  -44.142  28.011  3.414 0.0000000000
45730  -42.801  29.568  1.072 0.0000000000
45731  -42.384  29.329  1.657 0.0000000000
45732  -42.088  29.525  1.374 0.0000000000
45733  -41.423  29.455  1.675 0.0000000000
45734  -41.837  29.693  1.081 0.0000000000
47526  -49.647  34.028  -2.309 0.0000000000
47527  -49.591  34.157  -2.685 0.0000000000
47528  -49.613  33.809  -2.949 0.0000000000
47529  -49.334  34.370  -3.003 0.0000000000
51236  -53.098  24.403  10.419 0.0000000000
51237  -52.760  24.648  11.077 0.0000000000
51238  -53.181  24.171  11.235 0.0000000000
51239  -53.312  23.947  12.080 0.0000000000
51240  -53.529  23.678  11.364 0.0000000000
51241  -53.786  23.189  11.592 0.0000000000
51242  -53.630  23.404  10.679 0.0000000000
51243  -51.204  22.372  7.422 0.0000000000
51244  -51.447  22.121  7.914 0.0000000000
51245  -50.753  22.046  7.669 0.0000000000
51246  -50.238  21.756  7.969 0.0000000000
51247  -50.028  21.947  7.540 0.0000000000
51248  -48.759  25.716  5.765 0.0000000000
51249  -49.060  25.267  5.916 0.0000000000
51250  -48.335  25.207  5.979 0.0000000000
51251  -45.172  22.474  7.934 0.0000000000
51252  -45.856  22.556  7.753 0.0000000000
51253  -45.441  22.053  7.929 0.0000000000
51254  -45.647  21.624  7.865 0.0000000000
51255  -44.994  21.506  8.058 0.0000000000
51256  -44.561  20.910  8.175 0.0000000000
51257  -44.359  21.385  8.228 0.0000000000
51270  -39.490  27.125  5.521 0.0000000000
51271  -39.186  26.756  6.046 0.0000000000
51272  -38.863  27.038  5.838 0.0000000000
51285  -47.421  32.301  -3.413 0.0000000000
51286  -46.772  31.844  -2.910 0.0000000000
51287  -46.710  32.199  -3.238 0.0000000000
51288  -42.479  32.218  -2.445 0.0000000000
51289  -42.486  31.817  -2.054 0.0000000000
51290  -41.825  31.780  -1.804 0.0000000000
51291  -41.261  31.431  -1.164 0.0000000000
51292  -41.204  31.877  -1.557 0.0000000000
51297  -37.616  32.878  -0.832 0.0000000000
55304  -54.031  20.558  13.327 0.0000000000
55313  -50.461  31.646  -0.143 0.0000000000
55314  -50.593  31.427  0.441 0.0000000000
55315  -50.655  31.075  0.072 0.0000000000
55316  -50.341  29.673  0.463 0.0000000000
55317  -50.756  29.954  0.669 0.0000000000
55318  -50.560  29.506  1.077 0.0000000000
55319  -50.752  29.382  1.653 0.0000000000
55320  -50.227  29.143  1.488 0.0000000000
55321  -49.861  28.836  1.900 0.0000000000
55322  -49.597  28.945  1.396 0.0000000000
55323  -47.747  28.877  0.819 0.0000000000
55324  -48.066  28.686  1.298 0.0000000000
55325  -47.235  28.693  1.348 0.0000000000
55326  -46.673  28.505  1.943 0.0000000000
55327  -46.305  28.756  1.499 0.0000000000
55328  -45.494  28.796  1.765 0.0000000000
55329  -45.995  28.994  1.175 0.0000000000
55330  -45.885  29.622  -0.071 0.0000000000
55331  -45.371  29.405  0.524 0.0000000000
55332  -45.059  29.627  0.209 0.0000000000
55333  -44.322  29.654  0.477 0.0000000000
55334  -44.782  29.894  -0.105 0.0000000000
60836  -52.646  25.662  7.694 0.0000000000
60837  -52.493  25.849  8.192 0.0000000000
60838  -52.769  25.224  8.179 0.0000000000
60839  -52.896  24.877  8.853 0.0000000000
60840  -53.015  24.643  8.262 0.0000000000
60841  -53.168  24.089  8.375 0.0000000000
60842  -53.044  24.376  7.808 0.0000000000
60843  -52.307  24.328  6.671 0.0000000000
60844  -52.561  23.893  7.048 0.0000000000
60845  -52.171  23.715  6.788 0.0000000000
60846  -51.916  23.187  6.975 0.0000000000
60847  -51.652  23.579  6.657 0.0000000000
60848  -45.695  25.455  6.132 0.0000000000
60849  -46.087  25.074  6.346 0.0000000000
60850  -45.331  25.029  6.518 0.0000000000
60851  -43.809  24.198  7.316 0.0000000000
60852  -44.521  24.213  7.204 0.0000000000
60853  -44.129  23.783  7.537 0.0000000000
60854  -44.500  23.371  7.707 0.0000000000
60855  -43.791  23.296  7.873 0.0000000000
60856  -43.475  22.770  8.187 0.0000000000
60857  -43.073  23.200  8.031 0.0000000000
60870  -38.288  28.169  4.634 0.0000000000
60885  -47.011  33.346  -4.916 0.0000000000
60886  -46.384  33.020  -4.320 0.0000000000
60887  -46.280  33.256  -4.736 0.0000000000
60888  -44.871  33.319  -4.868 0.0000000000
60889  -44.917  33.138  -4.381 0.0000000000
60890  -44.321  33.072  -4.245 0.0000000000
60891  -43.738  32.834  -3.667 0.0000000000
60892  -43.641  33.059  -4.140 0.0000000000
68029  -51.725  30.417  3.886 0.0000000000
68036  -52.224  28.860  4.793 0.0000000000
68037  -52.368  29.251  5.196 0.0000000000
68038  -52.401  28.666  5.227 0.0000000000
68039  -52.475  28.402  5.654 0.0000000000
68040  -52.308  28.072  5.314 0.0000000000
68041  -52.099  27.431  5.414 0.0000000000
68042  -51.936  27.767  5.101 0.0000000000
68043  -50.419  27.638  4.528 0.0000000000
68044  -50.708  27.334  4.933 0.0000000000
68045  -49.946  27.190  4.918 0.0000000000
68046  -49.475  26.714  5.294 0.0000000000
68047  -49.121  27.104  5.006 0.0000000000
68048  -49.078  28.347  2.790 0.0000000000
68049  -49.335  28.215  3.280 0.0000000000
68050  -48.506  28.071  3.294 0.0000000000
68051  -46.822  27.297  4.264 0.0000000000
68052  -47.613  27.443  4.216 0.0000000000
68053  -47.212  27.095  4.670 0.0000000000
68054  -47.591  26.863  5.071 0.0000000000
68055  -46.832  26.713  5.083 0.0000000000
68056  -46.462  26.266  5.424 0.0000000000
68057  -46.061  26.578  5.128 0.0000000000
68058  -44.112  26.795  5.061 0.0000000000
68059  -44.503  26.487  5.359 0.0000000000
68060  -43.743  26.440  5.437 0.0000000000
68061  -43.361  26.067  5.845 0.0000000000
68062  -42.926  26.427  5.591 0.0000000000
68063  -42.216  26.269  5.826 0.0000000000
68064  -42.585  26.664  5.388 0.0000000000
68065  -42.331  27.592  4.325 0.0000000000
68066  -41.917  27.186  4.854 0.0000000000
68067  -41.592  27.459  4.585 0.0000000000
68068  -40.857  27.319  4.839 0.0000000000
68069  -41.247  27.699  4.343 0.0000000000
68070  -43.971  28.803  2.264 0.0000000000
68071  -43.541  28.526  2.828 0.0000000000
68072  -43.249  28.764  2.541 0.0000000000
68073  -41.489  28.842  2.817 0.0000000000
68074  -41.767  28.620  3.087 0.0000000000
68075  -41.062  28.516  3.380 0.0000000000
68076  -40.641  28.178  3.918 0.0000000000
68077  -40.393  28.402  3.659 0.0000000000
68078  -39.675  28.321  3.957 0.0000000000
68079  -40.105  28.622  3.411 0.0000000000
68080  -40.066  29.275  2.335 0.0000000000
68081  -39.627  29.032  2.921 0.0000000000
68082  -39.393  29.217  2.654 0.0000000000
68083  -38.735  29.180  2.969 0.0000000000
68084  -39.150  29.470  2.404 0.0000000000
73458  -50.097  32.711  -2.179 0.0000000000
73459  -50.220  32.410  -1.749 0.0000000000
73460  -50.122  32.043  -2.008 0.0000000000
73461  -50.002  31.358  -1.807 0.0000000000
73462  -49.765  31.723  -2.182 0.0000000000
73463  -49.340  31.418  -2.269 0.0000000000
73464  -49.597  31.997  -2.511 0.0000000000
73465  -49.412  33.173  -3.408 0.0000000000
73466  -49.293  32.604  -3.158 0.0000000000
73467  -49.135  32.940  -3.506 0.0000000000
73468  -48.765  32.732  -3.599 0.0000000000
73469  -49.061  33.278  -3.845 0.0000000000
73471  -48.942  34.730  -3.771 0.0000000000
73474  -48.930  34.378  -4.645 0.0000000000
73475  -48.772  34.128  -4.840 0.0000000000
73476  -48.690  33.681  -4.564 0.0000000000
73477  -48.534  33.910  -4.990 0.0000000000
73478  -48.117  33.689  -5.047 0.0000000000
84589  -51.872  24.910  12.182 0.0000000000
84590  -51.275  25.223  11.878 0.0000000000
84596  -53.476  23.426  13.756 0.0000000000
84597  -53.069  23.616  14.300 0.0000000000
84598  -53.471  23.130  14.502 0.0000000000
84600  -53.825  22.592  14.626 0.0000000000
84601  -54.020  22.083  14.733 0.0000000000
84602  -54.023  22.359  13.991 0.0000000000
84603  -53.974  22.200  11.885 0.0000000000
84604  -54.072  21.935  12.644 0.0000000000
84605  -53.880  21.715  11.989 0.0000000000
84606  -53.681  21.229  12.031 0.0000000000
84607  -53.494  21.531  11.338 0.0000000000
84608  -53.182  23.009  8.756 0.0000000000
84609  -53.395  22.876  9.526 0.0000000000
84610  -53.073  22.621  8.931 0.0000000000
84611  -51.873  21.828  9.058 0.0000000000
84612  -52.501  21.968  9.425 0.0000000000
84613  -52.113  21.642  9.646 0.0000000000
84614  -52.298  21.404  10.266 0.0000000000
84615  -51.604  21.328  9.899 0.0000000000
84616  -51.156  20.962  10.250 0.0000000000
84617  -50.938  21.244  9.629 0.0000000000
84618  -49.247  21.175  8.670 0.0000000000
84619  -49.476  20.993  9.212 0.0000000000
84620  -48.789  20.850  9.107 0.0000000000
84621  -48.365  20.491  9.533 0.0000000000
84622  -48.124  20.676  8.991 0.0000000000
84623  -51.433  26.109  5.640 0.0000000000
84624  -51.707  25.577  5.806 0.0000000000
84625  -51.139  25.499  5.772 0.0000000000
84626  -49.738  24.408  6.238 0.0000000000
84627  -50.459  24.458  6.159 0.0000000000
84628  -50.058  23.945  6.400 0.0000000000
84629  -50.363  23.477  6.593 0.0000000000
84630  -49.631  23.445  6.658 0.0000000000
84631  -46.758  24.298  6.777 0.0000000000
84632  -47.502  24.311  6.647 0.0000000000
84633  -47.070  23.908  6.965 0.0000000000
84634  -47.272  22.642  7.464 0.0000000000
84635  -47.741  23.064  7.217 0.0000000000
84636  -48.004  22.604  7.307 0.0000000000
84637  -48.710  22.571  7.187 0.0000000000
84638  -48.264  22.162  7.343 0.0000000000
84639  -48.495  21.773  7.431 0.0000000000
84640  -47.768  21.742  7.528 0.0000000000
84641  -46.180  20.746  8.004 0.0000000000
84642  -46.872  20.854  7.958 0.0000000000
84648  -44.053  19.713  8.523 0.0000000000
84653  -42.829  21.596  8.780 0.0000000000
84654  -43.134  21.110  8.689 0.0000000000
84655  -42.524  20.966  8.947 0.0000000000
84656  -41.315  19.452  9.346 0.0000000000
84657  -41.923  19.636  9.124 0.0000000000
84690  -40.831  25.962  6.305 0.0000000000
84691  -40.542  25.550  6.714 0.0000000000
84692  -40.189  25.842  6.551 0.0000000000
84735  -48.136  30.997  -2.195 0.0000000000
84736  -47.557  30.532  -1.766 0.0000000000
84737  -47.350  30.831  -2.066 0.0000000000
84738  -45.529  30.929  -1.913 0.0000000000
84739  -45.749  30.687  -1.641 0.0000000000
84740  -44.931  30.601  -1.361 0.0000000000
84741  -44.306  30.306  -0.806 0.0000000000
84742  -44.130  30.497  -1.108 0.0000000000
84743  -45.130  32.273  -3.173 0.0000000000
84744  -45.190  31.910  -2.860 0.0000000000
84745  -44.475  31.847  -2.646 0.0000000000
84746  -42.529  30.984  -1.303 0.0000000000
84747  -43.173  30.979  -1.555 0.0000000000
84748  -42.606  30.625  -0.927 0.0000000000
84749  -42.731  30.334  -0.569 0.0000000000
84750  -42.027  30.306  -0.262 0.0000000000
84751  -41.466  30.029  0.412 0.0000000000
84752  -41.333  30.254  0.052 0.0000000000
84753  -39.998  30.770  0.253 0.0000000000
84754  -40.050  30.361  0.672 0.0000000000
84755  -39.385  30.414  0.998 0.0000000000
84756  -38.823  30.084  1.728 0.0000000000
84757  -38.742  30.515  1.319 0.0000000000
84761  -42.263  33.523  -4.942 0.0000000000
84762  -42.910  33.486  -5.103 0.0000000000
84763  -42.322  33.353  -4.389 0.0000000000
84764  -42.377  33.146  -3.877 0.0000000000
84765  -41.720  33.193  -3.667 0.0000000000
84769  -39.098  32.828  -1.565 0.0000000000
84770  -39.725  33.056  -2.370 0.0000000000
84771  -39.773  32.788  -1.876 0.0000000000
84772  -40.480  32.742  -2.200 0.0000000000
84773  -39.821  32.452  -1.416 0.0000000000
84774  -39.868  32.079  -0.973 0.0000000000
84775  -39.182  32.144  -0.631 0.0000000000
84777  -37.974  31.465  0.914 0.0000000000
84778  -37.297  31.109  1.669 0.0000000000
84779  -37.343  30.667  2.042 0.0000000000
93086  -54.281  20.877  14.809 0.0000000000
93092  -50.440  30.917  -0.815 0.0000000000
93093  -50.597  30.700  -0.225 0.0000000000
93094  -50.351  30.362  -0.471 0.0000000000
93095  -50.138  29.824  -0.117 0.0000000000
93096  -49.754  29.371  0.400 0.0000000000
93097  -49.309  29.070  0.852 0.0000000000
93098  -49.072  29.208  0.321 0.0000000000
93099  -48.267  29.112  0.309 0.0000000000
93100  -47.388  29.080  0.387 0.0000000000
93101  -46.525  29.161  0.603 0.0000000000
93102  -47.071  29.354  0.027 0.0000000000
93103  -46.762  29.592  -0.334 0.0000000000
93104  -46.438  29.884  -0.668 0.0000000000
96400  -52.226  29.055  6.463 0.0000000000
96402  -52.152  28.705  6.842 0.0000000000
96403  -52.107  28.179  7.157 0.0000000000
96404  -52.120  27.622  7.513 0.0000000000
96405  -52.114  27.073  7.860 0.0000000000
96406  -52.419  26.858  7.402 0.0000000000
96407  -52.553  26.138  7.269 0.0000000000
96408  -52.716  25.418  7.254 0.0000000000
96409  -52.836  24.746  7.316 0.0000000000
96410  -52.675  25.142  6.883 0.0000000000
96411  -52.416  24.957  6.578 0.0000000000
96412  -52.075  24.784  6.333 0.0000000000
96413  -44.208  25.407  6.359 0.0000000000
96414  -44.565  25.005  6.637 0.0000000000
96415  -43.815  25.000  6.737 0.0000000000
96416  -43.418  24.558  7.080 0.0000000000
96417  -43.052  24.100  7.449 0.0000000000
96418  -42.717  23.610  7.838 0.0000000000
96419  -42.344  24.003  7.634 0.0000000000
96420  -41.648  23.874  7.887 0.0000000000
96426  -37.801  28.666  4.163 0.0000000000
96436  -46.198  33.456  -5.186 0.0000000000
96437  -46.118  33.569  -5.657 0.0000000000
96438  -45.486  33.483  -5.511 0.0000000000
96439  -44.860  33.453  -5.436 0.0000000000
100720  -51.366  30.080  2.229 0.0000000000
100721  -51.427  30.472  2.649 0.0000000000
100722  -51.539  29.984  2.863 0.0000000000
100723  -51.744  29.933  3.463 0.0000000000
100724  -51.931  29.881  4.054 0.0000000000
100725  -52.100  29.879  4.631 0.0000000000
100726  -52.033  29.445  4.234 0.0000000000
100727  -52.020  29.007  4.378 0.0000000000
100728  -51.899  28.508  4.518 0.0000000000
100729  -51.718  28.061  4.760 0.0000000000
100730  -51.416  28.244  4.354 0.0000000000
100731  -50.796  28.043  4.216 0.0000000000
100732  -50.067  27.888  4.154 0.0000000000
100733  -47.347  28.029  2.813 0.0000000000
100734  -47.694  27.936  3.318 0.0000000000
100735  -46.879  27.794  3.363 0.0000000000
100736  -46.409  27.523  3.894 0.0000000000
100737  -45.975  27.199  4.386 0.0000000000
100738  -45.624  26.843  4.851 0.0000000000
100739  -45.208  27.141  4.533 0.0000000000
100740  -44.441  27.126  4.649 0.0000000000
100741  -43.689  27.130  4.754 0.0000000000
100742  -42.968  27.029  4.931 0.0000000000
100743  -43.344  27.388  4.397 0.0000000000
100744  -43.020  27.650  4.088 0.0000000000
100745  -42.694  27.924  3.847 0.0000000000
100746  -43.389  29.188  1.701 0.0000000000
100747  -42.993  28.988  2.267 0.0000000000
100748  -42.676  29.164  1.960 0.0000000000
100749  -41.959  29.132  2.237 0.0000000000
100750  -41.235  29.010  2.529 0.0000000000
100751  -40.532  28.916  2.854 0.0000000000
100752  -40.995  29.188  2.272 0.0000000000
100753  -40.755  29.369  1.997 0.0000000000
100754  -40.508  29.536  1.727 0.0000000000
103980  -49.925  33.406  -2.259 0.0000000000
103981  -49.887  32.923  -2.509 0.0000000000
103982  -49.723  32.573  -2.708 0.0000000000
103983  -49.732  33.214  -2.881 0.0000000000
103984  -49.572  33.478  -3.223 0.0000000000
103985  -49.442  33.714  -3.567 0.0000000000
110656  -52.280  25.375  9.929 0.0000000000
110657  -51.774  25.512  10.471 0.0000000000
110658  -52.282  25.109  10.810 0.0000000000
110659  -52.348  24.827  11.639 0.0000000000
110660  -52.420  24.574  12.464 0.0000000000
110661  -52.518  24.341  13.298 0.0000000000
110662  -52.945  24.167  12.710 0.0000000000
110663  -53.391  23.707  12.950 0.0000000000
110664  -53.713  23.226  13.126 0.0000000000
110665  -53.961  22.677  13.202 0.0000000000
110666  -53.861  22.970  12.440 0.0000000000
110667  -53.927  22.719  11.782 0.0000000000
110668  -53.802  22.470  11.106 0.0000000000
110669  -52.408  22.708  7.889 0.0000000000
110670  -52.625  22.496  8.497 0.0000000000
110671  -52.062  22.330  8.182 0.0000000000
110672  -51.648  21.990  8.477 0.0000000000
110673  -51.196  21.710  8.761 0.0000000000
110674  -50.738  21.467  9.045 0.0000000000
110675  -50.450  21.614  8.470 0.0000000000
110676  -49.710  21.495  8.336 0.0000000000
110677  -49.012  21.302  8.169 0.0000000000
110678  -50.126  25.842  5.650 0.0000000000
110679  -50.483  25.413  5.802 0.0000000000
110680  -49.787  25.389  5.841 0.0000000000
110681  -49.395  24.840  6.080 0.0000000000
110682  -48.997  24.393  6.341 0.0000000000
110683  -45.937  23.469  7.396 0.0000000000
110684  -46.665  23.497  7.257 0.0000000000
110685  -46.279  23.036  7.509 0.0000000000
110686  -46.562  22.604  7.563 0.0000000000
110687  -46.819  22.149  7.589 0.0000000000
110688  -47.050  21.699  7.617 0.0000000000
110689  -46.361  21.673  7.703 0.0000000000
110690  -45.907  21.169  7.876 0.0000000000
110691  -45.492  20.621  8.121 0.0000000000
110693  -44.848  20.426  8.214 0.0000000000
110694  -44.297  20.290  8.350 0.0000000000
110695  -43.738  20.177  8.493 0.0000000000
110697  -41.939  20.835  9.214 0.0000000000
110718  -40.169  26.561  5.892 0.0000000000
110719  -39.825  26.144  6.367 0.0000000000
110720  -39.511  26.459  6.227 0.0000000000
110745  -47.785  31.628  -2.793 0.0000000000
110746  -47.162  31.124  -2.365 0.0000000000
110747  -46.924  31.488  -2.609 0.0000000000
110748  -46.122  31.377  -2.403 0.0000000000
110749  -45.352  31.243  -2.193 0.0000000000
110750  -43.777  32.230  -2.864 0.0000000000
110751  -43.771  31.825  -2.460 0.0000000000
110752  -43.101  31.846  -2.280 0.0000000000
110753  -42.525  31.405  -1.688 0.0000000000
110754  -41.929  30.974  -1.064 0.0000000000
110755  -41.297  30.601  -0.337 0.0000000000
110756  -41.292  31.013  -0.772 0.0000000000
110757  -40.628  31.114  -0.465 0.0000000000
110758  -39.964  31.210  -0.148 0.0000000000
110760  -43.485  33.701  -6.446 0.0000000000
110762  -42.233  33.616  -5.511 0.0000000000
110763  -41.623  33.531  -4.717 0.0000000000
110764  -38.230  33.224  -2.253 0.0000000000
110765  -38.954  33.277  -2.587 0.0000000000
110766  -38.299  33.068  -1.720 0.0000000000
110767  -38.378  32.861  -1.222 0.0000000000
110768  -38.428  32.567  -0.730 0.0000000000
110769  -38.524  32.209  -0.283 0.0000000000
110770  -37.835  32.286  0.070 0.0000000000
117374  -49.904  32.241  0.748 0.0000000000
117376  -50.402  31.730  0.922 0.0000000000
117377  -50.812  31.285  1.121 0.0000000000
117378  -51.090  30.791  1.361 0.0000000000
117379  -50.782  30.536  0.356 0.0000000000
117380  -50.989  30.354  0.978 0.0000000000
117381  -51.253  30.188  1.584 0.0000000000
117382  -51.170  29.704  1.897 0.0000000000
117383  -50.975  29.302  2.134 0.0000000000
117384  -50.790  28.965  2.469 0.0000000000
117385  -50.522  28.666  2.870 0.0000000000
117386  -50.185  28.725  2.388 0.0000000000
117387  -49.480  28.571  2.334 0.0000000000
117388  -48.763  28.461  2.315 0.0000000000
117389  -48.832  28.791  1.321 0.0000000000
117390  -48.343  28.539  1.832 0.0000000000
117391  -47.872  28.347  2.360 0.0000000000
117392  -47.010  28.267  2.385 0.0000000000
117393  -46.146  28.270  2.491 0.0000000000
117394  -45.330  28.299  2.651 0.0000000000
117395  -44.591  28.299  2.884 0.0000000000
117396  -45.040  28.562  2.316 0.0000000000
117397  -44.742  28.811  2.001 0.0000000000
117398  -44.409  29.034  1.704 0.0000000000
117399  -45.682  29.203  0.862 0.0000000000
117400  -44.884  29.219  1.126 0.0000000000
117401  -44.123  29.220  1.401 0.0000000000
117402  -43.868  29.428  1.065 0.0000000000
117403  -43.547  29.621  0.764 0.0000000000
117404  -43.239  29.804  0.467 0.0000000000
119915  -48.905  34.897  -3.059 0.0000000000
125107  -52.118  26.562  8.211 0.0000000000
125108  -52.193  26.069  8.696 0.0000000000
125109  -52.238  25.694  9.232 0.0000000000
125110  -52.637  25.143  9.415 0.0000000000
125111  -52.994  24.619  9.595 0.0000000000
125112  -53.277  24.108  9.755 0.0000000000
125113  -53.471  23.611  9.917 0.0000000000
125114  -53.313  23.815  9.123 0.0000000000
125115  -53.206  23.532  8.474 0.0000000000
125116  -52.979  23.306  8.043 0.0000000000
125117  -52.857  24.127  7.394 0.0000000000
125118  -52.768  23.571  7.494 0.0000000000
125119  -52.660  23.075  7.635 0.0000000000
125120  -52.168  22.890  7.373 0.0000000000
125121  -51.586  22.747  7.200 0.0000000000
125122  -50.910  22.638  7.070 0.0000000000
125123  -47.274  25.559  5.865 0.0000000000
125124  -47.595  25.150  6.085 0.0000000000
125125  -46.851  25.107  6.206 0.0000000000
125126  -46.433  24.691  6.547 0.0000000000
125127  -46.026  24.287  6.879 0.0000000000
125128  -44.944  24.619  6.879 0.0000000000
125129  -45.270  24.234  7.074 0.0000000000
125130  -45.595  23.894  7.237 0.0000000000
125131  -45.234  23.427  7.532 0.0000000000
125132  -44.875  22.902  7.813 0.0000000000
125133  -44.479  22.371  8.062 0.0000000000
125134  -44.093  21.832  8.261 0.0000000000
125135  -43.822  22.310  8.241 0.0000000000
125136  -43.158  22.208  8.481 0.0000000000
125137  -42.486  22.062  8.750 0.0000000000
125138  -42.418  23.094  8.243 0.0000000000
125139  -42.140  22.549  8.652 0.0000000000
125140  -41.847  21.915  8.999 0.0000000000
125154  -38.843  27.644  5.062 0.0000000000
125155  -38.569  27.302  5.614 0.0000000000
125175  -47.231  32.882  -4.160 0.0000000000
125176  -46.616  32.481  -3.592 0.0000000000
125177  -46.500  32.732  -3.951 0.0000000000
125178  -45.760  32.668  -3.722 0.0000000000
125179  -45.036  32.629  -3.520 0.0000000000
125180  -45.568  33.207  -4.534 0.0000000000
125181  -44.963  32.907  -3.941 0.0000000000
125182  -44.392  32.578  -3.401 0.0000000000
125183  -43.774  32.570  -3.270 0.0000000000
125184  -43.115  32.570  -3.081 0.0000000000
125185  -42.456  32.578  -2.881 0.0000000000
134563  -52.216  29.818  5.167 0.0000000000
134564  -52.311  29.661  5.634 0.0000000000
134565  -52.298  29.311  6.031 0.0000000000
134566  -52.424  28.724  6.065 0.0000000000
134567  -52.448  28.075  6.051 0.0000000000
134568  -52.400  27.359  6.001 0.0000000000
134569  -52.251  26.546  5.959 0.0000000000
134570  -52.174  27.011  5.732 0.0000000000
134571  -51.739  26.758  5.525 0.0000000000
134572  -51.168  26.562  5.461 0.0000000000
134573  -51.411  27.512  5.001 0.0000000000
134574  -50.954  26.952  5.244 0.0000000000
134575  -50.511  26.377  5.459 0.0000000000
134576  -49.774  26.269  5.510 0.0000000000
134577  -49.084  26.224  5.585 0.0000000000
134578  -48.398  26.164  5.607 0.0000000000
134579  -50.111  28.378  3.309 0.0000000000
134580  -49.673  28.125  3.778 0.0000000000
134581  -49.322  27.809  4.201 0.0000000000
134582  -48.043  27.767  3.751 0.0000000000
134583  -48.425  27.611  4.191 0.0000000000
134584  -48.851  27.431  4.637 0.0000000000
134585  -48.391  27.028  5.044 0.0000000000
134586  -47.999  26.592  5.384 0.0000000000
134587  -47.631  26.059  5.596 0.0000000000
134588  -46.860  25.947  5.660 0.0000000000
134589  -46.062  25.872  5.758 0.0000000000
134590  -45.300  25.821  5.901 0.0000000000
134591  -45.236  26.528  5.281 0.0000000000
134592  -44.914  26.204  5.670 0.0000000000
134593  -44.573  25.817  6.019 0.0000000000
134594  -43.783  25.750  6.115 0.0000000000
134595  -42.995  25.680  6.272 0.0000000000
134596  -42.232  25.603  6.422 0.0000000000
134597  -41.510  25.415  6.653 0.0000000000
134598  -41.863  25.848  6.252 0.0000000000
134599  -41.508  26.110  6.068 0.0000000000
134600  -41.164  26.384  5.846 0.0000000000
134601  -42.241  26.911  5.137 0.0000000000
134602  -41.532  26.796  5.354 0.0000000000
134603  -40.836  26.679  5.623 0.0000000000
134604  -40.519  26.957  5.384 0.0000000000
134605  -40.176  27.224  5.178 0.0000000000
134606  -39.853  27.484  4.964 0.0000000000
134607  -43.835  28.278  3.125 0.0000000000
134608  -43.106  28.231  3.359 0.0000000000
134609  -42.352  28.155  3.590 0.0000000000
134610  -42.533  28.695  2.800 0.0000000000
134611  -42.050  28.373  3.319 0.0000000000
134612  -41.608  28.042  3.831 0.0000000000
134613  -40.919  27.942  4.133 0.0000000000
134614  -40.207  27.841  4.431 0.0000000000
134615  -39.515  27.742  4.729 0.0000000000
134616  -39.225  28.007  4.514 0.0000000000
134617  -38.960  28.239  4.300 0.0000000000
134618  -38.719  28.486  4.048 0.0000000000
134619  -39.843  28.840  3.183 0.0000000000
134620  -39.171  28.774  3.478 0.0000000000
134621  -38.483  28.732  3.801 0.0000000000
134622  -38.262  28.928  3.569 0.0000000000
134623  -38.036  29.164  3.308 0.0000000000
134624  -37.808  29.446  3.034 0.0000000000
141300  -50.200  32.240  -0.298 0.0000000000
141301  -50.408  31.811  -0.724 0.0000000000
141302  -50.114  32.803  -1.360 0.0000000000
141303  -50.321  32.067  -1.306 0.0000000000
141304  -50.427  31.457  -1.107 0.0000000000
141305  -50.239  31.075  -1.364 0.0000000000
141306  -49.801  30.780  -1.515 0.0000000000
141307  -49.194  30.556  -1.596 0.0000000000
141308  -48.561  30.404  -1.568 0.0000000000
141309  -48.982  30.880  -1.956 0.0000000000
141310  -48.845  31.203  -2.282 0.0000000000
141311  -48.626  31.486  -2.565 0.0000000000
141312  -49.431  32.270  -2.834 0.0000000000
141313  -49.013  32.010  -2.883 0.0000000000
141314  -48.470  31.811  -2.870 0.0000000000
141315  -48.336  32.181  -3.202 0.0000000000
141316  -48.113  32.485  -3.516 0.0000000000
141317  -47.967  32.763  -3.852 0.0000000000
141318  -49.126  34.534  -3.383 0.0000000000
141319  -49.281  34.238  -3.682 0.0000000000
141320  -49.329  33.934  -3.939 0.0000000000
141322  -49.140  34.152  -4.278 0.0000000000
141323  -49.186  33.686  -4.101 0.0000000000
141324  -48.856  33.468  -4.181 0.0000000000
141325  -48.433  33.229  -4.223 0.0000000000
141326  -47.870  33.041  -4.243 0.0000000000
141327  -47.788  33.280  -4.620 0.0000000000
141328  -47.610  33.487  -5.028 0.0000000000
141329  -47.413  33.639  -5.472 0.0000000000
154752  -51.193  25.502  11.073 0.0000000000
154761  -52.600  24.053  14.072 0.0000000000
154767  -54.036  21.686  15.441 0.0000000000
154768  -54.195  21.493  14.802 0.0000000000
154769  -54.289  21.267  14.070 0.0000000000
154770  -54.106  22.180  13.323 0.0000000000
154771  -54.172  21.595  13.352 0.0000000000
154772  -54.147  21.047  13.353 0.0000000000
154773  -53.874  20.884  12.669 0.0000000000
154774  -53.414  20.755  12.054 0.0000000000
154775  -52.809  20.700  11.549 0.0000000000
154776  -53.595  23.120  10.076 0.0000000000
154777  -53.608  22.704  10.310 0.0000000000
154778  -53.495  22.256  10.480 0.0000000000
154779  -52.808  22.293  9.189 0.0000000000
154780  -53.034  22.073  9.892 0.0000000000
154781  -53.281  21.823  10.643 0.0000000000
154782  -52.951  21.433  10.775 0.0000000000
154783  -52.524  21.064  10.906 0.0000000000
154784  -52.122  20.667  11.157 0.0000000000
154785  -51.393  20.626  10.876 0.0000000000
154786  -50.657  20.592  10.573 0.0000000000
154788  -50.178  21.137  9.371 0.0000000000
154789  -49.719  20.788  9.766 0.0000000000
154794  -52.095  25.853  5.998 0.0000000000
154795  -51.888  25.226  6.058 0.0000000000
154796  -51.634  24.611  6.147 0.0000000000
154797  -50.802  24.927  5.940 0.0000000000
154798  -51.111  24.514  6.087 0.0000000000
154799  -51.372  24.000  6.342 0.0000000000
154800  -51.078  23.507  6.609 0.0000000000
154801  -50.637  23.024  6.804 0.0000000000
154802  -50.196  22.588  7.012 0.0000000000
154803  -47.932  24.740  6.304 0.0000000000
154804  -48.293  24.342  6.464 0.0000000000
154805  -48.570  23.928  6.641 0.0000000000
154806  -47.410  23.491  7.120 0.0000000000
154807  -48.152  23.484  6.939 0.0000000000
154808  -48.885  23.438  6.784 0.0000000000
154809  -49.175  22.986  6.936 0.0000000000
154810  -49.444  22.550  7.042 0.0000000000
154811  -49.761  22.202  7.239 0.0000000000
154812  -49.287  21.847  7.462 0.0000000000
154813  -48.778  21.464  7.709 0.0000000000
154814  -48.292  21.126  8.033 0.0000000000
154815  -47.289  21.279  7.708 0.0000000000
154816  -47.584  20.971  7.914 0.0000000000
154817  -47.870  20.808  8.430 0.0000000000
154830  -43.763  21.259  8.409 0.0000000000
154831  -43.420  20.658  8.567 0.0000000000
154832  -43.145  20.012  8.661 0.0000000000
154833  -42.229  20.309  9.058 0.0000000000
154834  -42.548  19.811  8.895 0.0000000000
154835  -42.868  19.345  8.741 0.0000000000
154875  -40.855  25.258  6.884 0.0000000000
154929  -47.822  30.263  -1.466 0.0000000000
154930  -46.984  30.164  -1.300 0.0000000000
154931  -46.174  30.173  -1.039 0.0000000000
154932  -46.567  30.755  -1.919 0.0000000000
154933  -45.987  30.463  -1.404 0.0000000000
154934  -45.336  30.185  -0.765 0.0000000000
154935  -44.518  30.112  -0.472 0.0000000000
154936  -43.741  30.047  -0.177 0.0000000000
154937  -43.041  30.007  0.100 0.0000000000
154938  -45.935  32.039  -3.036 0.0000000000
154939  -45.249  31.578  -2.509 0.0000000000
154940  -44.598  31.128  -1.980 0.0000000000
154941  -43.807  31.411  -2.106 0.0000000000
154942  -43.854  31.011  -1.755 0.0000000000
154943  -43.971  30.721  -1.433 0.0000000000
154944  -43.401  30.395  -0.848 0.0000000000
154945  -42.873  30.170  -0.232 0.0000000000
154946  -42.332  29.939  0.427 0.0000000000
154947  -41.619  29.867  0.763 0.0000000000
154948  -40.967  29.782  1.074 0.0000000000
154949  -40.301  29.735  1.415 0.0000000000
154950  -40.705  30.299  0.364 0.0000000000
154951  -40.157  30.009  1.059 0.0000000000
154952  -39.647  29.712  1.757 0.0000000000
154953  -38.984  29.749  2.070 0.0000000000
154954  -38.318  29.756  2.384 0.0000000000
154955  -37.640  29.829  2.715 0.0000000000
154957  -44.837  33.600  -5.991 0.0000000000
154958  -44.210  33.437  -5.358 0.0000000000
154959  -43.488  33.616  -5.792 0.0000000000
154960  -43.558  33.468  -5.224 0.0000000000
154961  -43.584  33.270  -4.687 0.0000000000
154962  -42.987  33.071  -4.008 0.0000000000
154963  -42.400  32.857  -3.341 0.0000000000
154964  -41.809  32.624  -2.690 0.0000000000
154967  -41.002  33.407  -3.940 0.0000000000
154968  -39.688  33.248  -2.889 0.0000000000
154969  -40.395  33.237  -3.170 0.0000000000
154970  -41.036  33.235  -3.394 0.0000000000
154971  -41.094  32.982  -2.942 0.0000000000
154972  -41.156  32.673  -2.479 0.0000000000
154973  -41.157  32.292  -1.976 0.0000000000
154974  -40.571  31.991  -1.304 0.0000000000
154975  -39.930  31.645  -0.555 0.0000000000
154976  -39.303  31.309  0.178 0.0000000000
154977  -38.590  31.807  0.155 0.0000000000
154978  -38.664  31.388  0.550 0.0000000000
154979  -38.692  30.964  0.905 0.0000000000
154980  -38.068  30.593  1.657 0.0000000000
154981  -37.475  30.233  2.383 0.0000000000
