#!ascii label  , from subject fsaverage vox2ras=TkReg
314
88  -42.261  -81.724  -13.242 0.0000000000
983  -40.214  -78.414  -13.515 0.0000000000
2487  -42.490  -75.307  -10.177 0.0000000000
2899  -39.178  -85.426  -14.148 0.0000000000
2901  -39.033  -83.714  -14.831 0.0000000000
2902  -38.502  -81.447  -14.408 0.0000000000
2903  -41.415  -80.045  -13.607 0.0000000000
4384  -37.861  -77.406  -14.099 0.0000000000
4385  -35.478  -78.032  -12.905 0.0000000000
5574  -40.780  -74.416  -10.375 0.0000000000
6376  -38.050  -79.417  -13.935 0.0000000000
6377  -39.565  -76.260  -13.464 0.0000000000
7400  -41.758  -83.184  -12.205 0.0000000000
10008  -43.745  -79.425  -11.270 0.0000000000
10016  -44.018  -76.026  -9.915 0.0000000000
10017  -43.388  -78.167  -11.773 0.0000000000
10018  -41.609  -77.283  -12.045 0.0000000000
10019  -40.185  -75.567  -11.979 0.0000000000
10579  -40.726  -83.743  -13.696 0.0000000000
10580  -39.153  -84.667  -14.741 0.0000000000
10581  -40.770  -82.829  -14.063 0.0000000000
10582  -40.459  -81.826  -14.080 0.0000000000
10583  -42.009  -80.755  -13.497 0.0000000000
12064  -38.893  -76.098  -14.486 0.0000000000
12065  -37.770  -76.396  -14.489 0.0000000000
14464  -39.563  -80.020  -13.800 0.0000000000
14465  -38.271  -80.459  -14.137 0.0000000000
14466  -39.183  -78.952  -13.723 0.0000000000
14467  -38.959  -77.898  -13.755 0.0000000000
14468  -39.824  -77.373  -13.383 0.0000000000
16267  -40.366  -84.986  -12.372 0.0000000000
16268  -41.397  -83.799  -11.448 0.0000000000
22454  -43.445  -80.193  -10.856 0.0000000000
22455  -43.787  -78.311  -10.343 0.0000000000
22474  -42.885  -74.313  -9.339 0.0000000000
22476  -43.491  -75.591  -10.057 0.0000000000
22477  -43.846  -77.038  -10.780 0.0000000000
22478  -43.059  -76.723  -10.941 0.0000000000
22479  -42.470  -77.877  -11.930 0.0000000000
22480  -42.131  -76.424  -11.055 0.0000000000
22482  -40.483  -75.049  -11.230 0.0000000000
22483  -40.034  -74.110  -11.276 0.0000000000
22484  -39.903  -74.420  -12.042 0.0000000000
23651  -37.660  -86.011  -15.122 0.0000000000
23652  -37.527  -85.150  -15.378 0.0000000000
23653  -37.251  -84.077  -15.249 0.0000000000
23654  -37.076  -83.000  -15.014 0.0000000000
23655  -38.766  -82.553  -14.646 0.0000000000
23656  -39.992  -80.945  -13.923 0.0000000000
23657  -40.763  -79.272  -13.584 0.0000000000
26322  -36.608  -78.889  -13.681 0.0000000000
26323  -35.365  -79.355  -13.177 0.0000000000
26324  -36.648  -77.644  -13.685 0.0000000000
26325  -36.615  -76.469  -13.903 0.0000000000
26326  -36.583  -75.567  -14.271 0.0000000000
28462  -42.183  -73.104  -8.693 0.0000000000
28463  -41.952  -74.015  -9.477 0.0000000000
28464  -41.593  -75.027  -10.289 0.0000000000
30234  -36.857  -81.885  -14.684 0.0000000000
30235  -36.833  -80.897  -14.538 0.0000000000
30236  -36.742  -79.943  -14.071 0.0000000000
30237  -37.916  -78.350  -13.879 0.0000000000
30238  -38.858  -76.911  -13.985 0.0000000000
30239  -39.609  -75.285  -13.846 0.0000000000
32701  -40.551  -84.414  -13.150 0.0000000000
32702  -42.105  -82.583  -12.782 0.0000000000
40258  -42.608  -82.042  -11.229 0.0000000000
40259  -43.027  -81.407  -11.836 0.0000000000
40260  -43.340  -80.705  -12.262 0.0000000000
40285  -44.035  -77.598  -10.494 0.0000000000
40286  -43.817  -78.653  -11.544 0.0000000000
40287  -43.224  -79.858  -12.667 0.0000000000
40288  -42.550  -79.217  -12.915 0.0000000000
40289  -41.762  -78.658  -12.954 0.0000000000
40290  -41.079  -77.927  -12.950 0.0000000000
40291  -41.257  -75.853  -11.144 0.0000000000
40292  -40.854  -76.559  -12.073 0.0000000000
40293  -40.430  -76.999  -12.830 0.0000000000
40294  -39.952  -75.908  -12.717 0.0000000000
40295  -39.793  -74.838  -12.905 0.0000000000
41299  -41.526  -82.782  -13.480 0.0000000000
41300  -40.756  -83.327  -13.941 0.0000000000
41301  -41.525  -82.296  -13.635 0.0000000000
41302  -41.447  -81.805  -13.725 0.0000000000
41303  -42.186  -81.227  -13.378 0.0000000000
42784  -39.396  -75.351  -14.509 0.0000000000
42785  -38.935  -75.662  -14.804 0.0000000000
45183  -35.515  -83.983  -15.594 0.0000000000
45184  -39.913  -79.200  -13.678 0.0000000000
45185  -39.351  -79.468  -13.772 0.0000000000
45186  -39.708  -78.703  -13.621 0.0000000000
45187  -39.547  -78.213  -13.539 0.0000000000
45188  -40.028  -77.896  -13.425 0.0000000000
46988  -41.178  -84.160  -11.016 0.0000000000
53174  -43.685  -78.617  -10.207 0.0000000000
53194  -42.666  -74.776  -9.725 0.0000000000
53195  -43.208  -74.903  -9.608 0.0000000000
53196  -43.000  -75.437  -10.113 0.0000000000
53197  -43.294  -76.112  -10.524 0.0000000000
53198  -42.802  -76.006  -10.582 0.0000000000
53199  -42.592  -76.599  -11.001 0.0000000000
53200  -42.315  -75.881  -10.644 0.0000000000
53202  -40.085  -73.825  -10.855 0.0000000000
54776  -38.445  -85.723  -14.695 0.0000000000
54777  -39.127  -84.228  -14.837 0.0000000000
54778  -38.385  -84.977  -15.083 0.0000000000
54779  -38.274  -84.500  -15.141 0.0000000000
54780  -37.455  -84.647  -15.347 0.0000000000
54781  -38.225  -83.974  -15.063 0.0000000000
54782  -38.111  -83.401  -14.983 0.0000000000
54783  -38.886  -83.168  -14.758 0.0000000000
54784  -41.016  -80.870  -13.809 0.0000000000
54785  -40.241  -81.356  -14.009 0.0000000000
54786  -40.725  -80.487  -13.784 0.0000000000
54787  -40.429  -80.113  -13.732 0.0000000000
54788  -41.077  -79.665  -13.581 0.0000000000
59229  -37.237  -78.085  -13.856 0.0000000000
59230  -36.628  -78.280  -13.647 0.0000000000
59231  -37.239  -77.531  -13.943 0.0000000000
59232  -37.763  -75.932  -14.729 0.0000000000
59233  -37.177  -76.442  -14.200 0.0000000000
59234  -37.151  -75.948  -14.410 0.0000000000
59235  -36.585  -75.997  -14.059 0.0000000000
59236  -37.135  -75.447  -14.687 0.0000000000
59237  -37.204  -75.061  -14.968 0.0000000000
62796  -41.699  -72.921  -8.745 0.0000000000
62797  -42.093  -73.562  -9.075 0.0000000000
62798  -41.593  -73.333  -9.170 0.0000000000
62799  -41.505  -73.802  -9.546 0.0000000000
66429  -37.857  -82.196  -14.721 0.0000000000
66430  -36.962  -82.441  -14.822 0.0000000000
66431  -37.739  -81.675  -14.551 0.0000000000
66432  -38.153  -79.944  -14.042 0.0000000000
66433  -37.556  -80.655  -14.349 0.0000000000
66434  -37.487  -80.140  -14.190 0.0000000000
66435  -36.808  -80.429  -14.308 0.0000000000
66436  -37.404  -79.632  -14.019 0.0000000000
66437  -37.308  -79.119  -13.872 0.0000000000
66438  -37.979  -78.863  -13.868 0.0000000000
66439  -39.319  -77.127  -13.645 0.0000000000
66440  -38.892  -77.377  -13.834 0.0000000000
66441  -39.270  -76.572  -13.766 0.0000000000
66442  -39.274  -76.130  -13.954 0.0000000000
66443  -39.565  -75.746  -13.629 0.0000000000
71839  -41.046  -84.095  -12.298 0.0000000000
71840  -40.453  -84.722  -12.766 0.0000000000
71841  -41.188  -83.836  -12.650 0.0000000000
71842  -41.324  -83.531  -12.935 0.0000000000
71843  -41.896  -82.922  -12.527 0.0000000000
79772  -35.444  -78.708  -12.931 0.0000000000
90399  -42.389  -82.356  -10.855 0.0000000000
90400  -42.882  -81.477  -10.809 0.0000000000
90401  -43.621  -79.822  -11.120 0.0000000000
90402  -43.279  -80.770  -11.366 0.0000000000
90403  -43.456  -80.413  -11.611 0.0000000000
90404  -43.217  -81.088  -12.065 0.0000000000
90405  -43.603  -80.099  -11.751 0.0000000000
90468  -44.056  -76.839  -10.201 0.0000000000
90469  -43.715  -77.540  -11.241 0.0000000000
90470  -43.885  -77.761  -11.175 0.0000000000
90471  -43.686  -78.379  -11.668 0.0000000000
90472  -43.578  -79.285  -12.086 0.0000000000
90473  -43.372  -79.006  -12.219 0.0000000000
90474  -42.914  -79.522  -12.815 0.0000000000
90475  -42.964  -78.764  -12.342 0.0000000000
90476  -42.021  -77.609  -11.991 0.0000000000
90477  -42.123  -78.297  -12.467 0.0000000000
90478  -41.705  -77.983  -12.499 0.0000000000
90479  -41.410  -78.314  -12.944 0.0000000000
90480  -41.358  -77.654  -12.544 0.0000000000
90481  -41.180  -74.755  -10.330 0.0000000000
90482  -41.437  -75.454  -10.711 0.0000000000
90483  -41.031  -75.137  -10.745 0.0000000000
90484  -40.356  -75.367  -11.611 0.0000000000
90485  -40.675  -75.828  -11.629 0.0000000000
90486  -40.509  -76.091  -12.023 0.0000000000
90487  -40.653  -76.780  -12.467 0.0000000000
90488  -40.310  -76.265  -12.414 0.0000000000
90489  -40.145  -76.479  -12.768 0.0000000000
90490  -40.071  -75.721  -12.360 0.0000000000
90492  -39.833  -74.614  -12.449 0.0000000000
90494  -39.884  -74.310  -13.107 0.0000000000
92769  -39.914  -84.629  -13.948 0.0000000000
92770  -39.130  -85.073  -14.464 0.0000000000
92771  -39.967  -84.243  -14.221 0.0000000000
92772  -39.984  -83.806  -14.403 0.0000000000
92773  -39.931  -83.334  -14.503 0.0000000000
92774  -39.768  -82.852  -14.500 0.0000000000
92775  -40.635  -82.320  -14.101 0.0000000000
92776  -41.282  -81.295  -13.786 0.0000000000
92777  -41.734  -80.388  -13.575 0.0000000000
95442  -38.381  -76.751  -14.348 0.0000000000
95443  -37.810  -76.901  -14.279 0.0000000000
95444  -38.359  -76.275  -14.599 0.0000000000
95445  -38.377  -75.833  -14.880 0.0000000000
99762  -39.107  -80.758  -14.026 0.0000000000
99763  -38.406  -80.949  -14.235 0.0000000000
99764  -38.950  -80.252  -13.940 0.0000000000
99765  -38.771  -79.739  -13.897 0.0000000000
99766  -38.630  -79.197  -13.849 0.0000000000
99767  -38.534  -78.639  -13.841 0.0000000000
99768  -39.045  -78.446  -13.702 0.0000000000
99769  -39.412  -77.677  -13.566 0.0000000000
99770  -39.631  -76.831  -13.388 0.0000000000
103008  -40.263  -85.223  -11.980 0.0000000000
103009  -40.915  -84.383  -11.893 0.0000000000
103010  -41.614  -83.454  -11.844 0.0000000000
107768  -35.495  -77.397  -12.946 0.0000000000
114144  -43.197  -80.568  -10.658 0.0000000000
114145  -43.472  -79.647  -10.429 0.0000000000
114146  -43.660  -79.255  -10.642 0.0000000000
114147  -43.788  -78.906  -10.798 0.0000000000
114185  -43.992  -76.569  -10.329 0.0000000000
114186  -43.708  -76.303  -10.439 0.0000000000
114187  -43.557  -76.863  -10.862 0.0000000000
114188  -43.309  -77.438  -11.371 0.0000000000
114189  -42.958  -78.032  -11.873 0.0000000000
114190  -42.828  -77.325  -11.447 0.0000000000
114191  -42.308  -77.175  -11.457 0.0000000000
114192  -41.887  -76.905  -11.520 0.0000000000
114194  -40.651  -74.726  -10.797 0.0000000000
114195  -40.332  -74.290  -10.838 0.0000000000
114196  -40.218  -74.633  -11.237 0.0000000000
114197  -40.101  -74.856  -11.612 0.0000000000
114198  -39.990  -74.988  -11.977 0.0000000000
114199  -39.938  -74.261  -11.646 0.0000000000
116624  -38.440  -85.373  -14.937 0.0000000000
116625  -37.590  -85.608  -15.303 0.0000000000
116630  -36.327  -83.777  -15.370 0.0000000000
116631  -37.157  -83.545  -15.152 0.0000000000
116632  -37.936  -82.762  -14.925 0.0000000000
116633  -38.628  -81.981  -14.537 0.0000000000
116634  -39.593  -82.318  -14.387 0.0000000000
116635  -39.429  -81.770  -14.248 0.0000000000
116636  -39.251  -81.249  -14.146 0.0000000000
116637  -39.764  -80.505  -13.854 0.0000000000
116638  -40.152  -79.677  -13.714 0.0000000000
116639  -40.476  -78.859  -13.569 0.0000000000
122858  -35.992  -79.127  -13.452 0.0000000000
122859  -36.033  -78.496  -13.273 0.0000000000
122860  -36.061  -77.861  -13.285 0.0000000000
122861  -37.205  -76.955  -14.042 0.0000000000
122862  -36.633  -76.997  -13.791 0.0000000000
122863  -36.074  -77.201  -13.369 0.0000000000
122864  -36.047  -76.541  -13.479 0.0000000000
122868  -36.707  -75.158  -14.591 0.0000000000
127851  -42.605  -73.734  -9.019 0.0000000000
127852  -42.380  -74.142  -9.402 0.0000000000
127853  -42.200  -74.649  -9.816 0.0000000000
127854  -42.023  -75.199  -10.250 0.0000000000
127855  -41.785  -74.492  -9.886 0.0000000000
127856  -41.381  -74.271  -9.953 0.0000000000
127857  -40.950  -73.990  -9.993 0.0000000000
127860  -40.567  -73.601  -10.049 0.0000000000
132528  -36.226  -83.245  -15.152 0.0000000000
132531  -37.606  -81.171  -14.420 0.0000000000
132532  -36.821  -81.372  -14.599 0.0000000000
132537  -36.665  -79.445  -13.847 0.0000000000
132538  -37.259  -78.609  -13.832 0.0000000000
132539  -37.875  -77.868  -13.958 0.0000000000
132540  -38.473  -78.102  -13.867 0.0000000000
132541  -38.434  -77.639  -13.944 0.0000000000
132542  -38.403  -77.203  -14.125 0.0000000000
132543  -38.848  -76.520  -14.216 0.0000000000
132544  -39.317  -75.735  -14.209 0.0000000000
132545  -39.699  -74.891  -14.109 0.0000000000
139324  -39.875  -85.275  -13.213 0.0000000000
139325  -39.883  -84.981  -13.568 0.0000000000
139326  -40.650  -84.100  -13.439 0.0000000000
139327  -41.435  -83.194  -13.194 0.0000000000
139328  -42.229  -82.179  -13.043 0.0000000000
161728  -41.795  -83.285  -10.920 0.0000000000
161729  -42.018  -82.930  -11.321 0.0000000000
161730  -42.255  -82.616  -11.710 0.0000000000
161731  -43.088  -81.129  -11.084 0.0000000000
161732  -42.827  -81.725  -11.568 0.0000000000
161733  -42.412  -82.337  -12.024 0.0000000000
161734  -42.611  -82.027  -12.310 0.0000000000
161735  -42.807  -81.678  -12.563 0.0000000000
161736  -42.922  -81.242  -12.759 0.0000000000
161810  -43.881  -78.000  -10.395 0.0000000000
161811  -43.873  -78.434  -10.919 0.0000000000
161812  -44.000  -77.281  -10.657 0.0000000000
161813  -43.914  -78.055  -11.045 0.0000000000
161814  -43.818  -79.008  -11.374 0.0000000000
161815  -43.650  -79.656  -11.931 0.0000000000
161816  -43.381  -80.230  -12.453 0.0000000000
161817  -42.851  -80.759  -12.976 0.0000000000
161818  -42.682  -80.324  -13.150 0.0000000000
161819  -42.429  -79.925  -13.279 0.0000000000
161820  -42.046  -79.638  -13.345 0.0000000000
161821  -42.545  -78.539  -12.414 0.0000000000
161822  -42.143  -78.941  -12.975 0.0000000000
161823  -41.683  -79.316  -13.349 0.0000000000
161824  -41.334  -78.977  -13.325 0.0000000000
161825  -41.017  -78.584  -13.325 0.0000000000
161826  -40.720  -78.161  -13.279 0.0000000000
161827  -41.870  -75.690  -10.679 0.0000000000
161828  -41.690  -76.188  -11.119 0.0000000000
161829  -41.453  -76.588  -11.577 0.0000000000
161830  -40.855  -75.471  -11.180 0.0000000000
161831  -41.024  -76.224  -11.618 0.0000000000
161832  -41.216  -76.970  -12.113 0.0000000000
161833  -41.009  -77.251  -12.534 0.0000000000
161834  -40.755  -77.489  -12.898 0.0000000000
161835  -40.440  -77.702  -13.215 0.0000000000
161836  -40.195  -77.185  -13.136 0.0000000000
161837  -39.934  -76.627  -13.096 0.0000000000
161838  -39.761  -76.085  -13.108 0.0000000000
161839  -39.912  -75.181  -12.349 0.0000000000
161840  -39.819  -75.378  -12.774 0.0000000000
161841  -39.684  -75.564  -13.178 0.0000000000
161842  -39.739  -75.055  -13.379 0.0000000000
161843  -39.864  -74.584  -13.607 0.0000000000
