#!ascii label  , from subject fsaverage vox2ras=TkReg
490
69  -7.777  -72.780  46.219 0.0000000000
421  -8.051  -63.015  46.255 0.0000000000
940  -7.022  -67.442  51.059 0.0000000000
941  -9.244  -62.835  50.147 0.0000000000
942  -6.346  -67.779  47.215 0.0000000000
1493  -8.139  -72.377  50.207 0.0000000000
1942  -11.633  -57.919  48.919 0.0000000000
1943  -10.361  -58.907  44.833 0.0000000000
1944  -6.950  -63.376  42.588 0.0000000000
2860  -7.032  -70.212  48.786 0.0000000000
2861  -6.606  -67.530  49.110 0.0000000000
2862  -6.751  -70.453  46.801 0.0000000000
2863  -6.276  -71.145  44.782 0.0000000000
3463  -7.777  -69.871  52.731 0.0000000000
4263  -8.750  -62.867  48.270 0.0000000000
4264  -10.694  -60.554  49.357 0.0000000000
4265  -10.233  -60.783  47.384 0.0000000000
4266  -11.344  -58.469  46.846 0.0000000000
4267  -9.306  -60.977  45.421 0.0000000000
4268  -8.592  -61.178  43.696 0.0000000000
4269  -7.681  -63.296  44.446 0.0000000000
6302  -7.698  -64.980  50.846 0.0000000000
6303  -7.136  -65.071  48.937 0.0000000000
6304  -6.666  -65.240  46.996 0.0000000000
6305  -6.447  -65.544  45.002 0.0000000000
6306  -6.244  -68.298  45.192 0.0000000000
7325  -8.011  -72.557  48.184 0.0000000000
7344  -7.433  -67.218  52.908 0.0000000000
7345  -7.178  -70.127  50.902 0.0000000000
8424  -10.823  -60.217  51.278 0.0000000000
8425  -11.394  -57.437  51.088 0.0000000000
8428  -11.369  -56.001  46.829 0.0000000000
8429  -10.905  -56.755  44.772 0.0000000000
8433  -6.212  -65.868  43.075 0.0000000000
10540  -7.401  -71.469  47.474 0.0000000000
10541  -6.973  -70.297  47.798 0.0000000000
10542  -7.183  -71.588  46.464 0.0000000000
10543  -6.926  -71.822  45.492 0.0000000000
11943  -8.336  -62.886  47.259 0.0000000000
11944  -9.519  -61.876  47.789 0.0000000000
11945  -9.180  -61.886  46.803 0.0000000000
11946  -9.782  -60.806  46.374 0.0000000000
11947  -8.811  -61.976  45.845 0.0000000000
11948  -8.481  -62.117  44.909 0.0000000000
11949  -7.851  -63.142  45.370 0.0000000000
14340  -7.398  -66.135  51.892 0.0000000000
14341  -7.891  -64.908  51.757 0.0000000000
14342  -7.202  -66.213  50.972 0.0000000000
14343  -6.471  -67.646  48.117 0.0000000000
14344  -6.729  -66.290  49.030 0.0000000000
14345  -6.540  -66.413  48.092 0.0000000000
14346  -6.882  -65.160  47.966 0.0000000000
14347  -6.419  -66.501  47.114 0.0000000000
14348  -6.335  -66.663  46.164 0.0000000000
14349  -6.298  -68.036  46.227 0.0000000000
16109  -8.071  -72.474  49.268 0.0000000000
16150  -7.800  -71.214  51.563 0.0000000000
16151  -7.370  -70.013  51.837 0.0000000000
16152  -7.484  -71.337  50.626 0.0000000000
16153  -7.426  -71.384  49.572 0.0000000000
18550  -10.065  -61.658  50.706 0.0000000000
18551  -11.253  -59.260  49.080 0.0000000000
18552  -11.298  -59.047  50.075 0.0000000000
18553  -11.561  -57.606  50.060 0.0000000000
18558  -10.956  -58.676  45.847 0.0000000000
18559  -11.581  -57.249  46.801 0.0000000000
18560  -11.287  -57.532  45.748 0.0000000000
18561  -11.271  -56.378  45.748 0.0000000000
18562  -10.773  -57.782  44.753 0.0000000000
18564  -9.811  -59.054  43.934 0.0000000000
18565  -7.894  -62.326  43.235 0.0000000000
18570  -6.244  -67.066  44.101 0.0000000000
18571  -6.327  -65.731  44.044 0.0000000000
18572  -6.142  -67.247  43.145 0.0000000000
23580  -6.831  -68.843  50.042 0.0000000000
23581  -6.779  -67.540  50.090 0.0000000000
23582  -6.750  -68.838  49.065 0.0000000000
23583  -6.639  -68.946  48.046 0.0000000000
23584  -6.539  -69.171  47.018 0.0000000000
23585  -6.398  -69.451  46.048 0.0000000000
23586  -6.515  -70.748  45.862 0.0000000000
24641  -8.534  -72.142  50.918 0.0000000000
26105  -9.014  -62.856  49.227 0.0000000000
26106  -10.001  -61.750  49.795 0.0000000000
26107  -9.844  -61.787  48.811 0.0000000000
26108  -10.569  -60.641  48.380 0.0000000000
26109  -11.135  -59.478  48.078 0.0000000000
26110  -11.508  -58.174  47.903 0.0000000000
26111  -10.783  -59.624  47.018 0.0000000000
26112  -10.410  -59.731  46.070 0.0000000000
26113  -9.874  -59.944  45.152 0.0000000000
26114  -9.322  -60.044  44.220 0.0000000000
26115  -8.889  -61.093  44.529 0.0000000000
26116  -8.243  -62.309  44.041 0.0000000000
26117  -7.309  -63.316  43.521 0.0000000000
30064  -8.408  -63.852  50.553 0.0000000000
30065  -6.949  -66.249  50.006 0.0000000000
30066  -7.420  -65.017  49.834 0.0000000000
30067  -8.145  -63.888  49.600 0.0000000000
30068  -7.860  -63.938  48.687 0.0000000000
30069  -7.547  -63.938  47.716 0.0000000000
30070  -7.320  -64.065  46.710 0.0000000000
30071  -7.178  -64.174  45.762 0.0000000000
30072  -6.536  -65.311  45.987 0.0000000000
30073  -6.339  -66.857  45.145 0.0000000000
30074  -6.095  -68.529  44.177 0.0000000000
30075  -6.179  -69.790  45.059 0.0000000000
30076  -5.975  -70.019  44.036 0.0000000000
32501  -7.939  -72.631  47.214 0.0000000000
32502  -8.616  -73.744  46.479 0.0000000000
32551  -7.584  -65.942  52.823 0.0000000000
32552  -7.218  -67.347  51.986 0.0000000000
32553  -7.523  -68.570  52.851 0.0000000000
32554  -7.242  -68.685  51.965 0.0000000000
32555  -6.995  -68.805  51.025 0.0000000000
32556  -7.079  -70.162  49.852 0.0000000000
32557  -7.417  -71.347  48.540 0.0000000000
35553  -10.799  -60.398  50.329 0.0000000000
35554  -11.321  -58.835  51.129 0.0000000000
35562  -11.646  -56.945  47.929 0.0000000000
35571  -8.875  -60.107  43.265 0.0000000000
35577  -6.970  -64.300  44.759 0.0000000000
35578  -6.702  -64.441  43.810 0.0000000000
41260  -7.551  -72.109  46.803 0.0000000000
41261  -7.326  -71.521  46.961 0.0000000000
41262  -7.426  -72.195  46.287 0.0000000000
41263  -7.333  -72.273  45.811 0.0000000000
42663  -8.216  -62.931  46.764 0.0000000000
42664  -8.782  -62.417  47.050 0.0000000000
42665  -8.635  -62.420  46.539 0.0000000000
42666  -8.991  -61.876  46.317 0.0000000000
42667  -8.450  -62.504  46.052 0.0000000000
42668  -8.315  -62.574  45.599 0.0000000000
42669  -7.963  -63.080  45.818 0.0000000000
45060  -7.165  -66.813  51.467 0.0000000000
45061  -7.330  -66.183  51.448 0.0000000000
45062  -7.085  -66.833  51.010 0.0000000000
45063  -6.403  -67.700  47.634 0.0000000000
45064  -6.451  -67.048  48.121 0.0000000000
45065  -6.372  -67.045  47.630 0.0000000000
45066  -6.444  -66.439  47.610 0.0000000000
45067  -6.383  -67.129  47.175 0.0000000000
45068  -6.353  -67.225  46.704 0.0000000000
45069  -6.363  -67.895  46.709 0.0000000000
46829  -8.120  -72.436  49.749 0.0000000000
46831  -8.575  -72.916  49.741 0.0000000000
46870  -7.891  -71.826  50.902 0.0000000000
46871  -7.600  -71.321  51.108 0.0000000000
46872  -7.740  -71.905  50.436 0.0000000000
46873  -7.714  -71.889  49.949 0.0000000000
49268  -9.295  -62.804  50.608 0.0000000000
49269  -9.727  -62.232  50.883 0.0000000000
49270  -9.731  -62.288  50.432 0.0000000000
49271  -11.499  -58.567  48.973 0.0000000000
49272  -11.490  -58.429  49.537 0.0000000000
49273  -11.604  -57.742  49.531 0.0000000000
49275  -11.611  -57.104  49.561 0.0000000000
49277  -11.645  -57.264  48.995 0.0000000000
49278  -10.677  -58.763  45.346 0.0000000000
49279  -11.142  -58.106  45.743 0.0000000000
49280  -10.917  -58.202  45.261 0.0000000000
49281  -11.115  -57.633  45.251 0.0000000000
49282  -10.608  -58.358  44.775 0.0000000000
49283  -10.335  -58.454  44.307 0.0000000000
49284  -10.095  -58.993  44.393 0.0000000000
49285  -7.405  -62.821  42.912 0.0000000000
49286  -7.676  -62.326  42.776 0.0000000000
49287  -7.211  -62.846  42.431 0.0000000000
49289  -6.824  -63.413  42.101 0.0000000000
49290  -6.122  -67.904  43.675 0.0000000000
49291  -6.178  -67.168  43.645 0.0000000000
49292  -6.089  -67.975  43.198 0.0000000000
54660  -6.879  -69.463  49.445 0.0000000000
54661  -6.776  -68.813  49.553 0.0000000000
54662  -6.841  -69.539  48.936 0.0000000000
54663  -6.895  -70.368  47.287 0.0000000000
54664  -6.824  -69.720  47.923 0.0000000000
54665  -6.723  -69.727  47.436 0.0000000000
54666  -6.574  -69.014  47.564 0.0000000000
54667  -6.613  -69.816  46.960 0.0000000000
54668  -6.502  -69.976  46.461 0.0000000000
54669  -6.608  -70.573  46.338 0.0000000000
56430  -9.240  -72.247  50.558 0.0000000000
58868  -8.906  -62.870  48.767 0.0000000000
58869  -9.432  -62.328  49.006 0.0000000000
58870  -9.318  -62.343  48.528 0.0000000000
58871  -9.888  -61.332  47.579 0.0000000000
58872  -10.053  -61.260  48.077 0.0000000000
58873  -10.450  -60.703  47.895 0.0000000000
58874  -10.892  -60.069  48.226 0.0000000000
58875  -10.777  -60.147  47.728 0.0000000000
58876  -11.013  -59.563  47.562 0.0000000000
58877  -10.540  -60.225  47.206 0.0000000000
58878  -9.579  -60.893  45.900 0.0000000000
58879  -10.125  -60.292  46.195 0.0000000000
58880  -9.859  -60.375  45.745 0.0000000000
58881  -10.171  -59.843  45.619 0.0000000000
58882  -9.619  -60.464  45.302 0.0000000000
58883  -9.340  -60.470  44.853 0.0000000000
58884  -9.086  -61.016  44.977 0.0000000000
58885  -8.098  -62.720  44.693 0.0000000000
58886  -8.342  -62.225  44.471 0.0000000000
58887  -7.973  -62.813  44.257 0.0000000000
58888  -7.808  -62.835  43.818 0.0000000000
58889  -7.498  -63.320  43.972 0.0000000000
66063  -7.790  -64.941  51.322 0.0000000000
66065  -8.135  -64.373  51.181 0.0000000000
66066  -8.504  -63.810  51.002 0.0000000000
66067  -8.057  -64.404  50.722 0.0000000000
66068  -6.679  -67.524  49.592 0.0000000000
66069  -6.818  -66.923  50.036 0.0000000000
66070  -6.739  -66.889  49.588 0.0000000000
66071  -6.872  -65.711  48.976 0.0000000000
66072  -7.012  -65.660  49.442 0.0000000000
66073  -7.277  -64.999  49.421 0.0000000000
66074  -7.778  -64.420  49.731 0.0000000000
66075  -7.605  -64.402  49.315 0.0000000000
66076  -8.001  -63.910  49.132 0.0000000000
66077  -7.484  -64.430  48.863 0.0000000000
66078  -6.783  -65.203  47.492 0.0000000000
66079  -7.198  -64.529  47.935 0.0000000000
66080  -7.074  -64.575  47.389 0.0000000000
66081  -7.405  -63.980  47.206 0.0000000000
66082  -6.977  -64.609  46.876 0.0000000000
66083  -6.897  -64.609  46.384 0.0000000000
66084  -6.617  -65.245  46.503 0.0000000000
66085  -6.295  -67.449  45.720 0.0000000000
66086  -6.301  -66.785  45.652 0.0000000000
66087  -6.273  -67.570  45.194 0.0000000000
66088  -6.219  -67.690  44.674 0.0000000000
66089  -6.144  -68.389  44.690 0.0000000000
66090  -6.286  -70.332  45.503 0.0000000000
66091  -6.276  -69.623  45.581 0.0000000000
66092  -6.177  -70.531  44.930 0.0000000000
71369  -8.001  -72.563  47.657 0.0000000000
71370  -8.319  -73.176  47.305 0.0000000000
71487  -7.477  -66.551  52.905 0.0000000000
71488  -7.357  -66.635  52.419 0.0000000000
71489  -7.302  -67.276  52.437 0.0000000000
71492  -7.622  -69.255  52.856 0.0000000000
71493  -7.273  -70.071  51.378 0.0000000000
71494  -7.296  -69.345  51.922 0.0000000000
71495  -7.199  -69.405  51.485 0.0000000000
71496  -7.120  -68.755  51.501 0.0000000000
71497  -7.081  -69.461  50.990 0.0000000000
71498  -6.979  -69.435  50.527 0.0000000000
71499  -7.072  -70.184  50.388 0.0000000000
71500  -7.711  -71.957  48.813 0.0000000000
71501  -7.437  -71.372  49.028 0.0000000000
71502  -7.710  -71.952  48.295 0.0000000000
71503  -7.711  -71.962  47.812 0.0000000000
78686  -10.505  -60.877  51.454 0.0000000000
78688  -10.823  -60.107  51.739 0.0000000000
78690  -11.099  -59.435  51.653 0.0000000000
78691  -10.351  -61.177  49.562 0.0000000000
78692  -10.403  -61.140  50.033 0.0000000000
78693  -10.725  -60.491  49.844 0.0000000000
78694  -11.496  -58.166  50.600 0.0000000000
78695  -11.295  -58.962  50.614 0.0000000000
78696  -11.415  -58.098  51.119 0.0000000000
78697  -11.394  -57.989  51.622 0.0000000000
78698  -11.266  -57.331  51.607 0.0000000000
78713  -11.436  -58.322  47.363 0.0000000000
78714  -11.622  -57.561  47.910 0.0000000000
78715  -11.592  -57.751  47.318 0.0000000000
78716  -11.492  -56.608  46.812 0.0000000000
78717  -11.545  -56.468  47.374 0.0000000000
78723  -11.144  -56.555  45.266 0.0000000000
78735  -8.886  -60.611  43.916 0.0000000000
78736  -9.055  -60.059  43.733 0.0000000000
78737  -8.738  -60.644  43.472 0.0000000000
78750  -6.764  -64.764  45.427 0.0000000000
78751  -7.102  -64.214  45.286 0.0000000000
78752  -6.664  -64.919  44.901 0.0000000000
78753  -6.275  -65.794  43.547 0.0000000000
78754  -6.469  -65.073  43.944 0.0000000000
78755  -6.389  -65.137  43.460 0.0000000000
78756  -6.564  -64.483  43.337 0.0000000000
78757  -6.297  -65.186  42.958 0.0000000000
92700  -7.222  -70.848  48.142 0.0000000000
92701  -6.991  -70.245  48.298 0.0000000000
92702  -7.175  -70.884  47.643 0.0000000000
92703  -7.096  -70.937  47.127 0.0000000000
92704  -6.959  -71.013  46.637 0.0000000000
92705  -6.791  -71.125  46.176 0.0000000000
92706  -7.051  -71.667  45.991 0.0000000000
92707  -7.239  -72.395  45.314 0.0000000000
95225  -8.515  -62.882  47.742 0.0000000000
95226  -9.148  -62.354  48.015 0.0000000000
95227  -8.925  -62.392  47.533 0.0000000000
95228  -9.331  -61.889  47.310 0.0000000000
95229  -9.724  -61.349  47.071 0.0000000000
95230  -10.010  -60.802  46.876 0.0000000000
95231  -9.506  -61.349  46.572 0.0000000000
95232  -9.339  -61.398  46.088 0.0000000000
95233  -9.115  -61.469  45.628 0.0000000000
95234  -8.870  -61.535  45.162 0.0000000000
95235  -8.645  -62.024  45.392 0.0000000000
95236  -8.176  -62.621  45.134 0.0000000000
95237  -7.797  -63.220  44.902 0.0000000000
99540  -7.680  -65.447  52.307 0.0000000000
99541  -7.951  -64.852  52.217 0.0000000000
99542  -7.636  -65.524  51.832 0.0000000000
99543  -7.519  -65.544  51.412 0.0000000000
99544  -7.378  -65.557  50.941 0.0000000000
99545  -6.502  -67.569  48.600 0.0000000000
99546  -6.639  -66.908  49.117 0.0000000000
99547  -6.545  -66.992  48.603 0.0000000000
99548  -6.632  -66.395  48.564 0.0000000000
99549  -6.764  -65.756  48.516 0.0000000000
99550  -7.025  -65.093  48.465 0.0000000000
99551  -6.678  -65.783  48.034 0.0000000000
99552  -6.574  -65.822  47.561 0.0000000000
99553  -6.504  -65.872  47.055 0.0000000000
99554  -6.432  -65.909  46.575 0.0000000000
99555  -6.358  -66.568  46.623 0.0000000000
99556  -6.307  -67.338  46.223 0.0000000000
99557  -6.282  -68.181  45.714 0.0000000000
102725  -8.030  -72.573  48.737 0.0000000000
102798  -7.765  -70.552  52.231 0.0000000000
102799  -7.569  -69.942  52.319 0.0000000000
102800  -7.563  -70.640  51.747 0.0000000000
102801  -7.395  -70.722  51.233 0.0000000000
102802  -7.298  -70.714  50.770 0.0000000000
102803  -7.239  -70.773  50.262 0.0000000000
102804  -7.449  -71.325  50.120 0.0000000000
102805  -7.715  -71.907  49.409 0.0000000000
107117  -10.112  -61.590  51.164 0.0000000000
107118  -10.447  -60.967  50.990 0.0000000000
107119  -10.985  -59.922  49.209 0.0000000000
107120  -11.006  -59.820  49.689 0.0000000000
107121  -11.302  -59.167  49.572 0.0000000000
107122  -11.494  -58.318  50.050 0.0000000000
107123  -11.528  -57.489  50.579 0.0000000000
107132  -11.226  -58.602  46.338 0.0000000000
107133  -11.519  -57.902  46.770 0.0000000000
107134  -11.358  -58.022  46.260 0.0000000000
107135  -11.432  -57.421  46.251 0.0000000000
107136  -11.445  -56.808  46.274 0.0000000000
107137  -11.351  -56.205  46.278 0.0000000000
107138  -11.330  -56.948  45.754 0.0000000000
107139  -11.200  -57.062  45.250 0.0000000000
107140  -10.865  -57.228  44.749 0.0000000000
107142  -10.495  -57.909  44.281 0.0000000000
107143  -10.062  -58.570  43.859 0.0000000000
107144  -9.424  -59.110  43.467 0.0000000000
107145  -8.292  -61.759  43.499 0.0000000000
107146  -8.485  -61.202  43.265 0.0000000000
107147  -8.164  -61.775  43.055 0.0000000000
107154  -6.321  -66.279  44.562 0.0000000000
107155  -6.368  -65.671  44.505 0.0000000000
107156  -6.276  -66.378  44.078 0.0000000000
107157  -6.206  -66.459  43.582 0.0000000000
107158  -6.177  -66.536  43.085 0.0000000000
116460  -6.890  -68.154  50.589 0.0000000000
116461  -6.920  -67.463  50.587 0.0000000000
116462  -6.807  -68.148  50.122 0.0000000000
116463  -6.728  -68.183  49.614 0.0000000000
116464  -6.643  -68.185  49.087 0.0000000000
116465  -6.837  -69.580  48.436 0.0000000000
116466  -6.692  -68.886  48.534 0.0000000000
116467  -6.533  -68.247  48.553 0.0000000000
116468  -6.528  -68.276  48.100 0.0000000000
116469  -6.503  -68.384  47.591 0.0000000000
116470  -6.457  -68.499  47.083 0.0000000000
116471  -6.420  -68.586  46.633 0.0000000000
116472  -6.469  -69.331  46.504 0.0000000000
116473  -6.423  -70.143  45.961 0.0000000000
116474  -6.418  -70.924  45.369 0.0000000000
116475  -6.681  -71.260  45.707 0.0000000000
118937  -8.345  -72.274  50.585 0.0000000000
118938  -8.763  -72.793  50.051 0.0000000000
118939  -8.972  -72.573  50.328 0.0000000000
118999  -8.091  -71.728  51.304 0.0000000000
122351  -9.148  -62.850  49.709 0.0000000000
122352  -9.645  -62.300  49.987 0.0000000000
122353  -9.545  -62.314  49.526 0.0000000000
122354  -9.930  -61.754  49.319 0.0000000000
122355  -10.291  -61.199  49.072 0.0000000000
122356  -9.693  -61.807  48.296 0.0000000000
122357  -10.185  -61.212  48.565 0.0000000000
122358  -10.652  -60.616  48.848 0.0000000000
122359  -10.997  -59.985  48.705 0.0000000000
122360  -11.226  -59.376  48.586 0.0000000000
122361  -11.416  -58.712  48.450 0.0000000000
122362  -11.565  -58.050  48.404 0.0000000000
122363  -11.320  -58.820  47.905 0.0000000000
122364  -11.220  -58.949  47.432 0.0000000000
122365  -11.091  -59.033  46.944 0.0000000000
122366  -10.306  -60.250  46.682 0.0000000000
122367  -10.616  -59.682  46.542 0.0000000000
122368  -10.967  -59.119  46.483 0.0000000000
122369  -10.700  -59.199  45.963 0.0000000000
122370  -10.416  -59.305  45.478 0.0000000000
122371  -10.096  -59.408  44.987 0.0000000000
122372  -9.835  -59.495  44.526 0.0000000000
122373  -9.575  -59.975  44.689 0.0000000000
122374  -9.103  -60.550  44.379 0.0000000000
122375  -8.706  -61.161  44.091 0.0000000000
122376  -8.690  -61.652  44.694 0.0000000000
122377  -8.540  -61.707  44.273 0.0000000000
122378  -8.432  -61.727  43.899 0.0000000000
122379  -8.074  -62.315  43.657 0.0000000000
122380  -7.634  -62.839  43.377 0.0000000000
122381  -7.121  -63.311  43.055 0.0000000000
132069  -8.882  -63.297  50.798 0.0000000000
132070  -8.775  -63.333  50.328 0.0000000000
132071  -6.933  -66.901  50.519 0.0000000000
132072  -7.076  -66.231  50.477 0.0000000000
132073  -7.254  -65.608  50.401 0.0000000000
132074  -6.843  -66.277  49.516 0.0000000000
132075  -7.117  -65.652  49.908 0.0000000000
132076  -7.512  -65.017  50.300 0.0000000000
132077  -7.917  -64.422  50.183 0.0000000000
132078  -8.282  -63.884  50.040 0.0000000000
132079  -8.702  -63.363  49.883 0.0000000000
132080  -8.591  -63.388  49.448 0.0000000000
132081  -8.448  -63.419  48.946 0.0000000000
132082  -8.321  -63.393  48.492 0.0000000000
132083  -7.349  -64.489  48.395 0.0000000000
132084  -7.725  -63.914  48.232 0.0000000000
132085  -8.154  -63.349  47.982 0.0000000000
132086  -7.932  -63.387  47.484 0.0000000000
132087  -7.786  -63.434  46.992 0.0000000000
132088  -7.673  -63.552  46.492 0.0000000000
132089  -7.607  -63.602  46.034 0.0000000000
132090  -7.242  -64.119  46.222 0.0000000000
132091  -6.828  -64.705  45.890 0.0000000000
132092  -6.453  -65.389  45.487 0.0000000000
132093  -6.354  -66.034  46.087 0.0000000000
132094  -6.331  -66.106  45.572 0.0000000000
132095  -6.346  -66.177  45.084 0.0000000000
132096  -6.282  -66.978  44.627 0.0000000000
132097  -6.172  -67.813  44.171 0.0000000000
132098  -6.056  -68.647  43.670 0.0000000000
132099  -6.406  -68.692  46.146 0.0000000000
132100  -6.289  -68.894  45.660 0.0000000000
132101  -6.230  -69.044  45.143 0.0000000000
132103  -6.102  -69.923  44.527 0.0000000000
132104  -6.136  -69.164  44.620 0.0000000000
132105  -6.032  -69.269  44.132 0.0000000000
138749  -7.851  -72.697  46.708 0.0000000000
138750  -8.157  -73.267  46.376 0.0000000000
138751  -8.249  -73.233  46.858 0.0000000000
138893  -7.745  -65.354  52.762 0.0000000000
138894  -7.449  -66.039  52.346 0.0000000000
138895  -7.257  -66.737  51.938 0.0000000000
138896  -7.118  -67.423  51.514 0.0000000000
138899  -7.444  -67.889  52.878 0.0000000000
138900  -7.449  -69.295  52.373 0.0000000000
138901  -7.381  -68.613  52.379 0.0000000000
138902  -7.303  -67.954  52.418 0.0000000000
138903  -7.209  -68.021  51.987 0.0000000000
138904  -7.097  -68.079  51.526 0.0000000000
138905  -6.944  -68.119  51.078 0.0000000000
138906  -6.906  -68.824  50.546 0.0000000000
138907  -6.945  -69.479  49.965 0.0000000000
138908  -7.073  -70.187  49.295 0.0000000000
138909  -7.223  -70.825  49.730 0.0000000000
138910  -7.227  -70.796  49.196 0.0000000000
138911  -7.228  -70.799  48.650 0.0000000000
138912  -7.446  -71.396  47.991 0.0000000000
138913  -7.622  -72.028  47.303 0.0000000000
147657  -10.051  -61.742  50.256 0.0000000000
147658  -10.414  -61.042  50.533 0.0000000000
147659  -10.800  -60.311  50.806 0.0000000000
147660  -11.008  -59.727  50.165 0.0000000000
147661  -11.073  -59.649  50.674 0.0000000000
147662  -11.101  -59.547  51.154 0.0000000000
147663  -11.306  -58.723  51.621 0.0000000000
147684  -11.661  -57.392  48.464 0.0000000000
147685  -11.687  -56.758  48.520 0.0000000000
147686  -11.525  -56.140  48.537 0.0000000000
147687  -11.623  -57.109  47.347 0.0000000000
147688  -11.567  -56.302  47.944 0.0000000000
147711  -9.573  -59.554  44.055 0.0000000000
147712  -9.234  -59.567  43.579 0.0000000000
147713  -8.971  -59.614  43.118 0.0000000000
147729  -7.561  -63.658  45.611 0.0000000000
147730  -7.454  -63.711  45.105 0.0000000000
147731  -7.347  -63.786  44.613 0.0000000000
147732  -6.563  -65.010  44.391 0.0000000000
147733  -6.843  -64.383  44.251 0.0000000000
147734  -7.182  -63.813  44.118 0.0000000000
147735  -6.991  -63.851  43.666 0.0000000000
147736  -6.830  -63.857  43.213 0.0000000000
147738  -6.081  -68.033  42.716 0.0000000000
147739  -6.155  -67.352  42.642 0.0000000000
147740  -6.169  -66.624  42.604 0.0000000000
147743  -6.229  -65.962  42.567 0.0000000000
