#!ascii label  , from subject fsaverage vox2ras=TkReg
541
82  -34.524  4.030  -14.899 0.0000000000
202  -30.196  14.614  -8.279 0.0000000000
681  -34.502  14.961  -6.255 0.0000000000
1515  -35.139  9.188  -8.544 0.0000000000
1516  -32.941  9.932  -11.408 0.0000000000
2428  -26.673  16.134  -11.095 0.0000000000
2429  -30.202  11.416  -13.496 0.0000000000
2431  -27.666  11.019  -15.514 0.0000000000
3483  -32.123  14.675  -6.976 0.0000000000
3484  -35.033  12.146  -7.522 0.0000000000
3485  -33.334  12.338  -8.550 0.0000000000
3486  -34.012  9.681  -9.899 0.0000000000
3487  -31.811  12.532  -9.924 0.0000000000
5428  -28.378  13.891  -12.070 0.0000000000
5429  -27.028  14.037  -13.323 0.0000000000
5434  -26.532  10.520  -16.212 0.0000000000
5436  -29.880  7.935  -14.687 0.0000000000
5832  -33.892  16.946  -3.264 0.0000000000
5834  -32.913  17.561  -4.953 0.0000000000
5836  -28.679  16.692  -7.095 0.0000000000
7374  -35.796  8.366  -7.108 0.0000000000
7375  -36.275  5.513  -8.703 0.0000000000
7376  -35.579  6.284  -10.095 0.0000000000
7377  -34.712  6.783  -11.512 0.0000000000
7378  -33.739  6.846  -12.844 0.0000000000
9839  -26.973  17.573  -8.845 0.0000000000
9842  -28.307  15.479  -9.660 0.0000000000
9843  -29.989  13.438  -10.925 0.0000000000
9844  -31.577  10.860  -12.423 0.0000000000
9845  -32.399  7.715  -13.505 0.0000000000
9849  -24.762  13.216  -18.075 0.0000000000
9850  -25.074  13.775  -16.412 0.0000000000
9851  -25.871  14.008  -14.758 0.0000000000
9852  -28.923  11.402  -14.545 0.0000000000
9853  -31.134  8.055  -14.215 0.0000000000
9854  -33.138  4.269  -14.899 0.0000000000
11163  -31.099  14.564  -7.535 0.0000000000
11164  -32.815  13.464  -7.765 0.0000000000
11165  -31.864  13.487  -8.317 0.0000000000
11166  -32.588  12.424  -9.147 0.0000000000
11167  -31.032  13.577  -9.070 0.0000000000
13108  -26.153  15.259  -12.979 0.0000000000
13561  -33.604  17.368  -4.177 0.0000000000
13566  -29.568  16.760  -6.284 0.0000000000
16208  -35.223  14.779  -5.457 0.0000000000
16210  -35.512  13.320  -6.154 0.0000000000
16211  -35.104  10.737  -8.004 0.0000000000
16212  -35.496  10.347  -7.278 0.0000000000
16213  -35.536  8.839  -7.833 0.0000000000
16215  -35.732  7.367  -8.493 0.0000000000
16216  -35.955  5.970  -9.365 0.0000000000
16217  -35.314  7.757  -9.224 0.0000000000
16218  -33.445  9.866  -10.665 0.0000000000
16219  -34.346  8.240  -10.625 0.0000000000
16220  -33.739  8.393  -11.380 0.0000000000
16221  -34.199  6.887  -12.192 0.0000000000
16222  -33.290  8.463  -12.089 0.0000000000
22040  -26.090  17.313  -10.907 0.0000000000
22041  -26.849  16.891  -10.001 0.0000000000
22042  -27.475  15.814  -10.380 0.0000000000
22043  -29.122  14.492  -10.239 0.0000000000
22044  -28.301  14.758  -10.879 0.0000000000
22045  -29.418  12.665  -12.728 0.0000000000
22046  -30.054  12.491  -12.216 0.0000000000
22047  -30.850  11.236  -12.973 0.0000000000
22048  -32.021  9.383  -13.016 0.0000000000
22049  -31.383  9.762  -13.538 0.0000000000
22061  -27.103  10.752  -15.868 0.0000000000
22062  -25.804  12.127  -16.275 0.0000000000
22063  -26.259  12.341  -15.680 0.0000000000
22064  -25.451  13.848  -15.541 0.0000000000
22065  -26.790  12.487  -15.102 0.0000000000
22066  -27.381  12.618  -14.522 0.0000000000
22067  -28.257  11.254  -15.050 0.0000000000
22069  -30.520  8.073  -14.489 0.0000000000
22070  -31.454  6.128  -14.386 0.0000000000
22071  -32.100  6.095  -14.258 0.0000000000
24701  -33.375  14.777  -6.652 0.0000000000
24702  -34.843  13.538  -6.942 0.0000000000
24703  -33.829  13.514  -7.321 0.0000000000
24704  -34.212  12.266  -7.993 0.0000000000
24705  -34.413  10.960  -8.605 0.0000000000
24706  -34.584  9.513  -9.243 0.0000000000
24707  -33.768  11.052  -9.282 0.0000000000
24708  -33.068  11.271  -9.927 0.0000000000
24709  -32.482  11.329  -10.692 0.0000000000
28201  -26.042  16.330  -11.955 0.0000000000
28202  -27.450  14.993  -11.521 0.0000000000
28203  -26.764  15.160  -12.226 0.0000000000
28204  -27.719  13.956  -12.702 0.0000000000
28205  -28.700  12.763  -13.356 0.0000000000
28215  -28.210  9.458  -15.406 0.0000000000
28216  -28.845  9.684  -15.169 0.0000000000
28970  -34.615  15.689  -3.913 0.0000000000
28971  -34.483  16.168  -4.819 0.0000000000
28972  -33.770  16.327  -5.616 0.0000000000
28975  -32.693  16.090  -5.996 0.0000000000
28976  -31.446  15.789  -6.335 0.0000000000
28977  -30.356  15.626  -6.845 0.0000000000
28978  -29.416  15.658  -7.636 0.0000000000
32630  -35.533  11.807  -6.742 0.0000000000
32632  -35.939  7.879  -6.363 0.0000000000
32638  -35.862  4.837  -11.083 0.0000000000
32639  -34.807  8.052  -9.922 0.0000000000
32640  -35.126  6.626  -10.781 0.0000000000
39754  -27.727  17.110  -7.909 0.0000000000
39755  -28.410  16.091  -8.359 0.0000000000
39762  -26.346  18.057  -9.773 0.0000000000
39763  -27.617  16.494  -9.163 0.0000000000
39764  -29.240  15.096  -8.941 0.0000000000
39765  -30.039  14.102  -9.644 0.0000000000
39766  -30.857  13.057  -10.392 0.0000000000
39767  -31.641  11.849  -11.159 0.0000000000
39768  -29.193  13.684  -11.506 0.0000000000
39769  -30.854  12.231  -11.702 0.0000000000
39770  -32.266  10.476  -11.879 0.0000000000
39771  -32.676  8.983  -12.525 0.0000000000
39772  -33.040  7.345  -13.162 0.0000000000
39773  -33.467  5.683  -13.956 0.0000000000
39785  -24.956  14.619  -18.900 0.0000000000
39787  -24.905  13.548  -17.331 0.0000000000
39788  -24.933  15.049  -17.995 0.0000000000
39789  -24.896  15.386  -16.894 0.0000000000
39791  -25.211  15.444  -14.681 0.0000000000
39792  -26.399  13.991  -14.036 0.0000000000
39793  -28.096  12.693  -13.932 0.0000000000
39794  -29.574  11.466  -14.063 0.0000000000
39795  -29.493  9.827  -14.850 0.0000000000
39796  -30.155  9.893  -14.469 0.0000000000
39797  -30.807  9.893  -14.027 0.0000000000
39798  -31.776  7.969  -13.869 0.0000000000
39799  -32.765  5.879  -14.097 0.0000000000
41883  -30.619  14.584  -7.888 0.0000000000
41884  -31.498  14.016  -7.908 0.0000000000
41885  -31.026  14.048  -8.258 0.0000000000
41886  -31.429  13.519  -8.657 0.0000000000
41887  -30.629  14.090  -8.655 0.0000000000
46928  -34.914  14.942  -5.908 0.0000000000
46929  -35.436  14.077  -5.823 0.0000000000
46930  -35.153  14.210  -6.256 0.0000000000
46931  -35.092  9.953  -8.278 0.0000000000
46932  -35.330  9.841  -7.917 0.0000000000
46933  -35.364  9.036  -8.197 0.0000000000
46934  -35.624  8.079  -8.146 0.0000000000
46935  -35.461  8.230  -8.521 0.0000000000
46936  -35.525  7.538  -8.890 0.0000000000
46937  -35.216  8.463  -8.863 0.0000000000
46938  -33.169  9.940  -11.024 0.0000000000
46939  -33.585  9.126  -11.023 0.0000000000
46940  -33.333  9.143  -11.390 0.0000000000
46941  -33.525  8.398  -11.758 0.0000000000
46942  -33.122  9.197  -11.748 0.0000000000
52758  -26.051  16.812  -11.436 0.0000000000
52759  -25.838  17.433  -11.383 0.0000000000
52760  -26.333  16.707  -10.977 0.0000000000
52761  -26.711  16.538  -10.582 0.0000000000
52762  -27.048  15.994  -10.752 0.0000000000
52763  -27.842  15.293  -10.618 0.0000000000
52764  -27.448  15.443  -10.948 0.0000000000
52765  -29.835  12.049  -13.148 0.0000000000
52766  -30.148  11.963  -12.869 0.0000000000
52767  -30.534  11.329  -13.250 0.0000000000
52768  -31.149  10.536  -13.288 0.0000000000
52769  -30.837  10.691  -13.544 0.0000000000
52781  -27.355  10.899  -15.700 0.0000000000
52782  -26.727  11.522  -15.817 0.0000000000
52783  -26.949  11.669  -15.579 0.0000000000
52784  -26.499  12.420  -15.398 0.0000000000
52785  -27.231  11.772  -15.320 0.0000000000
52786  -27.549  11.860  -15.048 0.0000000000
52787  -27.933  11.177  -15.272 0.0000000000
52789  -31.149  6.123  -14.417 0.0000000000
52791  -31.979  5.178  -14.527 0.0000000000
56528  -32.727  14.736  -6.794 0.0000000000
56529  -33.608  14.186  -6.969 0.0000000000
56530  -33.029  14.133  -7.139 0.0000000000
56531  -33.086  12.881  -8.157 0.0000000000
56532  -33.561  12.879  -7.890 0.0000000000
56533  -33.759  12.301  -8.258 0.0000000000
56534  -34.324  11.641  -8.306 0.0000000000
56535  -33.929  11.705  -8.619 0.0000000000
56536  -34.071  11.008  -8.925 0.0000000000
56537  -33.582  11.709  -8.933 0.0000000000
56538  -32.178  12.477  -9.529 0.0000000000
56539  -32.840  11.874  -9.537 0.0000000000
56540  -32.492  11.919  -9.944 0.0000000000
56541  -32.782  11.297  -10.324 0.0000000000
56542  -32.171  11.943  -10.316 0.0000000000
62362  -25.797  16.430  -12.383 0.0000000000
62363  -26.365  15.761  -12.053 0.0000000000
62364  -26.087  15.791  -12.440 0.0000000000
62365  -26.558  14.661  -13.129 0.0000000000
62366  -26.921  14.577  -12.761 0.0000000000
62367  -27.404  13.969  -12.990 0.0000000000
62368  -28.234  13.353  -13.009 0.0000000000
62369  -27.864  13.413  -13.274 0.0000000000
62384  -27.932  9.253  -15.460 0.0000000000
62386  -28.753  8.701  -15.115 0.0000000000
63721  -34.550  15.483  -3.510 0.0000000000
63722  -34.295  16.301  -3.592 0.0000000000
63723  -33.334  17.509  -4.603 0.0000000000
63724  -34.079  16.788  -4.498 0.0000000000
63725  -33.785  16.912  -4.921 0.0000000000
63726  -34.212  16.286  -5.249 0.0000000000
63727  -33.372  16.928  -5.264 0.0000000000
63734  -32.330  16.721  -5.702 0.0000000000
63735  -31.696  16.563  -5.854 0.0000000000
63736  -32.056  15.938  -6.154 0.0000000000
63737  -31.093  16.377  -6.033 0.0000000000
63738  -29.102  16.702  -6.664 0.0000000000
63739  -29.936  16.206  -6.544 0.0000000000
63740  -29.493  16.148  -6.920 0.0000000000
63741  -29.860  15.620  -7.207 0.0000000000
63742  -29.034  16.164  -7.337 0.0000000000
71671  -34.911  12.874  -7.240 0.0000000000
71672  -35.268  12.721  -6.891 0.0000000000
71673  -35.286  12.009  -7.147 0.0000000000
71674  -35.642  9.352  -7.191 0.0000000000
71675  -35.622  10.101  -6.893 0.0000000000
71676  -35.717  9.132  -6.800 0.0000000000
71677  -35.750  8.820  -6.413 0.0000000000
71678  -35.858  8.119  -6.722 0.0000000000
71679  -36.069  7.213  -6.698 0.0000000000
71680  -35.975  7.435  -7.048 0.0000000000
71688  -35.804  6.072  -9.735 0.0000000000
71692  -35.717  5.564  -10.568 0.0000000000
71693  -34.290  9.631  -9.587 0.0000000000
71694  -34.694  8.772  -9.577 0.0000000000
71695  -34.411  8.917  -9.910 0.0000000000
71696  -34.516  7.549  -11.039 0.0000000000
71697  -34.719  7.481  -10.683 0.0000000000
71698  -34.921  6.745  -11.101 0.0000000000
71699  -35.323  5.900  -11.261 0.0000000000
71700  -35.111  5.964  -11.634 0.0000000000
71702  -34.908  6.042  -11.991 0.0000000000
71703  -33.970  6.879  -12.537 0.0000000000
71704  -34.426  6.135  -12.645 0.0000000000
71705  -34.197  6.123  -12.950 0.0000000000
71707  -33.947  6.083  -13.254 0.0000000000
89140  -26.712  18.145  -8.718 0.0000000000
89142  -27.298  17.342  -8.398 0.0000000000
89143  -28.066  16.594  -8.123 0.0000000000
89144  -27.645  16.811  -8.558 0.0000000000
89162  -26.073  18.278  -10.281 0.0000000000
89163  -27.558  16.163  -9.783 0.0000000000
89164  -27.234  16.696  -9.583 0.0000000000
89165  -27.963  15.984  -9.384 0.0000000000
89166  -28.378  15.782  -8.981 0.0000000000
89167  -28.759  15.299  -9.283 0.0000000000
89168  -29.651  14.614  -9.267 0.0000000000
89169  -29.178  14.787  -9.605 0.0000000000
89170  -29.540  13.994  -10.553 0.0000000000
89171  -30.004  13.783  -10.270 0.0000000000
89172  -30.405  13.257  -10.628 0.0000000000
89173  -31.282  12.465  -10.787 0.0000000000
89174  -30.811  12.691  -11.012 0.0000000000
89175  -27.905  14.463  -11.769 0.0000000000
89176  -28.335  14.343  -11.479 0.0000000000
89177  -28.784  13.790  -11.778 0.0000000000
89178  -30.821  11.747  -12.335 0.0000000000
89179  -30.450  12.359  -11.964 0.0000000000
89180  -31.227  11.578  -12.072 0.0000000000
89181  -31.571  11.411  -11.813 0.0000000000
89182  -31.891  10.685  -12.168 0.0000000000
89183  -32.491  9.711  -12.225 0.0000000000
89184  -32.179  9.918  -12.487 0.0000000000
89185  -32.213  8.579  -13.247 0.0000000000
89186  -32.546  8.385  -13.034 0.0000000000
89187  -32.737  7.514  -13.350 0.0000000000
89188  -33.269  6.465  -13.548 0.0000000000
89189  -32.928  6.618  -13.702 0.0000000000
89216  -24.627  13.055  -18.429 0.0000000000
89218  -24.686  13.766  -18.886 0.0000000000
89220  -24.785  13.940  -18.490 0.0000000000
89224  -25.411  12.943  -16.311 0.0000000000
89225  -25.290  12.792  -16.704 0.0000000000
89226  -25.017  13.623  -16.871 0.0000000000
89227  -24.871  14.328  -17.660 0.0000000000
89228  -24.870  14.462  -17.166 0.0000000000
89229  -24.894  15.227  -17.457 0.0000000000
89230  -24.907  14.582  -16.619 0.0000000000
89231  -25.652  13.942  -15.144 0.0000000000
89232  -25.143  14.616  -15.587 0.0000000000
89233  -25.320  14.703  -15.105 0.0000000000
89235  -25.510  14.717  -14.692 0.0000000000
89236  -25.705  14.727  -14.290 0.0000000000
89237  -26.103  14.011  -14.373 0.0000000000
89238  -28.207  12.010  -14.530 0.0000000000
89239  -27.755  12.653  -14.226 0.0000000000
89240  -28.534  12.067  -14.257 0.0000000000
89241  -28.849  12.084  -14.008 0.0000000000
89242  -29.262  11.433  -14.327 0.0000000000
89243  -29.377  8.777  -14.916 0.0000000000
89244  -29.150  9.779  -15.033 0.0000000000
89245  -29.691  8.909  -14.810 0.0000000000
89246  -30.812  8.086  -14.361 0.0000000000
89247  -30.342  9.021  -14.513 0.0000000000
89248  -30.675  9.016  -14.333 0.0000000000
89249  -30.514  9.892  -14.261 0.0000000000
89250  -30.993  8.976  -14.135 0.0000000000
89251  -31.279  8.977  -13.939 0.0000000000
89252  -31.471  8.018  -14.044 0.0000000000
89253  -32.614  5.120  -14.497 0.0000000000
89254  -32.422  6.016  -14.171 0.0000000000
89255  -32.957  5.056  -14.484 0.0000000000
89256  -33.266  5.024  -14.454 0.0000000000
93821  -31.621  14.572  -7.234 0.0000000000
93822  -32.509  14.068  -7.369 0.0000000000
93823  -32.003  14.012  -7.612 0.0000000000
93824  -32.333  13.466  -8.036 0.0000000000
93825  -32.641  12.949  -8.418 0.0000000000
93826  -32.933  12.377  -8.823 0.0000000000
93827  -32.214  12.965  -8.735 0.0000000000
93828  -31.827  13.005  -9.101 0.0000000000
93829  -31.423  13.063  -9.498 0.0000000000
97322  -25.833  15.850  -12.863 0.0000000000
97325  -26.220  14.702  -13.493 0.0000000000
98137  -33.794  17.147  -3.734 0.0000000000
98140  -32.491  18.116  -4.669 0.0000000000
98146  -30.120  16.824  -6.002 0.0000000000
98147  -29.207  17.313  -6.082 0.0000000000
98148  -28.723  17.245  -6.448 0.0000000000
98149  -28.305  17.231  -6.892 0.0000000000
102902  -35.275  14.585  -5.003 0.0000000000
102904  -35.523  13.848  -5.356 0.0000000000
102907  -35.089  11.468  -7.752 0.0000000000
102908  -35.305  11.303  -7.379 0.0000000000
102909  -35.326  10.625  -7.655 0.0000000000
102910  -35.485  9.658  -7.550 0.0000000000
102911  -35.696  8.593  -7.494 0.0000000000
102912  -35.914  7.640  -7.450 0.0000000000
102913  -35.811  7.850  -7.823 0.0000000000
102914  -35.910  7.161  -8.177 0.0000000000
102915  -36.009  6.483  -8.576 0.0000000000
102916  -36.109  5.817  -9.016 0.0000000000
102917  -35.833  6.742  -8.895 0.0000000000
102918  -35.643  6.832  -9.289 0.0000000000
102919  -35.449  7.001  -9.652 0.0000000000
102920  -33.740  9.786  -10.302 0.0000000000
102921  -34.167  8.964  -10.247 0.0000000000
102922  -33.899  9.021  -10.663 0.0000000000
102923  -34.039  8.355  -11.036 0.0000000000
102924  -34.229  7.633  -11.426 0.0000000000
102925  -34.456  6.867  -11.833 0.0000000000
102926  -33.978  7.617  -11.788 0.0000000000
102927  -33.738  7.642  -12.142 0.0000000000
102928  -33.515  7.639  -12.464 0.0000000000
113390  -26.436  18.404  -9.196 0.0000000000
113400  -25.925  17.893  -10.854 0.0000000000
113401  -26.257  17.687  -10.347 0.0000000000
113402  -26.453  17.116  -10.443 0.0000000000
113403  -27.148  16.345  -10.171 0.0000000000
113404  -27.887  15.652  -10.015 0.0000000000
113405  -28.706  14.991  -9.939 0.0000000000
113406  -28.269  15.145  -10.278 0.0000000000
113407  -28.704  14.626  -10.564 0.0000000000
113408  -29.148  14.107  -10.873 0.0000000000
113409  -28.871  13.299  -12.393 0.0000000000
113410  -29.226  13.228  -12.091 0.0000000000
113411  -29.706  12.597  -12.463 0.0000000000
113412  -30.452  11.877  -12.594 0.0000000000
113413  -31.192  11.061  -12.693 0.0000000000
113414  -31.850  10.126  -12.742 0.0000000000
113415  -31.474  10.345  -13.002 0.0000000000
113416  -31.712  9.573  -13.280 0.0000000000
113417  -31.888  8.774  -13.500 0.0000000000
113436  -24.829  12.434  -17.658 0.0000000000
113437  -26.833  10.622  -16.050 0.0000000000
113438  -26.220  11.338  -16.289 0.0000000000
113439  -26.501  11.395  -16.047 0.0000000000
113440  -26.045  12.200  -15.980 0.0000000000
113441  -25.603  13.051  -15.961 0.0000000000
113442  -25.243  13.859  -15.996 0.0000000000
113443  -25.826  13.081  -15.566 0.0000000000
113444  -26.041  13.126  -15.218 0.0000000000
113445  -26.341  13.206  -14.891 0.0000000000
113446  -26.594  13.286  -14.575 0.0000000000
113447  -27.094  12.558  -14.804 0.0000000000
113448  -27.883  11.924  -14.799 0.0000000000
113449  -28.588  11.349  -14.796 0.0000000000
113450  -30.377  7.058  -14.498 0.0000000000
113451  -30.205  8.041  -14.603 0.0000000000
113452  -30.684  7.122  -14.465 0.0000000000
113453  -30.968  7.118  -14.386 0.0000000000
113454  -31.257  7.115  -14.282 0.0000000000
113455  -31.613  7.053  -14.214 0.0000000000
113456  -31.783  6.140  -14.348 0.0000000000
113457  -32.265  5.168  -14.480 0.0000000000
113458  -32.786  4.287  -14.835 0.0000000000
119075  -33.988  14.858  -6.470 0.0000000000
119076  -34.736  14.211  -6.613 0.0000000000
119077  -34.206  14.194  -6.807 0.0000000000
119078  -34.351  13.554  -7.156 0.0000000000
119079  -34.482  12.859  -7.453 0.0000000000
119080  -33.347  13.462  -7.539 0.0000000000
119081  -34.027  12.864  -7.662 0.0000000000
119082  -34.620  12.209  -7.748 0.0000000000
119083  -34.740  11.562  -8.034 0.0000000000
119084  -34.762  10.860  -8.298 0.0000000000
119085  -34.805  10.116  -8.581 0.0000000000
119086  -34.870  9.373  -8.886 0.0000000000
119087  -34.488  10.239  -8.903 0.0000000000
119088  -34.181  10.322  -9.257 0.0000000000
119089  -33.893  10.387  -9.582 0.0000000000
119090  -33.205  11.765  -9.226 0.0000000000
119091  -33.404  11.156  -9.576 0.0000000000
119092  -33.575  10.498  -9.938 0.0000000000
119093  -33.278  10.612  -10.311 0.0000000000
119094  -32.993  10.648  -10.671 0.0000000000
119095  -32.719  10.707  -11.056 0.0000000000
127242  -25.797  16.930  -11.893 0.0000000000
127243  -26.340  16.184  -11.506 0.0000000000
127244  -27.052  15.549  -11.289 0.0000000000
127245  -26.688  15.647  -11.672 0.0000000000
127246  -27.092  15.087  -11.865 0.0000000000
127247  -27.569  14.480  -12.090 0.0000000000
127248  -26.475  15.180  -12.579 0.0000000000
127249  -27.217  14.553  -12.441 0.0000000000
127250  -28.024  13.939  -12.396 0.0000000000
127251  -28.553  13.345  -12.708 0.0000000000
127252  -29.067  12.737  -13.041 0.0000000000
127253  -29.469  12.154  -13.413 0.0000000000
127272  -27.111  9.853  -15.924 0.0000000000
127273  -27.395  10.004  -15.819 0.0000000000
127274  -27.690  10.142  -15.701 0.0000000000
127275  -27.968  10.248  -15.528 0.0000000000
127276  -28.268  10.330  -15.337 0.0000000000
127277  -28.540  9.501  -15.283 0.0000000000
127278  -29.050  8.739  -15.039 0.0000000000
127279  -29.579  7.839  -14.751 0.0000000000
129101  -34.233  16.555  -4.040 0.0000000000
129102  -34.637  15.956  -4.351 0.0000000000
129103  -34.946  15.315  -4.664 0.0000000000
129104  -34.863  15.499  -5.137 0.0000000000
129105  -34.587  15.636  -5.562 0.0000000000
129106  -34.150  15.674  -5.943 0.0000000000
129108  -31.616  18.594  -4.695 0.0000000000
129109  -31.995  18.076  -4.936 0.0000000000
129112  -32.429  17.487  -5.210 0.0000000000
129113  -32.863  16.881  -5.513 0.0000000000
129114  -33.295  16.233  -5.838 0.0000000000
129115  -33.710  15.525  -6.153 0.0000000000
129116  -33.048  15.433  -6.318 0.0000000000
129117  -32.420  15.304  -6.487 0.0000000000
129118  -31.789  15.225  -6.649 0.0000000000
129119  -30.512  16.255  -6.256 0.0000000000
129120  -30.889  15.691  -6.542 0.0000000000
129121  -31.216  15.130  -6.898 0.0000000000
129122  -30.742  15.082  -7.176 0.0000000000
129123  -30.224  15.114  -7.543 0.0000000000
129124  -29.800  15.142  -7.954 0.0000000000
139118  -35.255  13.428  -6.595 0.0000000000
139119  -35.520  12.544  -6.458 0.0000000000
139121  -35.514  11.061  -7.012 0.0000000000
139125  -35.807  8.533  -6.054 0.0000000000
139126  -36.009  7.551  -6.021 0.0000000000
139127  -36.208  6.895  -6.348 0.0000000000
139144  -36.023  4.141  -11.677 0.0000000000
139145  -34.966  8.655  -9.209 0.0000000000
139146  -35.081  7.887  -9.592 0.0000000000
139147  -35.196  7.182  -9.989 0.0000000000
139148  -34.550  8.195  -10.291 0.0000000000
139149  -34.928  7.373  -10.304 0.0000000000
139150  -35.330  6.491  -10.405 0.0000000000
139151  -35.514  5.732  -10.904 0.0000000000
139152  -35.701  5.011  -11.437 0.0000000000
139157  -34.648  6.129  -12.284 0.0000000000
160220  -28.158  16.912  -7.486 0.0000000000
160221  -28.526  16.386  -7.707 0.0000000000
160222  -28.897  15.887  -7.985 0.0000000000
160223  -29.285  15.366  -8.275 0.0000000000
160244  -26.656  17.817  -9.299 0.0000000000
160245  -26.581  17.476  -9.875 0.0000000000
160246  -26.911  17.247  -9.419 0.0000000000
160247  -27.273  17.027  -8.986 0.0000000000
160248  -28.010  16.288  -8.751 0.0000000000
160249  -28.814  15.581  -8.646 0.0000000000
160250  -29.693  14.848  -8.600 0.0000000000
160251  -30.132  14.344  -8.961 0.0000000000
160252  -30.526  13.827  -9.345 0.0000000000
160253  -30.922  13.326  -9.737 0.0000000000
160254  -29.617  14.263  -9.934 0.0000000000
160255  -30.440  13.602  -10.010 0.0000000000
160256  -31.324  12.813  -10.139 0.0000000000
160257  -31.724  12.211  -10.543 0.0000000000
160258  -32.059  11.589  -10.940 0.0000000000
160259  -32.360  10.928  -11.317 0.0000000000
160260  -27.885  14.896  -11.177 0.0000000000
160261  -28.750  14.228  -11.182 0.0000000000
160262  -29.590  13.589  -11.217 0.0000000000
160263  -29.633  13.101  -11.836 0.0000000000
160264  -30.040  12.971  -11.594 0.0000000000
160265  -30.430  12.851  -11.312 0.0000000000
160266  -31.222  12.078  -11.432 0.0000000000
160267  -31.974  11.176  -11.528 0.0000000000
160268  -32.639  10.216  -11.631 0.0000000000
160269  -32.813  9.495  -11.970 0.0000000000
160270  -32.996  8.733  -12.301 0.0000000000
160271  -33.199  7.938  -12.621 0.0000000000
160272  -32.365  9.193  -12.744 0.0000000000
160273  -32.859  8.194  -12.836 0.0000000000
160274  -33.399  7.086  -13.019 0.0000000000
160275  -33.607  6.269  -13.410 0.0000000000
160276  -33.812  5.507  -13.830 0.0000000000
160277  -34.023  4.801  -14.370 0.0000000000
160316  -24.962  12.607  -17.418 0.0000000000
160317  -25.614  12.014  -16.598 0.0000000000
160318  -25.066  12.756  -17.063 0.0000000000
160319  -24.818  13.370  -17.736 0.0000000000
160320  -24.832  14.131  -18.096 0.0000000000
160321  -24.980  14.862  -18.497 0.0000000000
160325  -24.986  16.092  -17.133 0.0000000000
160326  -24.997  14.594  -16.102 0.0000000000
160327  -24.883  15.402  -16.304 0.0000000000
160332  -25.385  15.419  -14.208 0.0000000000
160333  -25.940  14.699  -13.880 0.0000000000
160334  -26.710  14.005  -13.687 0.0000000000
160335  -26.889  13.299  -14.257 0.0000000000
160336  -27.236  13.308  -13.937 0.0000000000
160337  -27.578  13.352  -13.594 0.0000000000
160338  -28.376  12.748  -13.648 0.0000000000
160339  -29.157  12.130  -13.742 0.0000000000
160340  -29.899  11.420  -13.786 0.0000000000
160341  -28.574  10.525  -15.172 0.0000000000
160342  -28.911  10.608  -14.989 0.0000000000
160343  -29.270  10.665  -14.770 0.0000000000
160344  -30.017  8.974  -14.667 0.0000000000
160345  -29.814  9.867  -14.652 0.0000000000
160346  -29.582  10.694  -14.552 0.0000000000
160347  -29.900  10.716  -14.316 0.0000000000
160348  -30.252  10.668  -14.069 0.0000000000
160349  -30.549  10.684  -13.809 0.0000000000
160350  -31.068  9.868  -13.782 0.0000000000
160351  -31.581  8.879  -13.740 0.0000000000
160352  -32.082  7.821  -13.714 0.0000000000
160353  -31.937  7.036  -14.054 0.0000000000
160354  -32.256  6.912  -13.926 0.0000000000
160355  -32.592  6.765  -13.798 0.0000000000
160356  -33.093  5.806  -14.044 0.0000000000
160357  -33.634  4.944  -14.425 0.0000000000
160358  -34.177  4.136  -14.968 0.0000000000
