#!ascii label  , from subject fsaverage vox2ras=TkReg
680
29  -61.417  -48.127  15.488 0.0000000000
291  -63.330  -41.320  9.953 0.0000000000
767  -57.487  -51.355  16.042 0.0000000000
768  -52.774  -49.156  14.532 0.0000000000
769  -58.080  -47.479  12.867 0.0000000000
770  -58.456  -44.033  10.344 0.0000000000
771  -62.484  -44.677  12.732 0.0000000000
1914  -59.975  -50.660  18.758 0.0000000000
2280  -60.922  -43.651  15.580 0.0000000000
2281  -62.713  -40.169  13.274 0.0000000000
2687  -59.599  -49.991  15.425 0.0000000000
2688  -57.685  -49.572  14.360 0.0000000000
2689  -59.969  -48.021  13.743 0.0000000000
2690  -60.444  -46.136  12.595 0.0000000000
2691  -61.841  -46.466  14.038 0.0000000000
3745  -53.043  -47.735  12.728 0.0000000000
3746  -50.290  -48.307  13.676 0.0000000000
3747  -50.726  -47.199  11.707 0.0000000000
3752  -61.032  -42.663  10.014 0.0000000000
3753  -58.714  -43.095  8.704 0.0000000000
4205  -58.265  -51.881  18.946 0.0000000000
5063  -61.939  -41.866  14.329 0.0000000000
5989  -55.295  -52.107  17.373 0.0000000000
5990  -52.844  -50.711  16.533 0.0000000000
5991  -55.219  -50.336  15.281 0.0000000000
5992  -55.548  -48.677  13.645 0.0000000000
5993  -55.779  -46.609  12.109 0.0000000000
5995  -58.297  -45.417  11.813 0.0000000000
5996  -60.852  -44.185  11.425 0.0000000000
5997  -63.022  -42.813  11.359 0.0000000000
7741  -47.516  -48.941  14.599 0.0000000000
8349  -55.021  -53.628  18.907 0.0000000000
8350  -57.204  -52.623  17.907 0.0000000000
8351  -59.039  -51.228  17.106 0.0000000000
8352  -60.773  -49.597  17.019 0.0000000000
9375  -61.029  -47.631  17.604 0.0000000000
9402  -61.836  -45.732  16.003 0.0000000000
9403  -62.640  -44.072  14.567 0.0000000000
9404  -63.346  -42.319  13.103 0.0000000000
9405  -63.916  -40.667  11.832 0.0000000000
9406  -61.284  -38.549  12.951 0.0000000000
9407  -63.359  -38.553  12.018 0.0000000000
9408  -64.287  -39.214  10.195 0.0000000000
10367  -60.551  -49.115  15.245 0.0000000000
10368  -59.828  -49.059  14.555 0.0000000000
10369  -60.793  -48.104  14.513 0.0000000000
10370  -60.959  -47.270  13.832 0.0000000000
10371  -61.551  -47.235  14.738 0.0000000000
11425  -53.130  -46.938  11.836 0.0000000000
11426  -51.848  -47.500  12.269 0.0000000000
11432  -62.358  -42.022  9.950 0.0000000000
11433  -61.101  -42.038  9.166 0.0000000000
11885  -58.241  -51.408  20.445 0.0000000000
13822  -56.412  -51.787  16.716 0.0000000000
13823  -55.350  -51.192  16.267 0.0000000000
13824  -56.440  -50.907  15.584 0.0000000000
13825  -57.897  -48.627  13.665 0.0000000000
13826  -56.576  -49.171  13.980 0.0000000000
13827  -56.850  -48.205  13.294 0.0000000000
13828  -55.688  -47.717  12.899 0.0000000000
13829  -57.001  -46.974  12.541 0.0000000000
13830  -57.100  -45.946  11.972 0.0000000000
13831  -58.238  -46.324  12.360 0.0000000000
13832  -61.542  -45.438  12.545 0.0000000000
13833  -60.629  -45.148  12.049 0.0000000000
13834  -61.821  -44.524  11.926 0.0000000000
13835  -62.019  -43.569  11.238 0.0000000000
13836  -62.839  -43.756  12.031 0.0000000000
16995  -52.721  -49.955  15.500 0.0000000000
16996  -51.421  -50.066  16.066 0.0000000000
16997  -51.381  -49.341  15.121 0.0000000000
16999  -48.900  -48.548  14.216 0.0000000000
18373  -54.987  -54.033  19.844 0.0000000000
18374  -55.973  -53.524  19.370 0.0000000000
18375  -56.184  -53.158  18.423 0.0000000000
18376  -56.911  -52.966  18.854 0.0000000000
18377  -59.220  -51.358  18.818 0.0000000000
18378  -58.690  -51.701  18.054 0.0000000000
18379  -59.553  -51.017  17.840 0.0000000000
18380  -59.914  -50.527  16.928 0.0000000000
18381  -60.360  -50.214  17.857 0.0000000000
20946  -60.846  -45.592  16.719 0.0000000000
20947  -61.553  -44.542  15.918 0.0000000000
20948  -62.284  -44.883  15.285 0.0000000000
20949  -62.000  -43.732  15.270 0.0000000000
20950  -62.400  -40.988  13.829 0.0000000000
20951  -62.832  -41.970  13.886 0.0000000000
20952  -63.212  -41.161  13.258 0.0000000000
20953  -63.659  -41.510  12.479 0.0000000000
20954  -63.474  -40.368  12.725 0.0000000000
20961  -63.978  -38.800  11.187 0.0000000000
23269  -58.493  -50.729  15.691 0.0000000000
23270  -57.528  -50.499  15.146 0.0000000000
23271  -58.653  -49.832  14.810 0.0000000000
23272  -58.979  -48.887  14.012 0.0000000000
23273  -59.051  -47.869  13.208 0.0000000000
23274  -59.194  -46.860  12.679 0.0000000000
23275  -60.180  -47.118  13.181 0.0000000000
23276  -61.215  -46.368  13.212 0.0000000000
23277  -62.149  -45.575  13.382 0.0000000000
25173  -52.960  -48.492  13.656 0.0000000000
25174  -51.529  -48.695  14.108 0.0000000000
25175  -51.702  -48.042  13.189 0.0000000000
25186  -59.691  -43.321  10.121 0.0000000000
25187  -58.695  -43.560  9.652 0.0000000000
25188  -59.883  -42.840  9.373 0.0000000000
26001  -57.394  -52.482  19.263 0.0000000000
26002  -57.769  -51.903  19.782 0.0000000000
26003  -58.769  -51.420  19.656 0.0000000000
26004  -59.629  -50.965  19.674 0.0000000000
27545  -61.491  -42.742  14.985 0.0000000000
27546  -60.783  -41.911  14.671 0.0000000000
27547  -61.279  -40.982  14.159 0.0000000000
27548  -61.716  -40.103  13.708 0.0000000000
29335  -54.079  -52.370  17.978 0.0000000000
29337  -54.180  -51.422  16.937 0.0000000000
29338  -54.076  -50.583  15.884 0.0000000000
29339  -53.935  -49.790  14.931 0.0000000000
29340  -56.408  -50.015  14.707 0.0000000000
29341  -55.213  -49.526  14.368 0.0000000000
29342  -54.171  -48.966  14.018 0.0000000000
29343  -54.319  -48.168  13.221 0.0000000000
29344  -54.391  -47.204  12.380 0.0000000000
29345  -54.538  -46.332  11.523 0.0000000000
29347  -55.912  -45.762  11.421 0.0000000000
29348  -57.149  -45.219  11.248 0.0000000000
29349  -58.381  -44.623  11.016 0.0000000000
29350  -59.444  -45.755  12.210 0.0000000000
29351  -59.530  -44.778  11.659 0.0000000000
29352  -59.706  -43.945  10.930 0.0000000000
29353  -60.966  -43.331  10.760 0.0000000000
29354  -62.185  -42.775  10.600 0.0000000000
29355  -63.161  -42.010  10.712 0.0000000000
33627  -50.087  -48.879  14.681 0.0000000000
33628  -48.714  -49.144  15.219 0.0000000000
35336  -53.878  -53.731  19.345 0.0000000000
35337  -53.914  -53.106  18.623 0.0000000000
35338  -55.202  -52.904  18.140 0.0000000000
35339  -56.322  -52.504  17.584 0.0000000000
35340  -57.461  -52.048  16.954 0.0000000000
35341  -57.855  -52.359  18.376 0.0000000000
35342  -58.195  -52.022  17.417 0.0000000000
35343  -58.394  -51.476  16.509 0.0000000000
35344  -59.309  -50.670  16.201 0.0000000000
35345  -60.337  -49.839  16.122 0.0000000000
35346  -61.195  -48.897  16.170 0.0000000000
38365  -60.778  -49.231  18.162 0.0000000000
38366  -61.143  -48.610  17.284 0.0000000000
38367  -61.511  -47.938  16.562 0.0000000000
38447  -61.371  -46.691  16.780 0.0000000000
38448  -61.813  -46.949  15.761 0.0000000000
38449  -62.126  -46.155  15.048 0.0000000000
38450  -62.470  -45.255  14.341 0.0000000000
38451  -62.836  -44.403  13.609 0.0000000000
38452  -62.443  -42.908  14.560 0.0000000000
38453  -63.008  -43.167  13.828 0.0000000000
38454  -63.178  -43.512  12.861 0.0000000000
38455  -63.484  -42.628  12.149 0.0000000000
38456  -63.629  -41.755  11.520 0.0000000000
38457  -63.803  -41.058  10.802 0.0000000000
38459  -60.896  -39.387  13.500 0.0000000000
38460  -62.110  -39.269  13.155 0.0000000000
38461  -61.716  -37.728  12.294 0.0000000000
38462  -62.455  -38.472  12.498 0.0000000000
38463  -63.040  -39.371  12.680 0.0000000000
38464  -63.766  -39.581  12.015 0.0000000000
38465  -64.116  -39.930  11.093 0.0000000000
38466  -64.015  -40.327  10.016 0.0000000000
38467  -64.114  -39.598  9.247 0.0000000000
41087  -61.046  -48.637  15.341 0.0000000000
41088  -60.691  -48.638  14.860 0.0000000000
41089  -61.141  -48.128  14.970 0.0000000000
41090  -61.198  -47.681  14.618 0.0000000000
41091  -61.458  -47.670  15.127 0.0000000000
42146  -52.592  -46.922  11.577 0.0000000000
42152  -62.859  -41.685  9.940 0.0000000000
42153  -62.384  -41.668  9.529 0.0000000000
42154  -62.908  -41.351  9.519 0.0000000000
42156  -63.423  -40.971  9.513 0.0000000000
44542  -56.958  -51.580  16.356 0.0000000000
44543  -56.443  -51.326  16.107 0.0000000000
44544  -56.965  -51.139  15.819 0.0000000000
44545  -57.966  -48.090  13.280 0.0000000000
44546  -57.351  -48.458  13.509 0.0000000000
44547  -57.458  -47.830  13.090 0.0000000000
44548  -56.930  -47.600  12.909 0.0000000000
44549  -57.551  -47.202  12.709 0.0000000000
44550  -57.622  -46.636  12.442 0.0000000000
44551  -58.164  -46.943  12.579 0.0000000000
44552  -62.040  -45.070  12.618 0.0000000000
44553  -61.682  -44.993  12.257 0.0000000000
44554  -62.206  -44.631  12.288 0.0000000000
44555  -62.353  -44.171  11.953 0.0000000000
44556  -62.645  -44.227  12.389 0.0000000000
47715  -52.688  -49.563  15.049 0.0000000000
47716  -52.044  -49.663  15.332 0.0000000000
47717  -52.091  -49.265  14.850 0.0000000000
47737  -57.835  -44.373  10.465 0.0000000000
49094  -56.297  -53.321  19.587 0.0000000000
49095  -56.434  -53.257  19.106 0.0000000000
49096  -56.717  -53.041  19.343 0.0000000000
49097  -59.633  -51.037  18.769 0.0000000000
49098  -59.387  -51.212  18.326 0.0000000000
49099  -59.789  -50.879  18.292 0.0000000000
49100  -59.965  -50.660  17.819 0.0000000000
49101  -60.160  -50.477  18.293 0.0000000000
51667  -61.257  -44.058  15.756 0.0000000000
51668  -61.763  -44.160  15.569 0.0000000000
51669  -61.496  -43.649  15.450 0.0000000000
51670  -62.579  -40.576  13.546 0.0000000000
51671  -62.831  -41.047  13.588 0.0000000000
51672  -63.007  -40.659  13.256 0.0000000000
51673  -63.343  -40.777  12.958 0.0000000000
51674  -63.129  -40.259  12.992 0.0000000000
54142  -59.040  -50.359  15.550 0.0000000000
54143  -58.541  -50.283  15.244 0.0000000000
54144  -59.134  -49.914  15.086 0.0000000000
54145  -59.914  -48.569  14.163 0.0000000000
54146  -59.397  -49.016  14.262 0.0000000000
54147  -59.526  -48.465  13.825 0.0000000000
54148  -59.006  -48.395  13.588 0.0000000000
54149  -59.530  -47.954  13.454 0.0000000000
54150  -59.606  -47.505  13.154 0.0000000000
54151  -60.054  -47.585  13.450 0.0000000000
54152  -61.405  -46.874  13.885 0.0000000000
54153  -61.080  -46.825  13.523 0.0000000000
54154  -61.562  -46.441  13.581 0.0000000000
54155  -61.706  -46.000  13.244 0.0000000000
54156  -61.997  -46.013  13.682 0.0000000000
57315  -53.028  -48.088  13.217 0.0000000000
57316  -52.346  -48.233  13.449 0.0000000000
57317  -52.377  -47.895  12.985 0.0000000000
57318  -51.279  -47.380  12.038 0.0000000000
57319  -51.201  -47.662  12.539 0.0000000000
57320  -50.621  -47.486  12.218 0.0000000000
57337  -60.344  -43.003  10.053 0.0000000000
57338  -59.790  -43.055  9.773 0.0000000000
57339  -60.419  -42.742  9.641 0.0000000000
58695  -57.299  -52.179  19.926 0.0000000000
58696  -57.534  -51.828  20.179 0.0000000000
58697  -58.769  -51.282  20.441 0.0000000000
58698  -58.517  -51.423  20.049 0.0000000000
58699  -58.995  -51.260  20.052 0.0000000000
58700  -59.195  -51.199  19.659 0.0000000000
58701  -59.428  -51.072  20.064 0.0000000000
61268  -60.495  -42.348  14.925 0.0000000000
61271  -60.673  -41.020  14.261 0.0000000000
61272  -60.898  -40.597  14.068 0.0000000000
61273  -61.485  -40.551  13.963 0.0000000000
61274  -61.139  -40.164  13.902 0.0000000000
64507  -54.746  -52.243  17.679 0.0000000000
64508  -54.165  -51.893  17.467 0.0000000000
64509  -54.780  -51.771  17.156 0.0000000000
64510  -55.277  -50.746  15.744 0.0000000000
64511  -54.729  -50.901  16.095 0.0000000000
64512  -54.661  -50.464  15.597 0.0000000000
64513  -53.986  -50.173  15.403 0.0000000000
64514  -54.576  -50.075  15.112 0.0000000000
64515  -57.567  -50.046  14.712 0.0000000000
64516  -57.004  -50.289  14.881 0.0000000000
64517  -56.989  -49.840  14.508 0.0000000000
64518  -56.010  -48.945  13.835 0.0000000000
64519  -55.867  -49.346  14.122 0.0000000000
64520  -55.368  -49.108  14.007 0.0000000000
64521  -54.715  -49.253  14.219 0.0000000000
64522  -54.871  -48.828  13.821 0.0000000000
64523  -54.259  -48.581  13.606 0.0000000000
64524  -54.966  -48.407  13.443 0.0000000000
64525  -55.724  -47.129  12.504 0.0000000000
64526  -55.023  -47.444  12.645 0.0000000000
64527  -55.057  -46.911  12.236 0.0000000000
64528  -54.422  -46.734  11.943 0.0000000000
64529  -55.143  -46.445  11.828 0.0000000000
64530  -55.226  -46.060  11.501 0.0000000000
64531  -55.829  -46.154  11.792 0.0000000000
64532  -57.679  -45.645  11.864 0.0000000000
64533  -57.122  -45.522  11.638 0.0000000000
64534  -57.713  -45.294  11.521 0.0000000000
64535  -57.763  -44.971  11.166 0.0000000000
64536  -58.322  -45.015  11.410 0.0000000000
64537  -59.858  -46.488  12.628 0.0000000000
64538  -59.311  -46.331  12.434 0.0000000000
64539  -60.011  -45.981  12.347 0.0000000000
64540  -60.750  -44.643  11.752 0.0000000000
64541  -60.115  -44.959  11.895 0.0000000000
64542  -60.186  -44.461  11.577 0.0000000000
64543  -59.624  -44.331  11.305 0.0000000000
64544  -60.286  -44.045  11.211 0.0000000000
64545  -60.351  -43.650  10.839 0.0000000000
64546  -60.923  -43.751  11.091 0.0000000000
64547  -62.557  -43.249  11.233 0.0000000000
64548  -62.131  -43.193  10.878 0.0000000000
64549  -62.660  -42.816  10.928 0.0000000000
64550  -62.712  -42.407  10.638 0.0000000000
64551  -63.100  -42.391  11.046 0.0000000000
74025  -52.918  -51.122  17.036 0.0000000000
74028  -50.625  -49.779  15.867 0.0000000000
74033  -50.878  -48.484  13.856 0.0000000000
74034  -50.814  -48.782  14.382 0.0000000000
74035  -50.162  -48.552  14.161 0.0000000000
74036  -48.170  -48.726  14.440 0.0000000000
74037  -48.791  -48.858  14.744 0.0000000000
74038  -48.089  -49.034  14.966 0.0000000000
74039  -48.007  -49.354  15.472 0.0000000000
74040  -47.411  -49.280  15.127 0.0000000000
74100  -58.732  -43.316  9.196 0.0000000000
78160  -55.019  -54.023  19.405 0.0000000000
78161  -54.479  -54.037  19.562 0.0000000000
78162  -54.459  -53.732  19.124 0.0000000000
78163  -53.886  -53.459  18.953 0.0000000000
78164  -54.472  -53.404  18.693 0.0000000000
78165  -54.561  -53.043  18.363 0.0000000000
78166  -55.099  -53.292  18.476 0.0000000000
78167  -56.699  -52.901  18.145 0.0000000000
78168  -56.280  -52.861  17.987 0.0000000000
78169  -56.789  -52.634  17.696 0.0000000000
78170  -56.891  -52.284  17.267 0.0000000000
78171  -57.326  -52.370  17.476 0.0000000000
78172  -57.846  -52.192  19.063 0.0000000000
78173  -57.643  -52.456  18.830 0.0000000000
78174  -58.098  -52.159  18.642 0.0000000000
78175  -58.895  -51.516  17.608 0.0000000000
78176  -58.485  -51.887  17.747 0.0000000000
78177  -58.612  -51.644  17.249 0.0000000000
78178  -58.305  -51.756  16.948 0.0000000000
78179  -58.738  -51.363  16.773 0.0000000000
78180  -58.832  -51.079  16.331 0.0000000000
78181  -59.176  -50.960  16.648 0.0000000000
78182  -60.340  -50.082  16.980 0.0000000000
78183  -60.093  -50.196  16.538 0.0000000000
78184  -60.550  -49.748  16.556 0.0000000000
78185  -60.807  -49.394  16.123 0.0000000000
78186  -60.971  -49.256  16.583 0.0000000000
85676  -60.956  -48.446  17.871 0.0000000000
85677  -61.153  -48.122  17.452 0.0000000000
85678  -61.351  -48.284  16.896 0.0000000000
85679  -61.320  -47.784  17.072 0.0000000000
85878  -61.393  -45.650  16.415 0.0000000000
85879  -61.143  -46.104  16.788 0.0000000000
85880  -61.586  -46.213  16.392 0.0000000000
85881  -61.658  -46.866  16.305 0.0000000000
85882  -61.882  -46.336  15.941 0.0000000000
85883  -61.951  -46.522  15.386 0.0000000000
85884  -62.058  -45.964  15.563 0.0000000000
85885  -62.447  -44.492  14.913 0.0000000000
85886  -62.454  -45.080  14.840 0.0000000000
85887  -62.619  -44.663  14.473 0.0000000000
85888  -62.689  -44.825  13.983 0.0000000000
85889  -62.815  -44.244  14.118 0.0000000000
85890  -61.720  -42.294  14.608 0.0000000000
85891  -62.022  -42.825  14.786 0.0000000000
85892  -62.217  -42.367  14.440 0.0000000000
85893  -63.171  -42.094  13.517 0.0000000000
85894  -62.968  -42.548  13.866 0.0000000000
85895  -63.200  -42.726  13.464 0.0000000000
85896  -63.134  -43.337  13.377 0.0000000000
85897  -63.316  -42.946  13.000 0.0000000000
85898  -63.321  -43.076  12.506 0.0000000000
85899  -63.472  -42.517  12.642 0.0000000000
85900  -63.776  -41.064  12.154 0.0000000000
85901  -63.709  -41.620  11.981 0.0000000000
85902  -63.807  -41.202  11.641 0.0000000000
85903  -63.697  -41.403  11.160 0.0000000000
85904  -63.904  -40.849  11.315 0.0000000000
85910  -61.079  -38.998  13.243 0.0000000000
85911  -61.548  -39.290  13.340 0.0000000000
85912  -61.768  -38.906  13.058 0.0000000000
85914  -61.295  -37.401  12.141 0.0000000000
85915  -61.905  -37.286  11.960 0.0000000000
85918  -62.936  -38.483  12.290 0.0000000000
85919  -62.754  -38.911  12.597 0.0000000000
85920  -63.204  -38.975  12.345 0.0000000000
85921  -63.443  -39.444  12.402 0.0000000000
85922  -63.580  -39.052  12.031 0.0000000000
85923  -64.197  -39.001  10.712 0.0000000000
85924  -64.078  -39.378  11.119 0.0000000000
85925  -64.207  -39.584  10.638 0.0000000000
85926  -64.108  -40.165  10.527 0.0000000000
85927  -64.192  -39.785  10.121 0.0000000000
85928  -64.077  -39.957  9.625 0.0000000000
85929  -64.264  -39.418  9.709 0.0000000000
92389  -60.030  -49.644  15.334 0.0000000000
92390  -59.686  -49.520  14.979 0.0000000000
92391  -60.203  -49.099  14.888 0.0000000000
92392  -60.317  -48.615  14.477 0.0000000000
92393  -60.404  -48.078  14.123 0.0000000000
92394  -60.480  -47.660  13.786 0.0000000000
92395  -60.896  -47.655  14.185 0.0000000000
92396  -61.289  -47.295  14.203 0.0000000000
92397  -61.681  -46.861  14.364 0.0000000000
94293  -53.072  -47.346  12.276 0.0000000000
94294  -52.408  -47.581  12.496 0.0000000000
94295  -52.443  -47.251  12.023 0.0000000000
94296  -51.925  -47.189  11.795 0.0000000000
94297  -51.380  -47.054  11.539 0.0000000000
94306  -61.723  -42.329  9.973 0.0000000000
94307  -61.093  -42.363  9.588 0.0000000000
94308  -61.758  -42.003  9.549 0.0000000000
98608  -55.856  -51.962  17.060 0.0000000000
98609  -55.359  -51.656  16.832 0.0000000000
98610  -55.924  -51.495  16.466 0.0000000000
98611  -55.893  -51.051  15.907 0.0000000000
98612  -55.859  -50.663  15.403 0.0000000000
98613  -57.801  -49.110  14.027 0.0000000000
98614  -57.119  -49.378  14.170 0.0000000000
98615  -57.233  -48.937  13.860 0.0000000000
98616  -56.683  -48.737  13.681 0.0000000000
98617  -56.193  -48.506  13.475 0.0000000000
98618  -55.635  -48.239  13.277 0.0000000000
98619  -56.297  -47.955  13.098 0.0000000000
98620  -56.361  -47.383  12.738 0.0000000000
98621  -56.437  -46.765  12.378 0.0000000000
98622  -56.487  -46.282  12.083 0.0000000000
98623  -57.096  -46.445  12.285 0.0000000000
98624  -57.652  -46.086  12.158 0.0000000000
98625  -58.260  -45.835  12.092 0.0000000000
98626  -61.005  -45.785  12.567 0.0000000000
98627  -60.541  -45.640  12.296 0.0000000000
98628  -61.120  -45.321  12.264 0.0000000000
98629  -61.251  -44.844  11.962 0.0000000000
98630  -61.363  -44.321  11.628 0.0000000000
98631  -61.448  -43.869  11.311 0.0000000000
98632  -61.940  -44.015  11.577 0.0000000000
98633  -62.454  -43.679  11.589 0.0000000000
98634  -62.914  -43.264  11.680 0.0000000000
104319  -52.783  -50.321  15.984 0.0000000000
104320  -52.138  -50.377  16.294 0.0000000000
104321  -52.074  -50.010  15.775 0.0000000000
104322  -51.346  -49.723  15.591 0.0000000000
104323  -50.679  -49.414  15.389 0.0000000000
104324  -49.741  -48.157  13.441 0.0000000000
104325  -49.611  -48.404  13.947 0.0000000000
104327  -48.298  -48.419  13.883 0.0000000000
104328  -47.604  -48.613  14.057 0.0000000000
106802  -55.514  -53.712  19.176 0.0000000000
106803  -55.595  -53.415  18.684 0.0000000000
106804  -56.052  -53.431  18.895 0.0000000000
106805  -56.598  -53.155  18.611 0.0000000000
106806  -57.099  -52.850  18.360 0.0000000000
106807  -58.693  -51.581  18.857 0.0000000000
106808  -58.497  -51.829  18.496 0.0000000000
106809  -58.927  -51.514  18.391 0.0000000000
106810  -59.129  -51.341  17.922 0.0000000000
106811  -59.313  -51.104  17.434 0.0000000000
106812  -59.476  -50.884  16.978 0.0000000000
106813  -59.742  -50.826  17.325 0.0000000000
106814  -60.173  -50.407  17.385 0.0000000000
106815  -60.570  -49.914  17.461 0.0000000000
111430  -60.240  -45.567  16.971 0.0000000000
111432  -61.164  -45.117  16.334 0.0000000000
111433  -61.727  -45.129  15.992 0.0000000000
111434  -62.082  -45.294  15.650 0.0000000000
111435  -61.969  -44.713  15.638 0.0000000000
111436  -62.179  -44.314  15.296 0.0000000000
111437  -62.375  -43.898  14.958 0.0000000000
111438  -62.185  -41.420  14.089 0.0000000000
111439  -62.441  -41.914  14.140 0.0000000000
111440  -62.623  -41.458  13.881 0.0000000000
111441  -63.012  -41.536  13.602 0.0000000000
111442  -63.309  -41.708  13.192 0.0000000000
111443  -63.501  -41.895  12.776 0.0000000000
111444  -63.479  -41.320  12.893 0.0000000000
111445  -63.626  -40.925  12.626 0.0000000000
111446  -63.744  -40.533  12.291 0.0000000000
111457  -63.711  -38.630  11.670 0.0000000000
111460  -64.308  -38.623  10.270 0.0000000000
111461  -64.392  -38.837  9.766 0.0000000000
115735  -57.997  -51.071  15.848 0.0000000000
115736  -57.502  -50.915  15.597 0.0000000000
115737  -58.033  -50.636  15.419 0.0000000000
115738  -58.078  -50.178  14.971 0.0000000000
115739  -58.191  -49.724  14.559 0.0000000000
115740  -59.242  -49.465  14.670 0.0000000000
115741  -58.782  -49.399  14.423 0.0000000000
115742  -58.361  -49.256  14.199 0.0000000000
115743  -58.481  -48.789  13.834 0.0000000000
115744  -58.492  -48.275  13.425 0.0000000000
115745  -58.600  -47.734  13.025 0.0000000000
115746  -58.656  -47.206  12.741 0.0000000000
115747  -59.164  -47.375  12.932 0.0000000000
115748  -59.733  -47.001  12.893 0.0000000000
115749  -60.316  -46.621  12.893 0.0000000000
115750  -60.588  -47.222  13.482 0.0000000000
115751  -60.715  -46.739  13.198 0.0000000000
115752  -60.854  -46.262  12.884 0.0000000000
115753  -61.369  -45.908  12.887 0.0000000000
115754  -61.870  -45.543  12.936 0.0000000000
115755  -62.357  -45.168  13.068 0.0000000000
120177  -52.879  -48.818  14.066 0.0000000000
120178  -52.159  -48.914  14.337 0.0000000000
120179  -52.238  -48.601  13.881 0.0000000000
120180  -51.634  -48.361  13.641 0.0000000000
120181  -50.993  -48.188  13.417 0.0000000000
120182  -51.758  -47.754  12.736 0.0000000000
120183  -51.098  -47.903  12.970 0.0000000000
120184  -50.402  -48.048  13.212 0.0000000000
120208  -59.079  -43.686  10.236 0.0000000000
120209  -58.536  -43.803  10.008 0.0000000000
120210  -59.162  -43.410  9.905 0.0000000000
120211  -59.292  -43.176  9.510 0.0000000000
120212  -59.336  -42.956  9.076 0.0000000000
120213  -60.481  -42.447  9.253 0.0000000000
120214  -59.924  -42.580  8.969 0.0000000000
120215  -59.273  -42.694  8.610 0.0000000000
122109  -56.913  -52.759  19.541 0.0000000000
122110  -57.126  -52.471  19.718 0.0000000000
122111  -57.580  -52.204  19.468 0.0000000000
122112  -58.037  -51.902  19.363 0.0000000000
122113  -58.002  -51.611  20.088 0.0000000000
122114  -58.295  -51.643  19.697 0.0000000000
122115  -58.495  -51.630  19.290 0.0000000000
122116  -58.977  -51.397  19.253 0.0000000000
122117  -59.441  -51.157  19.236 0.0000000000
122118  -59.833  -50.844  19.217 0.0000000000
125711  -61.203  -43.188  15.293 0.0000000000
125712  -60.891  -42.747  15.108 0.0000000000
125713  -61.167  -42.314  14.824 0.0000000000
125714  -61.402  -41.873  14.526 0.0000000000
125715  -60.413  -41.450  14.486 0.0000000000
125716  -61.054  -41.436  14.399 0.0000000000
125717  -61.646  -41.422  14.278 0.0000000000
125718  -61.851  -40.963  14.029 0.0000000000
125719  -62.058  -40.540  13.765 0.0000000000
125720  -62.259  -40.103  13.501 0.0000000000
130093  -53.409  -52.428  18.223 0.0000000000
130095  -53.527  -52.012  17.770 0.0000000000
130096  -53.561  -51.527  17.248 0.0000000000
130097  -53.539  -51.065  16.720 0.0000000000
130098  -54.790  -51.349  16.634 0.0000000000
130099  -54.148  -51.003  16.412 0.0000000000
130100  -53.474  -50.633  16.195 0.0000000000
130101  -53.393  -50.253  15.691 0.0000000000
130102  -53.325  -49.859  15.226 0.0000000000
130103  -53.330  -49.476  14.768 0.0000000000
130104  -56.993  -50.716  15.319 0.0000000000
130105  -56.450  -50.483  15.104 0.0000000000
130106  -55.800  -50.186  14.972 0.0000000000
130107  -56.447  -49.587  14.312 0.0000000000
130108  -55.784  -49.762  14.511 0.0000000000
130109  -55.155  -49.950  14.818 0.0000000000
130110  -54.569  -49.682  14.653 0.0000000000
130111  -54.005  -49.384  14.489 0.0000000000
130112  -53.477  -49.070  14.247 0.0000000000
130113  -53.577  -48.708  13.817 0.0000000000
130114  -53.624  -48.350  13.406 0.0000000000
130115  -53.697  -47.918  12.975 0.0000000000
130116  -55.012  -47.962  13.059 0.0000000000
130117  -54.411  -47.720  12.804 0.0000000000
130118  -53.732  -47.488  12.540 0.0000000000
130119  -53.762  -47.035  12.104 0.0000000000
130120  -53.828  -46.641  11.650 0.0000000000
130123  -54.627  -46.037  11.236 0.0000000000
130126  -56.500  -45.826  11.761 0.0000000000
130127  -56.534  -45.483  11.332 0.0000000000
130129  -57.201  -44.929  10.912 0.0000000000
130130  -57.823  -44.607  10.793 0.0000000000
130131  -58.436  -44.255  10.646 0.0000000000
130132  -58.699  -46.653  12.506 0.0000000000
130133  -58.798  -46.058  12.280 0.0000000000
130134  -58.872  -45.558  12.022 0.0000000000
130135  -60.048  -45.455  12.134 0.0000000000
130136  -59.492  -45.255  11.955 0.0000000000
130137  -58.896  -45.108  11.726 0.0000000000
130138  -58.956  -44.682  11.315 0.0000000000
130139  -59.032  -44.283  10.960 0.0000000000
130140  -59.048  -43.952  10.594 0.0000000000
130141  -59.673  -43.628  10.502 0.0000000000
130142  -60.319  -43.308  10.431 0.0000000000
130143  -60.980  -42.987  10.392 0.0000000000
130144  -61.526  -43.430  10.970 0.0000000000
130145  -61.582  -43.045  10.667 0.0000000000
130146  -61.645  -42.685  10.325 0.0000000000
130147  -62.235  -42.381  10.300 0.0000000000
130148  -62.775  -42.043  10.306 0.0000000000
130149  -63.303  -41.655  10.337 0.0000000000
142005  -51.456  -49.010  14.624 0.0000000000
142006  -50.731  -49.081  14.893 0.0000000000
142007  -50.017  -49.187  15.190 0.0000000000
142008  -49.486  -48.701  14.464 0.0000000000
142009  -49.360  -49.012  14.967 0.0000000000
142010  -49.325  -49.298  15.452 0.0000000000
147017  -53.902  -53.980  19.760 0.0000000000
147018  -53.249  -53.652  19.591 0.0000000000
147019  -53.233  -53.395  19.210 0.0000000000
147020  -53.248  -53.097  18.899 0.0000000000
147022  -53.997  -52.758  18.294 0.0000000000
147023  -54.654  -52.647  18.040 0.0000000000
147024  -55.268  -52.502  17.767 0.0000000000
147025  -55.713  -53.097  18.248 0.0000000000
147026  -55.797  -52.718  17.872 0.0000000000
147027  -55.830  -52.337  17.475 0.0000000000
147028  -56.364  -52.145  17.173 0.0000000000
147029  -56.969  -51.942  16.798 0.0000000000
147030  -57.481  -51.700  16.501 0.0000000000
147031  -57.174  -52.749  19.083 0.0000000000
147032  -57.384  -52.666  18.603 0.0000000000
147033  -57.582  -52.548  18.104 0.0000000000
147034  -58.306  -52.043  18.185 0.0000000000
147035  -58.054  -52.215  17.888 0.0000000000
147036  -57.708  -52.329  17.672 0.0000000000
147037  -57.843  -52.097  17.188 0.0000000000
147038  -57.932  -51.774  16.695 0.0000000000
147039  -57.969  -51.434  16.272 0.0000000000
147040  -58.445  -51.125  16.090 0.0000000000
147041  -58.905  -50.726  15.918 0.0000000000
147042  -59.458  -50.325  15.813 0.0000000000
147043  -59.642  -50.623  16.529 0.0000000000
147044  -59.820  -50.264  16.134 0.0000000000
147045  -59.969  -49.932  15.749 0.0000000000
147046  -60.466  -49.494  15.705 0.0000000000
147047  -60.937  -49.017  15.707 0.0000000000
147048  -61.350  -48.536  15.805 0.0000000000
156044  -59.964  -50.667  19.753 0.0000000000
156045  -60.108  -50.484  19.314 0.0000000000
156055  -60.433  -50.025  18.439 0.0000000000
156056  -60.642  -49.727  18.017 0.0000000000
156057  -60.832  -49.433  17.591 0.0000000000
156059  -60.979  -48.928  17.693 0.0000000000
156060  -61.017  -49.105  17.144 0.0000000000
156061  -61.259  -48.762  16.722 0.0000000000
156062  -61.415  -48.426  16.350 0.0000000000
156063  -61.544  -48.053  16.024 0.0000000000
156300  -60.822  -47.062  17.610 0.0000000000
156301  -60.632  -46.019  17.129 0.0000000000
156302  -60.974  -46.527  17.214 0.0000000000
156303  -61.208  -47.175  17.164 0.0000000000
156304  -61.499  -47.364  16.698 0.0000000000
156305  -61.644  -47.486  16.176 0.0000000000
156306  -61.651  -47.560  15.626 0.0000000000
156307  -61.746  -47.086  15.234 0.0000000000
156308  -61.914  -46.664  14.844 0.0000000000
156309  -62.046  -46.307  14.528 0.0000000000
156310  -62.262  -45.523  15.203 0.0000000000
156311  -62.321  -45.705  14.718 0.0000000000
156312  -62.204  -45.860  14.188 0.0000000000
156313  -62.365  -45.396  13.788 0.0000000000
156314  -62.550  -45.005  13.486 0.0000000000
156315  -62.732  -44.574  13.123 0.0000000000
156316  -61.758  -43.218  15.145 0.0000000000
156317  -62.237  -43.336  14.925 0.0000000000
156318  -62.579  -43.463  14.617 0.0000000000
156319  -62.655  -42.406  14.241 0.0000000000
156320  -62.764  -43.022  14.238 0.0000000000
156321  -62.826  -43.642  14.200 0.0000000000
156322  -62.972  -43.784  13.763 0.0000000000
156323  -62.981  -43.953  13.251 0.0000000000
156324  -62.875  -44.138  12.793 0.0000000000
156325  -63.040  -43.656  12.426 0.0000000000
156326  -63.237  -43.171  12.050 0.0000000000
156327  -63.297  -42.725  11.747 0.0000000000
156328  -63.616  -42.079  12.307 0.0000000000
156329  -63.562  -42.191  11.849 0.0000000000
156330  -63.374  -42.294  11.436 0.0000000000
156331  -63.457  -41.892  11.105 0.0000000000
156332  -63.528  -41.543  10.739 0.0000000000
156333  -63.651  -41.225  10.349 0.0000000000
156340  -61.337  -39.706  13.607 0.0000000000
156341  -61.920  -39.637  13.442 0.0000000000
156342  -62.413  -39.691  13.232 0.0000000000
156344  -61.070  -37.813  12.484 0.0000000000
156345  -61.509  -38.131  12.618 0.0000000000
156346  -62.329  -37.654  12.061 0.0000000000
156347  -62.138  -38.078  12.401 0.0000000000
156348  -61.926  -38.491  12.733 0.0000000000
156349  -62.302  -38.880  12.834 0.0000000000
156350  -62.580  -39.294  12.933 0.0000000000
156351  -62.869  -39.762  12.997 0.0000000000
156352  -63.290  -39.852  12.728 0.0000000000
156353  -63.629  -39.996  12.373 0.0000000000
156354  -63.900  -40.162  11.959 0.0000000000
156355  -63.867  -39.195  11.568 0.0000000000
156356  -63.997  -39.744  11.578 0.0000000000
156357  -64.011  -40.289  11.484 0.0000000000
156358  -64.027  -40.499  10.944 0.0000000000
156359  -63.921  -40.715  10.421 0.0000000000
156360  -63.739  -40.858  9.924 0.0000000000
156361  -63.809  -40.474  9.536 0.0000000000
156362  -63.888  -40.117  9.159 0.0000000000
156364  -64.296  -39.032  9.325 0.0000000000
156365  -64.115  -39.278  8.860 0.0000000000
