#!ascii label  , from subject fsaverage vox2ras=TkReg
669
598  -29.795  4.078  -13.759 0.0000000000
965  -37.307  -0.391  -18.627 0.0000000000
967  -35.090  0.714  -19.942 0.0000000000
1330  -22.918  9.720  -16.704 0.0000000000
1331  -25.434  10.162  -16.613 0.0000000000
2432  -31.862  4.243  -14.683 0.0000000000
2433  -33.293  -0.749  -17.407 0.0000000000
2434  -32.904  -1.593  -22.623 0.0000000000
2883  -35.519  3.942  -13.730 0.0000000000
2884  -36.835  1.004  -15.376 0.0000000000
2885  -36.224  1.767  -16.728 0.0000000000
2886  -36.485  0.519  -19.638 0.0000000000
2887  -35.107  1.859  -17.754 0.0000000000
3250  -23.445  6.501  -14.214 0.0000000000
3251  -24.933  6.934  -14.315 0.0000000000
3252  -25.872  3.595  -12.580 0.0000000000
5433  -27.495  7.389  -14.811 0.0000000000
5435  -28.719  7.730  -14.903 0.0000000000
5437  -30.783  4.266  -14.237 0.0000000000
5438  -32.647  1.350  -15.616 0.0000000000
5443  -31.978  -0.544  -25.234 0.0000000000
5444  -31.979  -2.538  -24.363 0.0000000000
6344  -37.726  -1.465  -17.570 0.0000000000
6345  -38.323  -1.778  -20.973 0.0000000000
6346  -38.689  0.108  -23.870 0.0000000000
6347  -37.503  -0.676  -21.644 0.0000000000
6348  -36.276  -0.033  -21.987 0.0000000000
6349  -34.922  0.025  -21.921 0.0000000000
7003  -24.036  12.632  -19.089 0.0000000000
7004  -24.197  9.939  -16.773 0.0000000000
7005  -26.267  7.204  -14.498 0.0000000000
7006  -28.440  3.980  -13.142 0.0000000000
7891  -21.694  9.521  -16.669 0.0000000000
9855  -33.761  1.696  -16.767 0.0000000000
9856  -34.058  0.112  -18.826 0.0000000000
9857  -33.871  -0.497  -20.959 0.0000000000
9860  -33.569  -0.317  -23.870 0.0000000000
10563  -35.066  4.022  -14.366 0.0000000000
10564  -35.910  2.723  -15.201 0.0000000000
10565  -35.473  2.810  -15.864 0.0000000000
10566  -35.732  1.934  -17.298 0.0000000000
10567  -34.902  2.809  -16.300 0.0000000000
10930  -23.867  4.740  -13.358 0.0000000000
13113  -28.536  5.874  -14.003 0.0000000000
13114  -28.047  7.486  -14.784 0.0000000000
13115  -29.177  5.877  -14.147 0.0000000000
13116  -29.757  5.932  -14.288 0.0000000000
13117  -30.288  4.095  -13.960 0.0000000000
13118  -31.310  2.477  -14.310 0.0000000000
13119  -30.889  2.437  -14.041 0.0000000000
13123  -32.467  -2.845  -23.207 0.0000000000
14411  -37.112  0.191  -17.020 0.0000000000
14412  -37.317  -0.336  -16.431 0.0000000000
14413  -37.582  -0.895  -18.135 0.0000000000
14414  -38.011  -1.772  -19.327 0.0000000000
14415  -37.808  -1.265  -19.870 0.0000000000
14416  -37.973  -1.221  -21.318 0.0000000000
14417  -37.453  -0.739  -20.109 0.0000000000
14418  -35.806  0.682  -19.883 0.0000000000
14419  -36.436  0.113  -20.795 0.0000000000
14420  -35.710  0.283  -20.968 0.0000000000
14421  -35.589  0.068  -22.012 0.0000000000
14422  -34.999  0.264  -20.862 0.0000000000
15510  -22.807  10.966  -18.148 0.0000000000
15511  -23.474  11.060  -18.088 0.0000000000
15512  -23.532  9.899  -16.729 0.0000000000
15513  -26.031  5.439  -13.352 0.0000000000
15514  -25.695  7.064  -14.403 0.0000000000
15515  -26.715  5.566  -13.469 0.0000000000
15516  -27.354  5.635  -13.662 0.0000000000
15517  -27.837  3.892  -12.826 0.0000000000
17322  -21.131  9.199  -16.367 0.0000000000
17323  -21.902  7.669  -15.226 0.0000000000
17324  -21.364  7.464  -15.250 0.0000000000
22058  -24.553  11.450  -17.738 0.0000000000
22059  -24.463  12.932  -18.727 0.0000000000
22060  -25.006  11.563  -17.305 0.0000000000
22068  -30.872  6.140  -14.451 0.0000000000
22072  -32.458  4.284  -14.781 0.0000000000
22073  -33.424  2.872  -15.795 0.0000000000
22074  -32.824  2.737  -15.445 0.0000000000
22075  -33.036  0.220  -16.447 0.0000000000
22076  -33.523  0.494  -17.123 0.0000000000
22077  -33.640  -0.323  -18.104 0.0000000000
22078  -34.003  -0.286  -19.858 0.0000000000
22079  -33.650  -0.889  -19.188 0.0000000000
22085  -33.110  -1.811  -21.311 0.0000000000
22086  -33.322  -1.142  -21.750 0.0000000000
22087  -33.135  -0.852  -23.244 0.0000000000
22089  -32.783  -0.387  -24.628 0.0000000000
22090  -31.196  0.098  -26.126 0.0000000000
23621  -35.875  3.763  -12.992 0.0000000000
23622  -36.500  2.099  -13.775 0.0000000000
23623  -36.243  2.471  -14.495 0.0000000000
23624  -36.567  1.446  -16.039 0.0000000000
23625  -36.836  0.685  -17.645 0.0000000000
23626  -36.948  0.148  -19.116 0.0000000000
23627  -36.419  1.063  -18.198 0.0000000000
23628  -35.856  1.261  -18.802 0.0000000000
23629  -35.114  1.231  -18.901 0.0000000000
24282  -23.144  8.206  -15.252 0.0000000000
24283  -23.839  8.389  -15.351 0.0000000000
24284  -24.123  6.669  -14.136 0.0000000000
24285  -25.292  5.231  -13.293 0.0000000000
24286  -26.459  3.711  -12.677 0.0000000000
28211  -26.486  8.838  -15.687 0.0000000000
28212  -25.976  10.332  -16.441 0.0000000000
28213  -27.034  9.016  -15.671 0.0000000000
28214  -27.656  9.178  -15.595 0.0000000000
28217  -29.278  7.778  -14.797 0.0000000000
28218  -30.296  5.993  -14.377 0.0000000000
28219  -31.297  4.220  -14.486 0.0000000000
28220  -32.258  2.734  -15.030 0.0000000000
28221  -31.765  2.512  -14.639 0.0000000000
28222  -32.185  1.202  -15.089 0.0000000000
28223  -32.581  -0.091  -15.826 0.0000000000
28229  -32.554  -1.192  -24.039 0.0000000000
28231  -31.925  -1.508  -24.717 0.0000000000
28232  -31.146  -1.059  -25.632 0.0000000000
30160  -37.034  0.529  -14.749 0.0000000000
30161  -37.455  -0.843  -15.760 0.0000000000
30166  -39.344  -0.385  -23.449 0.0000000000
30167  -38.568  -0.999  -22.484 0.0000000000
30168  -38.050  -0.564  -22.812 0.0000000000
30169  -37.452  -0.172  -23.127 0.0000000000
30170  -36.969  -0.240  -20.497 0.0000000000
30171  -36.898  -0.330  -21.826 0.0000000000
30175  -34.857  0.077  -23.374 0.0000000000
31701  -24.054  11.274  -17.935 0.0000000000
31702  -24.865  10.085  -16.719 0.0000000000
31703  -24.501  8.555  -15.517 0.0000000000
31704  -25.305  8.571  -15.481 0.0000000000
31705  -25.881  8.653  -15.569 0.0000000000
31706  -26.919  7.266  -14.700 0.0000000000
31707  -27.933  5.803  -13.829 0.0000000000
31708  -29.159  4.118  -13.435 0.0000000000
31709  -30.253  2.341  -13.597 0.0000000000
31710  -29.622  2.283  -13.291 0.0000000000
32641  -35.495  5.216  -11.735 0.0000000000
32642  -35.105  5.345  -12.465 0.0000000000
32643  -34.648  5.390  -13.147 0.0000000000
32644  -34.143  5.329  -13.737 0.0000000000
34034  -22.168  10.894  -18.028 0.0000000000
34037  -22.342  9.566  -16.762 0.0000000000
34038  -22.535  7.951  -15.241 0.0000000000
34039  -22.902  6.087  -14.176 0.0000000000
34040  -23.264  4.473  -13.331 0.0000000000
35825  -39.412  1.094  -24.688 0.0000000000
39786  -25.391  11.927  -16.867 0.0000000000
39800  -33.788  4.275  -14.928 0.0000000000
39801  -34.100  2.964  -16.123 0.0000000000
39802  -34.369  1.926  -17.289 0.0000000000
39803  -34.482  1.154  -18.359 0.0000000000
39804  -33.166  1.504  -16.126 0.0000000000
39805  -33.998  0.829  -17.765 0.0000000000
39806  -34.481  0.536  -19.481 0.0000000000
39807  -34.468  0.045  -20.435 0.0000000000
39808  -34.324  -0.127  -21.466 0.0000000000
39809  -34.232  -0.150  -22.846 0.0000000000
39815  -33.354  -1.373  -18.625 0.0000000000
39816  -33.542  -1.113  -20.436 0.0000000000
39817  -33.738  -0.583  -22.290 0.0000000000
39818  -34.175  0.072  -24.549 0.0000000000
39849  -19.395  6.176  -15.112 0.0000000000
39850  -20.052  6.625  -15.171 0.0000000000
39851  -20.753  6.993  -15.182 0.0000000000
39901  -31.178  -2.071  -25.528 0.0000000000
39902  -30.162  -0.542  -26.423 0.0000000000
41283  -34.796  4.053  -14.643 0.0000000000
41284  -35.263  3.376  -15.093 0.0000000000
41285  -34.997  3.421  -15.365 0.0000000000
41286  -35.181  2.853  -16.066 0.0000000000
41287  -34.698  3.377  -15.602 0.0000000000
42737  -40.021  -0.238  -23.648 0.0000000000
43833  -29.148  5.033  -13.809 0.0000000000
43834  -28.849  5.896  -14.088 0.0000000000
43835  -29.486  4.977  -13.904 0.0000000000
43836  -29.719  4.990  -13.955 0.0000000000
43837  -30.020  4.050  -13.837 0.0000000000
43838  -30.579  3.218  -13.945 0.0000000000
43839  -30.292  3.223  -13.797 0.0000000000
45131  -37.220  -0.135  -17.836 0.0000000000
45132  -37.334  -0.377  -17.482 0.0000000000
45133  -37.445  -0.621  -18.353 0.0000000000
45134  -37.695  -1.127  -19.007 0.0000000000
45135  -37.552  -0.826  -19.197 0.0000000000
45136  -37.645  -0.978  -19.968 0.0000000000
45137  -37.374  -0.574  -19.378 0.0000000000
45138  -35.442  0.740  -19.940 0.0000000000
45139  -35.750  0.475  -20.431 0.0000000000
45140  -35.391  0.509  -20.481 0.0000000000
45141  -35.344  0.266  -20.975 0.0000000000
45142  -35.052  0.459  -20.399 0.0000000000
46230  -22.841  10.342  -17.406 0.0000000000
46231  -23.167  10.365  -17.441 0.0000000000
46232  -23.219  9.747  -16.724 0.0000000000
46233  -26.536  4.706  -13.000 0.0000000000
46234  -26.351  5.522  -13.410 0.0000000000
46235  -26.945  4.689  -13.047 0.0000000000
46236  -27.269  4.773  -13.111 0.0000000000
46237  -27.510  3.786  -12.696 0.0000000000
48043  -21.244  8.341  -15.795 0.0000000000
48044  -20.976  8.270  -15.774 0.0000000000
52778  -24.950  10.792  -17.133 0.0000000000
52779  -24.777  11.419  -17.448 0.0000000000
52780  -25.212  10.853  -16.987 0.0000000000
52788  -31.378  5.110  -14.480 0.0000000000
52790  -31.658  5.152  -14.528 0.0000000000
52792  -32.193  4.198  -14.761 0.0000000000
52793  -32.644  3.476  -15.114 0.0000000000
52794  -32.361  3.420  -15.002 0.0000000000
52795  -33.198  -0.292  -16.925 0.0000000000
52796  -33.427  -0.143  -17.251 0.0000000000
52797  -33.457  -0.542  -17.749 0.0000000000
52798  -33.642  -0.636  -18.609 0.0000000000
52799  -33.489  -0.879  -18.284 0.0000000000
52803  -32.962  -2.079  -21.778 0.0000000000
52805  -33.007  -1.735  -21.911 0.0000000000
52806  -33.094  -1.342  -22.229 0.0000000000
52807  -32.968  -1.216  -22.892 0.0000000000
52808  -32.992  -0.648  -23.940 0.0000000000
52809  -32.830  -1.037  -23.568 0.0000000000
52810  -30.774  0.357  -26.512 0.0000000000
54728  -35.685  3.871  -13.384 0.0000000000
54729  -36.060  3.075  -13.708 0.0000000000
54730  -35.910  3.190  -14.119 0.0000000000
54731  -36.082  2.209  -15.974 0.0000000000
54732  -36.258  2.004  -15.680 0.0000000000
54733  -36.409  1.637  -16.407 0.0000000000
54734  -36.731  1.039  -16.842 0.0000000000
54735  -36.521  1.251  -17.172 0.0000000000
54736  -36.614  0.900  -17.902 0.0000000000
54737  -36.325  1.408  -17.428 0.0000000000
54738  -35.427  1.929  -17.580 0.0000000000
54739  -35.813  1.585  -18.076 0.0000000000
54740  -35.472  1.573  -18.306 0.0000000000
54741  -35.487  1.249  -18.938 0.0000000000
54742  -35.108  1.509  -18.366 0.0000000000
55830  -23.278  7.345  -14.648 0.0000000000
55831  -23.637  7.508  -14.670 0.0000000000
55832  -23.817  6.594  -14.148 0.0000000000
55833  -25.206  4.379  -12.930 0.0000000000
55834  -24.924  5.147  -13.325 0.0000000000
55835  -25.622  4.392  -12.860 0.0000000000
55836  -25.903  4.487  -12.910 0.0000000000
55837  -26.173  3.603  -12.587 0.0000000000
55838  -26.699  2.851  -12.449 0.0000000000
55839  -26.416  2.769  -12.380 0.0000000000
62378  -26.995  8.201  -15.266 0.0000000000
62379  -26.746  8.932  -15.687 0.0000000000
62380  -27.234  8.187  -15.312 0.0000000000
62381  -28.357  7.567  -14.828 0.0000000000
62382  -27.845  8.341  -15.213 0.0000000000
62383  -28.149  8.404  -15.174 0.0000000000
62385  -28.452  8.613  -15.190 0.0000000000
62387  -29.007  7.721  -14.837 0.0000000000
62388  -30.272  5.041  -14.191 0.0000000000
62389  -30.009  5.929  -14.329 0.0000000000
62390  -30.532  5.093  -14.277 0.0000000000
62391  -30.797  5.159  -14.367 0.0000000000
62392  -31.026  4.200  -14.297 0.0000000000
62393  -31.526  3.334  -14.543 0.0000000000
62394  -31.287  3.346  -14.381 0.0000000000
62395  -31.536  1.696  -14.443 0.0000000000
62396  -31.793  1.775  -14.644 0.0000000000
62397  -31.970  1.063  -14.862 0.0000000000
62398  -32.391  0.532  -15.415 0.0000000000
62399  -32.149  0.440  -15.184 0.0000000000
62410  -32.237  -2.696  -23.817 0.0000000000
62411  -32.261  -2.224  -24.016 0.0000000000
62412  -31.982  -2.040  -24.591 0.0000000000
62413  -31.550  -1.294  -25.199 0.0000000000
62414  -31.614  -1.836  -25.042 0.0000000000
66271  -36.675  1.506  -14.581 0.0000000000
66272  -36.784  1.271  -14.278 0.0000000000
66273  -36.938  0.786  -15.066 0.0000000000
66274  -37.518  -0.909  -16.944 0.0000000000
66275  -37.407  -0.572  -16.071 0.0000000000
66276  -37.588  -1.171  -16.646 0.0000000000
66277  -37.620  -1.483  -16.364 0.0000000000
66281  -38.168  -1.811  -20.153 0.0000000000
66286  -38.784  -1.398  -22.198 0.0000000000
66287  -38.456  -1.431  -21.790 0.0000000000
66288  -37.742  -0.933  -21.474 0.0000000000
66289  -38.024  -0.956  -22.076 0.0000000000
66290  -37.758  -0.689  -22.260 0.0000000000
66291  -37.765  -0.347  -23.006 0.0000000000
66292  -37.474  -0.448  -22.352 0.0000000000
66293  -36.714  0.338  -19.348 0.0000000000
66294  -36.987  -0.096  -19.847 0.0000000000
66295  -36.740  0.106  -20.024 0.0000000000
66296  -36.354  0.016  -21.360 0.0000000000
66297  -36.666  -0.169  -21.245 0.0000000000
66298  -36.599  -0.171  -21.934 0.0000000000
66299  -36.849  -0.216  -22.559 0.0000000000
66300  -36.535  -0.111  -22.636 0.0000000000
66302  -36.228  -0.009  -22.660 0.0000000000
66303  -35.247  0.078  -22.001 0.0000000000
66304  -35.539  0.043  -22.689 0.0000000000
69573  -23.812  10.527  -17.388 0.0000000000
69574  -23.788  11.146  -18.003 0.0000000000
69575  -24.139  10.608  -17.344 0.0000000000
69576  -24.408  10.640  -17.206 0.0000000000
69577  -24.559  9.993  -16.742 0.0000000000
69578  -24.395  7.550  -14.669 0.0000000000
69579  -24.166  8.459  -15.392 0.0000000000
69580  -24.736  7.731  -14.859 0.0000000000
69581  -25.935  7.097  -14.363 0.0000000000
69582  -25.506  7.805  -14.900 0.0000000000
69583  -25.737  7.861  -14.919 0.0000000000
69584  -25.574  8.609  -15.528 0.0000000000
69585  -26.074  7.931  -15.021 0.0000000000
69586  -26.435  7.937  -15.165 0.0000000000
69587  -26.589  7.229  -14.611 0.0000000000
69588  -27.882  4.800  -13.287 0.0000000000
69589  -27.636  5.714  -13.743 0.0000000000
69590  -28.157  4.953  -13.429 0.0000000000
69591  -28.518  4.988  -13.564 0.0000000000
69592  -28.795  4.073  -13.302 0.0000000000
69593  -29.372  3.203  -13.274 0.0000000000
69594  -29.068  3.148  -13.118 0.0000000000
71701  -35.308  5.234  -12.183 0.0000000000
71706  -34.411  5.378  -13.463 0.0000000000
75007  -22.037  9.537  -16.677 0.0000000000
75008  -22.425  8.838  -16.014 0.0000000000
75009  -22.116  8.766  -15.983 0.0000000000
75010  -22.092  6.699  -14.695 0.0000000000
75011  -22.371  6.890  -14.681 0.0000000000
75012  -22.543  6.005  -14.232 0.0000000000
75013  -23.070  5.295  -13.782 0.0000000000
75014  -22.755  5.111  -13.770 0.0000000000
79358  -39.018  -0.126  -23.657 0.0000000000
79359  -39.398  0.316  -24.064 0.0000000000
79360  -39.053  0.546  -24.266 0.0000000000
89221  -26.256  10.413  -16.337 0.0000000000
89222  -25.699  11.107  -16.665 0.0000000000
89223  -25.953  11.240  -16.492 0.0000000000
89257  -33.442  4.272  -14.931 0.0000000000
89258  -33.949  3.588  -15.522 0.0000000000
89259  -33.593  3.629  -15.421 0.0000000000
89260  -33.591  2.251  -16.280 0.0000000000
89261  -33.892  2.343  -16.483 0.0000000000
89262  -34.060  1.801  -16.998 0.0000000000
89263  -34.453  1.506  -17.825 0.0000000000
89264  -34.168  1.382  -17.542 0.0000000000
89265  -32.450  2.033  -15.290 0.0000000000
89266  -32.726  2.070  -15.590 0.0000000000
89267  -32.955  1.370  -15.916 0.0000000000
89268  -33.823  0.259  -17.973 0.0000000000
89269  -33.749  0.669  -17.421 0.0000000000
89270  -34.050  0.461  -18.283 0.0000000000
89271  -34.281  0.669  -18.661 0.0000000000
89272  -34.274  0.359  -19.144 0.0000000000
89273  -34.481  0.253  -19.924 0.0000000000
89274  -34.250  0.103  -19.665 0.0000000000
89275  -33.935  -0.400  -20.378 0.0000000000
89276  -34.122  -0.200  -20.613 0.0000000000
89277  -34.061  -0.269  -21.172 0.0000000000
89278  -34.266  -0.184  -22.085 0.0000000000
89279  -34.014  -0.317  -21.818 0.0000000000
89280  -30.454  1.517  -13.658 0.0000000000
89281  -30.762  1.621  -13.882 0.0000000000
89295  -33.317  -1.554  -19.299 0.0000000000
89296  -33.462  -1.322  -19.570 0.0000000000
89297  -33.396  -1.429  -20.162 0.0000000000
89298  -33.419  -0.716  -22.781 0.0000000000
89299  -33.507  -0.811  -22.064 0.0000000000
89300  -33.641  -0.495  -23.016 0.0000000000
89301  -33.924  -0.268  -23.343 0.0000000000
89302  -33.850  -0.118  -24.174 0.0000000000
89310  -32.290  -0.852  -24.679 0.0000000000
89311  -32.386  -0.396  -24.998 0.0000000000
89312  -32.076  -0.032  -25.608 0.0000000000
89379  -19.054  5.992  -15.145 0.0000000000
89382  -20.149  5.594  -14.639 0.0000000000
89383  -20.447  5.895  -14.702 0.0000000000
89384  -20.374  6.904  -15.185 0.0000000000
89385  -20.822  6.014  -14.642 0.0000000000
89386  -21.141  6.165  -14.709 0.0000000000
89387  -21.278  5.224  -14.145 0.0000000000
89510  -30.766  -1.937  -25.942 0.0000000000
89511  -30.683  -1.328  -25.991 0.0000000000
92741  -35.306  3.984  -14.048 0.0000000000
92742  -35.723  3.293  -14.449 0.0000000000
92743  -35.496  3.370  -14.751 0.0000000000
92744  -35.699  2.779  -15.535 0.0000000000
92745  -35.896  2.228  -16.360 0.0000000000
92746  -36.011  1.859  -17.033 0.0000000000
92747  -35.620  2.337  -16.580 0.0000000000
92748  -35.353  2.314  -16.774 0.0000000000
92749  -35.029  2.309  -17.026 0.0000000000
93402  -23.644  5.577  -13.771 0.0000000000
93403  -24.009  5.750  -13.773 0.0000000000
93406  -25.474  3.479  -12.571 0.0000000000
97331  -27.975  6.609  -14.320 0.0000000000
97332  -27.760  7.375  -14.745 0.0000000000
97333  -28.248  6.658  -14.353 0.0000000000
97334  -28.579  6.722  -14.421 0.0000000000
97335  -28.916  6.792  -14.472 0.0000000000
97336  -29.245  6.824  -14.526 0.0000000000
97337  -29.470  5.921  -14.209 0.0000000000
97338  -30.001  5.038  -14.063 0.0000000000
97339  -30.557  4.129  -14.115 0.0000000000
97340  -31.054  3.340  -14.234 0.0000000000
97341  -30.813  3.303  -14.114 0.0000000000
97342  -31.046  2.456  -14.095 0.0000000000
97352  -32.264  -3.130  -23.539 0.0000000000
99667  -36.986  0.565  -16.183 0.0000000000
99668  -37.081  0.331  -15.881 0.0000000000
99669  -37.213  -0.065  -16.691 0.0000000000
99670  -37.447  -0.634  -17.263 0.0000000000
99671  -37.654  -1.200  -17.862 0.0000000000
99672  -37.865  -1.717  -18.487 0.0000000000
99673  -37.774  -1.412  -18.705 0.0000000000
99674  -37.905  -1.555  -19.541 0.0000000000
99675  -38.073  -1.625  -20.412 0.0000000000
99676  -38.149  -1.482  -21.132 0.0000000000
99677  -37.901  -1.299  -20.615 0.0000000000
99678  -37.718  -1.059  -20.664 0.0000000000
99679  -37.497  -0.772  -20.868 0.0000000000
99680  -36.171  0.639  -19.836 0.0000000000
99681  -36.501  0.268  -20.263 0.0000000000
99682  -36.126  0.413  -20.389 0.0000000000
99683  -36.075  0.233  -20.904 0.0000000000
99684  -36.013  0.122  -21.439 0.0000000000
99685  -35.947  0.059  -22.011 0.0000000000
99686  -35.661  0.136  -21.492 0.0000000000
99687  -35.280  0.168  -21.452 0.0000000000
99688  -34.945  0.123  -21.353 0.0000000000
101646  -22.784  11.613  -18.740 0.0000000000
101647  -23.125  11.619  -18.748 0.0000000000
101648  -23.144  10.980  -18.114 0.0000000000
101649  -23.498  10.466  -17.428 0.0000000000
101650  -23.834  9.930  -16.770 0.0000000000
101651  -25.473  6.160  -13.801 0.0000000000
101652  -25.267  6.976  -14.327 0.0000000000
101653  -25.845  6.281  -13.880 0.0000000000
101654  -26.163  6.343  -13.897 0.0000000000
101655  -26.464  6.423  -13.969 0.0000000000
101656  -26.825  6.470  -14.098 0.0000000000
101657  -27.037  5.657  -13.583 0.0000000000
101658  -27.579  4.812  -13.213 0.0000000000
101659  -28.191  3.865  -12.974 0.0000000000
101660  -28.717  3.021  -12.957 0.0000000000
104908  -21.430  9.386  -16.553 0.0000000000
104909  -21.789  8.639  -15.933 0.0000000000
104910  -21.506  8.488  -15.904 0.0000000000
104911  -21.640  7.550  -15.281 0.0000000000
104912  -21.808  6.650  -14.765 0.0000000000
113432  -24.261  12.065  -18.362 0.0000000000
113433  -24.273  12.786  -18.932 0.0000000000
113434  -24.475  12.181  -18.217 0.0000000000
113435  -24.666  12.254  -17.948 0.0000000000
113459  -33.286  3.560  -15.307 0.0000000000
113460  -32.945  3.515  -15.213 0.0000000000
113461  -33.110  2.765  -15.653 0.0000000000
113462  -33.298  2.142  -16.096 0.0000000000
113463  -32.850  0.759  -16.011 0.0000000000
113464  -33.138  0.832  -16.329 0.0000000000
113465  -33.293  0.329  -16.777 0.0000000000
113466  -33.609  0.047  -17.610 0.0000000000
113467  -33.848  -0.098  -18.500 0.0000000000
113468  -34.051  -0.121  -19.350 0.0000000000
113469  -33.828  -0.369  -18.986 0.0000000000
113470  -33.804  -0.556  -19.537 0.0000000000
113471  -33.768  -0.703  -20.094 0.0000000000
113481  -33.178  -1.782  -20.685 0.0000000000
113482  -33.309  -1.468  -20.804 0.0000000000
113483  -33.199  -1.419  -21.577 0.0000000000
113484  -33.226  -1.029  -22.476 0.0000000000
113485  -33.330  -0.560  -23.585 0.0000000000
113487  -33.231  -0.330  -24.334 0.0000000000
113490  -31.622  -0.252  -25.717 0.0000000000
113491  -31.717  0.266  -26.089 0.0000000000
116555  -36.018  3.594  -12.630 0.0000000000
116557  -36.205  2.904  -13.366 0.0000000000
116558  -36.389  2.277  -14.130 0.0000000000
116559  -36.567  1.696  -14.929 0.0000000000
116560  -36.098  2.566  -14.884 0.0000000000
116561  -36.401  1.924  -15.256 0.0000000000
116562  -36.710  1.197  -15.776 0.0000000000
116563  -36.870  0.780  -16.552 0.0000000000
116564  -37.006  0.426  -17.335 0.0000000000
116565  -37.103  0.145  -18.103 0.0000000000
116566  -37.161  -0.078  -18.868 0.0000000000
116567  -36.896  0.409  -18.380 0.0000000000
116568  -36.693  0.590  -18.607 0.0000000000
116569  -36.463  0.778  -18.940 0.0000000000
116570  -36.106  1.511  -17.785 0.0000000000
116571  -36.173  1.190  -18.538 0.0000000000
116572  -36.207  0.904  -19.246 0.0000000000
116573  -35.855  0.956  -19.395 0.0000000000
116574  -35.481  0.975  -19.402 0.0000000000
116575  -35.111  0.973  -19.418 0.0000000000
118098  -23.027  9.083  -16.067 0.0000000000
118099  -23.338  9.120  -16.056 0.0000000000
118100  -23.488  8.356  -15.338 0.0000000000
118101  -24.007  7.575  -14.712 0.0000000000
118102  -24.532  6.745  -14.145 0.0000000000
118103  -24.344  5.855  -13.749 0.0000000000
118104  -24.690  5.944  -13.716 0.0000000000
118105  -25.105  6.083  -13.776 0.0000000000
118106  -25.693  5.348  -13.334 0.0000000000
118107  -26.231  4.602  -12.976 0.0000000000
118108  -26.785  3.820  -12.685 0.0000000000
127265  -25.972  9.535  -16.169 0.0000000000
127266  -25.697  10.251  -16.534 0.0000000000
127267  -26.235  9.600  -16.105 0.0000000000
127268  -26.512  9.672  -16.043 0.0000000000
127269  -26.795  9.771  -15.987 0.0000000000
127270  -27.585  8.167  -15.184 0.0000000000
127271  -27.329  9.109  -15.653 0.0000000000
127280  -29.511  6.835  -14.539 0.0000000000
127281  -29.780  6.911  -14.545 0.0000000000
127282  -30.068  6.981  -14.517 0.0000000000
127283  -30.572  6.116  -14.425 0.0000000000
127284  -31.083  5.185  -14.452 0.0000000000
127285  -31.604  4.141  -14.577 0.0000000000
127286  -32.067  3.423  -14.850 0.0000000000
127287  -31.819  3.280  -14.698 0.0000000000
127288  -32.017  2.572  -14.844 0.0000000000
127289  -32.196  1.940  -15.044 0.0000000000
127290  -31.546  2.544  -14.501 0.0000000000
127291  -31.973  1.875  -14.836 0.0000000000
127292  -32.392  1.306  -15.317 0.0000000000
127293  -32.600  0.668  -15.657 0.0000000000
127294  -32.823  0.041  -16.140 0.0000000000
127295  -32.994  -0.491  -16.582 0.0000000000
127306  -32.817  -1.960  -22.485 0.0000000000
127307  -32.749  -1.411  -23.337 0.0000000000
127308  -32.688  -1.819  -23.130 0.0000000000
127310  -32.253  -1.330  -24.425 0.0000000000
127311  -32.462  -2.386  -23.386 0.0000000000
127312  -32.258  -1.742  -24.220 0.0000000000
127313  -31.924  -1.066  -24.924 0.0000000000
127314  -31.543  -0.774  -25.392 0.0000000000
127315  -31.118  -0.462  -25.852 0.0000000000
127316  -30.725  -0.251  -26.175 0.0000000000
132331  -37.199  0.074  -15.565 0.0000000000
132332  -37.262  -0.175  -15.215 0.0000000000
132333  -37.316  -0.470  -14.917 0.0000000000
132334  -37.500  -1.152  -15.506 0.0000000000
132346  -39.593  -0.687  -23.205 0.0000000000
132347  -39.202  -1.083  -22.746 0.0000000000
132348  -38.937  -0.762  -22.993 0.0000000000
132349  -38.652  -0.484  -23.179 0.0000000000
132350  -38.241  -1.201  -21.887 0.0000000000
132351  -38.340  -0.803  -22.646 0.0000000000
132352  -38.365  -0.284  -23.353 0.0000000000
132353  -38.063  -0.079  -23.549 0.0000000000
132354  -37.755  0.067  -23.739 0.0000000000
132356  -37.205  -0.294  -19.600 0.0000000000
132357  -37.234  -0.468  -20.331 0.0000000000
132358  -37.236  -0.536  -21.035 0.0000000000
132359  -36.742  -0.084  -20.656 0.0000000000
132360  -36.940  -0.322  -21.151 0.0000000000
132361  -37.196  -0.449  -21.720 0.0000000000
132362  -37.153  -0.289  -22.464 0.0000000000
132368  -35.880  0.053  -22.648 0.0000000000
132373  -34.817  0.138  -24.183 0.0000000000
136510  -23.777  12.542  -19.177 0.0000000000
136511  -23.454  11.714  -18.710 0.0000000000
136512  -23.757  11.804  -18.611 0.0000000000
136513  -24.007  11.951  -18.507 0.0000000000
136514  -24.301  11.368  -17.778 0.0000000000
136515  -24.661  10.812  -17.258 0.0000000000
136516  -25.149  10.126  -16.668 0.0000000000
136517  -23.650  9.187  -16.047 0.0000000000
136518  -23.973  9.268  -16.102 0.0000000000
136519  -24.316  9.265  -16.150 0.0000000000
136520  -25.111  7.803  -14.933 0.0000000000
136521  -24.881  8.542  -15.514 0.0000000000
136522  -24.717  9.280  -16.142 0.0000000000
136523  -25.083  9.330  -16.130 0.0000000000
136524  -25.363  9.401  -16.128 0.0000000000
136525  -25.663  9.466  -16.151 0.0000000000
136526  -26.232  8.718  -15.693 0.0000000000
136527  -26.714  8.047  -15.214 0.0000000000
136528  -27.243  7.363  -14.781 0.0000000000
136529  -27.119  6.459  -14.156 0.0000000000
136530  -27.437  6.567  -14.257 0.0000000000
136531  -27.726  6.594  -14.312 0.0000000000
136532  -28.264  5.812  -13.909 0.0000000000
136533  -28.865  5.019  -13.693 0.0000000000
136534  -29.502  4.108  -13.586 0.0000000000
136535  -30.031  3.212  -13.640 0.0000000000
136536  -29.776  3.222  -13.473 0.0000000000
136537  -29.969  2.354  -13.437 0.0000000000
136539  -29.202  2.299  -13.034 0.0000000000
139153  -35.874  4.312  -12.009 0.0000000000
139154  -35.696  4.457  -12.352 0.0000000000
139155  -35.508  4.519  -12.773 0.0000000000
139156  -35.316  4.616  -13.081 0.0000000000
139158  -34.872  5.390  -12.824 0.0000000000
139159  -35.103  4.660  -13.421 0.0000000000
139160  -34.872  4.673  -13.738 0.0000000000
139161  -34.611  4.673  -14.036 0.0000000000
139162  -34.339  4.676  -14.280 0.0000000000
143184  -22.445  11.625  -18.712 0.0000000000
143185  -22.467  10.961  -18.122 0.0000000000
143186  -22.545  10.307  -17.451 0.0000000000
143194  -22.262  10.243  -17.452 0.0000000000
143195  -22.646  9.637  -16.758 0.0000000000
143196  -22.731  8.940  -16.017 0.0000000000
143197  -22.827  8.059  -15.223 0.0000000000
143198  -22.952  7.204  -14.649 0.0000000000
143199  -22.233  7.797  -15.174 0.0000000000
143200  -22.719  6.970  -14.649 0.0000000000
143201  -23.134  6.296  -14.158 0.0000000000
143202  -23.366  5.415  -13.769 0.0000000000
143203  -23.573  4.634  -13.340 0.0000000000
148463  -39.726  0.106  -23.884 0.0000000000
148464  -39.791  0.908  -24.505 0.0000000000
160314  -25.432  10.988  -16.837 0.0000000000
160315  -25.182  11.773  -17.116 0.0000000000
160359  -34.329  3.536  -15.580 0.0000000000
160360  -34.506  2.952  -16.247 0.0000000000
160361  -34.640  2.386  -16.922 0.0000000000
160362  -33.737  2.968  -15.948 0.0000000000
160363  -34.223  2.419  -16.720 0.0000000000
160364  -34.730  1.916  -17.576 0.0000000000
160365  -34.787  1.529  -18.189 0.0000000000
160366  -34.792  1.246  -18.677 0.0000000000
160367  -34.777  0.942  -19.230 0.0000000000
160368  -32.532  2.743  -15.282 0.0000000000
160369  -32.986  2.111  -15.753 0.0000000000
160370  -33.460  1.591  -16.509 0.0000000000
160371  -33.351  0.968  -16.589 0.0000000000
160372  -33.606  1.092  -16.925 0.0000000000
160373  -33.908  1.220  -17.275 0.0000000000
160374  -34.243  1.005  -18.105 0.0000000000
160375  -34.475  0.851  -18.993 0.0000000000
160376  -34.766  0.638  -19.751 0.0000000000
160377  -34.770  0.356  -20.148 0.0000000000
160378  -34.727  0.189  -20.652 0.0000000000
160379  -34.674  0.057  -21.171 0.0000000000
160380  -34.210  -0.093  -20.177 0.0000000000
160381  -34.395  -0.054  -20.912 0.0000000000
160382  -34.617  -0.038  -21.713 0.0000000000
160383  -34.563  -0.030  -22.408 0.0000000000
160384  -34.516  0.006  -23.154 0.0000000000
160385  -34.484  0.074  -23.934 0.0000000000
160386  -30.543  2.433  -13.807 0.0000000000
160387  -31.069  1.676  -14.153 0.0000000000
160403  -33.348  -1.103  -17.981 0.0000000000
160404  -33.507  -1.152  -18.861 0.0000000000
160405  -33.610  -1.025  -19.790 0.0000000000
160406  -33.711  -0.805  -20.679 0.0000000000
160407  -33.447  -1.173  -21.106 0.0000000000
160408  -33.602  -0.850  -21.380 0.0000000000
160409  -33.812  -0.572  -21.596 0.0000000000
160410  -33.984  -0.346  -22.526 0.0000000000
160411  -34.210  -0.067  -23.676 0.0000000000
160412  -34.470  0.183  -24.765 0.0000000000
160422  -32.649  -0.747  -24.321 0.0000000000
160423  -32.531  -0.055  -25.309 0.0000000000
160505  -19.347  7.227  -15.565 0.0000000000
160507  -19.753  6.366  -15.074 0.0000000000
160509  -20.014  7.664  -15.644 0.0000000000
160510  -20.356  7.862  -15.672 0.0000000000
160511  -20.689  8.027  -15.756 0.0000000000
160512  -21.058  7.203  -15.249 0.0000000000
160513  -21.486  6.442  -14.682 0.0000000000
160658  -31.995  -2.998  -24.223 0.0000000000
160660  -31.685  -2.868  -24.871 0.0000000000
160661  -31.642  -2.335  -24.933 0.0000000000
160662  -31.143  -1.560  -25.560 0.0000000000
160663  -30.648  -0.764  -26.050 0.0000000000
160664  -30.213  0.012  -26.615 0.0000000000
