#!ascii label  , from subject fsaverage vox2ras=TkReg
375
214  -47.751  -2.127  35.435 0.0000000000
694  -54.084  -2.610  38.744 0.0000000000
1001  -42.136  0.720  40.581 0.0000000000
1535  -48.710  -0.387  31.881 0.0000000000
1536  -41.855  -2.202  32.543 0.0000000000
2023  -48.528  -1.885  40.030 0.0000000000
2024  -41.345  -1.434  36.902 0.0000000000
3515  -50.822  -1.485  35.072 0.0000000000
3516  -51.240  -0.231  33.508 0.0000000000
3517  -47.954  -1.423  33.508 0.0000000000
3518  -45.242  -1.728  31.929 0.0000000000
3519  -44.786  -2.367  33.864 0.0000000000
4436  -52.258  -2.527  41.798 0.0000000000
4437  -49.213  -1.137  42.002 0.0000000000
4438  -39.038  1.801  39.396 0.0000000000
4439  -41.529  -0.263  38.830 0.0000000000
4441  -38.839  -0.331  35.714 0.0000000000
5856  -50.907  -2.380  37.022 0.0000000000
8642  -51.706  -2.705  39.623 0.0000000000
8643  -47.960  -2.394  37.827 0.0000000000
8644  -45.175  -0.670  40.279 0.0000000000
8645  -44.613  -1.809  38.321 0.0000000000
8646  -44.479  -2.448  36.157 0.0000000000
8647  -41.473  -2.120  34.770 0.0000000000
11195  -49.321  -1.829  35.204 0.0000000000
11196  -49.399  -1.352  34.287 0.0000000000
11197  -47.779  -1.802  34.423 0.0000000000
11198  -46.375  -1.953  33.622 0.0000000000
11199  -46.239  -2.221  34.607 0.0000000000
13598  -52.342  -2.047  36.951 0.0000000000
13599  -52.594  -2.331  38.006 0.0000000000
16303  -49.996  -0.219  32.768 0.0000000000
16304  -51.663  0.422  32.901 0.0000000000
16309  -47.325  -0.612  30.977 0.0000000000
16310  -43.557  -2.153  32.176 0.0000000000
19063  -50.527  -2.232  41.014 0.0000000000
19064  -52.107  -2.700  40.729 0.0000000000
19065  -50.195  -2.443  39.889 0.0000000000
19066  -49.830  -2.601  38.744 0.0000000000
19067  -48.231  -2.177  38.996 0.0000000000
19069  -45.620  -0.177  41.168 0.0000000000
19070  -43.612  -0.079  40.381 0.0000000000
19071  -41.426  -0.830  37.893 0.0000000000
19072  -43.030  -1.092  38.612 0.0000000000
19073  -42.908  -1.627  37.551 0.0000000000
19074  -44.471  -2.211  37.261 0.0000000000
19075  -42.789  -2.059  36.478 0.0000000000
19076  -42.872  -2.382  35.441 0.0000000000
19077  -41.357  -1.847  35.854 0.0000000000
24757  -52.297  -1.140  35.064 0.0000000000
24758  -52.542  -0.440  34.409 0.0000000000
24759  -50.972  -0.896  34.277 0.0000000000
24760  -49.583  -0.800  33.495 0.0000000000
24761  -48.394  -0.912  32.663 0.0000000000
24762  -47.011  -1.127  31.814 0.0000000000
24763  -46.679  -1.565  32.681 0.0000000000
24764  -45.039  -2.074  32.896 0.0000000000
24765  -43.389  -2.339  33.131 0.0000000000
26414  -53.443  -3.058  42.482 0.0000000000
26415  -52.301  -2.346  42.858 0.0000000000
26416  -50.745  -1.933  42.019 0.0000000000
26417  -48.869  -1.472  41.101 0.0000000000
26418  -40.463  1.066  39.879 0.0000000000
26419  -41.828  0.203  39.682 0.0000000000
26420  -40.291  0.687  39.091 0.0000000000
26421  -40.133  0.186  38.189 0.0000000000
26422  -40.048  -0.453  37.238 0.0000000000
26423  -39.962  -1.012  36.242 0.0000000000
26424  -38.824  0.221  36.638 0.0000000000
29020  -52.211  -1.618  35.925 0.0000000000
29021  -50.760  -2.003  36.025 0.0000000000
29022  -49.314  -2.257  36.207 0.0000000000
30308  -42.513  1.279  41.466 0.0000000000
36177  -54.389  -3.126  39.816 0.0000000000
36178  -53.531  -3.034  41.418 0.0000000000
36179  -53.347  -2.948  40.315 0.0000000000
36180  -52.981  -2.685  39.207 0.0000000000
36181  -51.302  -2.627  38.415 0.0000000000
36182  -49.499  -2.554  37.480 0.0000000000
36183  -47.821  -2.379  36.667 0.0000000000
36185  -47.214  -0.712  41.092 0.0000000000
36186  -46.846  -1.243  40.117 0.0000000000
36187  -43.219  -0.578  39.500 0.0000000000
36188  -44.795  -1.247  39.307 0.0000000000
36189  -46.515  -1.752  39.121 0.0000000000
36190  -46.219  -2.164  38.038 0.0000000000
36191  -46.117  -2.424  36.961 0.0000000000
36192  -46.106  -2.454  35.802 0.0000000000
36193  -44.551  -2.507  34.974 0.0000000000
36194  -43.109  -2.425  34.321 0.0000000000
36195  -41.661  -2.214  33.700 0.0000000000
36196  -40.047  -1.440  35.268 0.0000000000
36197  -40.095  -1.750  34.245 0.0000000000
36198  -40.191  -1.915  33.119 0.0000000000
41915  -48.534  -1.956  35.240 0.0000000000
41916  -48.543  -1.790  34.807 0.0000000000
41917  -47.754  -1.972  34.915 0.0000000000
41918  -46.991  -2.013  34.550 0.0000000000
41919  -46.993  -2.159  35.043 0.0000000000
44318  -53.268  -2.284  37.932 0.0000000000
44319  -53.408  -2.425  38.446 0.0000000000
47023  -49.358  -0.287  32.345 0.0000000000
47029  -48.019  -0.504  31.411 0.0000000000
47030  -42.708  -2.228  32.335 0.0000000000
47031  -42.792  -2.129  31.865 0.0000000000
47032  -41.939  -2.146  32.012 0.0000000000
47034  -41.111  -2.065  32.249 0.0000000000
49783  -49.566  -2.048  40.527 0.0000000000
49784  -50.372  -2.342  40.453 0.0000000000
49785  -49.407  -2.193  39.991 0.0000000000
49786  -49.212  -2.329  39.415 0.0000000000
49787  -48.392  -2.042  39.512 0.0000000000
49788  -43.076  0.630  40.974 0.0000000000
49789  -43.799  0.198  40.857 0.0000000000
49790  -42.896  0.329  40.491 0.0000000000
49791  -41.408  -1.148  37.374 0.0000000000
49792  -42.158  -1.258  37.727 0.0000000000
49793  -42.108  -1.542  37.207 0.0000000000
49794  -42.834  -1.866  37.015 0.0000000000
49795  -42.066  -1.777  36.695 0.0000000000
49796  -42.046  -1.994  36.157 0.0000000000
49797  -41.339  -1.662  36.371 0.0000000000
56620  -51.571  -1.295  35.053 0.0000000000
56621  -51.642  -0.995  34.632 0.0000000000
56622  -50.903  -1.194  34.664 0.0000000000
56623  -48.649  -1.374  33.877 0.0000000000
56624  -49.478  -1.082  33.889 0.0000000000
56625  -48.778  -1.141  33.483 0.0000000000
56626  -48.977  -0.866  33.090 0.0000000000
56627  -48.153  -1.174  33.067 0.0000000000
56628  -47.527  -1.246  32.678 0.0000000000
56629  -47.305  -1.481  33.091 0.0000000000
56630  -45.587  -2.165  33.752 0.0000000000
56631  -45.727  -2.018  33.283 0.0000000000
56632  -44.895  -2.223  33.344 0.0000000000
56633  -44.194  -2.242  32.989 0.0000000000
56634  -44.082  -2.353  33.512 0.0000000000
59384  -50.855  -1.718  42.516 0.0000000000
59385  -49.961  -1.514  42.018 0.0000000000
59386  -49.823  -1.723  41.575 0.0000000000
59387  -49.044  -1.287  41.568 0.0000000000
59388  -39.757  1.362  39.613 0.0000000000
59389  -40.387  0.871  39.479 0.0000000000
59390  -39.713  1.190  39.188 0.0000000000
59394  -40.062  -0.121  37.734 0.0000000000
59395  -39.427  0.163  37.402 0.0000000000
59396  -39.415  -0.160  36.928 0.0000000000
59397  -38.820  0.517  37.099 0.0000000000
63828  -52.970  -1.457  35.999 0.0000000000
63829  -52.978  -1.719  36.421 0.0000000000
63830  -51.591  -2.225  36.909 0.0000000000
63831  -51.503  -2.016  36.377 0.0000000000
63832  -50.810  -2.213  36.514 0.0000000000
63833  -50.014  -2.180  36.064 0.0000000000
63834  -50.096  -2.358  36.598 0.0000000000
71943  -51.910  -0.317  33.990 0.0000000000
71947  -52.522  0.752  33.079 0.0000000000
71965  -46.173  -1.466  31.843 0.0000000000
71966  -46.307  -1.244  31.369 0.0000000000
71967  -45.342  -1.564  31.436 0.0000000000
80222  -54.451  -3.375  40.354 0.0000000000
80223  -52.959  -2.713  42.188 0.0000000000
80224  -53.540  -3.028  41.973 0.0000000000
80225  -52.945  -2.751  41.648 0.0000000000
80226  -51.924  -2.720  40.182 0.0000000000
80227  -52.796  -2.807  40.499 0.0000000000
80228  -52.598  -2.787  39.981 0.0000000000
80229  -53.189  -2.843  39.744 0.0000000000
80230  -52.418  -2.714  39.395 0.0000000000
80231  -52.144  -2.624  38.785 0.0000000000
80232  -51.515  -2.654  39.045 0.0000000000
80233  -48.875  -2.521  38.312 0.0000000000
80234  -49.661  -2.595  38.110 0.0000000000
80235  -48.752  -2.528  37.659 0.0000000000
80236  -48.684  -2.443  37.014 0.0000000000
80237  -47.853  -2.421  37.245 0.0000000000
80241  -45.399  -0.432  40.716 0.0000000000
80242  -46.385  -0.438  41.103 0.0000000000
80243  -46.187  -0.681  40.667 0.0000000000
80244  -47.019  -0.970  40.616 0.0000000000
80245  -45.967  -0.952  40.153 0.0000000000
80246  -41.705  -0.029  39.296 0.0000000000
80247  -42.542  -0.221  39.638 0.0000000000
80248  -42.336  -0.434  39.176 0.0000000000
80249  -43.816  -1.462  38.458 0.0000000000
80250  -43.856  -1.201  38.927 0.0000000000
80251  -44.703  -1.537  38.831 0.0000000000
80252  -45.660  -1.517  39.205 0.0000000000
80253  -45.520  -1.799  38.733 0.0000000000
80254  -46.401  -1.982  38.618 0.0000000000
80255  -45.420  -2.021  38.229 0.0000000000
80256  -44.465  -2.361  36.666 0.0000000000
80257  -45.296  -2.363  37.092 0.0000000000
80258  -45.275  -2.445  36.540 0.0000000000
80259  -46.091  -2.479  36.391 0.0000000000
80260  -45.248  -2.508  35.937 0.0000000000
80261  -45.307  -2.487  35.404 0.0000000000
80262  -44.492  -2.508  35.563 0.0000000000
80263  -42.148  -2.270  35.097 0.0000000000
80264  -42.974  -2.432  34.906 0.0000000000
80265  -42.247  -2.335  34.560 0.0000000000
80266  -42.396  -2.340  33.997 0.0000000000
80267  -41.556  -2.199  34.274 0.0000000000
80268  -39.381  -0.695  35.954 0.0000000000
80269  -39.998  -1.209  35.784 0.0000000000
80270  -39.421  -0.932  35.469 0.0000000000
80272  -39.424  -1.304  34.452 0.0000000000
80273  -39.474  -1.446  33.977 0.0000000000
80274  -40.161  -1.828  33.734 0.0000000000
93877  -50.083  -1.683  35.135 0.0000000000
93878  -50.141  -1.400  34.655 0.0000000000
93879  -49.332  -1.610  34.724 0.0000000000
93880  -48.577  -1.598  34.346 0.0000000000
93881  -47.809  -1.624  33.982 0.0000000000
93882  -47.161  -1.687  33.556 0.0000000000
93883  -47.059  -1.886  34.031 0.0000000000
93884  -46.279  -2.091  34.103 0.0000000000
93885  -45.497  -2.292  34.227 0.0000000000
95537  -49.409  -0.955  42.537 0.0000000000
98202  -53.050  -1.906  36.912 0.0000000000
98203  -53.148  -2.088  37.416 0.0000000000
98204  -52.462  -2.192  37.484 0.0000000000
98205  -51.741  -2.332  37.508 0.0000000000
103071  -50.602  -0.223  33.116 0.0000000000
103072  -51.471  0.105  33.209 0.0000000000
103073  -50.854  0.095  32.763 0.0000000000
103084  -44.392  -1.984  32.057 0.0000000000
103085  -44.502  -1.818  31.565 0.0000000000
103086  -43.652  -2.025  31.714 0.0000000000
108039  -51.415  -2.380  41.425 0.0000000000
108040  -52.153  -2.634  41.240 0.0000000000
108041  -51.306  -2.465  40.886 0.0000000000
108042  -51.193  -2.559  40.374 0.0000000000
108043  -50.988  -2.645  39.798 0.0000000000
108044  -50.776  -2.689  39.207 0.0000000000
108045  -50.010  -2.552  39.333 0.0000000000
108046  -49.016  -2.448  38.846 0.0000000000
108047  -48.117  -2.303  38.430 0.0000000000
108049  -45.845  0.096  41.631 0.0000000000
108050  -44.845  0.127  41.258 0.0000000000
108051  -44.623  -0.152  40.796 0.0000000000
108052  -44.369  -0.421  40.341 0.0000000000
108053  -41.446  -0.544  38.377 0.0000000000
108054  -42.291  -0.682  38.740 0.0000000000
108055  -42.220  -0.964  38.241 0.0000000000
108056  -42.960  -1.373  38.056 0.0000000000
108057  -43.745  -1.740  37.943 0.0000000000
108058  -44.518  -2.032  37.788 0.0000000000
108059  -43.654  -1.996  37.364 0.0000000000
108060  -43.615  -2.174  36.862 0.0000000000
108061  -43.640  -2.314  36.319 0.0000000000
108062  -43.691  -2.409  35.776 0.0000000000
108063  -42.838  -2.228  35.981 0.0000000000
108064  -42.095  -2.140  35.633 0.0000000000
108065  -41.404  -1.993  35.321 0.0000000000
119205  -52.405  -0.789  34.708 0.0000000000
119206  -51.740  -0.672  34.251 0.0000000000
119207  -51.068  -0.572  33.864 0.0000000000
119208  -50.197  -1.103  34.302 0.0000000000
119209  -50.278  -0.818  33.898 0.0000000000
119210  -50.396  -0.535  33.478 0.0000000000
119211  -49.780  -0.519  33.131 0.0000000000
119212  -49.182  -0.567  32.701 0.0000000000
119213  -48.527  -0.673  32.273 0.0000000000
119214  -47.831  -0.791  31.823 0.0000000000
119215  -47.674  -1.028  32.247 0.0000000000
119216  -46.852  -1.356  32.233 0.0000000000
119217  -45.974  -1.660  32.314 0.0000000000
119218  -46.531  -1.765  33.137 0.0000000000
119219  -45.847  -1.850  32.798 0.0000000000
119220  -45.158  -1.921  32.441 0.0000000000
119221  -44.321  -2.120  32.502 0.0000000000
119222  -43.462  -2.261  32.633 0.0000000000
119223  -42.615  -2.293  32.838 0.0000000000
123070  -52.902  -2.688  42.692 0.0000000000
123071  -52.295  -2.418  42.343 0.0000000000
123072  -51.648  -1.933  42.983 0.0000000000
123073  -51.574  -2.111  42.503 0.0000000000
123074  -51.520  -2.254  41.976 0.0000000000
123075  -50.622  -2.095  41.506 0.0000000000
123076  -49.730  -1.897  41.060 0.0000000000
123077  -48.690  -1.661  40.586 0.0000000000
123078  -41.270  0.847  40.235 0.0000000000
123079  -41.998  0.446  40.118 0.0000000000
123080  -41.191  0.590  39.792 0.0000000000
123081  -41.016  0.392  39.385 0.0000000000
123082  -40.881  0.190  38.934 0.0000000000
123084  -40.222  0.471  38.666 0.0000000000
123085  -40.786  -0.034  38.497 0.0000000000
123086  -40.745  -0.321  38.051 0.0000000000
123087  -40.729  -0.666  37.581 0.0000000000
123088  -40.677  -0.958  37.068 0.0000000000
123089  -40.634  -1.244  36.571 0.0000000000
123090  -40.000  -0.754  36.717 0.0000000000
123091  -39.373  -0.442  36.414 0.0000000000
123092  -38.811  -0.063  36.177 0.0000000000
129233  -52.220  -1.377  35.483 0.0000000000
129234  -51.505  -1.574  35.487 0.0000000000
129235  -52.247  -1.845  36.409 0.0000000000
129236  -51.472  -1.800  35.913 0.0000000000
129237  -50.754  -1.762  35.512 0.0000000000
129238  -50.036  -1.946  35.620 0.0000000000
129239  -49.305  -2.052  35.683 0.0000000000
129240  -48.549  -2.134  35.783 0.0000000000
132727  -43.255  0.915  41.423 0.0000000000
132728  -42.273  1.005  41.017 0.0000000000
132737  -41.417  1.119  40.680 0.0000000000
132738  -40.596  1.259  40.325 0.0000000000
132739  -39.842  1.525  40.047 0.0000000000
132740  -39.088  1.911  39.810 0.0000000000
139453  -52.290  0.389  33.366 0.0000000000
139477  -47.156  -0.895  31.404 0.0000000000
149505  -54.232  -2.849  39.293 0.0000000000
149506  -53.877  -3.442  42.188 0.0000000000
149507  -53.979  -3.369  41.692 0.0000000000
149508  -54.061  -3.311  41.115 0.0000000000
149509  -52.877  -2.785  41.069 0.0000000000
149510  -53.464  -3.009  40.872 0.0000000000
149511  -54.015  -3.217  40.598 0.0000000000
149512  -53.901  -3.060  40.053 0.0000000000
149513  -53.764  -2.866  39.528 0.0000000000
149514  -53.586  -2.645  38.997 0.0000000000
149515  -52.771  -2.527  38.597 0.0000000000
149516  -51.916  -2.497  38.161 0.0000000000
149517  -51.102  -2.520  37.703 0.0000000000
149518  -50.527  -2.660  38.552 0.0000000000
149519  -50.390  -2.615  37.921 0.0000000000
149520  -50.246  -2.518  37.268 0.0000000000
149521  -49.361  -2.439  36.852 0.0000000000
149522  -48.596  -2.311  36.408 0.0000000000
149523  -47.796  -2.279  36.037 0.0000000000
149526  -48.489  -0.717  42.048 0.0000000000
149527  -46.628  -0.205  41.540 0.0000000000
149528  -47.485  -0.504  41.560 0.0000000000
149529  -48.249  -0.888  41.549 0.0000000000
149530  -48.073  -1.096  41.063 0.0000000000
149531  -47.903  -1.346  40.599 0.0000000000
149532  -47.706  -1.521  40.064 0.0000000000
149533  -42.714  0.036  40.046 0.0000000000
149534  -43.392  -0.320  39.919 0.0000000000
149535  -44.169  -0.648  39.877 0.0000000000
149536  -43.115  -0.827  39.093 0.0000000000
149537  -43.958  -0.906  39.394 0.0000000000
149538  -44.968  -0.970  39.790 0.0000000000
149539  -45.795  -1.233  39.681 0.0000000000
149540  -46.660  -1.502  39.607 0.0000000000
149541  -47.532  -1.762  39.575 0.0000000000
149542  -47.428  -1.995  39.066 0.0000000000
149543  -47.302  -2.139  38.532 0.0000000000
149544  -47.160  -2.240  37.962 0.0000000000
149545  -45.325  -2.217  37.677 0.0000000000
149546  -46.179  -2.320  37.501 0.0000000000
149547  -47.018  -2.365  37.378 0.0000000000
149548  -46.907  -2.423  36.744 0.0000000000
149549  -46.944  -2.403  36.227 0.0000000000
149550  -46.963  -2.315  35.633 0.0000000000
149551  -46.139  -2.375  35.184 0.0000000000
149552  -45.395  -2.412  34.814 0.0000000000
149553  -44.659  -2.450  34.421 0.0000000000
149554  -43.746  -2.437  35.214 0.0000000000
149555  -43.798  -2.487  34.647 0.0000000000
149556  -43.945  -2.431  34.070 0.0000000000
149557  -43.248  -2.389  33.722 0.0000000000
149558  -42.514  -2.323  33.466 0.0000000000
149559  -41.754  -2.223  33.145 0.0000000000
149560  -40.628  -1.479  36.065 0.0000000000
149561  -40.641  -1.675  35.558 0.0000000000
149562  -40.707  -1.839  35.007 0.0000000000
149563  -39.450  -1.140  34.980 0.0000000000
149564  -40.048  -1.617  34.745 0.0000000000
149565  -40.761  -1.938  34.500 0.0000000000
149566  -40.846  -2.026  33.984 0.0000000000
149567  -40.947  -2.079  33.397 0.0000000000
149568  -41.022  -2.078  32.827 0.0000000000
149569  -40.283  -1.890  32.524 0.0000000000
