#!ascii label  , from subject fsaverage vox2ras=TkReg
1045
137  -20.621  -62.284  22.423 0.0000000000
209  -15.409  -54.742  8.557 0.0000000000
586  -6.428  -61.653  17.627 0.0000000000
587  -8.172  -58.145  11.516 0.0000000000
689  -18.738  -57.954  8.918 0.0000000000
1259  -20.849  -60.955  19.082 0.0000000000
1300  -13.716  -62.246  23.506 0.0000000000
1301  -6.000  -63.435  20.720 0.0000000000
1302  -14.240  -60.213  21.048 0.0000000000
1303  -13.563  -57.917  18.641 0.0000000000
1325  -6.459  -54.956  9.519 0.0000000000
2006  -16.473  -49.964  1.780 0.0000000000
2397  -7.025  -59.881  14.498 0.0000000000
2398  -13.717  -57.678  14.747 0.0000000000
2399  -14.342  -58.873  10.838 0.0000000000
2425  -8.718  -53.260  7.990 0.0000000000
2426  -11.432  -56.374  10.306 0.0000000000
3221  -14.588  -61.411  22.055 0.0000000000
3222  -17.945  -60.396  21.913 0.0000000000
3223  -17.970  -59.514  20.524 0.0000000000
3504  -13.433  -53.293  7.582 0.0000000000
3505  -15.445  -53.092  6.437 0.0000000000
3506  -17.700  -54.686  7.159 0.0000000000
4397  -18.793  -52.366  4.097 0.0000000000
4398  -15.704  -50.651  3.113 0.0000000000
5343  -6.089  -62.615  19.224 0.0000000000
5347  -4.478  -60.244  16.626 0.0000000000
5348  -4.659  -59.569  14.900 0.0000000000
5349  -6.640  -60.871  16.100 0.0000000000
5350  -17.342  -58.022  17.665 0.0000000000
5351  -13.512  -57.387  16.833 0.0000000000
5352  -17.175  -58.004  15.697 0.0000000000
5353  -17.139  -58.556  13.556 0.0000000000
5416  -7.052  -51.526  8.897 0.0000000000
5417  -7.062  -56.932  9.978 0.0000000000
5418  -8.598  -56.033  9.273 0.0000000000
5419  -9.776  -57.485  10.492 0.0000000000
5420  -12.916  -57.792  10.508 0.0000000000
5421  -11.207  -58.345  11.614 0.0000000000
5847  -17.114  -56.217  8.991 0.0000000000
6948  -9.736  -64.752  23.031 0.0000000000
6949  -5.786  -64.383  22.009 0.0000000000
6950  -10.371  -63.444  22.019 0.0000000000
6951  -10.273  -62.023  21.149 0.0000000000
6952  -9.917  -60.777  19.889 0.0000000000
6953  -9.923  -59.709  18.512 0.0000000000
6954  -13.709  -58.900  20.046 0.0000000000
6955  -17.653  -58.571  19.246 0.0000000000
6995  -5.862  -55.513  11.237 0.0000000000
6996  -5.569  -57.746  11.572 0.0000000000
7403  -12.824  -51.431  5.341 0.0000000000
7404  -17.309  -52.777  5.381 0.0000000000
7847  -8.820  -66.004  24.348 0.0000000000
9748  -5.010  -58.804  13.198 0.0000000000
9749  -7.538  -58.854  13.007 0.0000000000
9750  -9.927  -58.811  17.005 0.0000000000
9751  -10.344  -58.163  15.156 0.0000000000
9752  -10.913  -58.269  13.228 0.0000000000
9753  -14.056  -58.542  12.713 0.0000000000
9754  -17.103  -59.805  11.373 0.0000000000
9830  -9.937  -52.502  7.091 0.0000000000
9831  -11.888  -53.925  8.900 0.0000000000
9832  -7.619  -54.288  8.493 0.0000000000
9833  -10.149  -54.791  9.430 0.0000000000
9834  -13.501  -55.400  9.879 0.0000000000
9835  -15.135  -56.968  10.077 0.0000000000
9836  -16.583  -58.329  10.003 0.0000000000
10900  -19.177  -61.308  23.292 0.0000000000
10901  -17.768  -60.703  22.737 0.0000000000
10902  -19.471  -61.031  22.344 0.0000000000
10903  -19.616  -60.713  21.490 0.0000000000
11184  -14.505  -54.029  8.152 0.0000000000
11185  -15.537  -53.949  7.517 0.0000000000
11186  -16.568  -54.733  7.812 0.0000000000
13023  -6.250  -62.143  18.432 0.0000000000
13024  -4.834  -62.151  18.569 0.0000000000
13025  -4.951  -61.687  17.737 0.0000000000
13026  -4.402  -60.546  17.537 0.0000000000
13027  -5.151  -61.347  16.871 0.0000000000
13028  -5.238  -61.030  16.035 0.0000000000
13029  -6.535  -61.273  16.855 0.0000000000
13030  -18.875  -58.851  16.885 0.0000000000
13031  -17.209  -57.952  16.714 0.0000000000
13032  -18.700  -58.820  15.923 0.0000000000
13097  -7.593  -57.610  10.742 0.0000000000
13098  -8.394  -57.217  10.164 0.0000000000
13099  -8.971  -57.829  10.934 0.0000000000
13100  -10.459  -58.035  11.087 0.0000000000
13101  -9.677  -58.213  11.637 0.0000000000
13584  -17.975  -57.082  8.959 0.0000000000
15299  -20.654  -60.616  18.365 0.0000000000
15420  -11.897  -63.564  23.156 0.0000000000
15421  -10.163  -64.096  22.478 0.0000000000
15422  -12.363  -62.975  22.569 0.0000000000
15423  -14.570  -60.869  21.495 0.0000000000
15424  -12.646  -61.823  21.498 0.0000000000
15425  -12.380  -61.101  21.185 0.0000000000
15426  -10.055  -61.366  20.508 0.0000000000
15427  -12.011  -60.374  20.651 0.0000000000
15428  -11.801  -59.735  20.092 0.0000000000
15429  -13.883  -59.548  20.583 0.0000000000
15430  -19.573  -59.985  19.960 0.0000000000
15431  -17.781  -59.004  19.932 0.0000000000
15432  -19.461  -59.567  19.274 0.0000000000
15433  -19.299  -59.227  18.508 0.0000000000
15500  -5.604  -56.677  11.294 0.0000000000
16271  -11.999  -51.554  5.785 0.0000000000
16272  -17.675  -53.723  6.334 0.0000000000
16273  -16.472  -52.948  5.900 0.0000000000
16274  -18.597  -53.547  5.823 0.0000000000
16275  -19.399  -53.402  5.204 0.0000000000
18950  -16.177  -50.338  2.430 0.0000000000
18954  -14.558  -48.802  1.389 0.0000000000
21788  -5.895  -63.878  21.363 0.0000000000
21789  -4.518  -63.300  21.921 0.0000000000
21790  -4.558  -63.041  21.174 0.0000000000
21805  -5.489  -60.161  14.377 0.0000000000
21807  -5.711  -59.658  13.528 0.0000000000
21808  -5.996  -59.242  12.810 0.0000000000
21809  -7.247  -59.375  13.746 0.0000000000
21810  -11.725  -58.563  18.785 0.0000000000
21811  -9.978  -59.260  17.806 0.0000000000
21812  -11.711  -58.118  18.006 0.0000000000
21813  -13.631  -57.437  15.812 0.0000000000
21814  -11.790  -57.680  16.092 0.0000000000
21815  -11.992  -57.705  15.071 0.0000000000
21816  -10.667  -58.127  14.174 0.0000000000
21817  -12.277  -57.950  14.074 0.0000000000
21818  -12.526  -58.300  13.141 0.0000000000
21819  -13.953  -58.088  13.746 0.0000000000
21821  -17.130  -59.196  12.468 0.0000000000
22008  -8.426  -52.013  6.930 0.0000000000
22009  -9.363  -52.889  7.607 0.0000000000
22010  -11.018  -53.220  8.065 0.0000000000
22011  -10.201  -53.606  8.475 0.0000000000
22013  -6.911  -53.401  9.055 0.0000000000
22014  -7.029  -54.652  8.925 0.0000000000
22015  -9.932  -56.225  9.803 0.0000000000
22016  -9.415  -55.426  9.312 0.0000000000
22017  -10.719  -55.607  9.896 0.0000000000
22018  -11.687  -55.071  9.884 0.0000000000
22019  -12.417  -55.851  10.234 0.0000000000
22020  -14.326  -56.152  10.020 0.0000000000
22021  -13.230  -56.605  10.302 0.0000000000
22022  -13.639  -58.366  10.580 0.0000000000
22023  -14.683  -58.005  10.292 0.0000000000
22024  -15.375  -58.617  10.302 0.0000000000
22025  -17.168  -58.986  9.928 0.0000000000
22026  -16.066  -59.181  10.414 0.0000000000
24155  -21.017  -61.325  19.845 0.0000000000
24228  -15.503  -61.241  23.673 0.0000000000
24229  -14.276  -61.815  22.763 0.0000000000
24230  -15.962  -60.958  22.833 0.0000000000
24231  -16.268  -60.622  22.078 0.0000000000
24232  -16.256  -60.195  21.396 0.0000000000
24233  -16.137  -59.638  20.862 0.0000000000
24234  -18.020  -60.051  21.184 0.0000000000
24235  -19.682  -60.412  20.698 0.0000000000
24738  -12.306  -52.493  6.900 0.0000000000
24739  -13.268  -52.432  6.449 0.0000000000
24740  -14.450  -53.253  7.039 0.0000000000
24741  -16.535  -53.844  6.897 0.0000000000
24742  -18.796  -54.549  6.716 0.0000000000
26345  -16.686  -51.779  4.277 0.0000000000
26346  -15.145  -50.892  3.723 0.0000000000
26347  -17.332  -51.531  3.625 0.0000000000
26348  -17.770  -51.247  2.959 0.0000000000
28049  -5.976  -63.047  20.015 0.0000000000
28050  -4.445  -62.843  20.390 0.0000000000
28051  -4.546  -62.560  19.455 0.0000000000
28060  -5.390  -60.632  15.173 0.0000000000
28061  -6.870  -60.392  15.322 0.0000000000
28062  -15.451  -57.733  18.214 0.0000000000
28063  -13.575  -57.562  17.788 0.0000000000
28064  -15.416  -57.533  17.338 0.0000000000
28065  -15.413  -57.471  16.319 0.0000000000
28066  -15.547  -57.626  15.271 0.0000000000
28067  -15.528  -57.958  14.231 0.0000000000
28068  -17.139  -58.202  14.649 0.0000000000
28182  -7.537  -52.536  8.009 0.0000000000
28183  -6.662  -56.065  9.590 0.0000000000
28184  -7.304  -55.638  9.079 0.0000000000
28185  -7.810  -56.489  9.515 0.0000000000
28186  -9.143  -56.807  9.812 0.0000000000
28187  -10.585  -57.005  10.267 0.0000000000
28188  -12.197  -57.156  10.480 0.0000000000
28189  -11.329  -57.620  10.625 0.0000000000
28190  -12.058  -58.160  10.895 0.0000000000
28191  -12.826  -58.570  11.313 0.0000000000
29001  -16.294  -55.439  8.850 0.0000000000
29002  -17.470  -55.504  8.091 0.0000000000
29003  -18.367  -56.321  8.273 0.0000000000
31572  -7.374  -65.346  23.133 0.0000000000
31574  -7.753  -64.813  22.480 0.0000000000
31575  -7.933  -64.133  21.956 0.0000000000
31576  -8.037  -63.524  21.448 0.0000000000
31577  -12.677  -62.393  21.993 0.0000000000
31578  -10.428  -62.736  21.657 0.0000000000
31579  -8.088  -62.921  20.893 0.0000000000
31580  -7.982  -62.376  20.239 0.0000000000
31581  -8.003  -61.887  19.506 0.0000000000
31582  -8.095  -61.331  18.779 0.0000000000
31583  -8.113  -60.878  18.010 0.0000000000
31584  -9.922  -60.179  19.238 0.0000000000
31585  -11.730  -59.120  19.464 0.0000000000
31586  -13.569  -58.341  19.395 0.0000000000
31587  -15.894  -58.978  20.372 0.0000000000
31588  -15.714  -58.481  19.743 0.0000000000
31589  -15.539  -58.032  19.049 0.0000000000
31590  -17.467  -58.274  18.534 0.0000000000
31591  -19.020  -58.964  17.763 0.0000000000
31684  -6.076  -56.386  10.349 0.0000000000
31685  -6.284  -57.376  10.673 0.0000000000
31686  -6.703  -58.067  11.355 0.0000000000
32707  -13.652  -51.266  4.844 0.0000000000
32708  -14.183  -52.280  5.952 0.0000000000
32709  -15.073  -52.124  5.415 0.0000000000
32710  -15.873  -51.955  4.861 0.0000000000
32711  -18.093  -52.559  4.739 0.0000000000
32714  -18.653  -55.536  7.453 0.0000000000
32715  -19.870  -55.456  7.036 0.0000000000
33918  -9.260  -65.440  23.659 0.0000000000
33919  -11.386  -64.214  23.781 0.0000000000
39483  -5.219  -58.285  12.339 0.0000000000
39484  -6.366  -58.626  12.092 0.0000000000
39485  -7.847  -58.442  12.213 0.0000000000
39486  -8.202  -60.404  17.288 0.0000000000
39487  -8.327  -59.946  16.618 0.0000000000
39488  -8.516  -59.448  15.822 0.0000000000
39489  -11.677  -57.858  17.076 0.0000000000
39490  -10.131  -58.405  16.095 0.0000000000
39491  -8.736  -59.009  15.005 0.0000000000
39492  -9.023  -58.678  14.083 0.0000000000
39493  -9.257  -58.467  13.141 0.0000000000
39494  -9.508  -58.370  12.350 0.0000000000
39495  -11.108  -58.427  12.381 0.0000000000
39496  -12.621  -58.566  12.171 0.0000000000
39497  -14.118  -58.969  11.699 0.0000000000
39498  -15.579  -58.430  13.194 0.0000000000
39499  -15.610  -59.064  12.132 0.0000000000
39500  -15.690  -59.377  11.073 0.0000000000
39725  -8.957  -51.547  6.456 0.0000000000
39726  -10.582  -52.029  6.651 0.0000000000
39727  -11.647  -52.847  7.514 0.0000000000
39728  -12.760  -53.632  8.261 0.0000000000
39729  -13.637  -54.339  8.880 0.0000000000
39730  -6.955  -51.864  9.571 0.0000000000
39731  -7.210  -52.933  8.502 0.0000000000
39732  -8.165  -53.681  8.248 0.0000000000
39733  -8.101  -55.177  8.853 0.0000000000
39734  -8.845  -54.570  8.772 0.0000000000
39735  -9.497  -54.005  8.733 0.0000000000
39736  -10.911  -54.268  9.285 0.0000000000
39737  -12.716  -54.666  9.510 0.0000000000
39738  -14.510  -55.059  9.276 0.0000000000
39739  -15.392  -55.779  9.567 0.0000000000
39740  -16.179  -56.513  9.625 0.0000000000
39741  -16.980  -57.339  9.625 0.0000000000
39742  -13.957  -57.316  10.299 0.0000000000
39743  -15.885  -57.658  10.036 0.0000000000
39744  -17.685  -58.073  9.494 0.0000000000
39745  -18.446  -58.852  9.367 0.0000000000
39746  -19.082  -59.618  9.317 0.0000000000
41579  -20.735  -62.122  22.008 0.0000000000
41620  -19.947  -61.737  22.905 0.0000000000
41621  -19.325  -61.199  22.804 0.0000000000
41622  -20.100  -61.569  22.465 0.0000000000
41623  -20.186  -61.431  22.006 0.0000000000
41904  -14.953  -54.388  8.391 0.0000000000
41905  -15.476  -54.367  8.058 0.0000000000
41906  -15.999  -54.729  8.181 0.0000000000
43743  -6.347  -61.844  18.023 0.0000000000
43744  -5.546  -62.001  18.001 0.0000000000
43745  -5.662  -61.794  17.605 0.0000000000
43746  -5.042  -61.537  17.305 0.0000000000
43747  -5.738  -61.596  17.201 0.0000000000
43748  -5.761  -61.462  16.750 0.0000000000
43749  -6.442  -61.472  17.211 0.0000000000
43751  -18.779  -58.785  16.461 0.0000000000
43817  -7.876  -57.905  11.119 0.0000000000
43818  -8.302  -57.715  10.825 0.0000000000
43819  -8.600  -58.014  11.222 0.0000000000
43820  -9.296  -58.077  11.311 0.0000000000
43821  -8.947  -58.178  11.585 0.0000000000
44304  -18.372  -57.513  8.947 0.0000000000
44305  -19.014  -57.598  8.610 0.0000000000
46019  -20.755  -60.790  18.707 0.0000000000
46140  -12.801  -62.886  23.332 0.0000000000
46141  -12.183  -63.275  22.833 0.0000000000
46142  -13.104  -62.621  23.011 0.0000000000
46143  -14.391  -60.562  21.269 0.0000000000
46144  -13.477  -61.006  21.308 0.0000000000
46145  -13.274  -60.641  21.103 0.0000000000
46146  -12.153  -60.732  20.915 0.0000000000
46147  -13.076  -60.279  20.884 0.0000000000
46148  -12.946  -59.944  20.643 0.0000000000
46149  -14.062  -59.878  20.840 0.0000000000
46150  -20.265  -60.413  19.563 0.0000000000
46151  -19.490  -59.766  19.607 0.0000000000
46152  -20.187  -60.230  19.177 0.0000000000
46153  -20.097  -60.047  18.839 0.0000000000
46992  -18.722  -54.039  6.324 0.0000000000
46993  -18.147  -53.633  6.101 0.0000000000
49670  -16.294  -50.134  2.116 0.0000000000
49672  -15.377  -49.597  1.893 0.0000000000
49674  -15.568  -49.424  1.552 0.0000000000
52508  -5.921  -63.671  20.962 0.0000000000
52509  -5.114  -63.547  21.189 0.0000000000
52510  -5.054  -63.442  20.850 0.0000000000
52525  -6.237  -60.107  14.390 0.0000000000
52526  -5.647  -59.895  13.989 0.0000000000
52527  -6.352  -59.889  13.972 0.0000000000
52528  -6.465  -59.576  13.623 0.0000000000
52529  -7.144  -59.621  14.131 0.0000000000
52530  -12.644  -58.171  18.769 0.0000000000
52531  -11.742  -58.362  18.395 0.0000000000
52532  -12.661  -57.962  18.397 0.0000000000
52533  -13.717  -57.498  15.292 0.0000000000
52534  -12.748  -57.538  15.475 0.0000000000
52535  -12.855  -57.619  14.952 0.0000000000
52536  -12.135  -57.757  14.585 0.0000000000
52537  -12.944  -57.805  14.437 0.0000000000
52538  -13.071  -58.000  13.946 0.0000000000
52539  -13.786  -57.874  14.235 0.0000000000
52727  -8.336  -52.804  7.694 0.0000000000
52728  -8.605  -52.657  7.449 0.0000000000
52729  -9.047  -53.082  7.822 0.0000000000
52730  -9.801  -53.255  8.044 0.0000000000
52731  -9.425  -53.456  8.197 0.0000000000
52732  -6.503  -54.351  9.625 0.0000000000
52733  -6.718  -54.183  9.285 0.0000000000
52734  -6.724  -54.812  9.172 0.0000000000
52735  -10.661  -56.297  10.093 0.0000000000
52736  -10.341  -55.920  9.878 0.0000000000
52737  -11.038  -55.969  10.140 0.0000000000
52738  -11.560  -55.710  10.128 0.0000000000
52739  -11.923  -56.095  10.276 0.0000000000
52740  -12.852  -56.216  10.295 0.0000000000
52741  -12.300  -56.482  10.383 0.0000000000
52742  -13.993  -58.636  10.683 0.0000000000
52743  -14.475  -58.480  10.437 0.0000000000
52744  -14.810  -58.761  10.501 0.0000000000
52745  -15.724  -58.909  10.374 0.0000000000
52746  -15.191  -59.017  10.621 0.0000000000
55741  -15.734  -61.095  23.248 0.0000000000
55742  -16.606  -60.871  23.248 0.0000000000
55743  -17.877  -60.580  22.327 0.0000000000
55744  -17.008  -60.636  22.387 0.0000000000
55745  -17.088  -60.429  22.000 0.0000000000
55746  -16.297  -60.411  21.709 0.0000000000
55747  -17.125  -60.253  21.634 0.0000000000
55748  -17.128  -60.043  21.314 0.0000000000
55749  -17.983  -60.250  21.555 0.0000000000
55750  -20.401  -61.147  21.156 0.0000000000
55751  -19.707  -60.562  21.112 0.0000000000
55752  -20.401  -60.966  20.738 0.0000000000
55753  -20.394  -60.789  20.328 0.0000000000
56589  -12.874  -52.916  7.281 0.0000000000
56590  -13.392  -52.880  7.037 0.0000000000
56591  -13.938  -53.265  7.311 0.0000000000
56592  -16.639  -54.345  7.312 0.0000000000
56593  -16.023  -53.897  7.202 0.0000000000
56594  -17.132  -54.283  7.019 0.0000000000
56595  -17.723  -54.195  6.778 0.0000000000
56596  -18.247  -54.623  6.927 0.0000000000
59267  -17.788  -52.066  4.203 0.0000000000
59268  -17.027  -51.647  3.956 0.0000000000
59269  -18.095  -51.968  3.878 0.0000000000
59271  -18.560  -51.699  3.165 0.0000000000
62108  -6.028  -62.822  19.654 0.0000000000
62109  -5.139  -62.902  19.723 0.0000000000
62110  -5.253  -62.698  19.286 0.0000000000
62111  -4.487  -61.561  18.469 0.0000000000
62112  -4.423  -61.737  18.910 0.0000000000
62118  -4.445  -60.364  17.078 0.0000000000
62122  -4.509  -59.539  16.654 0.0000000000
62124  -4.523  -60.148  16.168 0.0000000000
62125  -5.818  -61.121  15.958 0.0000000000
62126  -5.306  -60.859  15.585 0.0000000000
62127  -5.956  -60.867  15.569 0.0000000000
62128  -6.062  -60.644  15.150 0.0000000000
62129  -6.726  -60.683  15.692 0.0000000000
62130  -16.447  -57.814  17.942 0.0000000000
62131  -15.455  -57.601  17.801 0.0000000000
62132  -16.406  -57.737  17.508 0.0000000000
62133  -17.196  -57.915  16.238 0.0000000000
62134  -16.302  -57.677  16.550 0.0000000000
62135  -16.298  -57.654  16.043 0.0000000000
62136  -15.431  -57.511  15.803 0.0000000000
62137  -16.330  -57.744  15.505 0.0000000000
62138  -16.391  -57.877  14.974 0.0000000000
62139  -17.164  -58.081  15.173 0.0000000000
62330  -7.309  -51.900  8.031 0.0000000000
62331  -7.214  -52.057  8.358 0.0000000000
62332  -6.844  -56.524  9.740 0.0000000000
62333  -7.192  -56.344  9.463 0.0000000000
62334  -7.451  -56.782  9.719 0.0000000000
62335  -9.058  -57.349  10.300 0.0000000000
62336  -8.764  -57.017  9.966 0.0000000000
62337  -9.457  -57.147  10.187 0.0000000000
62338  -9.839  -56.911  10.057 0.0000000000
62339  -10.195  -57.264  10.368 0.0000000000
62340  -10.950  -57.356  10.543 0.0000000000
62341  -10.518  -57.575  10.609 0.0000000000
62342  -10.866  -58.237  11.364 0.0000000000
62343  -11.270  -58.080  10.988 0.0000000000
62344  -11.649  -58.264  11.227 0.0000000000
62345  -12.434  -58.354  11.073 0.0000000000
62346  -12.006  -58.425  11.485 0.0000000000
63789  -16.727  -55.824  8.928 0.0000000000
63790  -17.335  -55.855  8.557 0.0000000000
63791  -17.707  -56.243  8.629 0.0000000000
69300  -8.533  -65.153  23.102 0.0000000000
69301  -7.553  -65.064  22.783 0.0000000000
69302  -8.726  -64.857  22.783 0.0000000000
69303  -10.267  -63.776  22.236 0.0000000000
69304  -9.054  -64.165  22.238 0.0000000000
69305  -9.137  -63.812  21.983 0.0000000000
69306  -7.968  -63.810  21.688 0.0000000000
69307  -9.159  -63.496  21.794 0.0000000000
69308  -14.463  -61.624  22.387 0.0000000000
69309  -13.553  -62.122  22.336 0.0000000000
69310  -13.701  -61.893  21.997 0.0000000000
69311  -11.438  -61.887  21.402 0.0000000000
69312  -11.564  -62.252  21.601 0.0000000000
69313  -10.371  -62.358  21.401 0.0000000000
69314  -9.229  -62.806  21.322 0.0000000000
69315  -9.170  -62.480  21.052 0.0000000000
69316  -8.016  -62.660  20.581 0.0000000000
69317  -9.092  -62.187  20.745 0.0000000000
69318  -9.925  -61.061  20.211 0.0000000000
69319  -8.984  -61.624  20.037 0.0000000000
69320  -8.964  -61.355  19.724 0.0000000000
69321  -8.061  -61.618  19.179 0.0000000000
69322  -8.993  -61.055  19.387 0.0000000000
69323  -8.981  -60.774  18.978 0.0000000000
69324  -9.908  -60.478  19.589 0.0000000000
69325  -12.719  -59.258  20.132 0.0000000000
69326  -11.754  -59.420  19.813 0.0000000000
69327  -12.700  -58.968  19.797 0.0000000000
69328  -12.630  -58.664  19.469 0.0000000000
69329  -13.659  -58.600  19.745 0.0000000000
69330  -17.078  -59.547  20.720 0.0000000000
69331  -16.051  -59.336  20.604 0.0000000000
69332  -16.941  -59.240  20.450 0.0000000000
69333  -17.709  -58.789  19.599 0.0000000000
69334  -16.763  -58.655  19.877 0.0000000000
69335  -16.687  -58.468  19.521 0.0000000000
69336  -15.632  -58.263  19.406 0.0000000000
69337  -16.616  -58.262  19.174 0.0000000000
69338  -16.525  -58.106  18.805 0.0000000000
69339  -17.546  -58.434  18.893 0.0000000000
69340  -19.881  -59.738  18.085 0.0000000000
69341  -19.125  -59.095  18.148 0.0000000000
69342  -19.765  -59.610  17.705 0.0000000000
69343  -19.652  -59.556  17.286 0.0000000000
69541  -5.870  -55.983  10.716 0.0000000000
69542  -5.550  -57.232  11.385 0.0000000000
69543  -5.837  -57.073  10.909 0.0000000000
69544  -5.878  -57.583  11.070 0.0000000000
69545  -6.460  -57.739  10.994 0.0000000000
69546  -6.046  -58.009  11.397 0.0000000000
71847  -11.719  -51.012  5.218 0.0000000000
71851  -13.244  -51.339  5.096 0.0000000000
71852  -14.325  -52.776  6.485 0.0000000000
71853  -13.708  -52.371  6.219 0.0000000000
71854  -14.822  -52.685  6.206 0.0000000000
71855  -16.914  -52.865  5.643 0.0000000000
71856  -15.785  -52.546  5.672 0.0000000000
71857  -16.194  -52.454  5.402 0.0000000000
71858  -15.461  -52.044  5.144 0.0000000000
71859  -16.584  -52.360  5.123 0.0000000000
71860  -16.978  -52.264  4.846 0.0000000000
71861  -17.668  -52.692  5.059 0.0000000000
71867  -18.508  -55.924  7.872 0.0000000000
71868  -18.064  -55.550  7.736 0.0000000000
74718  -8.594  -66.212  24.741 0.0000000000
74724  -9.048  -65.740  23.984 0.0000000000
79885  -15.433  -50.781  3.441 0.0000000000
79886  -14.296  -50.385  3.465 0.0000000000
79887  -14.591  -50.271  3.169 0.0000000000
88406  -4.320  -62.458  22.051 0.0000000000
88411  -4.163  -62.170  20.352 0.0000000000
88412  -4.203  -62.301  20.820 0.0000000000
88464  -5.109  -58.543  12.798 0.0000000000
88465  -6.740  -59.060  12.930 0.0000000000
88466  -6.162  -58.903  12.507 0.0000000000
88467  -6.865  -58.796  12.579 0.0000000000
88468  -7.078  -58.513  12.140 0.0000000000
88469  -7.689  -58.590  12.619 0.0000000000
88470  -9.018  -60.305  18.264 0.0000000000
88471  -8.160  -60.656  17.654 0.0000000000
88472  -9.018  -60.108  17.913 0.0000000000
88473  -9.983  -59.018  17.418 0.0000000000
88474  -9.130  -59.597  17.225 0.0000000000
88475  -9.147  -59.370  16.839 0.0000000000
88476  -8.402  -59.706  16.234 0.0000000000
88477  -9.197  -59.135  16.439 0.0000000000
88478  -13.516  -57.468  17.316 0.0000000000
88479  -12.594  -57.655  17.449 0.0000000000
88480  -12.614  -57.563  16.982 0.0000000000
88481  -11.042  -57.909  15.642 0.0000000000
88482  -10.936  -57.994  16.127 0.0000000000
88483  -10.229  -58.249  15.647 0.0000000000
88484  -9.430  -58.700  15.578 0.0000000000
88485  -9.519  -58.542  15.129 0.0000000000
88486  -8.884  -58.850  14.530 0.0000000000
88487  -9.689  -58.427  14.640 0.0000000000
88488  -10.825  -58.203  13.662 0.0000000000
88489  -9.990  -58.320  13.667 0.0000000000
88490  -10.103  -58.317  13.188 0.0000000000
88491  -9.433  -58.385  12.742 0.0000000000
88492  -10.211  -58.355  12.764 0.0000000000
88493  -10.283  -58.365  12.371 0.0000000000
88494  -11.018  -58.349  12.789 0.0000000000
88495  -13.323  -58.400  12.954 0.0000000000
88496  -12.568  -58.459  12.680 0.0000000000
88497  -13.335  -58.562  12.457 0.0000000000
88498  -13.392  -58.743  11.955 0.0000000000
88499  -14.068  -58.789  12.203 0.0000000000
88500  -16.343  -58.255  13.904 0.0000000000
88501  -15.546  -58.203  13.718 0.0000000000
88502  -16.371  -58.516  13.389 0.0000000000
88503  -17.106  -59.529  11.919 0.0000000000
88504  -16.387  -59.113  12.296 0.0000000000
88505  -16.358  -59.414  11.746 0.0000000000
88506  -15.591  -59.281  11.599 0.0000000000
88507  -16.387  -59.593  11.229 0.0000000000
88508  -16.562  -59.620  10.728 0.0000000000
88509  -17.216  -59.954  10.858 0.0000000000
89065  -9.146  -52.289  6.954 0.0000000000
89066  -8.690  -51.803  6.649 0.0000000000
89067  -9.443  -52.060  6.718 0.0000000000
89068  -9.743  -51.858  6.504 0.0000000000
89069  -10.243  -52.241  6.914 0.0000000000
89070  -11.112  -52.437  7.083 0.0000000000
89071  -10.772  -52.644  7.326 0.0000000000
89072  -11.462  -53.571  8.504 0.0000000000
89073  -11.893  -53.400  8.217 0.0000000000
89074  -12.328  -53.772  8.608 0.0000000000
89075  -13.206  -54.009  8.587 0.0000000000
89076  -12.785  -54.135  8.965 0.0000000000
89080  -7.176  -53.888  8.686 0.0000000000
89081  -7.058  -53.192  8.766 0.0000000000
89082  -7.365  -53.646  8.424 0.0000000000
89083  -7.585  -53.367  8.194 0.0000000000
89084  -7.879  -53.940  8.355 0.0000000000
89085  -7.946  -55.851  9.125 0.0000000000
89086  -7.708  -55.423  8.913 0.0000000000
89087  -8.345  -55.595  9.053 0.0000000000
89088  -9.775  -55.066  9.371 0.0000000000
89089  -9.161  -54.992  9.035 0.0000000000
89090  -9.495  -54.661  9.101 0.0000000000
89091  -9.137  -54.250  8.757 0.0000000000
89092  -9.844  -54.401  9.126 0.0000000000
89093  -10.201  -54.157  9.043 0.0000000000
89094  -10.540  -54.544  9.429 0.0000000000
89095  -12.579  -55.231  9.941 0.0000000000
89096  -12.179  -54.851  9.746 0.0000000000
89097  -13.100  -55.028  9.726 0.0000000000
89098  -13.644  -54.864  9.397 0.0000000000
89099  -14.013  -55.234  9.600 0.0000000000
89100  -14.933  -55.427  9.444 0.0000000000
89101  -14.434  -55.597  9.753 0.0000000000
89102  -14.735  -56.563  10.052 0.0000000000
89103  -15.281  -56.338  9.843 0.0000000000
89104  -15.679  -56.734  9.876 0.0000000000
89105  -16.585  -56.933  9.635 0.0000000000
89106  -16.093  -57.135  9.875 0.0000000000
89107  -12.580  -57.474  10.513 0.0000000000
89108  -13.039  -57.209  10.379 0.0000000000
89109  -13.408  -57.531  10.384 0.0000000000
89110  -15.675  -58.151  10.204 0.0000000000
89111  -15.236  -57.811  10.188 0.0000000000
89112  -16.228  -57.995  10.030 0.0000000000
89113  -16.806  -57.848  9.819 0.0000000000
89114  -17.169  -58.210  9.779 0.0000000000
89115  -18.086  -58.456  9.424 0.0000000000
89116  -17.565  -58.562  9.668 0.0000000000
89117  -17.565  -59.353  9.896 0.0000000000
89118  -18.130  -59.282  9.621 0.0000000000
93348  -18.311  -61.064  23.491 0.0000000000
93349  -17.564  -60.842  23.178 0.0000000000
93350  -18.514  -60.915  23.080 0.0000000000
93351  -18.632  -60.823  22.594 0.0000000000
93352  -18.743  -60.664  22.175 0.0000000000
93353  -18.798  -60.472  21.742 0.0000000000
93354  -19.531  -60.878  21.912 0.0000000000
93355  -20.298  -61.271  21.589 0.0000000000
93858  -14.002  -53.662  7.879 0.0000000000
93859  -14.508  -53.619  7.594 0.0000000000
93860  -15.031  -53.989  7.855 0.0000000000
93861  -16.060  -54.365  7.685 0.0000000000
93862  -17.155  -54.755  7.446 0.0000000000
95465  -19.737  -52.761  3.900 0.0000000000
95466  -19.059  -52.295  3.718 0.0000000000
97169  -6.181  -62.363  18.858 0.0000000000
97170  -5.297  -62.543  18.837 0.0000000000
97171  -5.465  -62.238  18.444 0.0000000000
97172  -4.916  -61.893  18.152 0.0000000000
97173  -4.493  -61.375  18.033 0.0000000000
97174  -4.348  -60.732  17.989 0.0000000000
97175  -4.558  -61.199  17.592 0.0000000000
97176  -4.627  -61.068  17.110 0.0000000000
97177  -4.717  -60.887  16.681 0.0000000000
97178  -4.719  -60.768  16.254 0.0000000000
97179  -5.182  -61.246  16.419 0.0000000000
97180  -5.823  -61.258  16.387 0.0000000000
97181  -6.576  -61.125  16.463 0.0000000000
97182  -18.195  -58.351  17.303 0.0000000000
97183  -17.279  -57.936  17.199 0.0000000000
97184  -18.082  -58.329  16.827 0.0000000000
97185  -18.057  -58.303  16.340 0.0000000000
97186  -17.967  -58.345  15.835 0.0000000000
97187  -17.962  -58.421  15.315 0.0000000000
97188  -18.642  -58.806  15.428 0.0000000000
97303  -7.295  -57.284  10.365 0.0000000000
97304  -7.725  -57.089  10.057 0.0000000000
97305  -8.002  -57.402  10.437 0.0000000000
97306  -8.679  -57.520  10.536 0.0000000000
97307  -9.358  -57.661  10.672 0.0000000000
97308  -10.085  -57.778  10.802 0.0000000000
97309  -9.671  -57.972  11.067 0.0000000000
97310  -10.072  -58.147  11.362 0.0000000000
97311  -10.453  -58.282  11.647 0.0000000000
98178  -17.537  -56.655  8.990 0.0000000000
98179  -18.194  -56.715  8.596 0.0000000000
98180  -18.614  -57.163  8.608 0.0000000000
101267  -20.530  -60.476  17.975 0.0000000000
101484  -10.940  -64.210  23.020 0.0000000000
101485  -9.983  -64.426  22.758 0.0000000000
101486  -11.139  -63.882  22.760 0.0000000000
101487  -11.299  -63.610  22.483 0.0000000000
101488  -11.435  -63.273  22.237 0.0000000000
101489  -14.637  -61.168  21.742 0.0000000000
101490  -13.735  -61.654  21.717 0.0000000000
101491  -13.620  -61.344  21.497 0.0000000000
101492  -12.489  -61.457  21.346 0.0000000000
101493  -11.337  -61.547  21.170 0.0000000000
101494  -10.157  -61.681  20.846 0.0000000000
101495  -11.191  -61.189  20.889 0.0000000000
101496  -11.054  -60.855  20.623 0.0000000000
101497  -10.937  -60.541  20.313 0.0000000000
101498  -10.850  -60.234  20.030 0.0000000000
101499  -11.897  -60.037  20.381 0.0000000000
101500  -12.820  -59.599  20.384 0.0000000000
101501  -13.733  -59.205  20.322 0.0000000000
101502  -18.828  -59.641  20.278 0.0000000000
101503  -17.848  -59.249  20.239 0.0000000000
101504  -18.710  -59.428  19.952 0.0000000000
101505  -18.646  -59.225  19.625 0.0000000000
101506  -18.634  -59.000  19.309 0.0000000000
101507  -18.507  -58.864  18.917 0.0000000000
101508  -19.361  -59.399  18.905 0.0000000000
101509  -20.000  -59.855  18.498 0.0000000000
101628  -5.736  -56.098  11.242 0.0000000000
101630  -5.430  -56.800  11.828 0.0000000000
101631  -5.311  -57.341  11.917 0.0000000000
103014  -11.321  -51.073  5.416 0.0000000000
103015  -12.399  -51.484  5.546 0.0000000000
103016  -16.609  -53.421  6.374 0.0000000000
103017  -15.975  -53.008  6.167 0.0000000000
103018  -17.119  -53.340  6.135 0.0000000000
103019  -17.588  -53.257  5.889 0.0000000000
103020  -18.009  -53.170  5.627 0.0000000000
103021  -18.372  -53.076  5.329 0.0000000000
103022  -19.014  -53.477  5.524 0.0000000000
104737  -9.643  -65.692  24.711 0.0000000000
104738  -9.837  -65.453  24.347 0.0000000000
107836  -15.967  -50.515  2.772 0.0000000000
112946  -5.854  -64.108  21.714 0.0000000000
112947  -4.997  -63.964  21.885 0.0000000000
112948  -5.019  -63.784  21.508 0.0000000000
112949  -4.567  -63.130  21.554 0.0000000000
112950  -4.312  -62.422  21.621 0.0000000000
112977  -4.999  -59.947  14.579 0.0000000000
112979  -5.089  -59.779  14.137 0.0000000000
112980  -5.213  -59.534  13.733 0.0000000000
112981  -5.281  -59.363  13.258 0.0000000000
112982  -5.420  -59.113  12.913 0.0000000000
112983  -5.885  -59.419  13.204 0.0000000000
112984  -6.591  -59.351  13.268 0.0000000000
112985  -7.417  -59.104  13.397 0.0000000000
112986  -10.827  -59.129  18.689 0.0000000000
112987  -9.936  -59.496  18.150 0.0000000000
112988  -10.844  -58.881  18.339 0.0000000000
112989  -10.840  -58.673  17.938 0.0000000000
112990  -10.813  -58.444  17.569 0.0000000000
112991  -13.567  -57.389  16.321 0.0000000000
112992  -12.659  -57.505  16.498 0.0000000000
112993  -12.675  -57.501  15.990 0.0000000000
112994  -11.853  -57.644  15.604 0.0000000000
112995  -11.161  -57.880  15.124 0.0000000000
112996  -10.527  -58.096  14.662 0.0000000000
112997  -11.320  -57.914  14.635 0.0000000000
112998  -11.437  -57.993  14.170 0.0000000000
112999  -11.608  -58.117  13.670 0.0000000000
113000  -11.683  -58.245  13.242 0.0000000000
113001  -12.444  -58.102  13.589 0.0000000000
113002  -13.254  -58.200  13.449 0.0000000000
113003  -14.040  -58.331  13.235 0.0000000000
113004  -17.885  -59.081  13.139 0.0000000000
113005  -17.134  -58.891  13.006 0.0000000000
113344  -8.855  -52.494  7.190 0.0000000000
113345  -9.656  -52.697  7.361 0.0000000000
113346  -10.503  -52.868  7.579 0.0000000000
113347  -10.168  -53.061  7.827 0.0000000000
113348  -10.642  -53.412  8.326 0.0000000000
113349  -11.018  -53.749  8.754 0.0000000000
113351  -6.837  -52.766  9.638 0.0000000000
113352  -6.768  -53.475  9.431 0.0000000000
113353  -6.930  -54.062  8.945 0.0000000000
113354  -7.305  -54.487  8.678 0.0000000000
113355  -9.241  -56.141  9.488 0.0000000000
113356  -8.995  -55.739  9.263 0.0000000000
113357  -9.643  -55.847  9.592 0.0000000000
113358  -10.039  -55.518  9.629 0.0000000000
113359  -10.441  -55.185  9.678 0.0000000000
113360  -10.838  -54.950  9.742 0.0000000000
113361  -11.225  -55.310  9.955 0.0000000000
113362  -12.076  -55.454  10.076 0.0000000000
113363  -12.941  -55.608  10.098 0.0000000000
113364  -13.891  -55.782  10.004 0.0000000000
113365  -13.353  -55.983  10.169 0.0000000000
113366  -13.799  -56.371  10.191 0.0000000000
113367  -14.160  -56.787  10.193 0.0000000000
113368  -13.272  -58.088  10.531 0.0000000000
113369  -13.752  -57.874  10.397 0.0000000000
113370  -14.149  -58.192  10.404 0.0000000000
113371  -15.079  -58.339  10.283 0.0000000000
113372  -15.973  -58.470  10.162 0.0000000000
113373  -16.872  -58.653  9.965 0.0000000000
113374  -16.286  -58.785  10.163 0.0000000000
113375  -16.622  -59.095  10.194 0.0000000000
113376  -16.971  -59.412  10.122 0.0000000000
115401  -19.191  -58.387  8.874 0.0000000000
117803  -20.960  -61.144  19.470 0.0000000000
117805  -21.494  -61.869  19.183 0.0000000000
117972  -14.649  -61.670  23.641 0.0000000000
117973  -14.031  -62.010  23.186 0.0000000000
117974  -14.908  -61.502  23.213 0.0000000000
117975  -15.149  -61.317  22.792 0.0000000000
117976  -15.301  -61.160  22.437 0.0000000000
117977  -16.821  -60.761  22.813 0.0000000000
117978  -16.133  -60.814  22.433 0.0000000000
117979  -15.443  -60.942  22.090 0.0000000000
117980  -15.485  -60.698  21.775 0.0000000000
117981  -15.416  -60.479  21.467 0.0000000000
117982  -15.296  -60.182  21.212 0.0000000000
117983  -15.178  -59.854  20.991 0.0000000000
117984  -16.200  -59.906  21.133 0.0000000000
117985  -17.117  -59.797  21.006 0.0000000000
117986  -18.042  -59.768  20.841 0.0000000000
117987  -18.853  -60.348  21.356 0.0000000000
117988  -18.948  -60.147  20.981 0.0000000000
117989  -18.875  -59.921  20.616 0.0000000000
117990  -19.654  -60.191  20.335 0.0000000000
117991  -20.339  -60.628  19.928 0.0000000000
119160  -11.670  -52.037  6.517 0.0000000000
119161  -12.190  -52.042  6.351 0.0000000000
119162  -12.802  -52.469  6.682 0.0000000000
119163  -13.894  -52.833  6.783 0.0000000000
119164  -14.935  -53.170  6.724 0.0000000000
119165  -14.987  -53.605  7.291 0.0000000000
119166  -15.491  -53.547  6.972 0.0000000000
119167  -16.037  -53.478  6.657 0.0000000000
119168  -17.152  -53.802  6.586 0.0000000000
119169  -18.260  -54.114  6.546 0.0000000000
119170  -19.298  -54.465  6.477 0.0000000000
122909  -15.577  -51.444  4.294 0.0000000000
122910  -14.812  -50.986  4.022 0.0000000000
122911  -15.952  -51.362  4.002 0.0000000000
122912  -16.225  -51.233  3.695 0.0000000000
122913  -16.535  -51.100  3.362 0.0000000000
122914  -18.360  -51.872  3.515 0.0000000000
122915  -17.598  -51.423  3.291 0.0000000000
122916  -16.822  -50.968  3.025 0.0000000000
122917  -16.991  -50.840  2.699 0.0000000000
122918  -17.184  -50.638  2.372 0.0000000000
126887  -5.994  -63.277  20.349 0.0000000000
126888  -5.103  -63.254  20.497 0.0000000000
126889  -5.065  -63.089  20.106 0.0000000000
126890  -4.476  -62.662  19.939 0.0000000000
126891  -4.225  -62.030  19.871 0.0000000000
126892  -4.705  -62.343  19.026 0.0000000000
126893  -4.318  -61.904  19.382 0.0000000000
126912  -4.815  -60.587  15.813 0.0000000000
126913  -4.866  -60.388  15.364 0.0000000000
126914  -4.902  -60.176  14.960 0.0000000000
126915  -5.442  -60.379  14.788 0.0000000000
126916  -6.163  -60.378  14.788 0.0000000000
126917  -6.950  -60.133  14.911 0.0000000000
126918  -14.485  -57.761  18.457 0.0000000000
126919  -13.592  -57.727  18.237 0.0000000000
126920  -14.503  -57.590  18.047 0.0000000000
126921  -14.483  -57.476  17.599 0.0000000000
126922  -14.462  -57.400  17.112 0.0000000000
126923  -16.310  -57.705  17.054 0.0000000000
126924  -15.407  -57.485  16.829 0.0000000000
126925  -14.487  -57.360  16.602 0.0000000000
126926  -14.522  -57.381  16.087 0.0000000000
126927  -14.585  -57.457  15.565 0.0000000000
126928  -14.620  -57.572  15.047 0.0000000000
126929  -14.630  -57.765  14.511 0.0000000000
126930  -15.543  -57.771  14.751 0.0000000000
126931  -16.362  -58.035  14.434 0.0000000000
126932  -17.135  -58.393  14.086 0.0000000000
126933  -17.935  -58.519  14.777 0.0000000000
126934  -17.913  -58.667  14.239 0.0000000000
126935  -17.954  -58.845  13.679 0.0000000000
127199  -7.738  -52.383  7.776 0.0000000000
127200  -8.067  -52.962  7.896 0.0000000000
127201  -6.514  -55.563  9.526 0.0000000000
127202  -6.824  -55.356  9.230 0.0000000000
127203  -6.978  -55.861  9.325 0.0000000000
127204  -7.529  -56.058  9.244 0.0000000000
127205  -8.195  -56.268  9.352 0.0000000000
127206  -8.099  -56.885  9.822 0.0000000000
127207  -8.465  -56.663  9.616 0.0000000000
127208  -8.853  -56.432  9.498 0.0000000000
127209  -9.509  -56.527  9.748 0.0000000000
127210  -10.237  -56.616  10.029 0.0000000000
127211  -10.977  -56.681  10.324 0.0000000000
127212  -11.806  -56.776  10.413 0.0000000000
127213  -11.375  -57.067  10.457 0.0000000000
127214  -11.760  -57.400  10.550 0.0000000000
127215  -12.136  -57.698  10.598 0.0000000000
127216  -10.847  -57.849  10.834 0.0000000000
127217  -11.682  -57.909  10.762 0.0000000000
127218  -12.469  -58.015  10.688 0.0000000000
127219  -12.842  -58.290  10.732 0.0000000000
127220  -13.205  -58.514  10.866 0.0000000000
127221  -13.581  -58.727  11.072 0.0000000000
129183  -15.846  -55.071  8.741 0.0000000000
129184  -16.450  -55.098  8.359 0.0000000000
129185  -16.891  -55.457  8.488 0.0000000000
129186  -17.914  -55.872  8.199 0.0000000000
129188  -18.828  -56.785  8.261 0.0000000000
136168  -6.732  -64.702  22.208 0.0000000000
136169  -8.931  -64.488  22.491 0.0000000000
136170  -7.867  -64.459  22.216 0.0000000000
136171  -6.829  -64.335  21.951 0.0000000000
136172  -6.865  -64.049  21.665 0.0000000000
136173  -6.887  -63.796  21.347 0.0000000000
136174  -6.992  -63.502  21.054 0.0000000000
136175  -13.430  -62.334  22.692 0.0000000000
136176  -12.561  -62.662  22.284 0.0000000000
136177  -11.560  -62.926  22.023 0.0000000000
136178  -12.706  -62.105  21.756 0.0000000000
136179  -11.614  -62.605  21.801 0.0000000000
136180  -10.409  -63.113  21.839 0.0000000000
136181  -9.221  -63.198  21.581 0.0000000000
136182  -8.111  -63.216  21.187 0.0000000000
136183  -7.072  -63.260  20.779 0.0000000000
136184  -6.985  -63.032  20.430 0.0000000000
136185  -6.933  -62.805  20.069 0.0000000000
136186  -6.978  -62.548  19.705 0.0000000000
136187  -9.002  -61.877  20.406 0.0000000000
136188  -7.966  -62.138  19.860 0.0000000000
136189  -7.026  -62.307  19.337 0.0000000000
136190  -7.091  -62.080  18.976 0.0000000000
136191  -7.157  -61.781  18.576 0.0000000000
136192  -7.187  -61.531  18.146 0.0000000000
136193  -7.250  -61.342  17.781 0.0000000000
136194  -8.101  -61.086  18.369 0.0000000000
136195  -8.998  -60.523  18.614 0.0000000000
136196  -9.932  -59.929  18.869 0.0000000000
136197  -10.845  -59.931  19.721 0.0000000000
136198  -10.853  -59.609  19.424 0.0000000000
136199  -10.823  -59.364  19.054 0.0000000000
136200  -11.710  -58.840  19.133 0.0000000000
136201  -12.604  -58.412  19.139 0.0000000000
136202  -13.532  -58.123  19.035 0.0000000000
136203  -15.079  -59.525  20.744 0.0000000000
136204  -14.906  -59.209  20.475 0.0000000000
136205  -14.754  -58.899  20.200 0.0000000000
136206  -16.822  -58.928  20.190 0.0000000000
136207  -15.762  -58.708  20.076 0.0000000000
136208  -14.688  -58.617  19.903 0.0000000000
136209  -14.621  -58.358  19.583 0.0000000000
136210  -14.538  -58.108  19.235 0.0000000000
136211  -14.512  -57.927  18.859 0.0000000000
136212  -15.462  -57.874  18.623 0.0000000000
136213  -16.447  -57.959  18.374 0.0000000000
136214  -17.378  -58.115  18.137 0.0000000000
136215  -18.410  -58.699  18.567 0.0000000000
136216  -18.283  -58.551  18.176 0.0000000000
136217  -18.210  -58.429  17.775 0.0000000000
136218  -18.966  -58.897  17.352 0.0000000000
136219  -19.554  -59.501  16.854 0.0000000000
136467  -6.294  -55.108  9.928 0.0000000000
136468  -6.276  -55.680  9.878 0.0000000000
136469  -6.325  -56.226  9.900 0.0000000000
136470  -6.495  -56.698  10.048 0.0000000000
136471  -5.842  -56.533  10.797 0.0000000000
136472  -6.154  -56.902  10.447 0.0000000000
136473  -6.686  -57.131  10.334 0.0000000000
136474  -6.888  -57.517  10.648 0.0000000000
136475  -7.106  -57.811  10.984 0.0000000000
136476  -7.392  -58.069  11.420 0.0000000000
139340  -12.647  -52.004  6.150 0.0000000000
139341  -13.058  -51.928  5.908 0.0000000000
139342  -13.515  -51.853  5.646 0.0000000000
139343  -15.322  -52.604  5.936 0.0000000000
139344  -14.637  -52.199  5.685 0.0000000000
139345  -13.945  -51.773  5.373 0.0000000000
139346  -14.354  -51.701  5.121 0.0000000000
139347  -14.740  -51.642  4.887 0.0000000000
139348  -15.162  -51.529  4.578 0.0000000000
139349  -16.287  -51.860  4.561 0.0000000000
139350  -17.404  -52.152  4.514 0.0000000000
139351  -18.464  -52.446  4.418 0.0000000000
139352  -18.744  -52.968  4.993 0.0000000000
139358  -17.041  -55.136  7.950 0.0000000000
139359  -17.618  -55.156  7.587 0.0000000000
139360  -18.186  -55.103  7.317 0.0000000000
139362  -19.247  -55.480  7.241 0.0000000000
139363  -18.761  -55.048  7.083 0.0000000000
139364  -19.330  -55.019  6.883 0.0000000000
142849  -8.337  -65.466  23.396 0.0000000000
142850  -9.520  -65.116  23.323 0.0000000000
142851  -10.080  -65.205  23.987 0.0000000000
142852  -10.354  -64.887  23.672 0.0000000000
142853  -10.657  -64.528  23.342 0.0000000000
142854  -11.616  -63.885  23.479 0.0000000000
142855  -12.493  -63.175  23.647 0.0000000000
142856  -13.408  -62.468  23.837 0.0000000000
142872  -19.034  -61.447  23.689 0.0000000000
159342  -4.492  -62.984  20.798 0.0000000000
159343  -4.231  -62.383  21.219 0.0000000000
159406  -5.154  -57.588  12.311 0.0000000000
159407  -5.371  -58.025  11.943 0.0000000000
159408  -5.516  -58.862  12.516 0.0000000000
159409  -5.722  -58.565  12.142 0.0000000000
159410  -5.883  -58.275  11.764 0.0000000000
159411  -6.556  -58.331  11.692 0.0000000000
159412  -7.260  -58.304  11.754 0.0000000000
159413  -8.020  -58.271  11.850 0.0000000000
159414  -7.299  -61.128  17.411 0.0000000000
159415  -7.374  -60.931  17.055 0.0000000000
159416  -7.412  -60.685  16.684 0.0000000000
159417  -9.068  -59.854  17.556 0.0000000000
159418  -8.253  -60.159  16.940 0.0000000000
159419  -7.482  -60.471  16.338 0.0000000000
159420  -7.590  -60.230  15.964 0.0000000000
159421  -7.709  -59.987  15.556 0.0000000000
159422  -7.787  -59.719  15.156 0.0000000000
159423  -12.638  -57.805  17.913 0.0000000000
159424  -11.693  -58.007  17.529 0.0000000000
159425  -10.811  -58.295  17.074 0.0000000000
159426  -11.752  -57.750  16.588 0.0000000000
159427  -10.852  -58.135  16.605 0.0000000000
159428  -10.008  -58.614  16.543 0.0000000000
159429  -9.330  -58.900  15.998 0.0000000000
159430  -8.626  -59.224  15.428 0.0000000000
159431  -7.893  -59.488  14.746 0.0000000000
159432  -8.023  -59.259  14.354 0.0000000000
159433  -8.152  -59.042  13.932 0.0000000000
159434  -8.287  -58.842  13.508 0.0000000000
159435  -9.848  -58.306  14.184 0.0000000000
159436  -9.135  -58.538  13.598 0.0000000000
159437  -8.393  -58.607  13.087 0.0000000000
159438  -8.559  -58.481  12.689 0.0000000000
159439  -8.726  -58.375  12.284 0.0000000000
159440  -8.815  -58.295  11.917 0.0000000000
159441  -9.588  -58.298  11.977 0.0000000000
159442  -10.355  -58.364  11.972 0.0000000000
159443  -11.144  -58.420  11.958 0.0000000000
159444  -11.795  -58.387  12.795 0.0000000000
159445  -11.874  -58.491  12.320 0.0000000000
159446  -11.906  -58.502  11.862 0.0000000000
159447  -12.705  -58.626  11.701 0.0000000000
159448  -13.477  -58.806  11.483 0.0000000000
159449  -14.211  -58.967  11.219 0.0000000000
159450  -14.684  -57.979  14.011 0.0000000000
159451  -14.758  -58.214  13.500 0.0000000000
159452  -14.796  -58.496  12.964 0.0000000000
159453  -16.370  -58.806  12.842 0.0000000000
159454  -15.599  -58.755  12.652 0.0000000000
159455  -14.816  -58.790  12.444 0.0000000000
159456  -14.823  -59.039  11.932 0.0000000000
159457  -14.878  -59.170  11.381 0.0000000000
159458  -15.007  -59.137  10.941 0.0000000000
159459  -15.837  -59.288  10.689 0.0000000000
159460  -16.737  -59.535  10.396 0.0000000000
160129  -8.077  -51.388  6.868 0.0000000000
160134  -10.828  -51.802  6.381 0.0000000000
160135  -11.447  -52.244  6.796 0.0000000000
160136  -12.013  -52.670  7.245 0.0000000000
160137  -12.558  -53.073  7.629 0.0000000000
160138  -11.347  -53.032  7.769 0.0000000000
160139  -12.238  -53.227  7.899 0.0000000000
160140  -13.115  -53.456  7.933 0.0000000000
160141  -13.640  -53.840  8.243 0.0000000000
160142  -14.072  -54.190  8.514 0.0000000000
160143  -14.517  -54.546  8.739 0.0000000000
160145  -6.996  -51.149  9.911 0.0000000000
160146  -6.988  -51.680  9.245 0.0000000000
160147  -6.929  -52.644  9.272 0.0000000000
160148  -6.986  -52.391  8.969 0.0000000000
160149  -7.104  -52.238  8.658 0.0000000000
160150  -7.351  -52.780  8.180 0.0000000000
160151  -7.845  -53.150  8.093 0.0000000000
160152  -8.458  -53.477  8.144 0.0000000000
160153  -7.151  -55.173  8.965 0.0000000000
160154  -7.489  -55.019  8.741 0.0000000000
160155  -7.864  -54.744  8.668 0.0000000000
160156  -8.756  -55.316  9.039 0.0000000000
160157  -8.502  -54.889  8.807 0.0000000000
160158  -8.198  -54.453  8.568 0.0000000000
160159  -8.479  -54.152  8.472 0.0000000000
160160  -8.802  -53.867  8.435 0.0000000000
160161  -9.121  -53.656  8.353 0.0000000000
160162  -9.836  -53.804  8.629 0.0000000000
160163  -10.591  -53.954  8.908 0.0000000000
160164  -11.435  -54.097  9.122 0.0000000000
160165  -11.298  -54.675  9.633 0.0000000000
160166  -11.816  -54.461  9.450 0.0000000000
160167  -12.343  -54.286  9.252 0.0000000000
160168  -13.235  -54.497  9.212 0.0000000000
160169  -14.097  -54.701  9.080 0.0000000000
160170  -14.972  -54.895  8.943 0.0000000000
160171  -15.393  -55.209  9.122 0.0000000000
160172  -15.850  -55.587  9.227 0.0000000000
160173  -16.276  -55.965  9.288 0.0000000000
160174  -14.872  -55.960  9.814 0.0000000000
160175  -15.862  -56.119  9.590 0.0000000000
160176  -16.696  -56.354  9.316 0.0000000000
160177  -17.038  -56.749  9.351 0.0000000000
160178  -17.492  -57.190  9.359 0.0000000000
160179  -17.837  -57.620  9.281 0.0000000000
160180  -12.664  -56.898  10.395 0.0000000000
160181  -13.591  -56.998  10.297 0.0000000000
160182  -14.536  -57.141  10.209 0.0000000000
160183  -14.286  -57.657  10.291 0.0000000000
160184  -14.878  -57.478  10.203 0.0000000000
160185  -15.535  -57.324  10.074 0.0000000000
160186  -16.450  -57.492  9.856 0.0000000000
160187  -17.294  -57.680  9.608 0.0000000000
160188  -18.241  -58.022  9.214 0.0000000000
160189  -18.628  -58.399  9.153 0.0000000000
160190  -18.971  -58.753  9.123 0.0000000000
160191  -19.321  -59.227  9.085 0.0000000000
160192  -17.824  -58.922  9.636 0.0000000000
160193  -18.725  -59.249  9.338 0.0000000000
