#!ascii label  , from subject fsaverage vox2ras=TkReg
1092
35  -4.069  -33.382  30.507 0.0000000000
317  -7.021  -22.535  31.226 0.0000000000
449  -11.146  -45.022  2.080 0.0000000000
596  -7.652  -49.798  11.743 0.0000000000
797  -5.801  -28.262  30.487 0.0000000000
799  -8.028  -33.892  29.459 0.0000000000
800  -8.707  -38.931  27.427 0.0000000000
986  -10.357  -46.327  4.283 0.0000000000
1322  -7.693  -47.456  20.380 0.0000000000
1324  -6.079  -50.376  14.580 0.0000000000
1527  -11.029  -51.608  6.130 0.0000000000
1528  -14.436  -51.076  4.318 0.0000000000
1723  -7.124  -16.584  31.297 0.0000000000
1730  -8.713  -43.504  24.485 0.0000000000
1950  -5.981  -5.126  32.519 0.0000000000
1953  -5.279  -11.860  32.700 0.0000000000
1954  -4.235  -18.157  32.280 0.0000000000
2424  -8.876  -48.627  9.301 0.0000000000
2717  -4.738  -30.781  30.073 0.0000000000
2718  -7.270  -31.003  30.196 0.0000000000
2719  -5.622  -33.562  29.355 0.0000000000
2720  -6.098  -36.003  28.718 0.0000000000
2721  -4.095  -35.656  29.402 0.0000000000
2906  -10.001  -46.691  5.620 0.0000000000
3242  -5.074  -48.355  19.096 0.0000000000
3243  -6.344  -48.700  17.374 0.0000000000
3832  -7.148  -19.512  31.362 0.0000000000
3834  -7.840  -22.298  30.196 0.0000000000
3842  -6.945  -40.771  26.883 0.0000000000
3843  -8.831  -41.245  26.048 0.0000000000
3844  -7.090  -43.054  25.550 0.0000000000
3845  -6.780  -45.104  23.887 0.0000000000
4288  -4.028  -9.663  33.259 0.0000000000
4290  -4.652  -15.052  32.463 0.0000000000
4394  -12.946  -43.672  3.141 0.0000000000
4396  -11.632  -44.129  1.084 0.0000000000
5412  -8.337  -47.790  13.003 0.0000000000
5414  -8.376  -49.269  10.542 0.0000000000
5415  -7.591  -50.951  7.686 0.0000000000
6043  -6.627  -25.486  30.927 0.0000000000
6044  -8.169  -25.315  30.321 0.0000000000
6045  -8.011  -28.162  30.450 0.0000000000
6046  -8.731  -31.106  29.663 0.0000000000
6047  -8.920  -34.216  28.599 0.0000000000
6049  -8.405  -36.475  28.555 0.0000000000
6050  -6.549  -38.463  27.848 0.0000000000
6382  -10.811  -45.765  3.109 0.0000000000
6991  -7.737  -48.919  15.909 0.0000000000
6992  -6.884  -50.179  13.131 0.0000000000
6993  -6.853  -52.191  10.311 0.0000000000
7401  -8.794  -49.280  5.430 0.0000000000
7402  -10.050  -49.283  4.238 0.0000000000
7879  -8.387  -45.610  22.631 0.0000000000
7880  -6.068  -46.847  21.763 0.0000000000
8448  -6.520  -7.533  31.805 0.0000000000
8455  -4.368  -6.216  33.192 0.0000000000
8456  -5.714  -8.555  32.747 0.0000000000
8457  -6.559  -10.885  32.071 0.0000000000
8458  -6.370  -14.160  32.126 0.0000000000
8459  -5.970  -17.297  31.980 0.0000000000
8460  -5.589  -20.328  31.694 0.0000000000
8463  -5.169  -23.205  31.360 0.0000000000
8464  -4.603  -25.975  31.078 0.0000000000
8594  -11.266  -48.896  3.341 0.0000000000
8595  -12.132  -48.326  2.261 0.0000000000
8596  -12.583  -47.434  1.144 0.0000000000
9828  -9.397  -47.882  8.180 0.0000000000
9829  -8.147  -50.180  6.456 0.0000000000
10397  -4.280  -32.055  30.204 0.0000000000
10398  -5.262  -32.161  29.747 0.0000000000
10399  -4.517  -33.438  29.613 0.0000000000
10400  -4.657  -34.584  29.199 0.0000000000
10401  -4.053  -34.490  29.884 0.0000000000
10586  -9.881  -46.861  6.280 0.0000000000
10922  -4.741  -49.405  18.799 0.0000000000
10923  -5.069  -49.358  17.699 0.0000000000
11512  -7.125  -21.062  31.311 0.0000000000
11513  -7.640  -20.916  30.791 0.0000000000
11514  -7.705  -22.362  30.824 0.0000000000
11522  -5.826  -41.679  26.655 0.0000000000
11523  -7.058  -41.918  26.279 0.0000000000
11524  -5.879  -42.857  26.067 0.0000000000
11525  -5.895  -43.933  25.372 0.0000000000
11526  -5.088  -44.035  26.220 0.0000000000
12072  -11.886  -44.879  3.243 0.0000000000
12074  -12.157  -44.516  2.707 0.0000000000
12075  -12.436  -44.145  2.134 0.0000000000
12076  -11.376  -44.581  1.564 0.0000000000
13090  -8.229  -49.194  13.240 0.0000000000
13091  -8.489  -48.183  13.771 0.0000000000
13092  -8.562  -48.897  12.598 0.0000000000
13093  -8.845  -48.578  11.966 0.0000000000
13094  -7.943  -49.536  11.130 0.0000000000
13095  -7.441  -50.308  9.662 0.0000000000
13096  -7.101  -50.482  10.280 0.0000000000
13912  -6.274  -26.801  30.748 0.0000000000
13913  -7.418  -26.805  30.729 0.0000000000
13914  -7.074  -28.200  30.592 0.0000000000
13915  -7.757  -32.387  29.897 0.0000000000
13916  -8.210  -31.093  30.051 0.0000000000
13917  -8.550  -32.510  29.653 0.0000000000
13918  -8.918  -32.612  29.189 0.0000000000
13919  -8.696  -34.061  29.116 0.0000000000
13920  -8.786  -35.339  28.634 0.0000000000
13921  -8.213  -35.203  29.031 0.0000000000
13922  -4.999  -37.025  28.484 0.0000000000
13923  -6.307  -37.268  28.302 0.0000000000
13924  -5.242  -38.263  28.055 0.0000000000
13925  -5.479  -39.423  27.668 0.0000000000
14474  -11.193  -45.532  5.066 0.0000000000
14475  -11.459  -45.378  4.418 0.0000000000
14476  -10.650  -46.073  3.693 0.0000000000
15487  -8.392  -46.606  20.722 0.0000000000
15489  -8.157  -47.525  19.466 0.0000000000
15490  -6.015  -49.360  15.899 0.0000000000
15491  -7.102  -48.845  16.642 0.0000000000
15492  -6.640  -49.464  15.181 0.0000000000
15493  -7.310  -49.492  14.537 0.0000000000
15494  -6.478  -50.296  13.810 0.0000000000
16269  -9.829  -50.692  5.462 0.0000000000
16270  -10.615  -50.549  5.113 0.0000000000
17265  -8.400  -26.721  29.882 0.0000000000
17266  -8.197  -25.275  29.706 0.0000000000
17287  -8.987  -37.902  27.478 0.0000000000
17290  -8.774  -42.382  25.306 0.0000000000
17291  -9.071  -41.435  25.380 0.0000000000
17292  -9.015  -42.538  24.576 0.0000000000
17296  -8.587  -44.573  23.613 0.0000000000
17297  -5.562  -45.884  23.626 0.0000000000
17298  -6.490  -46.008  22.839 0.0000000000
17300  -4.901  -47.525  21.341 0.0000000000
18602  -6.138  -3.495  32.300 0.0000000000
18603  -6.380  -3.000  31.705 0.0000000000
18604  -6.383  -4.645  31.996 0.0000000000
18606  -6.358  -6.322  32.216 0.0000000000
18623  -4.024  -5.142  33.615 0.0000000000
18625  -4.626  -10.671  32.899 0.0000000000
18626  -4.836  -9.068  32.956 0.0000000000
18627  -5.556  -10.185  32.756 0.0000000000
18628  -6.260  -9.723  32.456 0.0000000000
18629  -6.086  -11.383  32.505 0.0000000000
18630  -6.508  -12.533  32.141 0.0000000000
18631  -5.868  -12.991  32.456 0.0000000000
18632  -4.408  -16.602  32.364 0.0000000000
18633  -5.319  -16.174  32.222 0.0000000000
18634  -5.043  -17.711  32.076 0.0000000000
18635  -5.742  -18.807  31.853 0.0000000000
18636  -4.864  -19.245  31.932 0.0000000000
18643  -4.561  -22.115  31.729 0.0000000000
18645  -4.869  -24.613  31.193 0.0000000000
18947  -12.197  -50.327  4.275 0.0000000000
18948  -10.699  -49.091  3.844 0.0000000000
18949  -12.849  -50.129  3.802 0.0000000000
18951  -13.855  -49.502  2.632 0.0000000000
18952  -14.290  -49.177  1.983 0.0000000000
18953  -12.394  -47.940  1.684 0.0000000000
22002  -9.028  -47.445  9.988 0.0000000000
22004  -9.099  -48.297  8.743 0.0000000000
22005  -8.466  -48.964  7.255 0.0000000000
22006  -8.212  -49.269  7.806 0.0000000000
22007  -7.920  -52.264  7.453 0.0000000000
23323  -5.254  -29.565  30.214 0.0000000000
23324  -6.603  -29.536  30.363 0.0000000000
23325  -5.963  -30.893  30.004 0.0000000000
23326  -6.524  -32.263  29.824 0.0000000000
23327  -6.916  -33.718  29.498 0.0000000000
23328  -7.169  -35.025  29.132 0.0000000000
23329  -5.858  -34.797  29.029 0.0000000000
23330  -4.828  -35.773  28.820 0.0000000000
23331  -4.188  -36.889  29.025 0.0000000000
23662  -10.178  -46.553  4.922 0.0000000000
24268  -6.323  -47.889  19.719 0.0000000000
24269  -7.045  -48.143  18.948 0.0000000000
24270  -5.696  -48.496  18.204 0.0000000000
24271  -5.471  -49.313  16.709 0.0000000000
24272  -5.836  -50.396  15.452 0.0000000000
24273  -6.484  -51.547  14.368 0.0000000000
25330  -7.125  -18.018  31.339 0.0000000000
25331  -7.262  -17.909  30.676 0.0000000000
25332  -7.458  -19.414  30.749 0.0000000000
25348  -8.029  -39.875  27.215 0.0000000000
25349  -8.782  -40.064  26.780 0.0000000000
25350  -8.092  -41.060  26.604 0.0000000000
25351  -8.120  -42.202  25.903 0.0000000000
25352  -8.060  -43.290  25.123 0.0000000000
25353  -7.931  -44.334  24.262 0.0000000000
25354  -6.934  -44.101  24.779 0.0000000000
25355  -5.749  -44.981  24.567 0.0000000000
26139  -5.481  -4.054  32.725 0.0000000000
26153  -4.376  -12.321  32.852 0.0000000000
26154  -4.957  -13.483  32.589 0.0000000000
26343  -12.698  -43.745  1.636 0.0000000000
28177  -8.883  -48.210  11.241 0.0000000000
28178  -8.675  -48.929  9.947 0.0000000000
28179  -7.868  -49.583  8.452 0.0000000000
28180  -7.670  -49.901  9.079 0.0000000000
28181  -7.244  -51.229  8.296 0.0000000000
29461  -6.852  -24.033  31.099 0.0000000000
29462  -7.694  -23.876  30.815 0.0000000000
29463  -7.603  -25.326  30.783 0.0000000000
29464  -8.162  -26.762  30.420 0.0000000000
29465  -8.500  -28.174  30.012 0.0000000000
29466  -7.731  -29.607  30.371 0.0000000000
29467  -8.440  -29.657  30.062 0.0000000000
29474  -8.888  -36.633  28.078 0.0000000000
29475  -8.561  -37.744  28.019 0.0000000000
29476  -7.429  -36.250  28.749 0.0000000000
29477  -7.665  -37.515  28.291 0.0000000000
29478  -7.836  -38.731  27.767 0.0000000000
29479  -6.725  -39.657  27.392 0.0000000000
29480  -5.655  -40.567  27.217 0.0000000000
29481  -4.907  -41.616  27.357 0.0000000000
30250  -10.967  -45.442  2.547 0.0000000000
31671  -7.686  -48.268  18.129 0.0000000000
31672  -8.165  -48.243  17.268 0.0000000000
31673  -8.351  -48.060  16.475 0.0000000000
31674  -8.191  -48.800  15.185 0.0000000000
31675  -7.839  -49.435  13.883 0.0000000000
31676  -7.278  -50.057  12.384 0.0000000000
31677  -7.043  -50.812  10.998 0.0000000000
31678  -6.897  -51.096  11.711 0.0000000000
32703  -8.899  -47.886  6.189 0.0000000000
32704  -9.127  -47.888  5.383 0.0000000000
32705  -9.442  -49.322  4.859 0.0000000000
32706  -11.419  -50.455  4.718 0.0000000000
33966  -8.047  -23.775  30.257 0.0000000000
33997  -9.067  -40.246  26.144 0.0000000000
34004  -8.565  -45.675  21.830 0.0000000000
34005  -8.111  -46.579  21.601 0.0000000000
34006  -7.703  -45.369  23.307 0.0000000000
34007  -7.416  -46.314  22.283 0.0000000000
34008  -6.962  -47.184  21.085 0.0000000000
34009  -5.516  -47.588  20.474 0.0000000000
34010  -4.656  -48.414  20.071 0.0000000000
35642  -4.596  -4.544  33.083 0.0000000000
35643  -5.228  -5.628  32.882 0.0000000000
35644  -4.173  -7.906  33.237 0.0000000000
35645  -5.012  -7.327  32.955 0.0000000000
35646  -5.846  -6.834  32.678 0.0000000000
35647  -6.318  -8.034  32.336 0.0000000000
35650  -6.716  -12.112  31.609 0.0000000000
35651  -6.781  -13.743  31.681 0.0000000000
35652  -6.815  -15.348  31.742 0.0000000000
35653  -5.572  -14.597  32.348 0.0000000000
35654  -6.195  -15.771  32.084 0.0000000000
35655  -6.761  -16.875  31.750 0.0000000000
35656  -6.605  -18.408  31.700 0.0000000000
35657  -6.471  -19.897  31.612 0.0000000000
35658  -6.346  -21.384  31.474 0.0000000000
35665  -4.664  -20.686  31.826 0.0000000000
35666  -5.392  -21.727  31.517 0.0000000000
35667  -6.128  -22.878  31.311 0.0000000000
35668  -5.867  -24.298  31.109 0.0000000000
35669  -5.541  -25.705  30.889 0.0000000000
35670  -5.177  -27.065  30.709 0.0000000000
35673  -4.709  -28.486  30.534 0.0000000000
36038  -9.399  -47.760  4.683 0.0000000000
36039  -9.743  -47.667  3.952 0.0000000000
36040  -10.149  -47.464  3.458 0.0000000000
36041  -13.421  -49.848  3.219 0.0000000000
36042  -11.732  -48.679  2.794 0.0000000000
36043  -10.397  -47.172  2.918 0.0000000000
36044  -10.762  -46.910  2.354 0.0000000000
36045  -11.009  -46.537  1.827 0.0000000000
36046  -11.158  -46.077  1.328 0.0000000000
36054  -12.728  -46.923  0.573 0.0000000000
36055  -11.379  -45.605  0.812 0.0000000000
36056  -11.465  -45.024  0.392 0.0000000000
39719  -9.156  -46.569  8.667 0.0000000000
39720  -9.596  -47.389  7.606 0.0000000000
39721  -8.726  -48.447  6.681 0.0000000000
39722  -8.467  -49.738  5.956 0.0000000000
39723  -9.360  -51.107  5.958 0.0000000000
39724  -7.877  -50.647  7.016 0.0000000000
41117  -4.150  -32.711  30.358 0.0000000000
41118  -4.440  -32.734  29.931 0.0000000000
41119  -4.217  -33.381  29.989 0.0000000000
41120  -4.238  -33.944  29.708 0.0000000000
41121  -4.046  -33.937  30.165 0.0000000000
41306  -9.850  -46.925  6.658 0.0000000000
41642  -4.943  -50.039  18.808 0.0000000000
42232  -7.113  -21.828  31.276 0.0000000000
42233  -7.471  -21.708  31.076 0.0000000000
42234  -7.434  -22.442  31.052 0.0000000000
42242  -5.365  -42.154  26.740 0.0000000000
42243  -5.886  -42.238  26.403 0.0000000000
42244  -5.397  -42.764  26.447 0.0000000000
42245  -5.432  -43.441  26.097 0.0000000000
42792  -11.495  -44.970  2.636 0.0000000000
42793  -12.037  -44.688  2.970 0.0000000000
42794  -11.617  -44.767  2.388 0.0000000000
42795  -11.729  -44.557  2.124 0.0000000000
42796  -11.244  -44.781  1.848 0.0000000000
43810  -7.996  -49.494  12.538 0.0000000000
43811  -8.469  -49.071  12.919 0.0000000000
43812  -8.167  -49.360  12.191 0.0000000000
43813  -8.359  -49.220  11.925 0.0000000000
43814  -7.755  -49.665  11.366 0.0000000000
43815  -7.459  -49.973  10.683 0.0000000000
43816  -7.303  -50.108  10.992 0.0000000000
44632  -6.052  -27.550  30.624 0.0000000000
44633  -6.695  -27.527  30.675 0.0000000000
44634  -6.481  -28.181  30.564 0.0000000000
44635  -7.932  -33.168  29.703 0.0000000000
44636  -8.232  -32.483  29.814 0.0000000000
44637  -8.367  -33.247  29.572 0.0000000000
44638  -8.636  -33.280  29.386 0.0000000000
44639  -8.419  -33.994  29.312 0.0000000000
44640  -8.491  -34.661  29.098 0.0000000000
44641  -8.110  -34.525  29.257 0.0000000000
44642  -4.578  -37.566  28.533 0.0000000000
44643  -5.121  -37.668  28.290 0.0000000000
44644  -4.712  -38.189  28.332 0.0000000000
44645  -4.842  -38.785  28.131 0.0000000000
45194  -10.871  -46.007  4.762 0.0000000000
45195  -10.955  -45.857  4.401 0.0000000000
45196  -10.524  -46.208  4.002 0.0000000000
46207  -8.187  -47.103  20.577 0.0000000000
46209  -7.935  -47.531  19.942 0.0000000000
46210  -6.008  -49.854  15.224 0.0000000000
46211  -6.306  -49.406  15.539 0.0000000000
46212  -6.260  -49.853  14.865 0.0000000000
46213  -6.446  -49.812  14.483 0.0000000000
46214  -6.340  -50.343  14.225 0.0000000000
46215  -6.471  -50.856  13.596 0.0000000000
46216  -6.406  -50.919  14.020 0.0000000000
46989  -10.402  -51.190  5.766 0.0000000000
46990  -10.943  -51.156  5.654 0.0000000000
46991  -11.575  -51.613  6.010 0.0000000000
47977  -7.067  -15.780  31.268 0.0000000000
47979  -7.124  -16.383  30.979 0.0000000000
47985  -8.508  -27.390  29.652 0.0000000000
48007  -8.909  -38.436  27.463 0.0000000000
48009  -8.942  -38.995  27.164 0.0000000000
48010  -8.748  -42.941  24.902 0.0000000000
48011  -8.964  -42.468  24.971 0.0000000000
48012  -8.929  -43.042  24.525 0.0000000000
48014  -8.865  -43.608  24.099 0.0000000000
48015  -8.828  -44.101  23.700 0.0000000000
48016  -8.674  -44.075  24.069 0.0000000000
49322  -6.070  -4.281  32.405 0.0000000000
49323  -6.290  -4.042  32.146 0.0000000000
49324  -6.250  -4.880  32.274 0.0000000000
49325  -6.379  -5.496  32.119 0.0000000000
49326  -6.205  -5.735  32.388 0.0000000000
49345  -4.956  -11.262  32.803 0.0000000000
49346  -5.110  -10.412  32.835 0.0000000000
49347  -5.426  -11.013  32.735 0.0000000000
49348  -5.838  -10.803  32.658 0.0000000000
49349  -5.723  -11.602  32.628 0.0000000000
49350  -5.990  -12.185  32.488 0.0000000000
49351  -5.584  -12.410  32.586 0.0000000000
49353  -4.737  -17.142  32.212 0.0000000000
49354  -4.613  -17.938  32.147 0.0000000000
49355  -4.929  -18.476  32.008 0.0000000000
49356  -4.510  -18.725  32.092 0.0000000000
49667  -13.311  -50.723  4.309 0.0000000000
49668  -12.533  -50.226  4.039 0.0000000000
49669  -13.663  -50.608  4.053 0.0000000000
49671  -15.164  -49.779  2.228 0.0000000000
49673  -14.436  -48.990  1.679 0.0000000000
52722  -9.132  -48.057  9.724 0.0000000000
52723  -9.257  -47.896  9.486 0.0000000000
52724  -9.076  -48.425  9.124 0.0000000000
52725  -8.681  -48.774  8.290 0.0000000000
52726  -8.533  -48.913  8.586 0.0000000000
54232  -4.988  -30.178  30.106 0.0000000000
54233  -5.630  -30.246  30.105 0.0000000000
54234  -5.333  -30.838  29.965 0.0000000000
54235  -5.450  -32.894  29.562 0.0000000000
54236  -5.883  -32.230  29.746 0.0000000000
54237  -6.100  -32.914  29.589 0.0000000000
54238  -6.760  -32.960  29.690 0.0000000000
54239  -6.267  -33.636  29.416 0.0000000000
54240  -6.387  -34.261  29.261 0.0000000000
54241  -5.748  -34.154  29.206 0.0000000000
54242  -4.324  -35.115  29.258 0.0000000000
54243  -4.685  -35.190  28.995 0.0000000000
54244  -4.379  -35.723  29.062 0.0000000000
54245  -4.466  -36.313  28.862 0.0000000000
54246  -4.136  -36.260  29.230 0.0000000000
54792  -10.295  -46.297  6.383 0.0000000000
54796  -10.085  -46.626  5.254 0.0000000000
55807  -5.591  -48.072  19.372 0.0000000000
55808  -5.995  -48.192  18.972 0.0000000000
55809  -5.397  -48.451  18.636 0.0000000000
55810  -5.238  -49.872  17.059 0.0000000000
55811  -5.265  -49.334  17.186 0.0000000000
55812  -5.448  -49.871  16.553 0.0000000000
55813  -5.612  -49.842  16.059 0.0000000000
55814  -5.687  -50.479  15.935 0.0000000000
57577  -7.144  -18.765  31.354 0.0000000000
57578  -7.308  -18.719  31.058 0.0000000000
57579  -7.358  -19.460  31.081 0.0000000000
57580  -7.800  -21.620  30.500 0.0000000000
57581  -7.696  -20.950  30.466 0.0000000000
57582  -7.730  -21.601  30.142 0.0000000000
57607  -7.561  -40.325  27.067 0.0000000000
57608  -8.077  -40.480  26.911 0.0000000000
57609  -7.574  -40.927  26.757 0.0000000000
57610  -7.076  -42.524  25.902 0.0000000000
57611  -7.678  -42.093  26.120 0.0000000000
57612  -7.651  -42.642  25.738 0.0000000000
57613  -8.108  -42.770  25.518 0.0000000000
57614  -7.649  -43.159  25.373 0.0000000000
57615  -7.566  -43.691  24.994 0.0000000000
57616  -7.039  -43.560  25.176 0.0000000000
57617  -5.420  -44.486  25.367 0.0000000000
57618  -5.785  -44.489  24.973 0.0000000000
57619  -5.351  -45.015  24.947 0.0000000000
57620  -5.266  -45.469  24.508 0.0000000000
58926  -5.134  -3.411  32.779 0.0000000000
58950  -4.196  -13.092  32.837 0.0000000000
59255  -12.703  -43.774  3.383 0.0000000000
59261  -13.145  -43.566  2.896 0.0000000000
59262  -11.991  -44.136  1.625 0.0000000000
59263  -12.583  -43.953  1.909 0.0000000000
59264  -12.126  -43.915  1.358 0.0000000000
59266  -11.738  -43.859  0.820 0.0000000000
62313  -8.380  -47.951  13.394 0.0000000000
62314  -8.122  -47.591  13.910 0.0000000000
62320  -8.654  -48.956  11.262 0.0000000000
62321  -8.831  -48.418  11.596 0.0000000000
62322  -8.858  -48.826  10.965 0.0000000000
62323  -8.927  -48.607  10.619 0.0000000000
62324  -8.536  -49.116  10.260 0.0000000000
62325  -8.165  -49.398  9.535 0.0000000000
62326  -7.998  -49.559  9.850 0.0000000000
62327  -7.108  -50.906  9.203 0.0000000000
62328  -7.220  -50.743  8.920 0.0000000000
62329  -7.156  -51.397  8.585 0.0000000000
64777  -6.758  -24.771  31.011 0.0000000000
64778  -7.254  -24.663  30.950 0.0000000000
64779  -7.152  -25.382  30.908 0.0000000000
64780  -7.748  -27.513  30.607 0.0000000000
64781  -7.856  -26.774  30.615 0.0000000000
64782  -8.114  -27.465  30.445 0.0000000000
64783  -8.341  -27.463  30.223 0.0000000000
64784  -8.307  -28.168  30.247 0.0000000000
64785  -6.911  -30.281  30.250 0.0000000000
64786  -7.190  -29.607  30.394 0.0000000000
64787  -7.538  -30.303  30.286 0.0000000000
64788  -8.525  -31.089  29.894 0.0000000000
64789  -8.351  -30.391  30.067 0.0000000000
64790  -8.619  -30.404  29.854 0.0000000000
64791  -8.627  -29.663  29.843 0.0000000000
64792  -8.727  -30.376  29.636 0.0000000000
64794  -8.827  -31.125  29.418 0.0000000000
64795  -8.927  -33.410  28.921 0.0000000000
64802  -8.633  -35.907  28.611 0.0000000000
64803  -8.851  -35.982  28.366 0.0000000000
64804  -8.727  -36.542  28.336 0.0000000000
64805  -8.768  -37.176  28.061 0.0000000000
64806  -8.476  -37.102  28.288 0.0000000000
64807  -6.672  -35.517  28.931 0.0000000000
64808  -7.323  -35.630  28.956 0.0000000000
64809  -6.795  -36.120  28.749 0.0000000000
64810  -6.435  -37.863  28.069 0.0000000000
64811  -7.041  -37.376  28.319 0.0000000000
64812  -7.137  -37.993  28.078 0.0000000000
64813  -7.766  -38.142  28.029 0.0000000000
64814  -7.220  -38.589  27.830 0.0000000000
64815  -7.324  -39.194  27.597 0.0000000000
64816  -6.651  -39.079  27.625 0.0000000000
64818  -5.495  -39.992  27.425 0.0000000000
64819  -5.120  -40.517  27.524 0.0000000000
64820  -5.238  -41.074  27.272 0.0000000000
66461  -11.292  -44.204  4.944 0.0000000000
66462  -11.201  -45.638  3.783 0.0000000000
66463  -11.582  -45.270  4.109 0.0000000000
66465  -11.349  -45.363  3.227 0.0000000000
66466  -10.875  -45.609  2.811 0.0000000000
69510  -6.686  -48.417  18.185 0.0000000000
69511  -7.399  -48.232  18.532 0.0000000000
69512  -7.010  -48.501  17.756 0.0000000000
69513  -7.433  -48.893  16.255 0.0000000000
69514  -7.762  -48.610  17.041 0.0000000000
69515  -7.953  -48.583  16.602 0.0000000000
69516  -8.332  -48.172  16.887 0.0000000000
69517  -8.174  -48.541  16.221 0.0000000000
69518  -8.344  -48.479  15.831 0.0000000000
69519  -7.975  -48.869  15.556 0.0000000000
69520  -7.035  -49.792  13.823 0.0000000000
69521  -7.552  -49.457  14.213 0.0000000000
69522  -7.241  -49.728  13.478 0.0000000000
69523  -7.548  -49.722  13.140 0.0000000000
69524  -7.100  -50.127  12.752 0.0000000000
69525  -7.003  -50.508  12.046 0.0000000000
69526  -6.810  -50.565  12.426 0.0000000000
71844  -8.707  -48.552  5.736 0.0000000000
71845  -8.919  -48.564  5.392 0.0000000000
71846  -9.095  -49.292  5.142 0.0000000000
71848  -11.027  -50.500  4.924 0.0000000000
71849  -12.126  -50.955  5.024 0.0000000000
71850  -12.542  -50.902  4.801 0.0000000000
74820  -7.290  -18.648  30.372 0.0000000000
74835  -7.963  -24.568  30.564 0.0000000000
74836  -7.950  -23.802  30.574 0.0000000000
74837  -8.117  -24.554  30.283 0.0000000000
74910  -8.802  -40.659  26.421 0.0000000000
74911  -8.993  -40.148  26.478 0.0000000000
74912  -8.998  -40.759  26.102 0.0000000000
74913  -9.038  -41.452  24.999 0.0000000000
74914  -9.045  -40.894  25.384 0.0000000000
74927  -8.643  -45.137  22.765 0.0000000000
74928  -8.676  -45.183  22.364 0.0000000000
74929  -8.543  -45.654  22.238 0.0000000000
74930  -8.415  -46.138  21.713 0.0000000000
74931  -8.244  -46.105  22.110 0.0000000000
74932  -7.309  -44.710  24.092 0.0000000000
74933  -7.786  -44.856  23.784 0.0000000000
74934  -7.230  -45.218  23.594 0.0000000000
74935  -6.293  -46.429  22.316 0.0000000000
74936  -6.966  -46.157  22.573 0.0000000000
74937  -6.766  -46.577  22.037 0.0000000000
74938  -7.228  -46.748  21.756 0.0000000000
74939  -6.563  -46.995  21.460 0.0000000000
74940  -6.247  -47.388  20.774 0.0000000000
74941  -5.836  -47.239  21.149 0.0000000000
74942  -4.566  -48.026  21.218 0.0000000000
74943  -4.723  -47.916  20.708 0.0000000000
78850  -6.405  -3.599  31.542 0.0000000000
78851  -6.385  -2.749  31.384 0.0000000000
78852  -6.298  -3.367  31.250 0.0000000000
78910  -4.151  -5.640  33.365 0.0000000000
78911  -4.263  -4.849  33.330 0.0000000000
78912  -4.475  -5.380  33.155 0.0000000000
78913  -4.875  -5.078  32.979 0.0000000000
78914  -4.783  -5.935  33.033 0.0000000000
78916  -3.859  -8.213  33.476 0.0000000000
78917  -4.098  -8.797  33.246 0.0000000000
78918  -5.304  -8.806  32.865 0.0000000000
78919  -4.948  -8.245  32.969 0.0000000000
78920  -5.372  -7.952  32.857 0.0000000000
78921  -5.445  -7.075  32.833 0.0000000000
78922  -5.768  -7.686  32.719 0.0000000000
78923  -6.118  -7.427  32.520 0.0000000000
78924  -6.061  -8.292  32.574 0.0000000000
78925  -6.459  -10.316  32.285 0.0000000000
78926  -6.508  -9.461  32.219 0.0000000000
78927  -6.582  -10.066  32.017 0.0000000000
78929  -6.647  -10.661  31.800 0.0000000000
78931  -6.660  -11.467  31.843 0.0000000000
78932  -6.459  -13.359  32.142 0.0000000000
78933  -6.668  -13.115  31.920 0.0000000000
78934  -6.639  -13.935  31.936 0.0000000000
78935  -6.787  -14.555  31.729 0.0000000000
78936  -6.594  -14.748  31.949 0.0000000000
78937  -4.801  -14.271  32.536 0.0000000000
78938  -5.276  -14.010  32.470 0.0000000000
78939  -5.108  -14.819  32.412 0.0000000000
78940  -5.635  -16.751  32.102 0.0000000000
78941  -5.787  -16.007  32.175 0.0000000000
78942  -6.090  -16.534  32.046 0.0000000000
78943  -6.493  -16.308  31.940 0.0000000000
78944  -6.399  -17.087  31.899 0.0000000000
78945  -6.686  -17.689  31.717 0.0000000000
78946  -6.307  -17.854  31.846 0.0000000000
78947  -5.658  -19.575  31.778 0.0000000000
78948  -6.081  -19.369  31.749 0.0000000000
78949  -6.050  -20.146  31.664 0.0000000000
78950  -6.448  -20.642  31.549 0.0000000000
78951  -5.973  -20.836  31.589 0.0000000000
78969  -4.336  -20.874  32.010 0.0000000000
78970  -4.815  -22.644  31.536 0.0000000000
78971  -4.939  -21.932  31.562 0.0000000000
78972  -5.286  -22.455  31.451 0.0000000000
78973  -5.749  -22.280  31.410 0.0000000000
78974  -5.641  -23.016  31.318 0.0000000000
78975  -6.003  -23.587  31.216 0.0000000000
78976  -5.511  -23.770  31.208 0.0000000000
78977  -4.722  -25.288  31.133 0.0000000000
78978  -5.173  -25.157  31.016 0.0000000000
78979  -5.024  -25.835  30.933 0.0000000000
78980  -5.364  -26.379  30.804 0.0000000000
78981  -4.863  -26.508  30.868 0.0000000000
78988  -4.485  -27.882  30.780 0.0000000000
79877  -9.285  -48.540  4.659 0.0000000000
79878  -9.249  -47.816  5.034 0.0000000000
79879  -9.548  -48.498  4.350 0.0000000000
79880  -10.982  -48.985  3.593 0.0000000000
79881  -10.071  -48.380  3.800 0.0000000000
79882  -10.351  -48.280  3.538 0.0000000000
79883  -9.916  -47.553  3.717 0.0000000000
79884  -10.586  -48.185  3.297 0.0000000000
79888  -13.001  -48.951  2.410 0.0000000000
79889  -12.757  -49.102  2.704 0.0000000000
79890  -11.953  -48.513  2.527 0.0000000000
79891  -10.976  -47.971  2.725 0.0000000000
79892  -11.162  -47.798  2.487 0.0000000000
79893  -10.571  -47.074  2.608 0.0000000000
79894  -11.328  -47.630  2.230 0.0000000000
79895  -12.489  -47.695  1.409 0.0000000000
79896  -11.582  -47.247  1.664 0.0000000000
79897  -11.659  -46.997  1.389 0.0000000000
79898  -11.082  -46.290  1.599 0.0000000000
79899  -11.742  -46.758  1.126 0.0000000000
79920  -12.735  -46.630  0.305 0.0000000000
79921  -11.927  -46.263  0.631 0.0000000000
79922  -11.946  -45.974  0.386 0.0000000000
79923  -11.435  -45.316  0.601 0.0000000000
89050  -9.367  -47.467  8.830 0.0000000000
89052  -9.498  -47.214  8.534 0.0000000000
89053  -9.515  -46.989  8.178 0.0000000000
89054  -9.432  -47.620  7.838 0.0000000000
89055  -9.178  -47.972  7.153 0.0000000000
89056  -9.087  -48.187  7.426 0.0000000000
89057  -8.156  -49.507  6.810 0.0000000000
89058  -8.267  -49.279  6.530 0.0000000000
89059  -8.367  -49.984  6.228 0.0000000000
89060  -8.820  -50.498  5.766 0.0000000000
89061  -8.693  -50.670  6.118 0.0000000000
89062  -7.621  -50.244  8.005 0.0000000000
89063  -7.776  -50.068  7.698 0.0000000000
89064  -7.687  -50.814  7.327 0.0000000000
89077  -6.939  -51.483  10.640 0.0000000000
89078  -6.971  -51.316  10.272 0.0000000000
89079  -6.905  -52.040  9.912 0.0000000000
92443  -4.497  -31.396  30.124 0.0000000000
92444  -5.025  -31.446  29.904 0.0000000000
92445  -4.713  -32.086  29.903 0.0000000000
92446  -4.882  -32.804  29.670 0.0000000000
92447  -4.990  -33.522  29.415 0.0000000000
92448  -5.114  -34.052  29.222 0.0000000000
92449  -4.558  -34.015  29.372 0.0000000000
92450  -4.267  -34.485  29.438 0.0000000000
92451  -4.071  -35.061  29.621 0.0000000000
92781  -10.192  -46.362  6.720 0.0000000000
92782  -9.930  -46.784  5.939 0.0000000000
93388  -4.799  -48.826  18.911 0.0000000000
93389  -4.970  -48.806  18.374 0.0000000000
93390  -4.871  -49.398  18.245 0.0000000000
94450  -7.140  -20.285  31.347 0.0000000000
94451  -7.412  -20.162  31.071 0.0000000000
94452  -7.461  -20.974  31.085 0.0000000000
94453  -7.700  -21.650  30.816 0.0000000000
94454  -7.833  -22.336  30.533 0.0000000000
94468  -6.351  -41.223  26.727 0.0000000000
94469  -6.994  -41.349  26.581 0.0000000000
94470  -6.429  -41.776  26.448 0.0000000000
94471  -6.476  -42.338  26.148 0.0000000000
94472  -6.485  -42.950  25.789 0.0000000000
94473  -6.458  -43.463  25.425 0.0000000000
94474  -5.918  -43.413  25.740 0.0000000000
94475  -5.435  -43.951  25.744 0.0000000000
94476  -5.101  -44.595  25.855 0.0000000000
95458  -12.285  -44.444  3.530 0.0000000000
95459  -12.449  -44.299  3.249 0.0000000000
95460  -12.620  -44.163  2.966 0.0000000000
95461  -12.784  -44.011  2.688 0.0000000000
95462  -12.300  -44.330  2.420 0.0000000000
95463  -11.862  -44.336  1.866 0.0000000000
95464  -11.502  -44.365  1.329 0.0000000000
97290  -8.426  -48.872  13.910 0.0000000000
97291  -8.460  -48.368  14.122 0.0000000000
97292  -8.484  -48.713  13.543 0.0000000000
97293  -8.563  -48.518  13.188 0.0000000000
97294  -8.633  -48.364  12.859 0.0000000000
97295  -8.618  -48.194  12.489 0.0000000000
97296  -8.632  -48.738  12.267 0.0000000000
97297  -8.487  -49.111  11.589 0.0000000000
97298  -8.191  -49.424  10.845 0.0000000000
97299  -7.882  -49.742  10.125 0.0000000000
97300  -7.616  -49.839  10.414 0.0000000000
97301  -7.242  -50.371  9.950 0.0000000000
97302  -7.057  -50.986  9.573 0.0000000000
98770  -6.461  -26.075  30.854 0.0000000000
98771  -7.027  -26.093  30.848 0.0000000000
98772  -6.879  -26.797  30.766 0.0000000000
98773  -7.257  -27.519  30.672 0.0000000000
98774  -7.592  -28.206  30.573 0.0000000000
98775  -7.510  -31.687  30.050 0.0000000000
98776  -7.787  -31.045  30.151 0.0000000000
98777  -8.030  -31.757  29.994 0.0000000000
98778  -8.429  -31.794  29.874 0.0000000000
98779  -8.682  -31.836  29.670 0.0000000000
98780  -8.872  -31.880  29.443 0.0000000000
98781  -8.778  -32.556  29.431 0.0000000000
98782  -8.843  -33.316  29.160 0.0000000000
98783  -8.864  -34.109  28.887 0.0000000000
98784  -8.880  -34.780  28.621 0.0000000000
98785  -8.739  -34.688  28.883 0.0000000000
98786  -8.563  -35.275  28.866 0.0000000000
98787  -8.311  -35.831  28.798 0.0000000000
98788  -5.543  -36.502  28.562 0.0000000000
98789  -6.165  -36.636  28.504 0.0000000000
98790  -5.622  -37.160  28.342 0.0000000000
98791  -5.737  -37.778  28.117 0.0000000000
98792  -5.886  -38.331  27.895 0.0000000000
98793  -5.997  -38.952  27.672 0.0000000000
98794  -5.390  -38.810  27.848 0.0000000000
98795  -4.959  -39.345  27.948 0.0000000000
99781  -11.437  -44.917  4.958 0.0000000000
99782  -11.341  -45.493  4.746 0.0000000000
99783  -11.075  -45.747  4.077 0.0000000000
99784  -10.732  -45.944  3.374 0.0000000000
101609  -8.257  -47.502  19.005 0.0000000000
101610  -6.098  -48.985  16.614 0.0000000000
101611  -6.701  -48.785  16.992 0.0000000000
101612  -6.495  -49.072  16.260 0.0000000000
101613  -6.848  -49.136  15.874 0.0000000000
101614  -7.160  -49.173  15.538 0.0000000000
101615  -7.489  -49.193  15.219 0.0000000000
101616  -6.943  -49.487  14.845 0.0000000000
101617  -6.763  -49.834  14.127 0.0000000000
101618  -6.624  -50.227  13.437 0.0000000000
101619  -6.774  -50.707  12.829 0.0000000000
101620  -6.598  -50.783  13.190 0.0000000000
103011  -9.181  -50.011  5.339 0.0000000000
103012  -9.525  -49.996  5.090 0.0000000000
103013  -10.257  -50.630  5.289 0.0000000000
104805  -8.303  -26.005  30.101 0.0000000000
104806  -8.225  -25.278  30.032 0.0000000000
104850  -8.788  -41.824  25.687 0.0000000000
104851  -9.012  -41.381  25.721 0.0000000000
104852  -8.985  -41.940  25.353 0.0000000000
104853  -9.073  -41.970  25.016 0.0000000000
104861  -8.764  -44.613  23.258 0.0000000000
104862  -8.532  -45.101  23.160 0.0000000000
104863  -6.187  -45.479  23.739 0.0000000000
104864  -6.665  -45.576  23.376 0.0000000000
104865  -6.045  -45.914  23.210 0.0000000000
104866  -5.863  -46.340  22.612 0.0000000000
104867  -5.621  -46.765  22.085 0.0000000000
104868  -5.395  -47.162  21.511 0.0000000000
104869  -5.036  -47.151  21.915 0.0000000000
107212  -6.158  -2.666  32.146 0.0000000000
107213  -6.319  -2.426  31.856 0.0000000000
107214  -6.315  -3.224  32.005 0.0000000000
107215  -6.385  -3.807  31.851 0.0000000000
107216  -6.435  -4.430  31.688 0.0000000000
107220  -6.479  -6.939  32.026 0.0000000000
107252  -4.020  -6.507  33.426 0.0000000000
107253  -4.334  -10.178  33.065 0.0000000000
107254  -4.408  -9.356  33.078 0.0000000000
107255  -4.755  -9.845  32.934 0.0000000000
107256  -5.218  -9.618  32.858 0.0000000000
107257  -5.665  -9.373  32.761 0.0000000000
107258  -6.015  -9.135  32.617 0.0000000000
107259  -5.958  -9.968  32.644 0.0000000000
107260  -6.177  -10.551  32.497 0.0000000000
107261  -6.402  -11.113  32.335 0.0000000000
107262  -6.537  -11.698  32.114 0.0000000000
107263  -6.349  -11.985  32.349 0.0000000000
107264  -6.260  -12.804  32.349 0.0000000000
107265  -6.154  -13.606  32.311 0.0000000000
107266  -4.518  -15.827  32.400 0.0000000000
107267  -4.986  -15.611  32.336 0.0000000000
107268  -4.863  -16.356  32.280 0.0000000000
107269  -5.180  -16.914  32.154 0.0000000000
107270  -5.497  -17.505  32.028 0.0000000000
107271  -5.862  -18.056  31.913 0.0000000000
107272  -5.385  -18.253  31.954 0.0000000000
107273  -5.296  -18.970  31.878 0.0000000000
107274  -5.215  -19.781  31.800 0.0000000000
107288  -4.715  -23.368  31.437 0.0000000000
107289  -5.032  -23.926  31.266 0.0000000000
107290  -4.588  -24.049  31.384 0.0000000000
107291  -4.443  -24.726  31.353 0.0000000000
107831  -11.102  -49.850  4.224 0.0000000000
107832  -10.423  -49.204  4.052 0.0000000000
107833  -11.445  -49.753  4.018 0.0000000000
107834  -11.735  -49.642  3.793 0.0000000000
107835  -12.011  -49.529  3.546 0.0000000000
107837  -14.782  -50.090  2.866 0.0000000000
107838  -14.972  -49.932  2.549 0.0000000000
107839  -14.097  -49.359  2.310 0.0000000000
107840  -13.182  -48.753  2.108 0.0000000000
107841  -12.267  -48.137  1.971 0.0000000000
107842  -13.319  -48.565  1.807 0.0000000000
107843  -13.431  -48.360  1.520 0.0000000000
107844  -13.552  -48.115  1.268 0.0000000000
113335  -9.338  -47.740  9.138 0.0000000000
113336  -9.262  -48.121  8.462 0.0000000000
113337  -8.952  -48.432  7.736 0.0000000000
113338  -8.811  -48.637  8.004 0.0000000000
113339  -8.321  -49.107  7.501 0.0000000000
113340  -8.034  -49.696  7.070 0.0000000000
113341  -7.715  -51.649  7.516 0.0000000000
113342  -7.891  -51.535  7.168 0.0000000000
113343  -8.207  -52.139  7.217 0.0000000000
115861  -5.544  -28.974  30.333 0.0000000000
115862  -6.234  -28.849  30.436 0.0000000000
115863  -5.943  -29.553  30.277 0.0000000000
115864  -6.280  -30.274  30.168 0.0000000000
115865  -6.596  -30.934  30.089 0.0000000000
115866  -5.624  -31.521  29.860 0.0000000000
115867  -6.257  -31.567  29.925 0.0000000000
115868  -6.897  -31.635  30.029 0.0000000000
115869  -7.166  -32.312  29.898 0.0000000000
115870  -7.375  -33.046  29.732 0.0000000000
115871  -7.545  -33.855  29.530 0.0000000000
115872  -7.626  -34.463  29.319 0.0000000000
115873  -7.024  -34.390  29.310 0.0000000000
115874  -6.512  -34.903  29.094 0.0000000000
115875  -5.981  -35.403  28.888 0.0000000000
115876  -5.218  -34.663  29.057 0.0000000000
115877  -5.299  -35.271  28.874 0.0000000000
115878  -5.430  -35.869  28.712 0.0000000000
115879  -4.936  -36.388  28.659 0.0000000000
115880  -4.538  -36.949  28.698 0.0000000000
116650  -10.264  -46.444  4.599 0.0000000000
118066  -7.046  -47.693  20.077 0.0000000000
118067  -7.395  -47.855  19.708 0.0000000000
118068  -6.685  -48.027  19.334 0.0000000000
118069  -6.343  -48.315  18.573 0.0000000000
118070  -5.992  -48.594  17.804 0.0000000000
118071  -5.242  -48.877  17.870 0.0000000000
118072  -5.526  -48.904  17.455 0.0000000000
118073  -5.774  -48.922  17.023 0.0000000000
118074  -5.744  -49.340  16.293 0.0000000000
118075  -5.742  -49.803  15.587 0.0000000000
118076  -5.976  -50.371  15.001 0.0000000000
118077  -6.275  -50.907  14.451 0.0000000000
118078  -6.132  -50.923  14.903 0.0000000000
120544  -7.148  -17.320  31.303 0.0000000000
120545  -7.212  -17.198  30.985 0.0000000000
120546  -7.263  -17.961  31.019 0.0000000000
120547  -7.359  -18.681  30.719 0.0000000000
120548  -7.438  -19.383  30.393 0.0000000000
120549  -7.551  -20.160  30.767 0.0000000000
120550  -7.577  -20.138  30.417 0.0000000000
120586  -8.416  -39.414  27.340 0.0000000000
120587  -8.775  -39.492  27.133 0.0000000000
120588  -8.500  -40.000  27.042 0.0000000000
120589  -8.492  -40.572  26.706 0.0000000000
120590  -8.494  -41.147  26.370 0.0000000000
120591  -7.604  -41.498  26.444 0.0000000000
120592  -8.120  -41.626  26.277 0.0000000000
120593  -8.521  -41.700  26.024 0.0000000000
120594  -8.486  -42.280  25.624 0.0000000000
120595  -8.460  -42.847  25.222 0.0000000000
120596  -8.442  -43.392  24.823 0.0000000000
120597  -8.377  -43.931  24.392 0.0000000000
120598  -8.017  -43.813  24.714 0.0000000000
120599  -7.446  -44.215  24.546 0.0000000000
120600  -6.845  -44.611  24.370 0.0000000000
120601  -6.380  -43.999  25.019 0.0000000000
120602  -6.317  -44.523  24.656 0.0000000000
120603  -6.260  -45.000  24.226 0.0000000000
120604  -5.656  -45.424  24.137 0.0000000000
122430  -5.938  -2.054  32.238 0.0000000000
122431  -5.891  -2.896  32.390 0.0000000000
122432  -5.830  -3.734  32.517 0.0000000000
122433  -5.741  -4.567  32.623 0.0000000000
122465  -4.818  -12.109  32.769 0.0000000000
122466  -5.118  -12.690  32.653 0.0000000000
122467  -4.658  -12.914  32.727 0.0000000000
122468  -4.504  -13.690  32.683 0.0000000000
122472  -4.238  -15.266  32.565 0.0000000000
122473  -4.136  -16.041  32.569 0.0000000000
122903  -12.965  -43.873  2.436 0.0000000000
122904  -13.120  -43.708  2.190 0.0000000000
122905  -13.248  -43.511  1.889 0.0000000000
127185  -8.673  -48.007  12.137 0.0000000000
127190  -8.730  -48.777  9.590 0.0000000000
127191  -8.372  -49.118  8.824 0.0000000000
127192  -8.278  -49.248  9.195 0.0000000000
127193  -7.851  -49.761  8.766 0.0000000000
127194  -7.502  -50.347  8.312 0.0000000000
127195  -7.470  -50.038  9.397 0.0000000000
127196  -7.357  -50.525  8.664 0.0000000000
127197  -7.414  -51.089  8.020 0.0000000000
127198  -7.504  -51.759  7.813 0.0000000000
130435  -6.935  -23.281  31.172 0.0000000000
130436  -7.372  -23.200  31.025 0.0000000000
130437  -7.328  -23.945  31.010 0.0000000000
130438  -7.661  -24.611  30.798 0.0000000000
130439  -7.956  -25.316  30.583 0.0000000000
130440  -7.521  -26.047  30.777 0.0000000000
130441  -7.919  -26.027  30.605 0.0000000000
130442  -8.187  -26.042  30.370 0.0000000000
130443  -8.334  -26.753  30.179 0.0000000000
130444  -8.468  -27.447  29.967 0.0000000000
130445  -8.571  -28.156  29.737 0.0000000000
130446  -6.860  -28.868  30.490 0.0000000000
130447  -7.420  -28.921  30.501 0.0000000000
130448  -7.885  -28.885  30.428 0.0000000000
130449  -7.996  -30.364  30.213 0.0000000000
130450  -8.148  -29.636  30.256 0.0000000000
130451  -8.234  -28.897  30.260 0.0000000000
130452  -8.476  -28.915  30.046 0.0000000000
130468  -8.901  -35.443  28.355 0.0000000000
130469  -8.947  -36.098  28.068 0.0000000000
130471  -8.933  -37.260  27.801 0.0000000000
130472  -8.836  -37.825  27.764 0.0000000000
130473  -8.651  -38.355  27.714 0.0000000000
130474  -7.757  -35.114  29.126 0.0000000000
130475  -7.861  -35.732  28.913 0.0000000000
130476  -7.957  -36.366  28.681 0.0000000000
130477  -6.887  -36.758  28.527 0.0000000000
130478  -7.530  -36.887  28.519 0.0000000000
130479  -8.090  -37.000  28.464 0.0000000000
130480  -8.157  -37.631  28.189 0.0000000000
130481  -8.248  -38.253  27.910 0.0000000000
130482  -8.358  -38.853  27.637 0.0000000000
130483  -7.934  -39.302  27.496 0.0000000000
130484  -7.435  -39.752  27.332 0.0000000000
130485  -6.854  -40.209  27.154 0.0000000000
130486  -6.077  -39.561  27.473 0.0000000000
130487  -6.163  -40.102  27.257 0.0000000000
130488  -6.255  -40.657  26.991 0.0000000000
130489  -5.769  -41.126  26.958 0.0000000000
130490  -5.322  -41.637  26.999 0.0000000000
132569  -11.615  -44.833  4.627 0.0000000000
132573  -11.415  -45.175  2.941 0.0000000000
132574  -11.046  -45.254  2.304 0.0000000000
136430  -8.089  -47.105  17.245 0.0000000000
136431  -7.707  -47.921  19.266 0.0000000000
136432  -7.929  -47.913  18.796 0.0000000000
136433  -8.139  -47.940  18.336 0.0000000000
136434  -7.407  -48.563  17.408 0.0000000000
136435  -7.946  -48.272  17.690 0.0000000000
136438  -8.351  -47.642  17.094 0.0000000000
136439  -8.253  -47.511  16.662 0.0000000000
136442  -8.377  -48.618  14.857 0.0000000000
136443  -7.796  -49.181  14.905 0.0000000000
136444  -8.069  -49.137  14.567 0.0000000000
136445  -8.238  -48.990  14.226 0.0000000000
136446  -8.039  -49.321  13.551 0.0000000000
136447  -7.806  -49.642  12.854 0.0000000000
136448  -7.479  -49.953  12.057 0.0000000000
136449  -7.186  -50.269  11.293 0.0000000000
136450  -7.150  -50.431  11.675 0.0000000000
136451  -6.978  -50.961  11.352 0.0000000000
136452  -6.919  -51.626  11.026 0.0000000000
136453  -6.856  -51.217  12.092 0.0000000000
136454  -6.873  -51.797  11.378 0.0000000000
136459  -6.572  -51.543  13.856 0.0000000000
139329  -9.423  -47.502  6.593 0.0000000000
139330  -9.405  -47.422  6.200 0.0000000000
139331  -9.011  -47.898  5.773 0.0000000000
139332  -9.117  -48.561  5.035 0.0000000000
139333  -9.666  -49.287  4.499 0.0000000000
139334  -9.984  -50.008  4.902 0.0000000000
139335  -10.341  -49.955  4.669 0.0000000000
139336  -10.700  -49.897  4.439 0.0000000000
139337  -11.806  -50.406  4.496 0.0000000000
139338  -12.939  -50.825  4.557 0.0000000000
139339  -14.049  -51.194  4.576 0.0000000000
142986  -7.703  -23.120  30.823 0.0000000000
142987  -7.891  -23.063  30.563 0.0000000000
142988  -7.927  -23.023  30.240 0.0000000000
142989  -8.142  -24.531  29.974 0.0000000000
142990  -8.027  -23.794  29.929 0.0000000000
143077  -8.983  -39.549  26.833 0.0000000000
143078  -9.058  -39.636  26.511 0.0000000000
143080  -9.096  -40.879  25.762 0.0000000000
143081  -9.042  -40.272  25.786 0.0000000000
143101  -8.488  -46.125  21.304 0.0000000000
143102  -8.291  -46.615  21.162 0.0000000000
143103  -7.915  -47.024  20.992 0.0000000000
143104  -8.284  -44.477  23.937 0.0000000000
143105  -8.203  -45.003  23.476 0.0000000000
143106  -8.112  -45.514  22.988 0.0000000000
143107  -7.108  -45.692  23.083 0.0000000000
143108  -7.580  -45.858  22.787 0.0000000000
143109  -7.995  -46.044  22.471 0.0000000000
143110  -7.802  -46.484  21.946 0.0000000000
143111  -7.617  -46.931  21.382 0.0000000000
143112  -7.373  -47.353  20.750 0.0000000000
143113  -6.654  -47.551  20.411 0.0000000000
143114  -5.908  -47.739  20.077 0.0000000000
143115  -5.277  -47.980  19.791 0.0000000000
143116  -5.205  -47.542  20.890 0.0000000000
143117  -4.994  -47.928  20.236 0.0000000000
143118  -4.808  -48.321  19.557 0.0000000000
143119  -4.599  -48.870  19.405 0.0000000000
143120  -4.671  -49.527  19.369 0.0000000000
147923  -4.350  -4.000  33.233 0.0000000000
147924  -4.727  -3.707  32.984 0.0000000000
147925  -5.030  -4.292  32.892 0.0000000000
147926  -5.340  -4.818  32.818 0.0000000000
147927  -5.615  -5.384  32.725 0.0000000000
147930  -4.260  -7.070  33.213 0.0000000000
147931  -4.495  -8.502  33.081 0.0000000000
147932  -4.581  -7.635  33.071 0.0000000000
147933  -4.671  -6.772  33.052 0.0000000000
147934  -5.123  -6.481  32.928 0.0000000000
147935  -5.548  -6.235  32.792 0.0000000000
147936  -5.912  -5.986  32.614 0.0000000000
147937  -6.163  -6.562  32.473 0.0000000000
147938  -6.334  -7.176  32.286 0.0000000000
147939  -6.487  -7.788  32.078 0.0000000000
147940  -6.297  -8.877  32.404 0.0000000000
147941  -6.513  -8.614  32.145 0.0000000000
147949  -6.667  -12.284  31.902 0.0000000000
147950  -6.747  -12.923  31.666 0.0000000000
147953  -6.930  -15.159  31.500 0.0000000000
147954  -6.991  -15.963  31.529 0.0000000000
147955  -5.438  -13.206  32.531 0.0000000000
147956  -5.735  -13.787  32.394 0.0000000000
147957  -6.031  -14.404  32.261 0.0000000000
147958  -5.440  -15.401  32.289 0.0000000000
147959  -5.891  -15.206  32.232 0.0000000000
147960  -6.285  -14.981  32.107 0.0000000000
147961  -6.566  -15.571  31.939 0.0000000000
147962  -6.810  -16.114  31.751 0.0000000000
147963  -6.990  -16.705  31.538 0.0000000000
147964  -6.952  -17.471  31.537 0.0000000000
147965  -6.907  -18.223  31.537 0.0000000000
147966  -6.863  -18.954  31.533 0.0000000000
147967  -6.206  -18.609  31.796 0.0000000000
147968  -6.510  -19.151  31.664 0.0000000000
147969  -6.812  -19.696  31.511 0.0000000000
147970  -6.820  -20.462  31.465 0.0000000000
147971  -6.768  -21.220  31.410 0.0000000000
147972  -6.693  -21.975  31.348 0.0000000000
147990  -4.185  -18.920  32.260 0.0000000000
147991  -4.496  -19.472  32.025 0.0000000000
147992  -4.786  -19.986  31.868 0.0000000000
147993  -5.078  -20.520  31.715 0.0000000000
147994  -4.627  -21.398  31.772 0.0000000000
147995  -5.007  -21.227  31.624 0.0000000000
147996  -5.483  -21.017  31.613 0.0000000000
147997  -5.866  -21.546  31.503 0.0000000000
147998  -6.259  -22.160  31.393 0.0000000000
147999  -6.598  -22.727  31.280 0.0000000000
148000  -6.472  -23.449  31.208 0.0000000000
148001  -6.376  -24.157  31.112 0.0000000000
148002  -6.228  -24.873  31.011 0.0000000000
148003  -5.334  -24.473  31.109 0.0000000000
148004  -5.689  -24.998  31.000 0.0000000000
148005  -6.071  -25.559  30.910 0.0000000000
148006  -5.905  -26.236  30.811 0.0000000000
148007  -5.711  -26.943  30.713 0.0000000000
148008  -5.499  -27.654  30.583 0.0000000000
148014  -4.454  -26.662  31.063 0.0000000000
148015  -4.664  -27.214  30.826 0.0000000000
148016  -4.964  -27.776  30.610 0.0000000000
148017  -5.238  -28.373  30.465 0.0000000000
148018  -4.980  -29.047  30.370 0.0000000000
148019  -4.746  -29.671  30.304 0.0000000000
148020  -4.531  -30.297  30.267 0.0000000000
148023  -4.366  -30.855  30.373 0.0000000000
149090  -9.445  -47.320  5.840 0.0000000000
149091  -9.511  -47.246  5.474 0.0000000000
149092  -9.593  -47.180  5.128 0.0000000000
149093  -9.794  -48.447  4.050 0.0000000000
149094  -9.563  -47.723  4.296 0.0000000000
149095  -9.702  -47.091  4.754 0.0000000000
149096  -9.759  -46.978  4.406 0.0000000000
149097  -9.868  -46.905  4.089 0.0000000000
149098  -10.092  -46.833  3.811 0.0000000000
149099  -13.982  -50.496  3.755 0.0000000000
149100  -13.122  -49.976  3.523 0.0000000000
149101  -12.299  -49.439  3.286 0.0000000000
149102  -13.657  -49.689  2.920 0.0000000000
149103  -12.527  -49.265  2.996 0.0000000000
149104  -11.530  -48.809  3.098 0.0000000000
149105  -10.787  -48.081  3.026 0.0000000000
149106  -10.319  -47.345  3.191 0.0000000000
149107  -10.232  -46.688  3.556 0.0000000000
149108  -10.366  -46.537  3.289 0.0000000000
149109  -10.443  -46.368  2.982 0.0000000000
149110  -10.555  -46.222  2.696 0.0000000000
149111  -11.465  -47.451  1.945 0.0000000000
149112  -10.903  -46.726  2.100 0.0000000000
149113  -10.693  -46.075  2.421 0.0000000000
149114  -10.772  -45.887  2.136 0.0000000000
149115  -10.880  -45.675  1.935 0.0000000000
149116  -10.944  -45.438  1.699 0.0000000000
149136  -14.670  -48.562  1.063 0.0000000000
149137  -13.616  -47.862  0.936 0.0000000000
149139  -13.675  -47.606  0.620 0.0000000000
149140  -12.676  -47.205  0.855 0.0000000000
149141  -11.879  -46.549  0.893 0.0000000000
149142  -11.282  -45.869  1.043 0.0000000000
149143  -11.020  -45.203  1.433 0.0000000000
149144  -11.168  -45.001  1.146 0.0000000000
149145  -11.275  -44.750  0.959 0.0000000000
149146  -11.364  -44.486  0.749 0.0000000000
149149  -11.467  -44.213  0.503 0.0000000000
159230  -3.989  -36.345  29.656 0.0000000000
160116  -9.634  -47.174  7.300 0.0000000000
160117  -9.290  -47.702  6.900 0.0000000000
160118  -8.851  -48.238  6.431 0.0000000000
160119  -8.516  -48.753  5.964 0.0000000000
160120  -8.577  -48.671  6.962 0.0000000000
160121  -8.463  -49.040  6.266 0.0000000000
160122  -8.611  -49.553  5.655 0.0000000000
160123  -9.055  -50.281  5.602 0.0000000000
160124  -9.579  -50.888  5.727 0.0000000000
160125  -10.150  -51.380  6.008 0.0000000000
160126  -8.072  -49.444  8.105 0.0000000000
160127  -7.855  -49.846  7.351 0.0000000000
160128  -8.016  -50.409  6.737 0.0000000000
160130  -8.283  -51.184  6.558 0.0000000000
160131  -8.507  -50.919  6.345 0.0000000000
160132  -9.177  -51.311  6.210 0.0000000000
160133  -9.985  -51.589  6.270 0.0000000000
160144  -7.067  -50.669  10.625 0.0000000000
