#!ascii label  , from subject fsaverage vox2ras=TkReg
2162
15  -47.216  -27.797  52.857 0.0000000000
17  -21.008  -34.756  68.583 0.0000000000
48  -36.435  -33.598  64.211 0.0000000000
230  -43.539  -31.655  58.339 0.0000000000
372  -28.362  -33.510  65.628 0.0000000000
468  -55.533  -18.862  46.498 0.0000000000
469  -57.084  -17.798  39.478 0.0000000000
471  -61.965  -8.884  26.891 0.0000000000
702  -48.124  -26.225  49.789 0.0000000000
710  -45.936  -29.771  55.802 0.0000000000
719  -17.651  -35.626  70.420 0.0000000000
1029  -57.903  -16.315  35.350 0.0000000000
1030  -60.449  -11.337  34.152 0.0000000000
1031  -61.667  -12.203  30.088 0.0000000000
1045  -32.559  -33.747  65.632 0.0000000000
1070  -8.449  -40.398  73.684 0.0000000000
1564  -40.383  -32.800  61.335 0.0000000000
1813  -48.271  -24.181  57.694 0.0000000000
1814  -49.997  -21.374  55.520 0.0000000000
1823  -22.816  -31.709  71.337 0.0000000000
1824  -24.578  -33.985  66.740 0.0000000000
1825  -26.554  -30.984  69.459 0.0000000000
1826  -30.666  -30.764  67.977 0.0000000000
1827  -34.669  -30.935  66.582 0.0000000000
1830  -39.051  -30.583  65.131 0.0000000000
1831  -42.640  -28.924  62.732 0.0000000000
1832  -45.695  -26.444  60.311 0.0000000000
2052  -52.460  -21.240  51.918 0.0000000000
2053  -54.141  -23.133  48.030 0.0000000000
2056  -56.580  -18.701  43.048 0.0000000000
2063  -63.344  -11.613  23.267 0.0000000000
2066  -63.246  -10.075  18.543 0.0000000000
2622  -47.613  -26.955  51.258 0.0000000000
2629  -21.130  -35.912  64.582 0.0000000000
2630  -46.757  -28.864  54.408 0.0000000000
2637  -20.506  -33.150  72.081 0.0000000000
2638  -18.461  -33.347  72.813 0.0000000000
2639  -19.399  -34.975  69.435 0.0000000000
2965  -34.374  -33.726  65.028 0.0000000000
2966  -32.651  -34.793  62.172 0.0000000000
2967  -34.335  -34.574  62.017 0.0000000000
2990  -10.898  -40.808  72.752 0.0000000000
2991  -8.271  -41.907  71.298 0.0000000000
3565  -42.032  -32.377  59.801 0.0000000000
3566  -40.361  -33.745  58.547 0.0000000000
3567  -42.169  -33.459  57.141 0.0000000000
3590  -14.480  -34.991  74.488 0.0000000000
3592  -13.245  -36.693  75.059 0.0000000000
3593  -12.250  -38.568  75.244 0.0000000000
3985  -47.292  -22.423  59.268 0.0000000000
3986  -48.144  -20.953  58.106 0.0000000000
4008  -24.733  -31.377  70.268 0.0000000000
4013  -32.681  -30.765  67.192 0.0000000000
4021  -37.467  -30.118  64.248 0.0000000000
4023  -40.904  -29.957  63.944 0.0000000000
4024  -41.171  -28.183  62.965 0.0000000000
4026  -44.346  -25.267  61.388 0.0000000000
4027  -46.009  -23.817  60.450 0.0000000000
4028  -47.077  -25.249  59.060 0.0000000000
4503  -49.981  -18.753  55.033 0.0000000000
4504  -51.108  -20.928  53.720 0.0000000000
4505  -51.648  -18.647  53.271 0.0000000000
4506  -54.493  -18.553  48.272 0.0000000000
4507  -54.683  -19.915  49.708 0.0000000000
4508  -55.367  -20.744  47.749 0.0000000000
4509  -54.087  -23.428  45.851 0.0000000000
4510  -55.670  -21.179  45.738 0.0000000000
4516  -56.998  -18.453  41.290 0.0000000000
4528  -62.181  -10.203  28.804 0.0000000000
4530  -62.645  -11.301  26.846 0.0000000000
4532  -63.020  -9.924  25.153 0.0000000000
4541  -62.313  -9.680  16.388 0.0000000000
4570  -26.374  -33.691  65.957 0.0000000000
4571  -24.443  -34.968  62.422 0.0000000000
5870  -48.578  -25.426  48.089 0.0000000000
5884  -44.881  -30.798  56.972 0.0000000000
5900  -16.208  -33.914  73.612 0.0000000000
6456  -58.110  -15.165  39.501 0.0000000000
6457  -57.568  -17.015  37.546 0.0000000000
6458  -59.071  -14.530  37.619 0.0000000000
6459  -59.863  -13.884  35.302 0.0000000000
6460  -60.356  -13.743  32.995 0.0000000000
6462  -61.230  -11.451  32.301 0.0000000000
6463  -61.286  -9.622  30.681 0.0000000000
6464  -60.510  -8.788  28.434 0.0000000000
6487  -30.487  -33.622  65.757 0.0000000000
6488  -28.381  -34.408  61.605 0.0000000000
6489  -30.505  -34.499  61.894 0.0000000000
7486  -38.423  -33.208  62.854 0.0000000000
7487  -36.454  -34.131  61.217 0.0000000000
7488  -38.504  -33.897  59.917 0.0000000000
7526  -11.357  -40.061  74.604 0.0000000000
8071  -48.159  -26.190  55.415 0.0000000000
8072  -48.921  -24.771  54.454 0.0000000000
8073  -49.086  -22.666  56.765 0.0000000000
8074  -49.046  -19.633  56.665 0.0000000000
8099  -22.202  -33.369  70.989 0.0000000000
8100  -22.819  -34.378  67.738 0.0000000000
8101  -24.042  -32.973  70.008 0.0000000000
8102  -25.967  -32.475  69.302 0.0000000000
8103  -27.771  -32.266  68.724 0.0000000000
8105  -28.559  -30.706  68.645 0.0000000000
8106  -29.846  -32.311  68.155 0.0000000000
8107  -31.803  -32.299  67.615 0.0000000000
8108  -33.796  -32.347  66.878 0.0000000000
8109  -35.846  -32.434  66.089 0.0000000000
8117  -36.892  -30.944  65.883 0.0000000000
8118  -38.028  -32.231  65.055 0.0000000000
8119  -39.995  -31.822  63.745 0.0000000000
8120  -41.832  -31.154  62.198 0.0000000000
8121  -43.294  -30.272  60.647 0.0000000000
8122  -42.701  -26.682  62.261 0.0000000000
8123  -44.144  -27.656  61.526 0.0000000000
8124  -44.697  -29.209  59.322 0.0000000000
8125  -46.010  -28.169  58.070 0.0000000000
8126  -47.201  -27.092  56.791 0.0000000000
8154  -20.836  -31.667  71.938 0.0000000000
8724  -49.638  -23.881  52.792 0.0000000000
8725  -50.503  -23.552  51.157 0.0000000000
8726  -51.368  -23.855  49.321 0.0000000000
8727  -53.394  -19.051  51.561 0.0000000000
8728  -53.598  -22.337  49.971 0.0000000000
8729  -51.842  -24.303  47.136 0.0000000000
8730  -51.735  -24.704  44.883 0.0000000000
8738  -56.169  -18.852  44.823 0.0000000000
8739  -55.560  -20.940  43.538 0.0000000000
8765  -61.398  -8.816  24.685 0.0000000000
8766  -62.822  -9.361  22.981 0.0000000000
8767  -63.609  -10.728  20.989 0.0000000000
8769  -63.697  -11.525  16.571 0.0000000000
8770  -63.132  -10.461  14.454 0.0000000000
8771  -61.853  -8.901  12.670 0.0000000000
8806  -22.748  -35.361  63.379 0.0000000000
10301  -46.822  -28.127  50.829 0.0000000000
10302  -47.467  -27.324  52.158 0.0000000000
10307  -20.359  -35.409  67.238 0.0000000000
10309  -21.125  -35.344  66.621 0.0000000000
10310  -47.034  -28.353  53.687 0.0000000000
10317  -20.865  -34.053  70.602 0.0000000000
10318  -20.028  -34.095  71.030 0.0000000000
10319  -20.168  -34.860  68.951 0.0000000000
10645  -35.389  -33.681  64.658 0.0000000000
10646  -34.416  -34.308  63.580 0.0000000000
10647  -35.415  -34.128  63.269 0.0000000000
11245  -42.761  -32.008  59.014 0.0000000000
11246  -42.070  -32.956  58.441 0.0000000000
11247  -42.866  -32.706  57.715 0.0000000000
11270  -14.784  -36.488  73.999 0.0000000000
11271  -13.788  -35.817  74.873 0.0000000000
11272  -14.406  -37.232  74.453 0.0000000000
11665  -46.414  -22.000  59.398 0.0000000000
11666  -46.921  -21.255  58.854 0.0000000000
11703  -40.329  -28.787  63.356 0.0000000000
11706  -45.112  -23.585  60.421 0.0000000000
11708  -46.652  -23.107  59.860 0.0000000000
12184  -50.778  -18.632  54.176 0.0000000000
12185  -50.530  -17.963  53.291 0.0000000000
12186  -55.006  -18.756  47.371 0.0000000000
12187  -55.251  -19.362  48.212 0.0000000000
12188  -55.633  -19.669  47.212 0.0000000000
12189  -55.558  -21.028  46.749 0.0000000000
12190  -55.960  -19.832  46.266 0.0000000000
12194  -57.411  -16.929  40.432 0.0000000000
12195  -57.157  -17.252  41.276 0.0000000000
12196  -57.077  -18.137  40.403 0.0000000000
12208  -62.111  -9.396  27.855 0.0000000000
12209  -62.449  -10.677  27.885 0.0000000000
12210  -62.531  -9.889  26.964 0.0000000000
12211  -62.928  -10.521  26.042 0.0000000000
12212  -62.552  -9.309  26.062 0.0000000000
12250  -27.368  -33.564  65.771 0.0000000000
12251  -26.370  -34.221  63.813 0.0000000000
12252  -27.388  -33.998  63.703 0.0000000000
13622  -48.324  -25.816  48.950 0.0000000000
13645  -45.454  -30.307  56.443 0.0000000000
13646  -44.846  -31.596  55.733 0.0000000000
13647  -45.312  -30.992  55.100 0.0000000000
13670  -18.009  -34.514  71.745 0.0000000000
13671  -17.329  -33.576  73.143 0.0000000000
13672  -16.964  -34.743  72.268 0.0000000000
13673  -16.073  -35.176  72.918 0.0000000000
13674  -16.763  -36.055  71.172 0.0000000000
14598  -58.073  -14.025  38.978 0.0000000000
14599  -58.577  -14.838  38.628 0.0000000000
14600  -58.690  -13.648  38.073 0.0000000000
14601  -59.886  -11.630  35.208 0.0000000000
14602  -59.861  -12.762  35.986 0.0000000000
14603  -60.377  -12.546  34.922 0.0000000000
14604  -60.186  -13.728  34.148 0.0000000000
14605  -60.738  -12.460  33.798 0.0000000000
14606  -60.975  -12.566  32.784 0.0000000000
14607  -60.873  -11.344  33.257 0.0000000000
14609  -60.688  -9.637  31.445 0.0000000000
14611  -60.970  -9.084  29.590 0.0000000000
14650  -31.549  -33.717  65.703 0.0000000000
14651  -30.595  -34.141  63.953 0.0000000000
14652  -31.650  -34.292  64.022 0.0000000000
14653  -32.565  -35.061  60.501 0.0000000000
14654  -31.538  -34.966  60.313 0.0000000000
14727  -7.196  -40.972  72.778 0.0000000000
14728  -8.438  -42.164  69.840 0.0000000000
14729  -7.115  -42.419  70.307 0.0000000000
16450  -39.454  -33.029  62.071 0.0000000000
16451  -38.537  -33.588  61.437 0.0000000000
16452  -39.496  -33.489  60.663 0.0000000000
16535  -13.401  -39.743  75.063 0.0000000000
16536  -11.771  -39.381  75.088 0.0000000000
16537  -13.004  -40.373  74.775 0.0000000000
17710  -48.277  -25.184  56.576 0.0000000000
17711  -48.703  -24.488  56.118 0.0000000000
17712  -48.713  -23.410  57.287 0.0000000000
17713  -47.729  -19.830  57.421 0.0000000000
17714  -48.550  -20.331  57.403 0.0000000000
17715  -48.169  -19.170  56.607 0.0000000000
17716  -48.595  -18.680  55.805 0.0000000000
17777  -22.615  -32.440  71.545 0.0000000000
17778  -23.151  -33.123  70.583 0.0000000000
17779  -23.577  -32.279  71.076 0.0000000000
17780  -25.642  -31.148  69.812 0.0000000000
17781  -25.424  -31.853  70.083 0.0000000000
17782  -26.360  -31.664  69.747 0.0000000000
17783  -26.860  -32.301  69.062 0.0000000000
17784  -27.293  -31.530  69.411 0.0000000000
17790  -29.587  -30.727  68.277 0.0000000000
17791  -29.249  -31.473  68.663 0.0000000000
17792  -30.265  -31.487  68.346 0.0000000000
17793  -30.859  -32.312  67.905 0.0000000000
17794  -31.289  -31.444  68.025 0.0000000000
17795  -33.688  -30.912  66.861 0.0000000000
17796  -33.291  -31.521  67.274 0.0000000000
17797  -34.298  -31.542  66.909 0.0000000000
17798  -34.793  -32.380  66.489 0.0000000000
17799  -35.317  -31.652  66.570 0.0000000000
17818  -38.310  -30.122  64.982 0.0000000000
17819  -37.249  -30.410  65.230 0.0000000000
17820  -38.022  -30.833  65.537 0.0000000000
17821  -37.548  -31.523  65.733 0.0000000000
17822  -38.663  -31.415  65.206 0.0000000000
17823  -39.005  -32.051  64.468 0.0000000000
17824  -39.595  -31.267  64.621 0.0000000000
17825  -41.786  -29.484  63.390 0.0000000000
17826  -41.480  -30.549  63.307 0.0000000000
17827  -42.324  -30.059  62.598 0.0000000000
17828  -42.566  -30.675  61.417 0.0000000000
17829  -43.071  -29.548  61.813 0.0000000000
17833  -45.152  -25.731  61.151 0.0000000000
17834  -44.315  -26.433  61.694 0.0000000000
17835  -44.953  -27.138  60.892 0.0000000000
17836  -44.504  -28.443  60.454 0.0000000000
17837  -45.251  -27.890  59.868 0.0000000000
17838  -45.386  -28.738  58.638 0.0000000000
17839  -45.967  -27.305  59.256 0.0000000000
17840  -47.716  -24.695  58.368 0.0000000000
17841  -47.224  -26.105  58.052 0.0000000000
17842  -47.810  -25.636  57.268 0.0000000000
17843  -47.718  -26.669  56.083 0.0000000000
17909  -21.870  -31.694  71.698 0.0000000000
17910  -21.672  -32.417  71.965 0.0000000000
19263  -49.517  -23.071  55.047 0.0000000000
19264  -49.283  -24.313  53.641 0.0000000000
19265  -49.961  -22.632  54.234 0.0000000000
19266  -51.820  -20.983  52.765 0.0000000000
19267  -50.997  -22.225  52.502 0.0000000000
19268  -51.610  -22.337  51.626 0.0000000000
19269  -50.984  -23.720  50.270 0.0000000000
19270  -52.135  -22.694  50.747 0.0000000000
19272  -52.480  -18.020  51.706 0.0000000000
19273  -53.413  -18.224  50.935 0.0000000000
19274  -54.629  -21.498  49.072 0.0000000000
19275  -54.301  -21.015  50.038 0.0000000000
19276  -53.971  -22.763  49.015 0.0000000000
19277  -52.934  -23.578  48.678 0.0000000000
19278  -53.044  -23.931  47.542 0.0000000000
19279  -51.795  -24.596  45.957 0.0000000000
19280  -53.021  -24.201  46.524 0.0000000000
19281  -53.907  -23.393  44.710 0.0000000000
19282  -52.792  -24.276  44.315 0.0000000000
19283  -52.606  -24.033  43.230 0.0000000000
19297  -56.492  -17.735  42.649 0.0000000000
19299  -56.103  -17.934  43.330 0.0000000000
19300  -55.743  -18.120  44.048 0.0000000000
19301  -56.372  -18.788  43.993 0.0000000000
19302  -56.163  -19.855  44.341 0.0000000000
19303  -56.238  -19.811  43.353 0.0000000000
19316  -57.779  -16.678  36.500 0.0000000000
19338  -61.107  -13.278  30.402 0.0000000000
19348  -63.022  -12.112  24.156 0.0000000000
19369  -62.135  -8.981  23.855 0.0000000000
19371  -62.786  -9.717  19.529 0.0000000000
19372  -63.175  -9.766  20.802 0.0000000000
19373  -63.561  -10.425  19.765 0.0000000000
19374  -63.703  -11.671  19.827 0.0000000000
19375  -63.702  -11.236  18.690 0.0000000000
19377  -63.555  -10.708  17.562 0.0000000000
19379  -62.830  -9.949  15.496 0.0000000000
19380  -62.203  -9.571  14.391 0.0000000000
19381  -62.594  -9.760  13.375 0.0000000000
19465  -23.694  -34.227  67.202 0.0000000000
19466  -22.810  -34.879  65.597 0.0000000000
19467  -23.649  -34.666  64.976 0.0000000000
19473  -28.352  -34.861  59.706 0.0000000000
19488  -36.432  -34.364  59.561 0.0000000000
19489  -35.374  -34.519  60.044 0.0000000000
23150  -47.863  -26.593  50.501 0.0000000000
23164  -46.384  -29.316  55.136 0.0000000000
23165  -45.736  -30.508  54.506 0.0000000000
23177  -19.702  -32.266  72.774 0.0000000000
23178  -18.618  -32.333  73.125 0.0000000000
23179  -19.505  -33.195  72.497 0.0000000000
23180  -19.045  -34.234  71.396 0.0000000000
23181  -18.525  -35.273  69.863 0.0000000000
23183  -18.942  -35.813  68.198 0.0000000000
23740  -59.584  -10.780  34.043 0.0000000000
23767  -33.467  -33.761  65.359 0.0000000000
23768  -32.661  -34.369  63.926 0.0000000000
23769  -33.540  -34.398  63.795 0.0000000000
23770  -33.490  -34.758  62.148 0.0000000000
23771  -33.362  -34.938  60.564 0.0000000000
23812  -9.556  -40.702  73.377 0.0000000000
23813  -8.211  -41.314  72.631 0.0000000000
23814  -9.411  -41.270  72.133 0.0000000000
23815  -9.539  -41.532  70.759 0.0000000000
24847  -41.245  -32.645  60.487 0.0000000000
24848  -40.361  -33.352  59.945 0.0000000000
24849  -41.257  -33.185  59.175 0.0000000000
24850  -41.265  -33.609  57.843 0.0000000000
24892  -14.378  -33.878  74.481 0.0000000000
24894  -13.539  -34.594  74.866 0.0000000000
24898  -12.746  -37.574  75.212 0.0000000000
25603  -47.949  -23.121  58.713 0.0000000000
25604  -48.381  -22.430  58.186 0.0000000000
25605  -47.713  -21.683  58.728 0.0000000000
25606  -47.293  -20.491  58.188 0.0000000000
25643  -22.896  -31.284  70.440 0.0000000000
25644  -23.763  -31.585  70.752 0.0000000000
25646  -24.800  -30.941  69.275 0.0000000000
25652  -30.966  -30.227  67.080 0.0000000000
25653  -31.652  -30.729  67.564 0.0000000000
25654  -31.891  -30.241  66.656 0.0000000000
25655  -32.889  -30.362  66.266 0.0000000000
25656  -33.891  -30.461  66.037 0.0000000000
25669  -38.522  -29.667  64.087 0.0000000000
25670  -39.291  -29.799  64.641 0.0000000000
25671  -39.987  -30.308  64.527 0.0000000000
25672  -40.201  -29.383  64.139 0.0000000000
25673  -41.075  -28.983  63.661 0.0000000000
25674  -41.915  -28.400  63.173 0.0000000000
25678  -45.185  -24.538  60.959 0.0000000000
25679  -45.929  -25.059  60.573 0.0000000000
25680  -46.421  -25.831  59.709 0.0000000000
25681  -46.654  -24.394  59.970 0.0000000000
25682  -47.318  -23.789  59.319 0.0000000000
26535  -50.123  -19.924  55.525 0.0000000000
26536  -50.515  -21.114  54.607 0.0000000000
26537  -50.755  -19.720  54.611 0.0000000000
26538  -51.544  -19.731  53.668 0.0000000000
26539  -52.311  -19.819  52.772 0.0000000000
26541  -54.122  -18.620  50.107 0.0000000000
26542  -54.771  -18.986  49.150 0.0000000000
26543  -55.143  -20.256  48.731 0.0000000000
26544  -54.849  -21.906  48.048 0.0000000000
26545  -54.137  -23.429  47.041 0.0000000000
26546  -54.945  -22.215  47.019 0.0000000000
26547  -54.995  -22.351  46.006 0.0000000000
26548  -54.928  -22.338  44.833 0.0000000000
26557  -56.889  -17.488  41.985 0.0000000000
26558  -56.793  -18.621  42.165 0.0000000000
26559  -56.268  -19.638  42.290 0.0000000000
26560  -56.234  -19.500  41.206 0.0000000000
26580  -62.042  -11.192  29.576 0.0000000000
26581  -61.788  -12.726  29.013 0.0000000000
26582  -62.268  -11.653  28.599 0.0000000000
26583  -62.321  -12.271  27.561 0.0000000000
26584  -62.237  -12.866  26.519 0.0000000000
26586  -62.679  -12.039  25.887 0.0000000000
26587  -63.074  -11.303  25.105 0.0000000000
26588  -63.302  -10.715  24.319 0.0000000000
26603  -62.766  -9.874  17.376 0.0000000000
26656  -25.494  -33.789  66.319 0.0000000000
26657  -24.572  -34.496  64.551 0.0000000000
26658  -25.431  -34.339  64.157 0.0000000000
29086  -44.259  -31.236  57.697 0.0000000000
29087  -43.636  -32.323  57.075 0.0000000000
29088  -44.351  -32.022  56.364 0.0000000000
29122  -17.555  -32.588  73.329 0.0000000000
29125  -15.239  -34.391  74.068 0.0000000000
29126  -15.310  -35.794  73.543 0.0000000000
30420  -57.789  -16.499  39.539 0.0000000000
30421  -57.316  -17.366  38.485 0.0000000000
30422  -58.143  -16.137  38.678 0.0000000000
30423  -58.498  -15.841  37.737 0.0000000000
30424  -58.805  -15.472  36.618 0.0000000000
30425  -59.286  -13.180  37.056 0.0000000000
30426  -59.483  -14.150  36.444 0.0000000000
30427  -58.943  -15.116  35.432 0.0000000000
30428  -59.120  -14.923  34.190 0.0000000000
30433  -61.091  -12.869  31.600 0.0000000000
30434  -61.509  -11.756  31.152 0.0000000000
30435  -60.838  -10.372  32.424 0.0000000000
30436  -61.361  -10.403  31.513 0.0000000000
30437  -61.716  -10.716  30.549 0.0000000000
30438  -61.775  -9.834  29.761 0.0000000000
30439  -61.542  -9.119  28.692 0.0000000000
30440  -61.284  -8.640  27.747 0.0000000000
30493  -29.444  -33.525  65.753 0.0000000000
30494  -28.393  -33.974  63.672 0.0000000000
30495  -29.465  -34.007  63.741 0.0000000000
30496  -29.456  -34.436  61.822 0.0000000000
30497  -29.386  -34.757  59.834 0.0000000000
30498  -31.608  -34.703  62.090 0.0000000000
30499  -30.483  -34.832  60.081 0.0000000000
30603  -7.022  -41.921  71.693 0.0000000000
30604  -5.928  -42.276  70.580 0.0000000000
32932  -37.454  -33.396  63.636 0.0000000000
32933  -36.504  -33.913  62.791 0.0000000000
32934  -37.508  -33.741  62.184 0.0000000000
32935  -37.496  -33.976  60.646 0.0000000000
32936  -37.352  -34.274  59.025 0.0000000000
32937  -39.501  -33.831  59.250 0.0000000000
32943  -42.876  -33.223  56.416 0.0000000000
33040  -10.775  -38.390  75.179 0.0000000000
33041  -10.240  -39.320  74.881 0.0000000000
33042  -9.818  -40.066  74.297 0.0000000000
33043  -11.040  -40.548  73.824 0.0000000000
34525  -47.853  -27.076  54.204 0.0000000000
34526  -48.248  -26.434  53.691 0.0000000000
34527  -48.601  -25.521  54.951 0.0000000000
34528  -49.089  -23.734  55.637 0.0000000000
34529  -49.511  -22.041  56.120 0.0000000000
34530  -48.762  -21.731  57.595 0.0000000000
34531  -49.192  -21.089  56.976 0.0000000000
34532  -49.655  -20.436  56.263 0.0000000000
34533  -49.490  -19.094  55.893 0.0000000000
34534  -49.063  -18.319  54.930 0.0000000000
34607  -21.643  -34.175  69.888 0.0000000000
34608  -21.962  -34.677  68.175 0.0000000000
34609  -22.623  -34.013  69.584 0.0000000000
34610  -23.513  -33.730  69.079 0.0000000000
34611  -24.379  -33.459  68.663 0.0000000000
34612  -24.482  -32.059  70.503 0.0000000000
34613  -24.991  -32.708  69.697 0.0000000000
34614  -25.296  -33.272  68.208 0.0000000000
34615  -26.296  -33.067  67.957 0.0000000000
34616  -27.173  -33.062  67.549 0.0000000000
34617  -28.128  -32.977  67.301 0.0000000000
34620  -26.730  -30.453  68.483 0.0000000000
34623  -27.547  -30.812  69.126 0.0000000000
34624  -28.243  -31.487  69.032 0.0000000000
34625  -28.784  -32.306  68.311 0.0000000000
34626  -29.177  -32.992  67.143 0.0000000000
34627  -30.264  -33.024  67.213 0.0000000000
34628  -31.225  -33.103  66.971 0.0000000000
34629  -32.162  -33.109  66.723 0.0000000000
34630  -32.326  -31.426  67.657 0.0000000000
34631  -32.815  -32.258  67.247 0.0000000000
34632  -33.160  -33.153  66.433 0.0000000000
34633  -34.128  -33.116  66.076 0.0000000000
34634  -35.141  -33.128  65.748 0.0000000000
34635  -36.194  -33.096  65.290 0.0000000000
34655  -34.033  -30.398  64.705 0.0000000000
34656  -34.931  -30.551  65.709 0.0000000000
34657  -36.332  -30.393  64.362 0.0000000000
34658  -36.084  -30.542  65.482 0.0000000000
34659  -35.743  -31.007  66.239 0.0000000000
34660  -36.409  -31.643  66.157 0.0000000000
34661  -36.923  -32.349  65.614 0.0000000000
34662  -37.249  -32.989  64.740 0.0000000000
34663  -38.260  -32.813  64.027 0.0000000000
34664  -39.272  -32.608  63.366 0.0000000000
34665  -40.235  -32.346  62.563 0.0000000000
34666  -40.540  -30.965  63.943 0.0000000000
34667  -40.946  -31.543  62.940 0.0000000000
34668  -41.111  -32.082  61.759 0.0000000000
34669  -41.993  -31.785  60.956 0.0000000000
34670  -42.725  -31.492  60.133 0.0000000000
34671  -43.382  -31.004  59.408 0.0000000000
34672  -41.172  -27.526  61.933 0.0000000000
34673  -41.919  -27.362  62.632 0.0000000000
34674  -42.681  -27.720  62.657 0.0000000000
34675  -43.507  -25.986  61.940 0.0000000000
34676  -43.513  -27.052  62.216 0.0000000000
34677  -43.373  -28.277  62.064 0.0000000000
34678  -43.745  -28.960  61.055 0.0000000000
34679  -43.968  -29.765  59.932 0.0000000000
34680  -44.150  -30.598  58.748 0.0000000000
34681  -44.799  -30.040  58.121 0.0000000000
34682  -45.414  -29.545  57.485 0.0000000000
34683  -46.023  -28.988  56.879 0.0000000000
34684  -46.586  -26.732  58.604 0.0000000000
34685  -46.617  -27.595  57.389 0.0000000000
34686  -46.542  -28.497  56.257 0.0000000000
34687  -47.080  -28.051  55.627 0.0000000000
34688  -47.463  -27.617  54.880 0.0000000000
34769  -20.732  -32.324  72.391 0.0000000000
34770  -21.363  -33.281  71.564 0.0000000000
36420  -48.486  -25.929  52.960 0.0000000000
36421  -48.719  -25.509  52.086 0.0000000000
36422  -48.968  -25.060  51.258 0.0000000000
36423  -50.453  -22.342  53.370 0.0000000000
36424  -50.054  -23.619  51.987 0.0000000000
36425  -49.301  -24.834  50.533 0.0000000000
36426  -49.673  -24.680  49.732 0.0000000000
36427  -49.981  -24.545  48.745 0.0000000000
36428  -50.265  -24.530  47.682 0.0000000000
36429  -51.547  -17.902  52.458 0.0000000000
36430  -52.569  -18.760  52.364 0.0000000000
36431  -53.096  -20.214  51.903 0.0000000000
36432  -54.097  -19.410  50.691 0.0000000000
36433  -53.746  -20.584  50.985 0.0000000000
36434  -53.068  -21.731  50.988 0.0000000000
36435  -52.611  -23.257  49.703 0.0000000000
36436  -51.649  -24.059  48.211 0.0000000000
36437  -50.441  -24.649  46.546 0.0000000000
36441  -52.930  -24.275  45.451 0.0000000000
36442  -51.562  -24.836  43.749 0.0000000000
36463  -55.365  -18.268  44.799 0.0000000000
36464  -55.936  -18.874  45.585 0.0000000000
36465  -56.087  -19.896  45.345 0.0000000000
36466  -55.650  -21.153  44.636 0.0000000000
36467  -54.768  -22.072  43.610 0.0000000000
36468  -55.422  -20.698  42.359 0.0000000000
36545  -61.661  -8.669  25.819 0.0000000000
36546  -62.368  -8.966  25.004 0.0000000000
36547  -62.952  -9.566  24.144 0.0000000000
36548  -63.357  -10.279  23.216 0.0000000000
36550  -63.350  -9.898  22.056 0.0000000000
36551  -63.526  -11.105  22.184 0.0000000000
36558  -63.245  -10.308  16.468 0.0000000000
36559  -63.478  -10.994  15.525 0.0000000000
36561  -63.174  -10.883  13.468 0.0000000000
36562  -62.652  -10.044  12.479 0.0000000000
36563  -61.909  -9.030  11.812 0.0000000000
36572  -61.184  -8.035  11.436 0.0000000000
36664  -21.991  -35.085  66.131 0.0000000000
36665  -21.944  -35.679  63.976 0.0000000000
36673  -27.328  -34.448  61.655 0.0000000000
36691  -35.372  -34.372  61.678 0.0000000000
36692  -34.303  -34.723  60.457 0.0000000000
41020  -46.928  -28.144  52.240 0.0000000000
41021  -47.012  -27.923  51.845 0.0000000000
41022  -47.338  -27.573  52.485 0.0000000000
41027  -20.672  -35.068  67.881 0.0000000000
41028  -20.724  -35.380  66.939 0.0000000000
41029  -21.058  -35.081  67.588 0.0000000000
41030  -47.127  -28.083  53.285 0.0000000000
41031  -46.737  -28.731  52.892 0.0000000000
41037  -20.918  -34.444  69.616 0.0000000000
41038  -20.519  -34.468  69.829 0.0000000000
41039  -20.542  -34.839  68.770 0.0000000000
41040  -20.246  -35.150  68.078 0.0000000000
41365  -35.947  -33.636  64.480 0.0000000000
41366  -35.409  -33.929  63.939 0.0000000000
41367  -35.948  -33.871  63.789 0.0000000000
41827  -62.094  -9.695  11.370 0.0000000000
41965  -43.137  -31.852  58.659 0.0000000000
41966  -42.826  -32.327  58.394 0.0000000000
41967  -43.192  -32.169  58.022 0.0000000000
41990  -15.125  -37.247  73.684 0.0000000000
41991  -14.595  -36.873  74.259 0.0000000000
41992  -14.984  -37.609  73.979 0.0000000000
42386  -46.207  -21.519  59.041 0.0000000000
42904  -50.039  -17.987  53.709 0.0000000000
42906  -55.265  -18.791  46.938 0.0000000000
42907  -55.425  -19.172  47.298 0.0000000000
42908  -55.668  -19.260  46.868 0.0000000000
42909  -55.800  -19.772  46.745 0.0000000000
42910  -55.857  -19.298  46.416 0.0000000000
42914  -57.349  -17.367  39.993 0.0000000000
42915  -57.239  -17.589  40.454 0.0000000000
42916  -57.085  -17.978  39.948 0.0000000000
42917  -56.729  -18.556  39.749 0.0000000000
42918  -56.698  -18.379  39.268 0.0000000000
42920  -56.686  -18.186  38.812 0.0000000000
42928  -62.038  -9.089  27.380 0.0000000000
42929  -62.331  -9.641  27.421 0.0000000000
42930  -62.310  -9.305  26.934 0.0000000000
42931  -62.548  -9.550  26.474 0.0000000000
42932  -62.271  -9.063  26.455 0.0000000000
42970  -27.899  -33.518  65.739 0.0000000000
42971  -27.372  -33.813  64.712 0.0000000000
42972  -27.863  -33.763  64.660 0.0000000000
44338  -47.662  -26.844  49.532 0.0000000000
44340  -47.744  -26.587  49.136 0.0000000000
44342  -48.235  -26.009  49.353 0.0000000000
44365  -45.699  -30.021  56.113 0.0000000000
44366  -45.434  -30.700  55.833 0.0000000000
44367  -45.656  -30.414  55.474 0.0000000000
44390  -17.803  -35.045  71.068 0.0000000000
44391  -17.503  -34.644  72.017 0.0000000000
44392  -17.313  -35.229  71.392 0.0000000000
44393  -16.825  -35.390  71.757 0.0000000000
44394  -17.172  -35.843  70.781 0.0000000000
44396  -17.584  -36.147  69.903 0.0000000000
45321  -60.170  -11.468  34.686 0.0000000000
45322  -60.194  -12.044  35.096 0.0000000000
45323  -60.458  -11.915  34.569 0.0000000000
45324  -60.583  -12.506  34.379 0.0000000000
45325  -60.665  -11.866  34.035 0.0000000000
45326  -60.826  -11.895  33.561 0.0000000000
45327  -60.688  -11.355  33.703 0.0000000000
45370  -32.053  -33.727  65.696 0.0000000000
45371  -31.634  -33.989  64.852 0.0000000000
45372  -32.154  -34.053  64.917 0.0000000000
45373  -32.487  -35.180  59.770 0.0000000000
45374  -31.972  -35.145  59.526 0.0000000000
45375  -32.004  -35.278  58.795 0.0000000000
45445  -7.999  -40.185  73.703 0.0000000000
45446  -7.381  -40.458  73.238 0.0000000000
45447  -7.788  -40.699  73.258 0.0000000000
47170  -39.958  -32.905  61.702 0.0000000000
47171  -39.517  -33.270  61.354 0.0000000000
47172  -39.942  -33.185  61.010 0.0000000000
47255  -14.010  -40.283  74.892 0.0000000000
47256  -13.221  -40.061  74.977 0.0000000000
47257  -13.813  -40.571  74.792 0.0000000000
47258  -13.627  -40.796  74.545 0.0000000000
48430  -48.294  -24.724  57.116 0.0000000000
48431  -48.514  -24.368  56.915 0.0000000000
48432  -48.491  -23.805  57.491 0.0000000000
48433  -47.444  -19.373  56.852 0.0000000000
48434  -47.947  -19.477  57.024 0.0000000000
48497  -22.730  -32.038  71.553 0.0000000000
48498  -23.049  -32.396  71.284 0.0000000000
48499  -23.199  -31.964  71.306 0.0000000000
48500  -26.079  -31.054  69.608 0.0000000000
48501  -25.980  -31.379  69.823 0.0000000000
48502  -26.453  -31.303  69.701 0.0000000000
48503  -26.803  -31.602  69.577 0.0000000000
48504  -26.931  -31.215  69.524 0.0000000000
48508  -30.266  -30.422  67.805 0.0000000000
48509  -29.778  -30.375  67.884 0.0000000000
48510  -30.119  -30.717  68.129 0.0000000000
48511  -29.962  -31.048  68.369 0.0000000000
48512  -30.441  -31.115  68.283 0.0000000000
48513  -30.820  -31.441  68.182 0.0000000000
48514  -31.021  -31.056  68.051 0.0000000000
48515  -34.163  -30.863  66.693 0.0000000000
48516  -34.009  -31.210  66.979 0.0000000000
48517  -34.513  -31.180  66.782 0.0000000000
48518  -34.796  -31.599  66.758 0.0000000000
48519  -34.968  -31.260  66.626 0.0000000000
48538  -38.700  -30.324  65.127 0.0000000000
48539  -38.176  -30.474  65.300 0.0000000000
48540  -38.549  -30.698  65.357 0.0000000000
48541  -38.353  -31.116  65.432 0.0000000000
48542  -38.869  -30.984  65.228 0.0000000000
48543  -39.111  -31.339  64.973 0.0000000000
48544  -39.340  -30.924  64.934 0.0000000000
48545  -42.225  -29.227  63.110 0.0000000000
48546  -42.066  -29.779  63.035 0.0000000000
48547  -42.520  -29.539  62.670 0.0000000000
48548  -42.686  -29.803  62.226 0.0000000000
48549  -42.882  -29.226  62.358 0.0000000000
48553  -45.456  -26.072  60.764 0.0000000000
48554  -45.083  -26.370  61.060 0.0000000000
48555  -45.340  -26.724  60.619 0.0000000000
48556  -45.114  -27.538  60.384 0.0000000000
48557  -45.513  -27.148  60.093 0.0000000000
48558  -45.604  -27.585  59.519 0.0000000000
48559  -45.858  -26.860  59.803 0.0000000000
48560  -48.010  -24.383  58.066 0.0000000000
48561  -47.796  -25.184  57.825 0.0000000000
48562  -48.064  -24.998  57.464 0.0000000000
48563  -48.068  -25.488  56.893 0.0000000000
48629  -22.364  -31.741  71.521 0.0000000000
48630  -22.287  -32.083  71.704 0.0000000000
49983  -49.782  -22.207  55.318 0.0000000000
49984  -49.749  -22.842  54.666 0.0000000000
49985  -50.006  -21.984  54.956 0.0000000000
49986  -52.143  -21.090  52.350 0.0000000000
49987  -51.782  -21.606  52.234 0.0000000000
49988  -52.073  -21.774  51.801 0.0000000000
49989  -51.911  -22.478  51.208 0.0000000000
49990  -52.342  -22.014  51.337 0.0000000000
49993  -53.141  -17.997  50.531 0.0000000000
49994  -54.481  -22.324  48.623 0.0000000000
49995  -54.368  -22.138  49.119 0.0000000000
49996  -54.093  -22.959  48.522 0.0000000000
49997  -53.574  -23.457  48.312 0.0000000000
49998  -53.669  -23.645  47.779 0.0000000000
49999  -53.048  -24.105  46.996 0.0000000000
50000  -53.636  -23.783  47.276 0.0000000000
50001  -53.825  -23.315  44.147 0.0000000000
50002  -53.244  -23.772  43.985 0.0000000000
50003  -53.203  -23.627  43.483 0.0000000000
50017  -56.549  -18.232  42.891 0.0000000000
50018  -56.281  -17.846  42.971 0.0000000000
50019  -56.410  -18.268  43.269 0.0000000000
50020  -56.286  -18.325  43.689 0.0000000000
50021  -56.480  -18.750  43.528 0.0000000000
50022  -56.388  -19.272  43.737 0.0000000000
50023  -56.467  -19.211  43.230 0.0000000000
50036  -57.853  -16.489  35.910 0.0000000000
50058  -61.444  -12.731  30.295 0.0000000000
50059  -61.116  -13.470  29.832 0.0000000000
50060  -61.447  -12.968  29.723 0.0000000000
50068  -63.202  -11.863  23.759 0.0000000000
50091  -63.034  -9.882  19.048 0.0000000000
50092  -63.261  -9.988  19.678 0.0000000000
50093  -63.450  -10.265  19.178 0.0000000000
50094  -63.653  -10.832  19.239 0.0000000000
50095  -63.557  -10.597  18.617 0.0000000000
50096  -63.635  -10.971  18.123 0.0000000000
50097  -63.411  -10.352  18.033 0.0000000000
50099  -61.970  -9.524  14.889 0.0000000000
50101  -61.843  -9.218  13.970 0.0000000000
50185  -24.136  -34.068  66.954 0.0000000000
50186  -23.671  -34.461  66.011 0.0000000000
50187  -24.117  -34.337  65.851 0.0000000000
53938  -47.192  -27.576  51.026 0.0000000000
53939  -46.917  -27.947  50.445 0.0000000000
53940  -47.335  -27.350  50.658 0.0000000000
53941  -47.435  -27.253  50.255 0.0000000000
53942  -47.770  -26.758  50.902 0.0000000000
53965  -46.638  -29.110  54.752 0.0000000000
53966  -46.257  -29.738  54.436 0.0000000000
53967  -46.368  -29.509  53.985 0.0000000000
53987  -20.156  -32.667  72.553 0.0000000000
53988  -19.639  -32.694  72.746 0.0000000000
53989  -20.025  -33.161  72.342 0.0000000000
53990  -19.705  -34.524  70.223 0.0000000000
53991  -19.561  -34.124  71.206 0.0000000000
53992  -19.263  -34.596  70.419 0.0000000000
53993  -18.802  -34.713  70.668 0.0000000000
53994  -18.964  -35.083  69.646 0.0000000000
53995  -18.721  -35.493  69.078 0.0000000000
53996  -19.149  -35.380  68.803 0.0000000000
54970  -33.870  -33.841  65.139 0.0000000000
54971  -33.505  -34.162  64.605 0.0000000000
54972  -33.947  -34.080  64.425 0.0000000000
54973  -34.395  -34.465  62.812 0.0000000000
54974  -33.970  -34.542  62.960 0.0000000000
54975  -33.933  -34.679  62.132 0.0000000000
54976  -33.423  -34.840  61.350 0.0000000000
54977  -33.867  -34.780  61.314 0.0000000000
55045  -10.188  -40.799  73.087 0.0000000000
55046  -9.450  -41.031  72.795 0.0000000000
55047  -10.136  -40.946  72.462 0.0000000000
55049  -10.155  -41.197  71.117 0.0000000000
55050  -10.309  -41.192  70.447 0.0000000000
55051  -9.660  -41.579  70.024 0.0000000000
56770  -41.622  -32.516  60.120 0.0000000000
56771  -41.242  -32.912  59.851 0.0000000000
56772  -41.631  -32.818  59.457 0.0000000000
56773  -42.103  -33.178  57.813 0.0000000000
56774  -41.696  -33.313  58.175 0.0000000000
56775  -41.686  -33.497  57.438 0.0000000000
56776  -41.252  -33.820  57.136 0.0000000000
56845  -14.451  -34.380  74.554 0.0000000000
56846  -13.957  -34.218  74.669 0.0000000000
56847  -14.007  -34.749  74.770 0.0000000000
56848  -13.509  -36.221  74.991 0.0000000000
56849  -13.290  -35.569  75.064 0.0000000000
56854  -12.990  -37.133  75.145 0.0000000000
58030  -47.645  -22.737  59.025 0.0000000000
58031  -47.835  -22.378  58.774 0.0000000000
58032  -47.488  -22.040  59.013 0.0000000000
58033  -46.673  -20.780  58.425 0.0000000000
58034  -47.068  -20.853  58.555 0.0000000000
58035  -46.850  -20.419  58.049 0.0000000000
58112  -31.012  -30.105  66.433 0.0000000000
58113  -31.397  -30.202  66.836 0.0000000000
58116  -32.440  -30.207  65.794 0.0000000000
58117  -32.939  -30.294  65.693 0.0000000000
58118  -33.400  -30.434  66.086 0.0000000000
58140  -38.965  -29.424  63.923 0.0000000000
58141  -38.926  -29.688  64.432 0.0000000000
58142  -39.344  -29.493  64.178 0.0000000000
58143  -39.730  -29.632  64.369 0.0000000000
58144  -39.812  -29.268  63.982 0.0000000000
58145  -40.733  -28.462  63.171 0.0000000000
58146  -40.746  -28.815  63.631 0.0000000000
58147  -41.134  -28.571  63.413 0.0000000000
58148  -41.520  -28.721  63.418 0.0000000000
58149  -41.568  -28.256  63.173 0.0000000000
58153  -45.581  -23.661  60.494 0.0000000000
58154  -45.145  -23.989  60.730 0.0000000000
58155  -45.589  -24.185  60.695 0.0000000000
58156  -45.593  -24.757  60.851 0.0000000000
58157  -45.992  -24.431  60.540 0.0000000000
58158  -46.325  -24.728  60.272 0.0000000000
58159  -46.352  -24.065  60.270 0.0000000000
58160  -46.935  -22.770  59.580 0.0000000000
58161  -47.007  -23.422  59.638 0.0000000000
58162  -47.333  -23.083  59.357 0.0000000000
58163  -47.629  -23.491  58.982 0.0000000000
59583  -50.087  -19.295  55.361 0.0000000000
59584  -50.430  -19.854  55.083 0.0000000000
59585  -50.407  -19.181  54.900 0.0000000000
59586  -51.178  -18.644  53.712 0.0000000000
59587  -51.224  -19.160  53.990 0.0000000000
59588  -51.602  -19.151  53.534 0.0000000000
59589  -51.918  -19.766  53.235 0.0000000000
59590  -52.048  -19.192  53.072 0.0000000000
59591  -54.142  -18.413  48.747 0.0000000000
59592  -54.330  -18.541  49.224 0.0000000000
59593  -54.675  -18.695  48.766 0.0000000000
59594  -55.386  -19.999  48.003 0.0000000000
59595  -55.235  -19.831  48.513 0.0000000000
59596  -55.240  -20.568  48.265 0.0000000000
59597  -55.046  -21.137  48.389 0.0000000000
59598  -55.142  -21.352  47.946 0.0000000000
59599  -54.952  -22.092  47.586 0.0000000000
59600  -55.223  -21.479  47.483 0.0000000000
59601  -55.623  -21.103  46.243 0.0000000000
59602  -55.318  -21.776  46.411 0.0000000000
59603  -55.334  -21.800  45.874 0.0000000000
59604  -54.938  -22.399  45.410 0.0000000000
59605  -55.360  -21.800  45.317 0.0000000000
59617  -57.154  -17.868  41.326 0.0000000000
59618  -57.040  -17.346  41.647 0.0000000000
59619  -57.014  -17.964  41.702 0.0000000000
59620  -56.885  -18.072  42.084 0.0000000000
59621  -56.907  -18.532  41.722 0.0000000000
59622  -56.620  -19.062  41.734 0.0000000000
59623  -56.681  -18.977  41.248 0.0000000000
59658  -62.141  -10.694  29.236 0.0000000000
59659  -62.174  -11.412  29.109 0.0000000000
59660  -62.317  -10.926  28.735 0.0000000000
59661  -62.556  -10.957  27.365 0.0000000000
59662  -62.440  -11.468  27.763 0.0000000000
59663  -62.513  -11.759  27.240 0.0000000000
59664  -62.312  -12.553  27.042 0.0000000000
59665  -62.491  -12.098  26.727 0.0000000000
59666  -62.408  -12.440  26.227 0.0000000000
59667  -62.666  -11.662  26.361 0.0000000000
59668  -62.978  -10.210  25.606 0.0000000000
59669  -63.030  -10.930  25.585 0.0000000000
59670  -63.144  -10.596  25.150 0.0000000000
59671  -63.204  -10.970  24.727 0.0000000000
59672  -63.198  -10.298  24.717 0.0000000000
59785  -25.947  -33.774  66.148 0.0000000000
59786  -25.460  -34.168  65.165 0.0000000000
59787  -25.911  -33.974  65.035 0.0000000000
59788  -26.391  -34.361  62.824 0.0000000000
63898  -48.025  -25.885  47.865 0.0000000000
63902  -48.714  -25.224  47.594 0.0000000000
63970  -44.603  -31.054  57.310 0.0000000000
63971  -44.334  -31.641  57.038 0.0000000000
63972  -44.619  -31.452  56.624 0.0000000000
63973  -44.783  -31.969  55.108 0.0000000000
64045  -18.572  -32.815  73.077 0.0000000000
64046  -18.102  -32.440  73.240 0.0000000000
64047  -18.006  -32.901  73.239 0.0000000000
64048  -16.745  -33.706  73.391 0.0000000000
64049  -16.875  -33.161  73.533 0.0000000000
64050  -16.292  -33.367  73.736 0.0000000000
64052  -15.776  -33.585  73.941 0.0000000000
64053  -15.269  -33.801  74.149 0.0000000000
64054  -15.714  -34.116  73.859 0.0000000000
64056  -15.636  -35.458  73.238 0.0000000000
64058  -15.423  -36.564  73.139 0.0000000000
66824  -57.848  -14.815  39.701 0.0000000000
66827  -57.760  -16.043  39.969 0.0000000000
66828  -57.981  -15.838  39.567 0.0000000000
66829  -57.974  -16.324  39.125 0.0000000000
66830  -58.203  -15.627  39.148 0.0000000000
66831  -58.835  -14.670  38.116 0.0000000000
66832  -58.617  -15.328  38.233 0.0000000000
66833  -58.846  -15.228  37.722 0.0000000000
66834  -58.646  -15.659  37.207 0.0000000000
66835  -59.016  -15.015  37.172 0.0000000000
66837  -58.980  -12.840  37.143 0.0000000000
66839  -59.968  -13.287  35.690 0.0000000000
66840  -59.720  -13.470  36.221 0.0000000000
66841  -59.704  -14.015  35.823 0.0000000000
66842  -59.304  -14.664  35.975 0.0000000000
66843  -59.444  -14.547  35.359 0.0000000000
66844  -59.026  -14.999  34.806 0.0000000000
66845  -59.562  -14.429  34.796 0.0000000000
66846  -60.271  -13.710  33.585 0.0000000000
66850  -59.899  -14.350  32.441 0.0000000000
66852  -60.368  -13.841  32.401 0.0000000000
66853  -61.121  -11.986  32.578 0.0000000000
66854  -61.040  -12.697  32.191 0.0000000000
66855  -61.229  -12.137  32.017 0.0000000000
66856  -61.317  -12.299  31.419 0.0000000000
66857  -61.369  -11.577  31.719 0.0000000000
66859  -60.594  -10.413  32.860 0.0000000000
66860  -60.446  -9.982  32.376 0.0000000000
66861  -60.997  -9.611  31.065 0.0000000000
66862  -61.081  -9.968  31.540 0.0000000000
66863  -61.333  -9.983  31.130 0.0000000000
66864  -61.536  -10.538  31.018 0.0000000000
66865  -61.551  -10.086  30.685 0.0000000000
66866  -61.763  -10.260  30.187 0.0000000000
66867  -61.574  -9.686  30.222 0.0000000000
66868  -60.733  -8.896  28.994 0.0000000000
66869  -61.289  -9.075  29.124 0.0000000000
66870  -61.095  -8.845  28.591 0.0000000000
66871  -61.448  -8.850  28.227 0.0000000000
66872  -60.899  -8.694  28.092 0.0000000000
66985  -29.993  -33.588  65.748 0.0000000000
66986  -29.478  -33.795  64.759 0.0000000000
66987  -29.990  -33.845  64.748 0.0000000000
66988  -30.552  -34.359  62.856 0.0000000000
66989  -30.005  -34.302  62.872 0.0000000000
66990  -29.959  -34.464  61.814 0.0000000000
66991  -29.413  -34.598  60.818 0.0000000000
66992  -29.937  -34.605  60.832 0.0000000000
66993  -32.657  -34.619  63.001 0.0000000000
66994  -32.133  -34.588  63.012 0.0000000000
66995  -32.065  -34.806  62.048 0.0000000000
66997  -31.012  -34.881  60.204 0.0000000000
66999  -29.964  -34.986  59.162 0.0000000000
67218  -8.215  -41.637  71.980 0.0000000000
67219  -7.602  -41.606  72.187 0.0000000000
67220  -7.647  -41.945  71.551 0.0000000000
72385  -37.914  -33.316  63.210 0.0000000000
72386  -37.475  -33.590  62.919 0.0000000000
72387  -37.977  -33.474  62.562 0.0000000000
72388  -38.491  -33.751  60.666 0.0000000000
72389  -38.007  -33.775  61.066 0.0000000000
72390  -37.968  -33.939  60.303 0.0000000000
72391  -37.466  -34.126  59.830 0.0000000000
72392  -37.932  -34.070  59.477 0.0000000000
72393  -40.361  -33.568  59.240 0.0000000000
72394  -39.955  -33.623  59.602 0.0000000000
72395  -39.883  -33.785  58.891 0.0000000000
72408  -43.638  -32.693  56.388 0.0000000000
72409  -43.273  -32.836  56.696 0.0000000000
72410  -43.278  -33.149  56.078 0.0000000000
72640  -11.793  -37.931  75.280 0.0000000000
72641  -11.082  -37.840  75.240 0.0000000000
72642  -11.502  -38.422  75.224 0.0000000000
72643  -11.562  -39.739  74.888 0.0000000000
72644  -11.026  -39.298  75.025 0.0000000000
72645  -10.756  -39.676  74.776 0.0000000000
72646  -10.004  -39.724  74.603 0.0000000000
72647  -10.547  -40.030  74.453 0.0000000000
72648  -10.418  -40.337  74.096 0.0000000000
72649  -11.175  -40.324  74.240 0.0000000000
76165  -48.058  -26.680  54.825 0.0000000000
76166  -48.286  -26.344  54.566 0.0000000000
76167  -48.396  -25.856  55.192 0.0000000000
76168  -48.920  -23.519  56.498 0.0000000000
76169  -48.892  -24.115  55.886 0.0000000000
76170  -49.121  -23.199  56.221 0.0000000000
76171  -49.350  -22.858  55.924 0.0000000000
76172  -49.335  -22.365  56.426 0.0000000000
76173  -48.287  -21.669  58.219 0.0000000000
76174  -48.603  -22.049  57.956 0.0000000000
76175  -48.484  -21.328  57.889 0.0000000000
76176  -48.826  -19.968  57.016 0.0000000000
76177  -48.897  -20.673  57.243 0.0000000000
76178  -49.151  -20.316  56.863 0.0000000000
76179  -49.420  -20.715  56.628 0.0000000000
76180  -49.417  -19.980  56.527 0.0000000000
76181  -49.577  -19.683  56.161 0.0000000000
76182  -49.205  -19.324  56.295 0.0000000000
76184  -48.832  -18.454  55.324 0.0000000000
76367  -21.949  -33.787  70.535 0.0000000000
76368  -22.130  -34.056  69.787 0.0000000000
76369  -22.428  -33.674  70.356 0.0000000000
76370  -23.585  -33.073  70.339 0.0000000000
76371  -23.348  -33.483  69.908 0.0000000000
76372  -23.783  -33.383  69.563 0.0000000000
76373  -23.945  -33.638  68.865 0.0000000000
76374  -24.229  -33.242  69.446 0.0000000000
76375  -24.263  -31.466  70.504 0.0000000000
76376  -24.171  -31.772  70.762 0.0000000000
76377  -24.631  -31.690  70.458 0.0000000000
76378  -25.714  -32.158  69.820 0.0000000000
76379  -25.259  -32.244  69.980 0.0000000000
76380  -25.474  -32.584  69.467 0.0000000000
76381  -25.191  -32.964  69.017 0.0000000000
76382  -25.654  -32.881  68.867 0.0000000000
76383  -25.776  -33.173  68.031 0.0000000000
76384  -26.110  -32.794  68.672 0.0000000000
76385  -27.340  -32.276  68.919 0.0000000000
76386  -27.070  -32.719  68.426 0.0000000000
76387  -27.503  -32.690  68.198 0.0000000000
76388  -27.617  -33.053  67.410 0.0000000000
76389  -27.969  -32.663  68.055 0.0000000000
76396  -26.279  -30.435  68.015 0.0000000000
76401  -28.686  -30.411  68.273 0.0000000000
76403  -28.171  -30.466  68.477 0.0000000000
76404  -27.653  -30.532  68.692 0.0000000000
76405  -28.041  -30.797  68.857 0.0000000000
76406  -27.900  -31.132  69.133 0.0000000000
76407  -28.425  -31.088  68.956 0.0000000000
76408  -29.562  -31.909  68.452 0.0000000000
76409  -29.042  -31.888  68.595 0.0000000000
76410  -29.331  -32.302  68.259 0.0000000000
76411  -29.012  -32.691  67.845 0.0000000000
76412  -29.545  -32.679  67.722 0.0000000000
76413  -29.726  -33.036  67.181 0.0000000000
76414  -30.071  -32.706  67.687 0.0000000000
76415  -31.291  -32.289  67.730 0.0000000000
76416  -31.045  -32.714  67.567 0.0000000000
76417  -31.568  -32.795  67.345 0.0000000000
76418  -31.724  -33.091  66.858 0.0000000000
76419  -31.996  -32.702  67.212 0.0000000000
76420  -32.183  -30.730  67.395 0.0000000000
76421  -32.016  -31.075  67.673 0.0000000000
76422  -32.514  -31.067  67.496 0.0000000000
76423  -33.558  -32.007  67.134 0.0000000000
76424  -33.086  -31.915  67.303 0.0000000000
76425  -33.277  -32.353  67.079 0.0000000000
76426  -33.007  -32.754  66.882 0.0000000000
76427  -33.469  -32.747  66.697 0.0000000000
76428  -33.663  -33.163  66.238 0.0000000000
76429  -33.994  -32.773  66.523 0.0000000000
76430  -35.305  -32.390  66.339 0.0000000000
76431  -35.014  -32.716  66.189 0.0000000000
76432  -35.497  -32.752  66.000 0.0000000000
76433  -35.669  -33.102  65.524 0.0000000000
76434  -36.016  -32.766  65.776 0.0000000000
76485  -34.578  -30.453  64.589 0.0000000000
76486  -34.477  -30.436  65.243 0.0000000000
76487  -35.036  -30.493  65.121 0.0000000000
76490  -36.917  -30.234  64.332 0.0000000000
76491  -37.070  -30.640  65.573 0.0000000000
76492  -36.668  -30.493  65.381 0.0000000000
76493  -36.497  -30.709  65.772 0.0000000000
76494  -35.913  -30.760  65.877 0.0000000000
76495  -36.335  -30.964  66.051 0.0000000000
76496  -36.090  -31.334  66.221 0.0000000000
76497  -36.659  -31.288  66.050 0.0000000000
76498  -37.818  -31.893  65.470 0.0000000000
76499  -37.232  -31.952  65.709 0.0000000000
76500  -37.466  -32.302  65.363 0.0000000000
76501  -37.107  -32.713  65.238 0.0000000000
76502  -37.680  -32.628  64.920 0.0000000000
76503  -37.786  -32.897  64.399 0.0000000000
76504  -38.171  -32.540  64.595 0.0000000000
76505  -39.497  -31.989  64.101 0.0000000000
76506  -39.151  -32.358  63.970 0.0000000000
76507  -39.650  -32.269  63.545 0.0000000000
76508  -39.721  -32.491  62.927 0.0000000000
76509  -40.124  -32.097  63.139 0.0000000000
76510  -40.439  -30.131  64.223 0.0000000000
76511  -40.257  -30.651  64.340 0.0000000000
76512  -40.748  -30.448  64.009 0.0000000000
76513  -41.678  -30.878  62.774 0.0000000000
76514  -41.212  -31.087  63.155 0.0000000000
76515  -41.386  -31.367  62.566 0.0000000000
76516  -41.033  -31.832  62.348 0.0000000000
76517  -41.495  -31.640  61.948 0.0000000000
76518  -41.584  -31.940  61.310 0.0000000000
76519  -41.932  -31.485  61.549 0.0000000000
76520  -42.974  -30.515  61.041 0.0000000000
76521  -42.622  -31.086  60.782 0.0000000000
76522  -43.006  -30.879  60.411 0.0000000000
76523  -43.026  -31.231  59.770 0.0000000000
76524  -43.314  -30.648  60.027 0.0000000000
76528  -42.329  -26.664  62.101 0.0000000000
76529  -41.930  -27.020  62.185 0.0000000000
76530  -42.315  -27.012  62.444 0.0000000000
76531  -42.315  -27.531  62.722 0.0000000000
76532  -42.747  -27.136  62.571 0.0000000000
76533  -43.887  -25.107  61.338 0.0000000000
76534  -43.478  -25.495  61.587 0.0000000000
76535  -43.909  -25.616  61.672 0.0000000000
76536  -44.268  -27.035  61.661 0.0000000000
76537  -43.949  -26.735  61.968 0.0000000000
76538  -43.844  -27.333  61.938 0.0000000000
76539  -43.468  -27.642  62.200 0.0000000000
76540  -43.751  -27.909  61.851 0.0000000000
76541  -43.585  -28.599  61.577 0.0000000000
76542  -43.953  -28.319  61.307 0.0000000000
76543  -44.609  -28.846  59.897 0.0000000000
76544  -44.281  -29.074  60.151 0.0000000000
76545  -44.311  -29.529  59.613 0.0000000000
76546  -44.054  -30.135  59.368 0.0000000000
76547  -44.380  -29.920  59.044 0.0000000000
76548  -44.471  -30.273  58.474 0.0000000000
76549  -44.748  -29.653  58.706 0.0000000000
76550  -45.733  -28.447  58.342 0.0000000000
76551  -45.412  -29.166  58.032 0.0000000000
76552  -45.730  -28.839  57.803 0.0000000000
76553  -45.729  -29.241  57.246 0.0000000000
76554  -46.014  -28.572  57.463 0.0000000000
76555  -46.774  -25.540  59.368 0.0000000000
76556  -46.532  -26.271  59.196 0.0000000000
76557  -46.888  -25.972  58.847 0.0000000000
76558  -47.249  -26.608  57.435 0.0000000000
76559  -46.934  -26.877  57.697 0.0000000000
76560  -46.903  -27.327  57.101 0.0000000000
76561  -46.598  -28.078  56.807 0.0000000000
76562  -46.859  -27.775  56.515 0.0000000000
76563  -46.805  -28.225  55.944 0.0000000000
76564  -47.149  -27.576  56.191 0.0000000000
76565  -47.980  -26.410  55.772 0.0000000000
76566  -47.618  -27.182  55.481 0.0000000000
76567  -47.860  -26.913  55.181 0.0000000000
76568  -47.683  -27.369  54.574 0.0000000000
76766  -20.798  -31.956  72.235 0.0000000000
76767  -22.011  -32.926  71.594 0.0000000000
76768  -21.546  -32.809  71.870 0.0000000000
76769  -21.775  -33.336  71.304 0.0000000000
76770  -21.508  -33.722  70.874 0.0000000000
80823  -48.645  -25.677  54.104 0.0000000000
80824  -48.372  -26.188  53.369 0.0000000000
80825  -48.757  -25.360  53.731 0.0000000000
80826  -49.435  -24.054  53.245 0.0000000000
80827  -49.052  -24.914  52.884 0.0000000000
80828  -49.192  -24.692  52.489 0.0000000000
80829  -48.827  -25.265  51.672 0.0000000000
80830  -49.368  -24.455  52.078 0.0000000000
80831  -50.794  -21.024  54.162 0.0000000000
80832  -50.552  -21.701  54.050 0.0000000000
80833  -50.815  -21.662  53.566 0.0000000000
80834  -50.806  -22.873  51.861 0.0000000000
80835  -50.550  -22.919  52.277 0.0000000000
80836  -50.294  -23.584  51.582 0.0000000000
80837  -49.706  -24.250  51.271 0.0000000000
80838  -49.921  -24.142  50.874 0.0000000000
80839  -49.494  -24.705  50.170 0.0000000000
80840  -50.102  -24.145  50.436 0.0000000000
80841  -51.240  -23.788  49.821 0.0000000000
80842  -50.503  -24.216  49.511 0.0000000000
80843  -50.675  -24.156  49.018 0.0000000000
80844  -50.101  -24.498  48.172 0.0000000000
80845  -50.822  -24.215  48.519 0.0000000000
80849  -53.001  -18.443  51.694 0.0000000000
80850  -52.568  -18.314  52.085 0.0000000000
80851  -53.019  -18.914  51.968 0.0000000000
80852  -52.928  -19.435  52.187 0.0000000000
80853  -53.284  -19.600  51.766 0.0000000000
80854  -54.482  -19.170  49.962 0.0000000000
80855  -54.142  -18.924  50.436 0.0000000000
80856  -54.418  -19.606  50.206 0.0000000000
80857  -53.993  -21.663  50.082 0.0000000000
80858  -54.035  -20.820  50.512 0.0000000000
80859  -53.746  -21.472  50.527 0.0000000000
80860  -53.475  -21.220  51.025 0.0000000000
80861  -53.349  -22.040  50.475 0.0000000000
80862  -52.903  -22.533  50.389 0.0000000000
80863  -53.137  -22.764  49.907 0.0000000000
80864  -52.414  -23.989  47.884 0.0000000000
80865  -52.293  -23.865  48.423 0.0000000000
80866  -51.777  -24.185  47.676 0.0000000000
80867  -51.071  -24.363  47.381 0.0000000000
80868  -51.150  -24.463  46.810 0.0000000000
80869  -50.453  -24.761  45.960 0.0000000000
80870  -51.168  -24.590  46.279 0.0000000000
80871  -51.772  -24.634  45.437 0.0000000000
80876  -54.071  -23.457  46.399 0.0000000000
80877  -53.566  -23.919  46.267 0.0000000000
80878  -53.476  -23.929  45.650 0.0000000000
80879  -52.078  -24.523  43.481 0.0000000000
80880  -52.187  -24.576  44.092 0.0000000000
80932  -56.017  -18.410  44.528 0.0000000000
80933  -55.554  -18.186  44.455 0.0000000000
80934  -55.870  -18.472  44.859 0.0000000000
80935  -55.674  -18.508  45.212 0.0000000000
80936  -56.028  -18.887  45.216 0.0000000000
80937  -56.105  -19.346  45.528 0.0000000000
80938  -56.185  -19.356  45.079 0.0000000000
80939  -55.919  -20.404  43.981 0.0000000000
80940  -55.886  -20.520  44.467 0.0000000000
80941  -55.565  -21.058  44.057 0.0000000000
80942  -55.288  -21.672  44.145 0.0000000000
80943  -55.137  -21.502  43.543 0.0000000000
80944  -55.833  -20.041  41.781 0.0000000000
80945  -55.855  -20.166  42.316 0.0000000000
80981  -57.425  -17.197  38.025 0.0000000000
80982  -56.827  -17.761  37.849 0.0000000000
80983  -56.981  -17.559  37.375 0.0000000000
81134  -60.761  -9.164  24.461 0.0000000000
81138  -61.557  -8.701  25.244 0.0000000000
81139  -62.027  -8.800  25.412 0.0000000000
81140  -61.928  -8.793  24.861 0.0000000000
81141  -62.500  -9.138  23.422 0.0000000000
81142  -62.592  -9.174  24.023 0.0000000000
81143  -62.884  -9.451  23.574 0.0000000000
81144  -63.179  -9.885  23.693 0.0000000000
81145  -63.152  -9.749  23.106 0.0000000000
81149  -63.522  -10.150  20.932 0.0000000000
81150  -63.290  -9.845  21.407 0.0000000000
81151  -63.523  -10.268  21.563 0.0000000000
81152  -63.506  -10.465  22.132 0.0000000000
81153  -63.572  -10.893  21.607 0.0000000000
81154  -63.515  -11.523  21.653 0.0000000000
81155  -63.603  -11.348  21.046 0.0000000000
81163  -63.698  -11.799  17.145 0.0000000000
81168  -62.544  -9.793  16.873 0.0000000000
81169  -63.019  -10.062  16.908 0.0000000000
81170  -62.809  -9.932  16.436 0.0000000000
81171  -63.023  -10.184  14.984 0.0000000000
81172  -63.217  -10.422  15.503 0.0000000000
81173  -63.328  -10.738  15.008 0.0000000000
81174  -63.536  -11.347  15.076 0.0000000000
81175  -63.387  -11.036  14.511 0.0000000000
81176  -63.366  -11.246  14.033 0.0000000000
81177  -63.184  -10.699  13.948 0.0000000000
81178  -62.259  -9.348  12.971 0.0000000000
81179  -62.656  -9.912  12.921 0.0000000000
81180  -62.348  -9.451  12.571 0.0000000000
81181  -62.328  -9.544  12.127 0.0000000000
81182  -61.915  -8.962  12.250 0.0000000000
81430  -22.382  -34.543  67.993 0.0000000000
81431  -21.984  -34.892  67.170 0.0000000000
81432  -22.407  -34.724  66.946 0.0000000000
81433  -22.765  -35.119  64.447 0.0000000000
81434  -22.376  -35.237  64.817 0.0000000000
81438  -24.495  -34.756  63.450 0.0000000000
81439  -24.101  -34.788  63.727 0.0000000000
81453  -28.409  -34.204  62.667 0.0000000000
81454  -27.849  -34.199  62.629 0.0000000000
81455  -27.865  -34.441  61.690 0.0000000000
81498  -36.494  -34.057  62.015 0.0000000000
81499  -35.995  -34.125  62.328 0.0000000000
81500  -35.962  -34.256  61.487 0.0000000000
81502  -34.815  -34.643  60.176 0.0000000000
81504  -33.833  -34.876  59.679 0.0000000000
92268  -46.729  -28.288  51.226 0.0000000000
92269  -47.121  -27.734  51.462 0.0000000000
92270  -47.567  -27.173  51.725 0.0000000000
92281  -20.401  -35.694  66.310 0.0000000000
92282  -20.797  -35.672  65.971 0.0000000000
92283  -21.140  -35.622  65.639 0.0000000000
92284  -46.905  -28.607  54.013 0.0000000000
92285  -46.538  -29.233  53.675 0.0000000000
92286  -46.635  -28.978  53.267 0.0000000000
92297  -20.736  -33.575  71.460 0.0000000000
92298  -20.298  -33.628  71.643 0.0000000000
92299  -20.443  -34.062  70.800 0.0000000000
92300  -20.116  -34.497  70.008 0.0000000000
92301  -19.776  -34.909  69.191 0.0000000000
92302  -19.510  -35.254  68.553 0.0000000000
92303  -19.878  -35.212  68.317 0.0000000000
92304  -19.976  -35.442  67.504 0.0000000000
92887  -34.895  -33.769  64.861 0.0000000000
92888  -34.425  -34.079  64.297 0.0000000000
92889  -34.888  -34.028  64.153 0.0000000000
92890  -34.888  -34.212  63.452 0.0000000000
92891  -34.848  -34.368  62.674 0.0000000000
92932  -11.662  -40.793  72.409 0.0000000000
92933  -10.941  -40.832  72.095 0.0000000000
93967  -42.408  -32.177  59.451 0.0000000000
93968  -42.069  -32.681  59.130 0.0000000000
93969  -42.455  -32.505  58.792 0.0000000000
93970  -42.476  -32.789  58.139 0.0000000000
93971  -42.512  -33.085  57.443 0.0000000000
94012  -14.561  -35.704  74.290 0.0000000000
94013  -14.081  -35.392  74.704 0.0000000000
94014  -14.266  -36.096  74.508 0.0000000000
94015  -14.046  -36.520  74.691 0.0000000000
94016  -13.804  -36.909  74.832 0.0000000000
94017  -13.637  -37.382  74.939 0.0000000000
94723  -46.886  -22.182  59.433 0.0000000000
94724  -47.081  -21.777  59.134 0.0000000000
94725  -46.645  -21.603  59.139 0.0000000000
94726  -46.505  -21.152  58.747 0.0000000000
94794  -40.773  -28.191  62.642 0.0000000000
94798  -45.474  -23.172  60.227 0.0000000000
94799  -45.878  -23.277  60.271 0.0000000000
94800  -46.268  -23.457  60.194 0.0000000000
94801  -46.259  -22.896  59.965 0.0000000000
94802  -46.538  -22.542  59.697 0.0000000000
95655  -49.842  -18.342  54.624 0.0000000000
95656  -50.391  -18.690  54.608 0.0000000000
95657  -50.238  -18.251  54.215 0.0000000000
95658  -50.631  -18.240  53.779 0.0000000000
95659  -51.121  -18.178  53.336 0.0000000000
95661  -54.954  -18.861  48.291 0.0000000000
95662  -55.177  -19.032  47.778 0.0000000000
95663  -55.449  -19.544  47.698 0.0000000000
95664  -55.556  -20.226  47.509 0.0000000000
95665  -55.478  -20.919  47.262 0.0000000000
95666  -55.693  -20.289  46.980 0.0000000000
95667  -55.790  -20.397  46.544 0.0000000000
95668  -55.883  -20.462  46.087 0.0000000000
95674  -57.327  -16.478  40.755 0.0000000000
95675  -57.142  -16.662  41.143 0.0000000000
95676  -57.256  -17.118  40.869 0.0000000000
95677  -57.201  -17.720  40.909 0.0000000000
95678  -57.056  -18.315  40.821 0.0000000000
95679  -56.692  -18.867  40.752 0.0000000000
95680  -56.729  -18.700  40.239 0.0000000000
95700  -62.161  -9.768  28.335 0.0000000000
95701  -62.339  -10.435  28.349 0.0000000000
95702  -62.355  -10.024  27.899 0.0000000000
95703  -62.535  -10.278  27.402 0.0000000000
95704  -62.672  -10.562  26.907 0.0000000000
95705  -62.774  -10.881  26.445 0.0000000000
95706  -62.733  -10.175  26.512 0.0000000000
95707  -62.774  -9.852  26.034 0.0000000000
95708  -62.801  -9.603  25.618 0.0000000000
95776  -26.900  -33.621  65.912 0.0000000000
95777  -26.390  -33.975  64.875 0.0000000000
95778  -26.894  -33.889  64.797 0.0000000000
95779  -26.892  -34.070  63.786 0.0000000000
95780  -26.864  -34.279  62.718 0.0000000000
98245  -47.910  -26.117  48.244 0.0000000000
98246  -48.434  -25.603  48.547 0.0000000000
98287  -45.181  -30.542  56.695 0.0000000000
98288  -44.883  -31.201  56.347 0.0000000000
98289  -45.147  -30.931  56.096 0.0000000000
98290  -45.108  -31.331  55.428 0.0000000000
98332  -18.256  -33.919  72.347 0.0000000000
98333  -17.910  -33.458  72.990 0.0000000000
98334  -17.706  -34.062  72.574 0.0000000000
98335  -17.161  -34.141  72.806 0.0000000000
98336  -16.660  -34.303  73.030 0.0000000000
98337  -16.144  -34.518  73.317 0.0000000000
98338  -16.535  -34.949  72.598 0.0000000000
98339  -16.416  -35.630  72.108 0.0000000000
100001  -57.776  -14.308  39.338 0.0000000000
100002  -58.147  -14.580  39.283 0.0000000000
100003  -58.355  -15.005  39.069 0.0000000000
100004  -58.391  -14.413  38.867 0.0000000000
100005  -58.674  -14.229  38.396 0.0000000000
100006  -58.960  -14.061  37.911 0.0000000000
100007  -59.620  -11.802  35.720 0.0000000000
100008  -59.629  -12.331  36.171 0.0000000000
100009  -59.933  -12.166  35.636 0.0000000000
100010  -60.159  -12.595  35.475 0.0000000000
100011  -60.166  -13.210  35.175 0.0000000000
100012  -60.014  -13.792  34.747 0.0000000000
100013  -60.367  -13.136  34.605 0.0000000000
100014  -60.516  -13.106  34.037 0.0000000000
100015  -60.637  -13.089  33.420 0.0000000000
100016  -60.699  -13.204  32.860 0.0000000000
100017  -60.847  -12.498  33.283 0.0000000000
100018  -60.978  -11.891  33.083 0.0000000000
100019  -61.058  -11.361  32.790 0.0000000000
100021  -60.304  -9.717  31.861 0.0000000000
100023  -60.536  -9.369  30.954 0.0000000000
100024  -60.866  -9.326  30.576 0.0000000000
100025  -61.178  -9.323  30.166 0.0000000000
100026  -60.661  -9.122  30.023 0.0000000000
100027  -60.372  -8.987  29.398 0.0000000000
100096  -31.041  -33.641  65.760 0.0000000000
100097  -30.585  -33.875  64.911 0.0000000000
100098  -31.070  -33.943  64.840 0.0000000000
100099  -31.132  -34.233  63.908 0.0000000000
100100  -31.098  -34.416  62.980 0.0000000000
100101  -32.597  -34.939  61.324 0.0000000000
100102  -32.092  -34.897  61.257 0.0000000000
100103  -32.033  -35.024  60.411 0.0000000000
100104  -31.491  -35.123  59.438 0.0000000000
100236  -8.336  -42.097  70.573 0.0000000000
100237  -7.696  -42.193  70.854 0.0000000000
100238  -7.768  -42.384  70.112 0.0000000000
103336  -38.977  -33.131  62.531 0.0000000000
103337  -38.498  -33.400  62.173 0.0000000000
103338  -39.014  -33.326  61.772 0.0000000000
103339  -39.030  -33.501  61.050 0.0000000000
103340  -39.016  -33.690  60.311 0.0000000000
103342  -39.845  -33.940  58.178 0.0000000000
103489  -12.802  -39.152  75.185 0.0000000000
103490  -12.004  -38.972  75.203 0.0000000000
103491  -12.606  -39.509  75.134 0.0000000000
103492  -12.318  -39.906  74.969 0.0000000000
103493  -12.152  -40.192  74.691 0.0000000000
103494  -11.987  -40.429  74.360 0.0000000000
103495  -12.847  -40.622  74.441 0.0000000000
105604  -48.231  -25.684  56.005 0.0000000000
105605  -48.442  -25.341  55.806 0.0000000000
105606  -48.492  -24.910  56.346 0.0000000000
105607  -48.727  -23.963  56.689 0.0000000000
105608  -48.906  -23.017  57.017 0.0000000000
105609  -47.905  -20.332  57.849 0.0000000000
105610  -48.336  -20.618  57.787 0.0000000000
105611  -48.158  -20.038  57.476 0.0000000000
105612  -48.401  -19.676  57.097 0.0000000000
105613  -48.632  -19.361  56.691 0.0000000000
105614  -48.819  -19.061  56.318 0.0000000000
105725  -22.430  -32.910  71.329 0.0000000000
105726  -22.699  -33.283  70.802 0.0000000000
105727  -22.881  -32.866  71.111 0.0000000000
105728  -23.387  -32.684  70.893 0.0000000000
105729  -23.810  -32.597  70.642 0.0000000000
105730  -25.193  -31.254  70.002 0.0000000000
105731  -25.123  -31.550  70.238 0.0000000000
105732  -25.547  -31.479  70.045 0.0000000000
105733  -25.853  -31.732  69.919 0.0000000000
105734  -26.195  -32.078  69.584 0.0000000000
105735  -26.406  -32.366  69.225 0.0000000000
105736  -26.638  -31.992  69.484 0.0000000000
105737  -27.103  -31.909  69.340 0.0000000000
105738  -27.564  -31.878  69.171 0.0000000000
105746  -29.302  -30.204  67.562 0.0000000000
105747  -29.216  -30.401  68.091 0.0000000000
105748  -29.098  -30.661  68.521 0.0000000000
105749  -28.906  -31.054  68.718 0.0000000000
105750  -29.409  -31.082  68.536 0.0000000000
105751  -29.766  -31.484  68.487 0.0000000000
105752  -30.052  -31.879  68.323 0.0000000000
105753  -30.351  -32.340  68.070 0.0000000000
105754  -30.604  -31.872  68.213 0.0000000000
105755  -31.078  -31.867  68.061 0.0000000000
105756  -31.560  -31.836  67.854 0.0000000000
105757  -33.165  -30.857  67.008 0.0000000000
105758  -33.008  -31.113  67.287 0.0000000000
105759  -33.524  -31.174  67.155 0.0000000000
105760  -33.818  -31.591  67.094 0.0000000000
105761  -34.070  -31.972  66.995 0.0000000000
105762  -34.295  -32.361  66.661 0.0000000000
105763  -34.610  -31.983  66.797 0.0000000000
105764  -35.091  -32.033  66.591 0.0000000000
105765  -35.588  -32.028  66.406 0.0000000000
105798  -37.890  -30.077  64.703 0.0000000000
105799  -37.371  -30.212  64.791 0.0000000000
105800  -37.773  -30.312  65.144 0.0000000000
105801  -37.620  -30.589  65.430 0.0000000000
105802  -37.468  -30.879  65.736 0.0000000000
105803  -37.238  -31.209  65.865 0.0000000000
105804  -37.774  -31.202  65.642 0.0000000000
105805  -38.091  -31.552  65.464 0.0000000000
105806  -38.374  -31.852  65.142 0.0000000000
105807  -38.531  -32.159  64.731 0.0000000000
105808  -38.870  -31.737  64.886 0.0000000000
105809  -39.332  -31.671  64.596 0.0000000000
105810  -39.829  -31.570  64.240 0.0000000000
105811  -41.377  -29.732  63.698 0.0000000000
105812  -41.213  -30.276  63.687 0.0000000000
105813  -41.683  -30.044  63.354 0.0000000000
105814  -41.923  -30.370  62.922 0.0000000000
105815  -42.075  -30.595  62.420 0.0000000000
105816  -42.222  -30.900  61.836 0.0000000000
105817  -42.481  -30.307  62.056 0.0000000000
105818  -42.857  -30.140  61.628 0.0000000000
105819  -43.205  -29.916  61.220 0.0000000000
105823  -42.266  -26.321  61.618 0.0000000000
105824  -42.675  -26.295  61.960 0.0000000000
105825  -44.771  -25.474  61.336 0.0000000000
105826  -44.358  -25.820  61.628 0.0000000000
105827  -44.766  -26.087  61.404 0.0000000000
105828  -44.663  -26.700  61.417 0.0000000000
105829  -44.522  -27.397  61.239 0.0000000000
105830  -44.362  -28.031  61.013 0.0000000000
105831  -44.745  -27.787  60.721 0.0000000000
105832  -44.877  -28.178  60.162 0.0000000000
105833  -44.963  -28.525  59.617 0.0000000000
105834  -45.027  -28.937  59.051 0.0000000000
105835  -45.341  -28.276  59.280 0.0000000000
105836  -45.675  -28.024  58.934 0.0000000000
105837  -46.006  -27.743  58.665 0.0000000000
105838  -47.408  -24.936  58.720 0.0000000000
105839  -47.171  -25.664  58.576 0.0000000000
105840  -47.502  -25.413  58.198 0.0000000000
105841  -47.530  -25.856  57.655 0.0000000000
105842  -47.516  -26.334  57.069 0.0000000000
105843  -47.460  -26.853  56.449 0.0000000000
105844  -47.782  -26.141  56.678 0.0000000000
105845  -48.033  -25.933  56.341 0.0000000000
105963  -21.336  -31.716  71.841 0.0000000000
105964  -21.278  -31.990  72.122 0.0000000000
105965  -21.771  -32.054  71.908 0.0000000000
105966  -22.177  -32.466  71.752 0.0000000000
108399  -49.229  -23.939  54.770 0.0000000000
108400  -49.115  -24.593  54.014 0.0000000000
108401  -49.432  -23.691  54.376 0.0000000000
108402  -49.612  -23.469  53.921 0.0000000000
108403  -49.834  -23.278  53.498 0.0000000000
108404  -51.437  -20.961  53.249 0.0000000000
108405  -51.136  -21.597  53.094 0.0000000000
108406  -51.425  -21.618  52.661 0.0000000000
108407  -51.302  -22.290  52.067 0.0000000000
108408  -51.078  -22.985  51.432 0.0000000000
108409  -50.787  -23.582  50.739 0.0000000000
108410  -51.353  -23.058  50.984 0.0000000000
108411  -51.648  -23.187  50.538 0.0000000000
108412  -51.830  -23.353  50.061 0.0000000000
108416  -52.968  -18.088  51.360 0.0000000000
108417  -53.459  -18.538  51.322 0.0000000000
108418  -54.737  -20.694  49.409 0.0000000000
108419  -54.547  -20.390  49.932 0.0000000000
108420  -54.496  -21.259  49.579 0.0000000000
108421  -54.236  -21.936  49.626 0.0000000000
108422  -53.825  -22.543  49.506 0.0000000000
108423  -53.335  -23.047  49.356 0.0000000000
108424  -53.508  -23.276  48.883 0.0000000000
108425  -53.022  -23.726  48.138 0.0000000000
108426  -52.477  -24.079  47.367 0.0000000000
108427  -51.863  -24.390  46.539 0.0000000000
108428  -52.441  -24.267  46.753 0.0000000000
108429  -52.420  -24.394  46.214 0.0000000000
108430  -52.362  -24.506  45.690 0.0000000000
108431  -54.038  -23.418  45.308 0.0000000000
108432  -53.438  -23.933  45.081 0.0000000000
108433  -53.400  -23.843  44.607 0.0000000000
108434  -52.711  -24.158  43.780 0.0000000000
108459  -56.367  -17.308  42.426 0.0000000000
108461  -56.069  -17.439  42.702 0.0000000000
108462  -55.837  -17.595  42.947 0.0000000000
108463  -55.633  -17.724  43.243 0.0000000000
108464  -55.343  -17.870  43.542 0.0000000000
108465  -55.932  -18.008  43.662 0.0000000000
108466  -56.199  -18.358  44.118 0.0000000000
108467  -56.291  -18.811  44.410 0.0000000000
108468  -56.268  -19.300  44.663 0.0000000000
108469  -56.335  -19.299  44.207 0.0000000000
108470  -56.174  -19.843  43.850 0.0000000000
108471  -55.884  -20.356  43.431 0.0000000000
108494  -57.674  -16.837  37.040 0.0000000000
108495  -57.118  -17.363  36.878 0.0000000000
108534  -60.731  -13.712  30.487 0.0000000000
108588  -61.215  -9.028  24.052 0.0000000000
108589  -61.772  -8.867  24.282 0.0000000000
108590  -61.615  -9.028  23.667 0.0000000000
108591  -62.017  -9.092  23.251 0.0000000000
108595  -63.005  -9.729  20.176 0.0000000000
108596  -63.390  -10.064  20.266 0.0000000000
108597  -63.595  -10.589  20.375 0.0000000000
108598  -63.658  -11.194  20.415 0.0000000000
108599  -63.682  -11.042  19.800 0.0000000000
108600  -63.737  -11.481  19.251 0.0000000000
108601  -63.723  -11.895  18.726 0.0000000000
108603  -63.722  -11.660  18.189 0.0000000000
108604  -63.694  -11.377  17.647 0.0000000000
108605  -63.654  -11.103  17.080 0.0000000000
108607  -62.591  -9.786  15.962 0.0000000000
108608  -62.323  -9.639  15.406 0.0000000000
108609  -62.552  -9.750  14.940 0.0000000000
108610  -62.760  -9.918  14.454 0.0000000000
108611  -62.881  -10.138  13.897 0.0000000000
108612  -62.415  -9.641  13.869 0.0000000000
108613  -62.061  -9.239  13.472 0.0000000000
108614  -61.691  -8.837  13.126 0.0000000000
108763  -23.277  -34.302  67.509 0.0000000000
108764  -22.843  -34.644  66.648 0.0000000000
108765  -23.252  -34.560  66.375 0.0000000000
108766  -23.215  -34.775  65.236 0.0000000000
108767  -23.187  -34.997  64.155 0.0000000000
108777  -28.355  -34.648  60.643 0.0000000000
108778  -27.836  -34.658  60.604 0.0000000000
108804  -36.444  -34.246  60.392 0.0000000000
108805  -35.941  -34.354  60.638 0.0000000000
108806  -35.891  -34.454  59.776 0.0000000000
115453  -47.542  -27.064  49.852 0.0000000000
115454  -47.981  -26.381  50.143 0.0000000000
115486  -46.208  -29.527  55.511 0.0000000000
115487  -45.865  -30.188  55.172 0.0000000000
115488  -46.074  -29.953  54.816 0.0000000000
115489  -45.901  -30.378  54.094 0.0000000000
115517  -19.193  -31.918  72.731 0.0000000000
115518  -18.664  -31.968  72.945 0.0000000000
115519  -19.126  -32.261  72.968 0.0000000000
115520  -19.110  -32.718  72.951 0.0000000000
115521  -18.973  -33.226  72.682 0.0000000000
115522  -19.813  -33.666  71.865 0.0000000000
115523  -19.303  -33.736  72.017 0.0000000000
115524  -18.791  -33.782  72.192 0.0000000000
115525  -18.540  -34.337  71.567 0.0000000000
115526  -18.283  -34.889  70.853 0.0000000000
115527  -18.064  -35.438  70.146 0.0000000000
115528  -17.935  -35.918  69.589 0.0000000000
115529  -18.344  -35.729  69.311 0.0000000000
115530  -18.607  -35.974  68.518 0.0000000000
115532  -19.259  -35.651  67.956 0.0000000000
116829  -59.759  -11.155  34.695 0.0000000000
116830  -60.069  -10.991  34.168 0.0000000000
116831  -60.375  -10.879  33.744 0.0000000000
116832  -59.936  -10.615  33.656 0.0000000000
116893  -33.028  -33.781  65.495 0.0000000000
116894  -32.628  -34.107  64.785 0.0000000000
116895  -33.100  -34.081  64.724 0.0000000000
116896  -33.102  -34.411  63.829 0.0000000000
116897  -33.098  -34.594  63.040 0.0000000000
116898  -33.978  -34.366  63.659 0.0000000000
116899  -33.535  -34.625  62.990 0.0000000000
116900  -33.143  -34.844  62.224 0.0000000000
116901  -33.034  -34.914  61.351 0.0000000000
116902  -32.941  -34.968  60.573 0.0000000000
116903  -32.971  -35.149  59.851 0.0000000000
116998  -8.979  -40.570  73.571 0.0000000000
116999  -8.283  -40.881  73.186 0.0000000000
117000  -8.844  -40.992  73.019 0.0000000000
117001  -8.792  -41.350  72.398 0.0000000000
117002  -8.829  -41.603  71.718 0.0000000000
117003  -10.107  -41.092  71.813 0.0000000000
117004  -9.450  -41.455  71.447 0.0000000000
117005  -8.903  -41.786  71.010 0.0000000000
117006  -8.961  -41.885  70.299 0.0000000000
119413  -40.797  -32.763  60.899 0.0000000000
119414  -40.394  -33.113  60.613 0.0000000000
119415  -40.804  -33.050  60.172 0.0000000000
119416  -40.816  -33.254  59.505 0.0000000000
119417  -40.819  -33.473  58.858 0.0000000000
119418  -41.672  -33.066  58.790 0.0000000000
119419  -41.263  -33.406  58.535 0.0000000000
119420  -40.805  -33.673  58.182 0.0000000000
119523  -13.630  -35.151  74.940 0.0000000000
119532  -12.526  -38.102  75.236 0.0000000000
119533  -13.437  -37.819  75.061 0.0000000000
119534  -13.219  -38.269  75.133 0.0000000000
119535  -13.044  -38.726  75.157 0.0000000000
119536  -13.625  -39.322  75.079 0.0000000000
119537  -14.204  -39.922  74.938 0.0000000000
121177  -48.171  -23.633  58.240 0.0000000000
121178  -48.398  -23.274  58.039 0.0000000000
121179  -48.143  -22.786  58.450 0.0000000000
121180  -48.074  -21.984  58.528 0.0000000000
121181  -47.907  -21.322  58.427 0.0000000000
121182  -47.322  -21.437  58.837 0.0000000000
121183  -47.495  -21.037  58.553 0.0000000000
121184  -47.727  -20.658  58.223 0.0000000000
121185  -47.459  -20.137  57.816 0.0000000000
121271  -22.872  -31.453  70.968 0.0000000000
121272  -23.299  -31.668  71.114 0.0000000000
121273  -23.355  -31.393  70.670 0.0000000000
121274  -23.830  -31.289  70.344 0.0000000000
121275  -24.316  -31.234  70.103 0.0000000000
121278  -24.776  -31.123  69.855 0.0000000000
121279  -25.233  -31.017  69.626 0.0000000000
121280  -25.690  -30.911  69.407 0.0000000000
121281  -26.162  -30.788  69.254 0.0000000000
121292  -30.805  -30.463  67.581 0.0000000000
121293  -31.201  -30.717  67.803 0.0000000000
121294  -31.330  -30.437  67.387 0.0000000000
121295  -31.802  -30.444  67.200 0.0000000000
121296  -32.287  -30.442  67.009 0.0000000000
121298  -32.374  -30.300  66.441 0.0000000000
121299  -32.810  -30.510  66.814 0.0000000000
121300  -33.274  -30.590  66.640 0.0000000000
121301  -33.785  -30.665  66.484 0.0000000000
121302  -34.285  -30.644  66.298 0.0000000000
121328  -37.565  -29.967  63.666 0.0000000000
121330  -38.067  -29.782  63.569 0.0000000000
121331  -38.018  -29.923  64.186 0.0000000000
121332  -38.414  -29.907  64.560 0.0000000000
121333  -38.835  -29.969  64.862 0.0000000000
121334  -39.201  -30.228  64.916 0.0000000000
121335  -39.542  -30.502  64.874 0.0000000000
121336  -39.663  -30.047  64.632 0.0000000000
121337  -40.096  -29.855  64.387 0.0000000000
121338  -40.573  -29.633  64.134 0.0000000000
121339  -40.278  -29.074  63.821 0.0000000000
121340  -40.649  -29.258  63.899 0.0000000000
121341  -41.012  -29.467  63.872 0.0000000000
121342  -41.473  -29.234  63.593 0.0000000000
121343  -41.866  -28.941  63.326 0.0000000000
121344  -42.318  -28.668  62.999 0.0000000000
121348  -43.852  -24.757  60.932 0.0000000000
121349  -44.313  -24.790  61.101 0.0000000000
121351  -44.725  -24.394  60.916 0.0000000000
121352  -44.784  -24.894  61.185 0.0000000000
121353  -45.215  -25.106  61.098 0.0000000000
121354  -45.583  -25.378  60.863 0.0000000000
121355  -45.894  -25.721  60.477 0.0000000000
121356  -46.076  -26.161  59.988 0.0000000000
121357  -46.209  -25.425  60.181 0.0000000000
121358  -46.596  -25.132  59.838 0.0000000000
121359  -46.912  -24.800  59.560 0.0000000000
121360  -46.639  -23.696  60.019 0.0000000000
121361  -46.980  -24.024  59.706 0.0000000000
121362  -47.226  -24.470  59.239 0.0000000000
121363  -47.561  -24.178  58.893 0.0000000000
121364  -47.856  -23.919  58.550 0.0000000000
123351  -50.077  -20.627  55.589 0.0000000000
123352  -50.217  -21.217  55.100 0.0000000000
123353  -50.375  -20.498  55.126 0.0000000000
123354  -50.665  -20.373  54.688 0.0000000000
123355  -50.996  -20.305  54.230 0.0000000000
123356  -50.828  -19.152  54.448 0.0000000000
123357  -51.161  -19.704  54.133 0.0000000000
123358  -51.360  -20.352  53.735 0.0000000000
123359  -51.736  -20.351  53.268 0.0000000000
123360  -52.101  -20.377  52.845 0.0000000000
123361  -52.445  -20.510  52.382 0.0000000000
123363  -53.584  -18.178  50.107 0.0000000000
123365  -54.453  -18.782  49.640 0.0000000000
123366  -54.760  -19.411  49.480 0.0000000000
123367  -55.061  -19.153  48.715 0.0000000000
123368  -55.045  -19.598  48.990 0.0000000000
123369  -54.919  -20.124  49.241 0.0000000000
123370  -54.944  -20.921  48.896 0.0000000000
123371  -54.834  -21.666  48.592 0.0000000000
123372  -54.562  -22.525  48.156 0.0000000000
123373  -54.169  -23.242  47.562 0.0000000000
123374  -54.564  -22.715  47.612 0.0000000000
123375  -54.609  -22.810  47.042 0.0000000000
123376  -54.603  -22.853  46.495 0.0000000000
123377  -55.280  -21.629  46.896 0.0000000000
123378  -54.972  -22.286  46.494 0.0000000000
123379  -54.572  -22.908  45.980 0.0000000000
123380  -54.462  -22.933  45.365 0.0000000000
123381  -54.400  -22.904  44.808 0.0000000000
123382  -54.337  -22.815  44.233 0.0000000000
123398  -56.426  -16.658  41.881 0.0000000000
123399  -56.983  -16.832  41.468 0.0000000000
123400  -56.787  -16.954  41.834 0.0000000000
123401  -56.606  -17.155  42.134 0.0000000000
123402  -56.730  -17.606  42.311 0.0000000000
123403  -56.720  -18.180  42.482 0.0000000000
123404  -56.679  -18.678  42.587 0.0000000000
123405  -56.564  -19.173  42.729 0.0000000000
123406  -56.572  -19.139  42.221 0.0000000000
123407  -56.238  -19.584  41.732 0.0000000000
123409  -56.216  -19.378  40.698 0.0000000000
123456  -61.894  -11.652  29.880 0.0000000000
123457  -61.737  -12.454  29.551 0.0000000000
123458  -61.978  -11.928  29.350 0.0000000000
123459  -62.055  -12.183  28.835 0.0000000000
123461  -62.412  -11.198  28.243 0.0000000000
123462  -62.293  -11.986  28.069 0.0000000000
123470  -62.601  -12.418  25.388 0.0000000000
123471  -62.868  -11.282  25.996 0.0000000000
123472  -62.905  -11.662  25.530 0.0000000000
123473  -62.901  -11.992  25.047 0.0000000000
123474  -63.058  -11.689  24.628 0.0000000000
123475  -63.230  -11.385  24.287 0.0000000000
123476  -63.352  -11.162  23.828 0.0000000000
123508  -62.754  -9.794  18.425 0.0000000000
123509  -62.995  -9.954  17.943 0.0000000000
123510  -62.486  -9.743  17.845 0.0000000000
123634  -25.030  -33.882  66.518 0.0000000000
123635  -24.564  -34.258  65.595 0.0000000000
123636  -25.018  -34.183  65.372 0.0000000000
123637  -24.992  -34.467  64.301 0.0000000000
123638  -24.946  -34.688  63.287 0.0000000000
123639  -25.893  -34.291  63.927 0.0000000000
123640  -25.402  -34.607  63.114 0.0000000000
129412  -43.963  -31.429  58.020 0.0000000000
129413  -43.592  -31.990  57.748 0.0000000000
129414  -43.938  -31.826  57.324 0.0000000000
129415  -43.962  -32.206  56.675 0.0000000000
129416  -43.908  -32.553  55.990 0.0000000000
129417  -44.564  -31.792  56.012 0.0000000000
129511  -17.455  -33.049  73.336 0.0000000000
129512  -16.970  -32.743  73.473 0.0000000000
129517  -14.832  -33.617  74.281 0.0000000000
129518  -14.826  -34.084  74.393 0.0000000000
129519  -14.796  -34.637  74.338 0.0000000000
129520  -15.660  -34.736  73.604 0.0000000000
129521  -15.240  -35.066  73.850 0.0000000000
129522  -14.856  -35.380  74.076 0.0000000000
129523  -15.017  -36.132  73.769 0.0000000000
129524  -15.263  -36.849  73.459 0.0000000000
133003  -55.061  -18.582  46.466 0.0000000000
133030  -57.538  -16.283  40.352 0.0000000000
133031  -57.605  -16.739  39.955 0.0000000000
133032  -57.478  -17.184  39.470 0.0000000000
133033  -57.190  -17.583  38.952 0.0000000000
133034  -57.643  -16.928  39.030 0.0000000000
133035  -57.780  -16.765  38.589 0.0000000000
133036  -57.921  -16.650  38.128 0.0000000000
133037  -58.432  -15.485  38.704 0.0000000000
133038  -58.340  -16.000  38.197 0.0000000000
133039  -58.070  -16.472  37.654 0.0000000000
133040  -58.207  -16.313  37.154 0.0000000000
133041  -58.294  -16.089  36.620 0.0000000000
133042  -58.363  -15.906  35.998 0.0000000000
133043  -58.663  -13.089  37.638 0.0000000000
133044  -58.990  -13.431  37.580 0.0000000000
133045  -59.206  -13.853  37.422 0.0000000000
133046  -59.588  -12.956  36.491 0.0000000000
133047  -59.463  -13.650  36.817 0.0000000000
133048  -59.263  -14.327  37.062 0.0000000000
133049  -59.157  -14.800  36.615 0.0000000000
133050  -58.860  -15.307  36.024 0.0000000000
133051  -58.438  -15.737  35.394 0.0000000000
133052  -58.483  -15.572  34.801 0.0000000000
133055  -59.681  -14.355  34.237 0.0000000000
133065  -60.742  -13.278  32.306 0.0000000000
133066  -60.777  -13.395  31.690 0.0000000000
133067  -60.769  -13.540  31.066 0.0000000000
133068  -61.086  -13.074  31.003 0.0000000000
133069  -61.410  -12.505  30.834 0.0000000000
133070  -61.603  -11.962  30.616 0.0000000000
133071  -60.634  -10.838  33.362 0.0000000000
133072  -60.868  -10.834  32.890 0.0000000000
133073  -61.088  -10.852  32.395 0.0000000000
133074  -60.778  -9.974  31.973 0.0000000000
133075  -61.101  -10.386  31.978 0.0000000000
133076  -61.302  -10.919  31.883 0.0000000000
133077  -61.506  -11.069  31.375 0.0000000000
133078  -61.644  -11.235  30.868 0.0000000000
133079  -61.778  -11.421  30.388 0.0000000000
133080  -61.899  -10.934  30.062 0.0000000000
133081  -61.951  -10.466  29.699 0.0000000000
133082  -61.968  -10.010  29.280 0.0000000000
133083  -61.479  -9.393  29.721 0.0000000000
133084  -61.717  -9.488  29.220 0.0000000000
133085  -61.935  -9.609  28.759 0.0000000000
133086  -61.833  -9.236  28.283 0.0000000000
133087  -61.759  -8.926  27.809 0.0000000000
133088  -61.632  -8.733  27.338 0.0000000000
133231  -28.892  -33.536  65.579 0.0000000000
133232  -28.393  -33.788  64.582 0.0000000000
133233  -28.929  -33.793  64.667 0.0000000000
133234  -28.933  -34.000  63.650 0.0000000000
133235  -28.930  -34.179  62.696 0.0000000000
133236  -30.038  -34.075  63.901 0.0000000000
133237  -29.468  -34.226  62.798 0.0000000000
133238  -28.909  -34.404  61.689 0.0000000000
133239  -28.902  -34.614  60.755 0.0000000000
133240  -28.885  -34.802  59.798 0.0000000000
133241  -28.862  -35.025  58.875 0.0000000000
133242  -32.160  -34.357  63.947 0.0000000000
133243  -31.621  -34.512  62.998 0.0000000000
133244  -31.067  -34.622  62.002 0.0000000000
133245  -31.574  -34.826  61.139 0.0000000000
133246  -31.027  -34.754  61.082 0.0000000000
133247  -30.504  -34.690  60.981 0.0000000000
133248  -29.928  -34.800  59.934 0.0000000000
133249  -29.416  -34.950  58.985 0.0000000000
133527  -7.687  -41.193  72.744 0.0000000000
133528  -7.050  -41.463  72.256 0.0000000000
133529  -6.504  -41.775  71.713 0.0000000000
133530  -7.069  -42.210  71.034 0.0000000000
133531  -6.506  -42.157  71.150 0.0000000000
133532  -5.983  -41.942  71.192 0.0000000000
139990  -36.918  -33.510  63.949 0.0000000000
139991  -36.465  -33.780  63.525 0.0000000000
139992  -36.989  -33.676  63.224 0.0000000000
139993  -36.997  -33.830  62.488 0.0000000000
139994  -36.977  -33.985  61.732 0.0000000000
139995  -37.990  -33.624  61.823 0.0000000000
139996  -37.498  -33.869  61.429 0.0000000000
139997  -36.946  -34.078  60.915 0.0000000000
139998  -36.925  -34.181  60.119 0.0000000000
140001  -39.956  -33.414  60.301 0.0000000000
140002  -39.504  -33.696  59.952 0.0000000000
140003  -39.009  -33.879  59.611 0.0000000000
140004  -39.388  -33.937  58.533 0.0000000000
140005  -38.964  -34.028  58.852 0.0000000000
140006  -38.437  -34.010  59.170 0.0000000000
140007  -37.887  -34.186  58.705 0.0000000000
140019  -43.205  -32.470  57.381 0.0000000000
140020  -42.889  -32.963  57.047 0.0000000000
140021  -42.528  -33.339  56.751 0.0000000000
140022  -42.839  -33.474  55.762 0.0000000000
140301  -8.648  -39.903  74.096 0.0000000000
140305  -11.259  -38.888  75.166 0.0000000000
140306  -10.530  -38.852  75.066 0.0000000000
140309  -9.309  -39.744  74.379 0.0000000000
140310  -9.128  -40.171  74.049 0.0000000000
140311  -9.672  -40.384  73.878 0.0000000000
140312  -10.286  -40.575  73.615 0.0000000000
140313  -10.966  -40.720  73.314 0.0000000000
140314  -11.803  -40.596  73.946 0.0000000000
140315  -11.713  -40.711  73.503 0.0000000000
140316  -11.713  -40.794  72.975 0.0000000000
144607  -47.563  -27.445  53.545 0.0000000000
144608  -47.744  -27.148  53.276 0.0000000000
144609  -48.075  -26.753  53.964 0.0000000000
144610  -48.466  -25.985  54.340 0.0000000000
144611  -48.759  -25.233  54.682 0.0000000000
144612  -48.660  -24.999  55.549 0.0000000000
144613  -48.839  -24.687  55.288 0.0000000000
144614  -49.018  -24.248  55.060 0.0000000000
144615  -49.306  -23.393  55.363 0.0000000000
144616  -49.549  -22.564  55.602 0.0000000000
144617  -49.741  -21.657  55.825 0.0000000000
144618  -48.592  -22.908  57.771 0.0000000000
144619  -48.800  -22.525  57.508 0.0000000000
144620  -48.966  -22.157  57.236 0.0000000000
144621  -48.707  -20.991  57.598 0.0000000000
144622  -48.982  -21.393  57.294 0.0000000000
144623  -49.192  -21.852  56.898 0.0000000000
144624  -49.391  -21.552  56.572 0.0000000000
144625  -49.640  -21.154  56.271 0.0000000000
144626  -49.855  -20.922  55.914 0.0000000000
144627  -49.870  -20.104  55.945 0.0000000000
144628  -49.836  -19.489  55.766 0.0000000000
144629  -49.715  -18.912  55.450 0.0000000000
144630  -49.063  -18.845  55.897 0.0000000000
144631  -49.309  -18.625  55.438 0.0000000000
144632  -49.549  -18.445  55.037 0.0000000000
144851  -21.332  -34.487  69.242 0.0000000000
144852  -21.469  -34.729  68.392 0.0000000000
144853  -21.821  -34.423  69.110 0.0000000000
144854  -22.307  -34.352  68.894 0.0000000000
144855  -22.699  -34.209  68.720 0.0000000000
144856  -22.889  -33.583  70.147 0.0000000000
144857  -23.042  -33.849  69.367 0.0000000000
144858  -23.175  -34.067  68.417 0.0000000000
144859  -23.621  -33.990  68.206 0.0000000000
144860  -24.046  -33.888  67.978 0.0000000000
144861  -24.511  -33.710  67.759 0.0000000000
144862  -23.676  -31.921  70.996 0.0000000000
144863  -24.007  -32.159  70.781 0.0000000000
144864  -24.286  -32.493  70.411 0.0000000000
144865  -24.988  -31.951  70.285 0.0000000000
144866  -24.769  -32.355  70.151 0.0000000000
144867  -24.516  -32.792  69.861 0.0000000000
144868  -24.690  -33.069  69.228 0.0000000000
144869  -24.850  -33.333  68.449 0.0000000000
144870  -24.935  -33.624  67.501 0.0000000000
144871  -25.426  -33.479  67.340 0.0000000000
144872  -25.893  -33.441  67.135 0.0000000000
144873  -26.357  -33.396  66.946 0.0000000000
144874  -26.598  -32.675  68.598 0.0000000000
144875  -26.727  -33.067  67.705 0.0000000000
144876  -26.797  -33.419  66.754 0.0000000000
144877  -27.268  -33.351  66.667 0.0000000000
144878  -27.758  -33.264  66.576 0.0000000000
144879  -28.275  -33.264  66.478 0.0000000000
144887  -26.238  -30.579  68.699 0.0000000000
144888  -26.652  -30.702  69.059 0.0000000000
144895  -27.227  -30.361  68.294 0.0000000000
144896  -27.126  -30.567  68.848 0.0000000000
144897  -27.031  -30.853  69.294 0.0000000000
144898  -27.432  -31.156  69.335 0.0000000000
144899  -27.772  -31.496  69.249 0.0000000000
144900  -28.027  -31.880  68.970 0.0000000000
144901  -28.729  -31.441  68.809 0.0000000000
144902  -28.557  -31.885  68.810 0.0000000000
144903  -28.292  -32.261  68.524 0.0000000000
144904  -28.493  -32.677  67.916 0.0000000000
144905  -28.657  -32.984  67.205 0.0000000000
144906  -28.772  -33.281  66.446 0.0000000000
144907  -29.338  -33.277  66.475 0.0000000000
144908  -29.887  -33.284  66.530 0.0000000000
144909  -30.367  -33.349  66.430 0.0000000000
144910  -30.581  -32.696  67.645 0.0000000000
144911  -30.721  -33.039  67.077 0.0000000000
144912  -30.884  -33.370  66.489 0.0000000000
144913  -31.422  -33.419  66.379 0.0000000000
144914  -31.901  -33.444  66.337 0.0000000000
144915  -32.370  -33.451  66.224 0.0000000000
144916  -31.485  -31.038  67.856 0.0000000000
144917  -31.795  -31.466  67.847 0.0000000000
144918  -32.065  -31.856  67.698 0.0000000000
144919  -32.800  -31.463  67.439 0.0000000000
144920  -32.509  -31.844  67.497 0.0000000000
144921  -32.257  -32.281  67.434 0.0000000000
144922  -32.451  -32.727  67.013 0.0000000000
144923  -32.710  -33.167  66.630 0.0000000000
144924  -32.879  -33.460  66.137 0.0000000000
144925  -33.323  -33.482  65.889 0.0000000000
144926  -33.791  -33.476  65.744 0.0000000000
144927  -34.243  -33.476  65.528 0.0000000000
144928  -34.497  -32.729  66.316 0.0000000000
144929  -34.639  -33.118  65.880 0.0000000000
144930  -34.778  -33.425  65.437 0.0000000000
144931  -35.294  -33.428  65.258 0.0000000000
144932  -35.782  -33.399  65.011 0.0000000000
144933  -36.350  -33.399  64.783 0.0000000000
144994  -33.969  -30.401  65.397 0.0000000000
144995  -34.395  -30.453  65.816 0.0000000000
144996  -34.792  -30.701  66.182 0.0000000000
144998  -35.813  -30.513  63.721 0.0000000000
144999  -35.747  -30.465  64.455 0.0000000000
145000  -36.810  -30.344  64.879 0.0000000000
145001  -36.221  -30.413  65.021 0.0000000000
145002  -35.660  -30.448  65.074 0.0000000000
145003  -35.534  -30.569  65.630 0.0000000000
145004  -35.366  -30.744  66.063 0.0000000000
145005  -35.191  -30.956  66.419 0.0000000000
145006  -35.544  -31.311  66.449 0.0000000000
145007  -35.881  -31.683  66.351 0.0000000000
145008  -36.155  -32.049  66.167 0.0000000000
145009  -36.994  -31.591  65.942 0.0000000000
145010  -36.710  -31.982  65.941 0.0000000000
145011  -36.377  -32.348  65.891 0.0000000000
145012  -36.600  -32.742  65.496 0.0000000000
145013  -36.719  -33.054  65.030 0.0000000000
145014  -36.827  -33.305  64.520 0.0000000000
145015  -37.368  -33.234  64.214 0.0000000000
145016  -37.860  -33.139  63.835 0.0000000000
145017  -38.366  -33.002  63.487 0.0000000000
145018  -38.646  -32.444  64.293 0.0000000000
145019  -38.746  -32.698  63.709 0.0000000000
145020  -38.862  -32.921  63.117 0.0000000000
145021  -39.372  -32.830  62.736 0.0000000000
145022  -39.857  -32.696  62.291 0.0000000000
145023  -40.286  -32.578  62.013 0.0000000000
145024  -39.837  -30.803  64.630 0.0000000000
145025  -40.075  -31.083  64.292 0.0000000000
145026  -40.286  -31.391  63.871 0.0000000000
145027  -41.004  -30.771  63.635 0.0000000000
145028  -40.775  -31.244  63.493 0.0000000000
145029  -40.447  -31.710  63.364 0.0000000000
145030  -40.571  -31.951  62.778 0.0000000000
145031  -40.659  -32.201  62.188 0.0000000000
145032  -40.740  -32.520  61.515 0.0000000000
145033  -41.209  -32.426  61.062 0.0000000000
145034  -41.608  -32.221  60.707 0.0000000000
145035  -41.992  -32.112  60.378 0.0000000000
145036  -42.294  -31.265  61.247 0.0000000000
145037  -42.323  -31.607  60.603 0.0000000000
145038  -42.366  -31.914  59.999 0.0000000000
145039  -42.731  -31.743  59.579 0.0000000000
145040  -43.094  -31.543  59.231 0.0000000000
145041  -43.486  -31.371  58.833 0.0000000000
145043  -40.784  -27.944  62.070 0.0000000000
145044  -41.180  -27.813  62.540 0.0000000000
145046  -41.550  -27.402  62.331 0.0000000000
145047  -41.563  -27.799  62.802 0.0000000000
145048  -41.952  -27.906  62.868 0.0000000000
145049  -42.369  -28.080  62.898 0.0000000000
145050  -42.724  -28.327  62.779 0.0000000000
145052  -43.085  -25.904  61.770 0.0000000000
145053  -43.127  -26.383  62.090 0.0000000000
145054  -43.940  -26.197  61.872 0.0000000000
145055  -43.572  -26.537  62.090 0.0000000000
145056  -43.095  -26.787  62.333 0.0000000000
145057  -43.135  -27.396  62.409 0.0000000000
145058  -43.074  -27.959  62.434 0.0000000000
145059  -42.998  -28.606  62.441 0.0000000000
145060  -43.276  -28.933  61.971 0.0000000000
145061  -43.423  -29.284  61.389 0.0000000000
145062  -43.529  -29.638  60.842 0.0000000000
145063  -44.143  -28.708  60.744 0.0000000000
145064  -43.872  -29.390  60.495 0.0000000000
145065  -43.619  -30.028  60.252 0.0000000000
145066  -43.667  -30.408  59.669 0.0000000000
145067  -43.750  -30.766  59.092 0.0000000000
145068  -43.851  -31.118  58.522 0.0000000000
145069  -44.197  -30.929  58.211 0.0000000000
145070  -44.552  -30.672  57.917 0.0000000000
145071  -44.850  -30.415  57.545 0.0000000000
145072  -45.078  -29.403  58.421 0.0000000000
145073  -45.161  -29.811  57.817 0.0000000000
145074  -45.199  -30.182  57.249 0.0000000000
145075  -45.443  -29.942  56.953 0.0000000000
145076  -45.725  -29.631  56.673 0.0000000000
145077  -46.002  -29.390  56.334 0.0000000000
145078  -46.200  -26.594  59.454 0.0000000000
145079  -46.283  -27.008  58.905 0.0000000000
145080  -46.327  -27.470  58.288 0.0000000000
145081  -46.943  -26.422  58.280 0.0000000000
145082  -46.616  -27.172  58.002 0.0000000000
145083  -46.337  -27.906  57.698 0.0000000000
145084  -46.333  -28.341  57.119 0.0000000000
145085  -46.286  -28.727  56.569 0.0000000000
145086  -46.285  -29.153  56.071 0.0000000000
145087  -46.471  -28.909  55.708 0.0000000000
145088  -46.738  -28.676  55.351 0.0000000000
145089  -46.935  -28.483  55.024 0.0000000000
145090  -47.399  -27.360  55.848 0.0000000000
145091  -47.288  -27.820  55.271 0.0000000000
145092  -47.126  -28.255  54.666 0.0000000000
145093  -47.265  -27.995  54.312 0.0000000000
145094  -47.449  -27.728  53.970 0.0000000000
145331  -19.724  -31.933  72.638 0.0000000000
145332  -20.227  -32.308  72.569 0.0000000000
145333  -20.642  -32.730  72.325 0.0000000000
145334  -21.205  -32.321  72.202 0.0000000000
145335  -21.088  -32.712  72.100 0.0000000000
145336  -20.932  -33.151  71.849 0.0000000000
145337  -21.132  -33.676  71.138 0.0000000000
145338  -21.234  -34.088  70.278 0.0000000000
150228  -47.881  -26.915  52.911 0.0000000000
150229  -48.010  -26.671  52.575 0.0000000000
150230  -48.080  -26.513  52.092 0.0000000000
150231  -48.919  -25.192  53.308 0.0000000000
150232  -48.600  -25.713  52.532 0.0000000000
150233  -48.196  -26.216  51.717 0.0000000000
150234  -48.288  -26.045  51.291 0.0000000000
150235  -48.403  -25.822  50.882 0.0000000000
150236  -48.528  -25.645  50.500 0.0000000000
150237  -50.234  -21.808  54.521 0.0000000000
150238  -50.164  -22.433  53.834 0.0000000000
150239  -50.030  -23.123  53.099 0.0000000000
150240  -50.738  -22.261  52.939 0.0000000000
150241  -50.293  -22.993  52.675 0.0000000000
150242  -49.827  -23.731  52.380 0.0000000000
150243  -49.529  -24.368  51.658 0.0000000000
150244  -49.136  -24.910  50.911 0.0000000000
150245  -48.689  -25.467  50.133 0.0000000000
150246  -48.791  -25.356  49.815 0.0000000000
150247  -48.982  -25.185  49.404 0.0000000000
150248  -49.118  -25.082  48.931 0.0000000000
150249  -50.289  -24.199  50.010 0.0000000000
150250  -49.784  -24.600  49.237 0.0000000000
150251  -49.247  -24.898  48.419 0.0000000000
150252  -49.387  -24.831  47.845 0.0000000000
150253  -49.514  -24.795  47.342 0.0000000000
150257  -51.602  -18.212  52.913 0.0000000000
150258  -52.064  -17.950  52.076 0.0000000000
150259  -52.112  -18.249  52.450 0.0000000000
150260  -52.103  -18.680  52.812 0.0000000000
150261  -52.492  -19.292  52.614 0.0000000000
150262  -52.720  -19.958  52.336 0.0000000000
150263  -52.813  -20.715  51.937 0.0000000000
150264  -53.700  -18.362  50.564 0.0000000000
150265  -53.813  -18.752  50.874 0.0000000000
150266  -53.796  -19.179  51.150 0.0000000000
150267  -54.253  -20.164  50.416 0.0000000000
150268  -53.958  -19.989  50.878 0.0000000000
150269  -53.648  -19.795  51.333 0.0000000000
150270  -53.432  -20.351  51.467 0.0000000000
150271  -53.139  -20.959  51.510 0.0000000000
150272  -52.780  -21.464  51.443 0.0000000000
150273  -52.644  -22.297  50.807 0.0000000000
150274  -52.374  -22.991  50.209 0.0000000000
150275  -52.006  -23.555  49.535 0.0000000000
150276  -52.759  -23.408  49.193 0.0000000000
150277  -52.145  -23.729  48.965 0.0000000000
150278  -51.503  -23.990  48.748 0.0000000000
150279  -50.966  -24.276  47.960 0.0000000000
150280  -50.387  -24.532  47.152 0.0000000000
150285  -51.168  -24.682  45.679 0.0000000000
150291  -53.641  -23.853  46.799 0.0000000000
150292  -53.001  -24.277  46.026 0.0000000000
150293  -52.284  -24.556  45.074 0.0000000000
150294  -52.833  -24.287  44.870 0.0000000000
150295  -52.260  -24.563  44.627 0.0000000000
150296  -51.637  -24.789  44.275 0.0000000000
150357  -55.131  -18.053  43.827 0.0000000000
150358  -54.951  -18.124  44.237 0.0000000000
150359  -54.761  -18.281  44.601 0.0000000000
150362  -55.718  -18.873  46.029 0.0000000000
150363  -56.014  -19.308  45.959 0.0000000000
150364  -56.075  -19.899  45.832 0.0000000000
150365  -55.908  -20.503  45.547 0.0000000000
150366  -56.136  -19.886  44.849 0.0000000000
150367  -55.914  -20.514  45.043 0.0000000000
150368  -55.666  -21.173  45.129 0.0000000000
150369  -55.353  -21.770  44.706 0.0000000000
150370  -54.842  -22.216  44.192 0.0000000000
150372  -56.282  -19.712  42.825 0.0000000000
150373  -55.861  -20.312  42.851 0.0000000000
150374  -55.493  -20.834  42.970 0.0000000000
150377  -55.128  -21.378  43.002 0.0000000000
150576  -60.636  -8.647  27.532 0.0000000000
150577  -61.088  -8.583  27.149 0.0000000000
150578  -61.498  -8.639  26.753 0.0000000000
150605  -61.851  -8.754  26.360 0.0000000000
150606  -62.167  -8.908  25.965 0.0000000000
150607  -62.470  -9.098  25.568 0.0000000000
150608  -62.744  -9.368  25.115 0.0000000000
150609  -62.273  -8.946  24.452 0.0000000000
150610  -62.690  -9.255  24.585 0.0000000000
150611  -62.992  -9.698  24.673 0.0000000000
150612  -63.196  -10.103  24.212 0.0000000000
150613  -63.351  -10.509  23.791 0.0000000000
150614  -63.425  -10.936  23.277 0.0000000000
150617  -62.747  -9.315  22.360 0.0000000000
150618  -62.910  -9.536  21.293 0.0000000000
150619  -63.037  -9.561  21.889 0.0000000000
150620  -63.102  -9.603  22.524 0.0000000000
150621  -63.383  -10.051  22.618 0.0000000000
150622  -63.476  -10.697  22.701 0.0000000000
150623  -63.464  -11.352  22.730 0.0000000000
150624  -63.437  -11.724  22.181 0.0000000000
150627  -63.594  -11.795  20.491 0.0000000000
150642  -63.228  -10.184  17.416 0.0000000000
150643  -63.425  -10.497  16.965 0.0000000000
150644  -63.539  -10.846  16.492 0.0000000000
150645  -63.056  -10.127  16.003 0.0000000000
150646  -63.382  -10.640  15.992 0.0000000000
150647  -63.593  -11.239  16.014 0.0000000000
150648  -63.614  -11.692  15.585 0.0000000000
150654  -62.936  -10.324  13.401 0.0000000000
150655  -62.923  -10.483  12.930 0.0000000000
150656  -62.831  -10.623  12.476 0.0000000000
150657  -62.577  -10.159  12.038 0.0000000000
150658  -62.242  -9.631  11.712 0.0000000000
150659  -61.844  -9.065  11.413 0.0000000000
150684  -61.511  -8.440  12.013 0.0000000000
150685  -61.547  -8.529  11.577 0.0000000000
150686  -61.495  -8.553  11.178 0.0000000000
150958  -21.545  -35.040  67.375 0.0000000000
150959  -21.567  -35.241  66.395 0.0000000000
150960  -21.524  -35.495  65.302 0.0000000000
150961  -22.396  -34.986  65.826 0.0000000000
150962  -21.959  -35.357  65.055 0.0000000000
150963  -21.534  -35.780  64.282 0.0000000000
150967  -24.099  -34.582  64.726 0.0000000000
150968  -23.628  -34.898  63.911 0.0000000000
150969  -23.130  -35.260  63.154 0.0000000000
150985  -27.845  -34.006  63.590 0.0000000000
150986  -27.288  -34.229  62.570 0.0000000000
150987  -26.815  -34.484  61.667 0.0000000000
150988  -27.301  -34.739  60.658 0.0000000000
151039  -35.962  -34.026  63.071 0.0000000000
151040  -35.378  -34.280  62.488 0.0000000000
151041  -34.866  -34.491  61.861 0.0000000000
151042  -35.348  -34.458  60.843 0.0000000000
151043  -34.863  -34.560  61.076 0.0000000000
151044  -34.322  -34.688  61.194 0.0000000000
151045  -33.855  -34.838  60.501 0.0000000000
151046  -33.422  -35.005  59.810 0.0000000000
