#!ascii label  , from subject fsaverage vox2ras=TkReg
507
1176  -43.996  -23.743  -1.740 0.0000000000
2245  -47.057  -16.359  -7.110 0.0000000000
2246  -30.849  -27.661  11.807 0.0000000000
2247  -32.250  -27.163  6.956 0.0000000000
2248  -34.347  -26.541  2.787 0.0000000000
2251  -36.729  -25.466  -1.121 0.0000000000
2252  -38.758  -23.707  -4.606 0.0000000000
2253  -40.249  -21.030  -7.572 0.0000000000
2254  -41.836  -17.907  -10.414 0.0000000000
4978  -33.204  -26.790  4.821 0.0000000000
4988  -37.855  -24.726  -2.926 0.0000000000
4992  -37.407  -19.332  -7.403 0.0000000000
4993  -41.073  -19.543  -9.004 0.0000000000
4994  -37.931  -18.056  -8.736 0.0000000000
6726  -45.011  -22.297  -3.228 0.0000000000
9298  -32.755  -29.071  9.857 0.0000000000
9300  -31.394  -27.371  9.276 0.0000000000
9303  -36.450  -27.835  3.648 0.0000000000
9304  -37.800  -27.414  1.695 0.0000000000
9312  -35.609  -26.067  0.800 0.0000000000
9313  -39.187  -26.708  -0.259 0.0000000000
9314  -40.535  -25.726  -2.053 0.0000000000
9315  -41.646  -24.491  -3.683 0.0000000000
9316  -42.477  -23.092  -5.181 0.0000000000
9318  -39.562  -22.403  -6.146 0.0000000000
9319  -43.395  -21.414  -6.589 0.0000000000
9320  -44.031  -19.675  -7.933 0.0000000000
9321  -44.763  -17.697  -9.191 0.0000000000
12671  -35.874  -18.692  -6.062 0.0000000000
12672  -36.096  -18.175  -6.827 0.0000000000
12673  -37.671  -18.688  -8.077 0.0000000000
12674  -36.293  -17.521  -7.521 0.0000000000
15051  -44.479  -23.092  -2.527 0.0000000000
20676  -47.274  -15.214  -7.735 0.0000000000
20680  -30.728  -27.701  13.159 0.0000000000
20682  -31.168  -28.666  11.886 0.0000000000
20684  -31.481  -28.531  10.615 0.0000000000
20688  -31.537  -26.087  8.099 0.0000000000
20689  -31.248  -26.289  9.279 0.0000000000
20690  -31.752  -27.249  8.107 0.0000000000
20691  -32.408  -28.214  8.322 0.0000000000
20695  -33.805  -26.670  3.788 0.0000000000
20696  -34.710  -27.581  4.082 0.0000000000
20697  -35.320  -27.399  3.090 0.0000000000
20698  -37.111  -27.615  2.694 0.0000000000
20699  -35.944  -27.189  2.113 0.0000000000
20718  -35.281  -24.608  -0.212 0.0000000000
20719  -34.736  -24.863  0.727 0.0000000000
20720  -36.195  -25.788  -0.143 0.0000000000
20721  -37.297  -26.657  0.128 0.0000000000
20722  -37.919  -26.291  -0.846 0.0000000000
20723  -39.864  -26.240  -1.206 0.0000000000
20724  -38.530  -25.903  -1.747 0.0000000000
20725  -38.279  -24.240  -3.791 0.0000000000
20726  -39.642  -24.912  -3.521 0.0000000000
20727  -40.184  -24.305  -4.316 0.0000000000
20728  -42.060  -23.825  -4.483 0.0000000000
20729  -40.561  -23.673  -5.084 0.0000000000
20733  -38.461  -20.896  -6.944 0.0000000000
20734  -38.132  -21.570  -6.170 0.0000000000
20735  -39.938  -21.732  -6.860 0.0000000000
20736  -41.474  -22.185  -6.557 0.0000000000
20737  -41.924  -21.381  -7.236 0.0000000000
20738  -43.735  -20.552  -7.271 0.0000000000
20739  -42.306  -20.576  -7.939 0.0000000000
20740  -41.430  -18.742  -9.707 0.0000000000
20741  -43.050  -18.876  -9.299 0.0000000000
20742  -43.301  -18.011  -9.977 0.0000000000
20743  -44.983  -16.762  -9.824 0.0000000000
24006  -43.416  -24.358  -0.952 0.0000000000
27386  -30.887  -26.561  13.209 0.0000000000
27391  -31.876  -25.995  6.927 0.0000000000
27392  -32.691  -27.005  5.864 0.0000000000
27393  -32.200  -25.751  5.885 0.0000000000
27394  -32.631  -25.603  4.797 0.0000000000
27395  -33.082  -25.381  3.774 0.0000000000
27409  -35.807  -24.380  -1.137 0.0000000000
27410  -37.301  -25.138  -2.034 0.0000000000
27411  -36.275  -24.078  -2.049 0.0000000000
27412  -36.717  -23.690  -2.940 0.0000000000
27413  -37.122  -23.280  -3.830 0.0000000000
27417  -37.105  -19.930  -6.693 0.0000000000
27418  -38.884  -20.290  -7.673 0.0000000000
27419  -40.678  -20.283  -8.311 0.0000000000
27420  -39.117  -19.594  -8.354 0.0000000000
27421  -39.535  -18.930  -9.078 0.0000000000
27422  -39.917  -18.209  -9.782 0.0000000000
31056  -45.437  -21.519  -3.984 0.0000000000
38137  -30.913  -26.491  11.813 0.0000000000
38139  -31.015  -26.373  10.533 0.0000000000
38140  -31.094  -27.570  10.517 0.0000000000
38141  -31.950  -28.370  9.421 0.0000000000
38142  -33.362  -28.867  8.760 0.0000000000
38148  -35.820  -28.052  4.657 0.0000000000
38149  -37.527  -27.628  4.468 0.0000000000
38150  -38.222  -27.388  3.478 0.0000000000
38151  -38.949  -27.143  2.545 0.0000000000
38152  -39.649  -26.908  1.565 0.0000000000
38173  -33.577  -25.182  2.712 0.0000000000
38175  -34.156  -25.008  1.713 0.0000000000
38176  -34.962  -26.304  1.780 0.0000000000
38177  -36.603  -26.956  1.142 0.0000000000
38178  -38.553  -27.116  0.711 0.0000000000
38179  -40.388  -26.559  0.624 0.0000000000
38180  -41.075  -26.091  -0.310 0.0000000000
38181  -41.748  -25.567  -1.182 0.0000000000
38182  -42.325  -24.979  -2.026 0.0000000000
38183  -39.099  -25.458  -2.659 0.0000000000
38184  -41.147  -25.139  -2.897 0.0000000000
38185  -42.889  -24.326  -2.825 0.0000000000
38186  -43.394  -23.624  -3.580 0.0000000000
38187  -43.896  -22.854  -4.310 0.0000000000
38188  -44.316  -22.035  -5.014 0.0000000000
38191  -37.469  -22.780  -4.630 0.0000000000
38193  -37.789  -22.212  -5.401 0.0000000000
38194  -39.110  -23.053  -5.405 0.0000000000
38195  -41.005  -22.958  -5.804 0.0000000000
38196  -42.953  -22.279  -5.906 0.0000000000
38197  -44.726  -21.112  -5.694 0.0000000000
38198  -45.079  -20.159  -6.330 0.0000000000
38199  -45.329  -19.251  -6.984 0.0000000000
38200  -45.647  -18.249  -7.569 0.0000000000
38201  -42.602  -19.797  -8.627 0.0000000000
38202  -44.451  -18.698  -8.564 0.0000000000
38203  -45.911  -17.223  -8.199 0.0000000000
38204  -46.219  -16.087  -8.825 0.0000000000
43393  -36.169  -17.846  -7.161 0.0000000000
45771  -44.244  -23.434  -2.156 0.0000000000
51396  -47.165  -15.800  -7.433 0.0000000000
51400  -30.787  -27.708  12.451 0.0000000000
51401  -30.847  -28.217  12.458 0.0000000000
51402  -30.962  -28.205  11.807 0.0000000000
51403  -31.332  -28.613  11.248 0.0000000000
51404  -31.099  -28.127  11.195 0.0000000000
51408  -31.836  -26.659  7.473 0.0000000000
51409  -31.612  -26.676  8.040 0.0000000000
51410  -32.022  -27.201  7.522 0.0000000000
51411  -32.299  -27.714  7.611 0.0000000000
51412  -32.557  -27.671  7.050 0.0000000000
51414  -32.820  -27.607  6.511 0.0000000000
51415  -34.068  -26.569  3.302 0.0000000000
51416  -34.519  -27.083  3.410 0.0000000000
51417  -34.804  -27.009  2.915 0.0000000000
51418  -35.648  -27.288  2.602 0.0000000000
51419  -35.129  -26.895  2.416 0.0000000000
51438  -35.982  -25.083  -0.693 0.0000000000
51439  -35.713  -25.240  -0.209 0.0000000000
51440  -36.463  -25.638  -0.637 0.0000000000
51441  -37.007  -26.106  -0.514 0.0000000000
51442  -37.275  -25.919  -1.007 0.0000000000
51443  -38.227  -26.105  -1.297 0.0000000000
51444  -37.608  -25.767  -1.476 0.0000000000
51445  -38.483  -23.978  -4.228 0.0000000000
51446  -39.197  -24.334  -4.118 0.0000000000
51447  -39.465  -24.048  -4.513 0.0000000000
51448  -40.408  -23.997  -4.698 0.0000000000
51449  -39.677  -23.759  -4.898 0.0000000000
51453  -39.354  -21.009  -7.289 0.0000000000
51454  -39.177  -21.362  -6.925 0.0000000000
51455  -40.103  -21.380  -7.213 0.0000000000
51456  -40.930  -21.629  -7.095 0.0000000000
51457  -41.098  -21.247  -7.447 0.0000000000
51458  -42.131  -20.982  -7.601 0.0000000000
51459  -41.265  -20.881  -7.814 0.0000000000
51460  -41.634  -18.312  -10.073 0.0000000000
51461  -42.430  -18.431  -9.897 0.0000000000
51462  -42.572  -18.012  -10.216 0.0000000000
51463  -43.472  -17.539  -10.281 0.0000000000
51464  -42.783  -17.557  -10.541 0.0000000000
51466  -42.174  -17.490  -10.721 0.0000000000
61003  -30.922  -26.555  13.886 0.0000000000
61011  -31.650  -25.393  7.601 0.0000000000
61012  -31.787  -25.295  7.044 0.0000000000
61013  -32.010  -25.894  6.400 0.0000000000
61014  -31.919  -25.189  6.493 0.0000000000
61016  -32.260  -24.971  5.448 0.0000000000
61017  -32.431  -24.871  4.887 0.0000000000
61018  -32.849  -25.476  4.271 0.0000000000
61019  -32.610  -24.702  4.374 0.0000000000
61041  -35.131  -23.776  -0.533 0.0000000000
61042  -35.368  -23.682  -1.029 0.0000000000
61043  -36.036  -24.234  -1.587 0.0000000000
61044  -35.606  -23.578  -1.503 0.0000000000
61046  -36.062  -23.283  -2.429 0.0000000000
61047  -36.241  -23.104  -2.849 0.0000000000
61048  -36.919  -23.476  -3.393 0.0000000000
61049  -36.441  -22.941  -3.332 0.0000000000
61053  -36.590  -19.042  -6.785 0.0000000000
61054  -36.458  -19.330  -6.443 0.0000000000
61055  -37.256  -19.629  -7.037 0.0000000000
61056  -37.968  -20.155  -7.198 0.0000000000
61057  -38.106  -19.848  -7.559 0.0000000000
61058  -38.972  -19.936  -7.991 0.0000000000
61059  -38.242  -19.494  -7.917 0.0000000000
61060  -37.836  -18.377  -8.423 0.0000000000
61061  -38.556  -18.846  -8.592 0.0000000000
61062  -38.725  -18.536  -8.941 0.0000000000
61063  -39.717  -18.550  -9.417 0.0000000000
61064  -38.893  -18.179  -9.287 0.0000000000
61065  -39.177  -17.892  -9.672 0.0000000000
61066  -38.198  -17.794  -9.131 0.0000000000
68196  -45.203  -21.935  -3.621 0.0000000000
85101  -31.040  -25.959  12.536 0.0000000000
85106  -31.287  -26.857  9.254 0.0000000000
85107  -31.130  -26.317  9.893 0.0000000000
85108  -31.119  -26.909  9.851 0.0000000000
85109  -31.008  -26.999  10.503 0.0000000000
85110  -31.187  -27.458  9.908 0.0000000000
85111  -31.428  -27.998  9.887 0.0000000000
85112  -31.623  -27.887  9.320 0.0000000000
85113  -33.152  -28.508  7.934 0.0000000000
85114  -32.859  -28.571  8.506 0.0000000000
85115  -33.637  -28.739  8.202 0.0000000000
85125  -32.901  -26.878  5.344 0.0000000000
85126  -33.303  -27.411  5.428 0.0000000000
85127  -33.579  -27.292  4.926 0.0000000000
85128  -35.564  -27.819  3.826 0.0000000000
85129  -35.264  -27.903  4.334 0.0000000000
85130  -36.156  -27.942  4.145 0.0000000000
85131  -36.696  -27.898  4.549 0.0000000000
85132  -37.026  -27.814  4.030 0.0000000000
85133  -37.863  -27.494  3.969 0.0000000000
85134  -37.383  -27.708  3.538 0.0000000000
85135  -37.452  -27.499  2.196 0.0000000000
85136  -38.041  -27.503  2.576 0.0000000000
85137  -38.399  -27.364  2.097 0.0000000000
85138  -39.311  -27.040  2.032 0.0000000000
85139  -38.751  -27.236  1.604 0.0000000000
85191  -33.063  -24.522  3.306 0.0000000000
85192  -33.308  -24.434  2.819 0.0000000000
85196  -35.147  -25.510  0.728 0.0000000000
85197  -34.445  -24.945  1.210 0.0000000000
85198  -34.841  -25.621  1.197 0.0000000000
85199  -34.530  -25.700  1.699 0.0000000000
85200  -35.295  -26.190  1.280 0.0000000000
85201  -35.767  -26.669  1.430 0.0000000000
85202  -36.090  -26.543  0.934 0.0000000000
85203  -38.241  -26.753  -0.107 0.0000000000
85204  -37.926  -26.942  0.386 0.0000000000
85205  -38.884  -26.903  0.219 0.0000000000
85206  -39.470  -26.913  0.615 0.0000000000
85207  -39.804  -26.724  0.108 0.0000000000
85208  -40.719  -26.307  0.156 0.0000000000
85209  -40.138  -26.474  -0.327 0.0000000000
85210  -40.225  -26.017  -1.638 0.0000000000
85211  -40.838  -25.982  -1.252 0.0000000000
85212  -41.187  -25.698  -1.640 0.0000000000
85213  -42.058  -25.281  -1.603 0.0000000000
85214  -41.487  -25.433  -2.066 0.0000000000
85215  -37.589  -24.938  -2.508 0.0000000000
85216  -38.167  -25.343  -2.407 0.0000000000
85217  -38.494  -25.142  -2.862 0.0000000000
85218  -40.662  -24.733  -3.658 0.0000000000
85219  -40.421  -25.080  -3.249 0.0000000000
85220  -41.389  -24.801  -3.303 0.0000000000
85221  -42.052  -24.779  -2.879 0.0000000000
85222  -42.290  -24.459  -3.262 0.0000000000
85223  -43.133  -23.997  -3.189 0.0000000000
85224  -42.527  -24.128  -3.641 0.0000000000
85225  -42.241  -23.474  -4.826 0.0000000000
85226  -42.950  -23.411  -4.418 0.0000000000
85227  -43.159  -23.046  -4.777 0.0000000000
85228  -44.121  -22.433  -4.663 0.0000000000
85229  -43.425  -22.630  -5.140 0.0000000000
85236  -36.750  -22.463  -4.193 0.0000000000
85237  -36.881  -22.191  -4.543 0.0000000000
85241  -38.838  -22.033  -6.177 0.0000000000
85242  -37.975  -21.908  -5.783 0.0000000000
85243  -38.678  -22.385  -5.806 0.0000000000
85244  -38.444  -22.663  -5.433 0.0000000000
85245  -39.375  -22.732  -5.797 0.0000000000
85246  -40.027  -23.091  -5.650 0.0000000000
85247  -40.266  -22.725  -6.021 0.0000000000
85248  -42.465  -21.879  -6.617 0.0000000000
85249  -42.213  -22.287  -6.270 0.0000000000
85250  -43.163  -21.860  -6.265 0.0000000000
85251  -43.876  -21.759  -5.844 0.0000000000
85252  -44.064  -21.308  -6.188 0.0000000000
85253  -44.915  -20.648  -6.011 0.0000000000
85254  -44.283  -20.845  -6.510 0.0000000000
85255  -43.851  -20.142  -7.610 0.0000000000
85256  -44.558  -19.983  -7.177 0.0000000000
85257  -44.692  -19.519  -7.470 0.0000000000
85258  -45.492  -18.747  -7.262 0.0000000000
85259  -44.883  -19.030  -7.785 0.0000000000
85260  -40.871  -19.899  -8.669 0.0000000000
85261  -41.691  -20.091  -8.520 0.0000000000
85262  -41.849  -19.688  -8.879 0.0000000000
85263  -43.941  -18.351  -9.307 0.0000000000
85264  -43.791  -18.828  -8.951 0.0000000000
85265  -44.606  -18.215  -8.862 0.0000000000
85266  -45.203  -18.053  -8.377 0.0000000000
85267  -45.376  -17.473  -8.705 0.0000000000
85268  -46.091  -16.625  -8.516 0.0000000000
85269  -45.522  -16.930  -9.021 0.0000000000
85271  -45.747  -15.922  -9.613 0.0000000000
96537  -35.970  -18.413  -6.431 0.0000000000
96538  -36.711  -18.751  -7.150 0.0000000000
96539  -37.518  -19.006  -7.737 0.0000000000
96540  -36.810  -18.436  -7.479 0.0000000000
96541  -36.966  -18.134  -7.828 0.0000000000
96542  -37.110  -17.824  -8.191 0.0000000000
96543  -37.354  -17.606  -8.573 0.0000000000
96544  -36.526  -17.340  -7.942 0.0000000000
100821  -44.756  -22.694  -2.862 0.0000000000
110946  -47.400  -14.616  -8.053 0.0000000000
110960  -32.059  -28.836  10.209 0.0000000000
110966  -31.416  -25.580  8.786 0.0000000000
110968  -31.397  -26.206  8.686 0.0000000000
110969  -31.452  -26.790  8.657 0.0000000000
110970  -31.584  -27.328  8.690 0.0000000000
110971  -31.798  -27.813  8.741 0.0000000000
110972  -32.025  -27.775  8.197 0.0000000000
110973  -32.687  -28.164  7.759 0.0000000000
110979  -33.541  -26.770  4.275 0.0000000000
110980  -33.881  -27.246  4.431 0.0000000000
110981  -34.209  -27.151  3.901 0.0000000000
110982  -35.005  -27.488  3.565 0.0000000000
110983  -35.868  -27.687  3.332 0.0000000000
110984  -36.766  -27.781  3.180 0.0000000000
110985  -36.190  -27.589  2.861 0.0000000000
110986  -36.528  -27.461  2.371 0.0000000000
110987  -36.841  -27.347  1.886 0.0000000000
111020  -34.620  -23.986  0.367 0.0000000000
111022  -35.006  -24.729  0.254 0.0000000000
111023  -35.428  -25.388  0.271 0.0000000000
111024  -35.885  -25.948  0.319 0.0000000000
111025  -36.426  -26.432  0.432 0.0000000000
111026  -36.723  -26.265  -0.036 0.0000000000
111027  -37.597  -26.490  -0.364 0.0000000000
111028  -38.593  -26.568  -0.598 0.0000000000
111029  -39.515  -26.484  -0.735 0.0000000000
111030  -38.903  -26.364  -1.092 0.0000000000
111031  -39.211  -26.124  -1.515 0.0000000000
111032  -39.502  -25.918  -1.955 0.0000000000
111033  -38.065  -24.479  -3.357 0.0000000000
111034  -38.727  -24.871  -3.266 0.0000000000
111035  -38.940  -24.606  -3.701 0.0000000000
111036  -39.921  -24.583  -3.926 0.0000000000
111037  -40.913  -24.421  -4.080 0.0000000000
111038  -41.862  -24.153  -4.083 0.0000000000
111039  -41.144  -24.107  -4.451 0.0000000000
111040  -41.341  -23.793  -4.830 0.0000000000
111041  -41.548  -23.426  -5.178 0.0000000000
111047  -37.613  -20.748  -6.457 0.0000000000
111048  -37.499  -21.073  -6.102 0.0000000000
111049  -38.308  -21.247  -6.551 0.0000000000
111050  -38.973  -21.669  -6.554 0.0000000000
111051  -39.708  -22.051  -6.500 0.0000000000
111052  -40.462  -22.368  -6.405 0.0000000000
111053  -40.721  -21.992  -6.749 0.0000000000
111054  -41.710  -21.789  -6.896 0.0000000000
111055  -42.677  -21.445  -6.938 0.0000000000
111056  -43.589  -21.001  -6.934 0.0000000000
111057  -42.884  -21.016  -7.305 0.0000000000
111058  -43.036  -20.601  -7.638 0.0000000000
111059  -43.221  -20.180  -7.978 0.0000000000
111060  -41.250  -19.123  -9.349 0.0000000000
111061  -42.062  -19.264  -9.197 0.0000000000
111062  -42.233  -18.866  -9.552 0.0000000000
111063  -43.207  -18.458  -9.642 0.0000000000
111064  -44.076  -17.891  -9.634 0.0000000000
111065  -44.877  -17.219  -9.514 0.0000000000
111066  -44.172  -17.422  -9.952 0.0000000000
117456  -43.760  -24.045  -1.325 0.0000000000
125340  -30.780  -27.134  13.846 0.0000000000
125341  -30.764  -27.159  13.145 0.0000000000
125342  -30.793  -27.160  12.462 0.0000000000
125351  -31.540  -25.452  8.197 0.0000000000
125352  -31.711  -26.094  7.471 0.0000000000
125353  -32.038  -26.624  6.882 0.0000000000
125354  -32.474  -27.104  6.394 0.0000000000
125355  -32.215  -26.525  6.336 0.0000000000
125356  -32.394  -26.392  5.858 0.0000000000
125357  -32.629  -26.291  5.308 0.0000000000
125358  -32.076  -25.064  5.960 0.0000000000
125359  -32.418  -25.663  5.340 0.0000000000
125360  -32.904  -26.232  4.762 0.0000000000
125361  -33.173  -26.180  4.238 0.0000000000
125362  -33.398  -26.043  3.733 0.0000000000
125363  -33.672  -25.975  3.246 0.0000000000
125393  -34.840  -23.878  -0.081 0.0000000000
125394  -35.527  -24.464  -0.652 0.0000000000
125395  -36.232  -24.926  -1.168 0.0000000000
125396  -37.036  -25.323  -1.562 0.0000000000
125397  -36.520  -24.821  -1.601 0.0000000000
125398  -36.783  -24.674  -2.085 0.0000000000
125399  -37.044  -24.474  -2.530 0.0000000000
125400  -35.863  -23.457  -1.979 0.0000000000
125401  -36.522  -23.915  -2.498 0.0000000000
125402  -37.260  -24.263  -2.970 0.0000000000
125403  -37.472  -24.029  -3.402 0.0000000000
125404  -37.672  -23.783  -3.833 0.0000000000
125405  -37.852  -23.565  -4.237 0.0000000000
125411  -35.795  -18.958  -5.719 0.0000000000
125412  -36.345  -19.589  -6.061 0.0000000000
125413  -36.937  -20.183  -6.286 0.0000000000
125414  -37.777  -20.467  -6.825 0.0000000000
125415  -38.671  -20.603  -7.285 0.0000000000
125416  -39.549  -20.698  -7.645 0.0000000000
125417  -40.436  -20.656  -7.946 0.0000000000
125418  -39.697  -20.338  -7.994 0.0000000000
125419  -39.883  -19.978  -8.372 0.0000000000
125420  -40.057  -19.613  -8.715 0.0000000000
125421  -38.371  -19.172  -8.250 0.0000000000
125422  -39.286  -19.252  -8.686 0.0000000000
125423  -40.265  -19.254  -9.086 0.0000000000
125424  -40.489  -18.867  -9.433 0.0000000000
125425  -40.689  -18.470  -9.818 0.0000000000
125426  -40.873  -18.113  -10.157 0.0000000000
125427  -41.215  -17.739  -10.500 0.0000000000
125428  -40.214  -17.879  -10.150 0.0000000000
134766  -45.676  -20.996  -4.280 0.0000000000
155370  -30.848  -26.544  12.498 0.0000000000
155371  -30.844  -27.081  11.775 0.0000000000
155378  -30.942  -26.437  11.179 0.0000000000
155379  -30.925  -27.058  11.109 0.0000000000
155380  -30.963  -27.598  11.163 0.0000000000
155381  -31.247  -28.056  10.567 0.0000000000
155382  -31.715  -28.440  10.010 0.0000000000
155383  -32.314  -28.753  9.631 0.0000000000
155384  -32.180  -28.285  8.859 0.0000000000
155385  -32.593  -28.663  9.072 0.0000000000
155386  -33.058  -28.951  9.303 0.0000000000
155399  -33.075  -27.552  5.943 0.0000000000
155405  -36.334  -28.027  5.057 0.0000000000
155406  -37.183  -27.697  4.992 0.0000000000
155411  -37.695  -27.596  3.065 0.0000000000
155412  -38.583  -27.295  3.010 0.0000000000
155477  -32.846  -24.613  3.853 0.0000000000
155478  -33.336  -25.290  3.243 0.0000000000
155479  -33.938  -25.906  2.715 0.0000000000
155486  -33.833  -25.089  2.193 0.0000000000
155487  -34.200  -25.814  2.199 0.0000000000
155488  -34.652  -26.409  2.271 0.0000000000
155489  -35.446  -26.790  1.908 0.0000000000
155490  -36.281  -27.060  1.623 0.0000000000
155491  -37.182  -27.259  1.359 0.0000000000
155492  -36.982  -26.821  0.637 0.0000000000
155493  -37.581  -27.101  0.896 0.0000000000
155494  -38.175  -27.249  1.215 0.0000000000
155495  -39.114  -27.103  1.103 0.0000000000
155496  -39.994  -26.761  1.078 0.0000000000
155501  -40.469  -26.236  -0.789 0.0000000000
155502  -41.422  -25.832  -0.763 0.0000000000
155504  -42.596  -25.041  -1.108 0.0000000000
155505  -42.896  -24.718  -1.518 0.0000000000
155506  -43.205  -24.433  -1.890 0.0000000000
155507  -37.896  -25.580  -1.936 0.0000000000
155508  -38.800  -25.699  -2.218 0.0000000000
155509  -39.807  -25.641  -2.398 0.0000000000
155510  -39.418  -25.181  -3.088 0.0000000000
155511  -40.112  -25.369  -2.819 0.0000000000
155512  -40.835  -25.439  -2.489 0.0000000000
155513  -41.756  -25.117  -2.480 0.0000000000
155514  -42.634  -24.669  -2.443 0.0000000000
155515  -43.458  -24.092  -2.303 0.0000000000
155516  -43.699  -23.769  -2.701 0.0000000000
155517  -43.965  -23.409  -3.053 0.0000000000
155518  -44.211  -23.013  -3.411 0.0000000000
155519  -42.725  -23.808  -4.062 0.0000000000
155520  -43.623  -23.248  -3.939 0.0000000000
155521  -44.428  -22.657  -3.792 0.0000000000
155522  -44.679  -22.236  -4.168 0.0000000000
155523  -44.923  -21.761  -4.489 0.0000000000
155524  -45.119  -21.303  -4.824 0.0000000000
155531  -36.608  -22.714  -3.760 0.0000000000
155532  -37.294  -23.084  -4.237 0.0000000000
155533  -38.087  -23.288  -4.639 0.0000000000
155537  -37.331  -21.361  -5.712 0.0000000000
155538  -37.149  -21.656  -5.319 0.0000000000
155539  -37.001  -21.912  -4.923 0.0000000000
155540  -37.628  -22.490  -5.017 0.0000000000
155541  -38.256  -22.987  -5.049 0.0000000000
155542  -38.946  -23.409  -5.010 0.0000000000
155543  -39.805  -23.404  -5.288 0.0000000000
155544  -40.803  -23.319  -5.440 0.0000000000
155545  -41.777  -23.063  -5.527 0.0000000000
155546  -41.193  -22.623  -6.193 0.0000000000
155547  -41.994  -22.688  -5.918 0.0000000000
155548  -42.729  -22.712  -5.528 0.0000000000
155549  -43.660  -22.198  -5.487 0.0000000000
155550  -44.526  -21.573  -5.351 0.0000000000
155551  -45.316  -20.831  -5.154 0.0000000000
155552  -45.477  -20.379  -5.486 0.0000000000
155553  -45.668  -19.865  -5.798 0.0000000000
155554  -45.833  -19.356  -6.119 0.0000000000
155555  -44.425  -20.405  -6.831 0.0000000000
155556  -45.213  -19.730  -6.669 0.0000000000
155557  -45.932  -18.889  -6.452 0.0000000000
155558  -46.099  -18.350  -6.748 0.0000000000
155559  -46.261  -17.816  -7.024 0.0000000000
155560  -46.388  -17.344  -7.335 0.0000000000
155561  -41.469  -20.487  -8.166 0.0000000000
155562  -42.467  -20.180  -8.285 0.0000000000
155563  -43.369  -19.749  -8.320 0.0000000000
155564  -42.849  -19.321  -8.951 0.0000000000
155565  -43.582  -19.300  -8.630 0.0000000000
155566  -44.264  -19.171  -8.261 0.0000000000
155567  -45.060  -18.536  -8.095 0.0000000000
155568  -45.764  -17.782  -7.870 0.0000000000
155569  -46.492  -16.819  -7.666 0.0000000000
155570  -46.606  -16.269  -7.995 0.0000000000
155571  -46.753  -15.681  -8.306 0.0000000000
155572  -46.882  -15.075  -8.577 0.0000000000
155573  -45.625  -16.428  -9.325 0.0000000000
155574  -46.322  -15.524  -9.112 0.0000000000
