#!ascii label  , from subject fsaverage vox2ras=TkReg
248
551  -42.572  -79.633  0.119 0.0000000000
616  -42.856  -74.239  -5.499 0.0000000000
1374  -41.499  -77.519  -3.143 0.0000000000
1375  -41.705  -71.390  -3.099 0.0000000000
2293  -44.464  -78.243  3.616 0.0000000000
3294  -40.492  -72.884  -1.421 0.0000000000
5561  -41.816  -75.807  -4.534 0.0000000000
7079  -41.514  -77.277  0.370 0.0000000000
7080  -41.884  -78.866  -1.626 0.0000000000
7081  -41.051  -76.006  -1.575 0.0000000000
7082  -41.425  -74.306  -3.254 0.0000000000
7083  -42.318  -72.776  -4.205 0.0000000000
9437  -43.363  -79.188  1.790 0.0000000000
9438  -41.558  -76.834  2.408 0.0000000000
10011  -43.871  -71.252  -5.002 0.0000000000
10014  -44.628  -72.630  -6.285 0.0000000000
13238  -43.001  -80.892  -0.002 0.0000000000
13240  -42.581  -80.437  -0.856 0.0000000000
13241  -42.258  -74.966  -5.073 0.0000000000
13242  -41.712  -76.536  -5.112 0.0000000000
13243  -42.272  -75.678  -5.746 0.0000000000
15639  -41.050  -76.708  -0.577 0.0000000000
15640  -40.535  -75.178  -0.413 0.0000000000
15641  -41.082  -72.067  -2.370 0.0000000000
15642  -41.118  -73.572  -2.436 0.0000000000
15643  -41.546  -72.701  -3.197 0.0000000000
15644  -41.799  -73.436  -3.838 0.0000000000
15645  -42.080  -72.073  -3.729 0.0000000000
21028  -44.403  -80.080  2.518 0.0000000000
21029  -43.904  -78.846  2.652 0.0000000000
21030  -42.615  -78.007  2.080 0.0000000000
22441  -41.602  -78.307  -2.340 0.0000000000
22442  -41.959  -79.592  -2.415 0.0000000000
22443  -41.639  -78.967  -3.081 0.0000000000
22471  -44.444  -71.968  -6.706 0.0000000000
28441  -41.573  -76.632  -3.959 0.0000000000
28442  -41.359  -78.262  -3.859 0.0000000000
28443  -41.460  -77.461  -4.561 0.0000000000
31877  -42.024  -78.483  0.275 0.0000000000
31878  -42.108  -79.324  -0.763 0.0000000000
31879  -41.588  -78.073  -0.645 0.0000000000
31880  -41.380  -77.484  -1.586 0.0000000000
31881  -41.324  -76.795  -2.427 0.0000000000
31882  -40.729  -74.432  -1.422 0.0000000000
31883  -41.196  -75.211  -2.490 0.0000000000
31884  -41.403  -76.015  -3.307 0.0000000000
31885  -41.647  -75.099  -3.973 0.0000000000
31886  -42.061  -74.253  -4.432 0.0000000000
31887  -42.630  -73.505  -4.772 0.0000000000
38540  -43.312  -80.580  0.932 0.0000000000
38547  -44.437  -81.213  2.529 0.0000000000
38548  -43.800  -80.334  1.723 0.0000000000
38549  -42.923  -79.361  1.021 0.0000000000
38550  -42.257  -78.140  1.171 0.0000000000
38551  -41.490  -76.981  1.468 0.0000000000
40243  -42.291  -80.007  -1.676 0.0000000000
40268  -43.066  -72.013  -4.578 0.0000000000
40269  -43.479  -72.654  -5.100 0.0000000000
40277  -44.370  -71.960  -5.492 0.0000000000
40278  -43.866  -73.389  -5.760 0.0000000000
40279  -44.088  -74.090  -6.707 0.0000000000
43958  -42.796  -80.258  0.054 0.0000000000
43959  -42.782  -80.644  -0.429 0.0000000000
43960  -42.591  -80.021  -0.368 0.0000000000
43961  -42.530  -74.595  -5.307 0.0000000000
43962  -42.241  -75.288  -5.383 0.0000000000
43963  -42.611  -74.980  -5.625 0.0000000000
43964  -42.702  -75.311  -5.996 0.0000000000
43965  -43.023  -74.640  -5.814 0.0000000000
46359  -40.544  -75.542  0.094 0.0000000000
46360  -40.235  -74.799  0.164 0.0000000000
46361  -41.377  -71.754  -2.767 0.0000000000
46362  -41.336  -72.370  -2.855 0.0000000000
46363  -41.629  -72.045  -3.171 0.0000000000
46364  -41.806  -72.378  -3.497 0.0000000000
46365  -41.925  -71.692  -3.458 0.0000000000
51745  -45.180  -78.482  3.938 0.0000000000
51747  -44.797  -78.884  3.481 0.0000000000
51748  -44.514  -79.198  3.016 0.0000000000
51749  -44.191  -78.595  3.117 0.0000000000
51750  -43.504  -78.253  2.820 0.0000000000
53161  -41.524  -77.976  -2.723 0.0000000000
53162  -41.672  -78.667  -2.703 0.0000000000
53163  -41.568  -78.282  -3.076 0.0000000000
53190  -44.207  -71.275  -6.439 0.0000000000
53191  -44.065  -71.679  -6.806 0.0000000000
62761  -41.680  -76.220  -4.251 0.0000000000
62762  -41.520  -77.032  -4.202 0.0000000000
62763  -41.611  -76.624  -4.514 0.0000000000
62764  -41.632  -76.967  -5.532 0.0000000000
62765  -41.516  -77.490  -5.211 0.0000000000
69953  -41.810  -77.870  0.332 0.0000000000
69954  -41.796  -78.299  -0.174 0.0000000000
69955  -41.565  -77.688  -0.118 0.0000000000
69956  -41.034  -76.384  -1.096 0.0000000000
69957  -41.241  -77.117  -1.115 0.0000000000
69958  -41.200  -76.777  -1.601 0.0000000000
69959  -41.303  -77.165  -1.991 0.0000000000
69960  -41.188  -76.398  -2.046 0.0000000000
69962  -40.375  -74.028  -0.853 0.0000000000
69963  -40.570  -73.673  -1.381 0.0000000000
69964  -41.297  -73.926  -2.858 0.0000000000
69965  -41.153  -74.393  -2.458 0.0000000000
69966  -41.311  -74.760  -2.899 0.0000000000
69967  -41.336  -75.594  -2.919 0.0000000000
69968  -41.439  -75.141  -3.300 0.0000000000
69969  -41.514  -75.562  -3.669 0.0000000000
69970  -41.536  -74.641  -3.587 0.0000000000
69971  -42.068  -73.084  -4.058 0.0000000000
69972  -41.949  -73.840  -4.134 0.0000000000
69973  -42.175  -73.499  -4.299 0.0000000000
69974  -42.326  -73.875  -4.610 0.0000000000
69975  -42.490  -73.163  -4.462 0.0000000000
86105  -43.406  -81.261  0.891 0.0000000000
86106  -43.651  -81.074  1.340 0.0000000000
86124  -44.783  -80.956  2.932 0.0000000000
86125  -43.871  -79.642  2.112 0.0000000000
86126  -44.062  -80.218  2.111 0.0000000000
86127  -43.597  -79.754  1.717 0.0000000000
86128  -43.382  -79.860  1.381 0.0000000000
86129  -43.148  -79.266  1.394 0.0000000000
86130  -42.607  -78.753  1.090 0.0000000000
86131  -42.812  -78.693  1.509 0.0000000000
86132  -42.063  -77.405  2.228 0.0000000000
86133  -42.010  -77.478  1.782 0.0000000000
86134  -41.496  -76.896  1.971 0.0000000000
90361  -41.995  -79.094  -1.174 0.0000000000
90362  -42.255  -79.643  -1.239 0.0000000000
90363  -42.099  -79.429  -1.684 0.0000000000
90364  -41.899  -79.943  -2.751 0.0000000000
90365  -42.107  -80.178  -2.397 0.0000000000
90425  -43.276  -71.217  -4.615 0.0000000000
90426  -43.440  -71.585  -4.809 0.0000000000
90427  -43.225  -72.326  -4.829 0.0000000000
90428  -43.657  -71.939  -5.017 0.0000000000
90447  -44.713  -71.935  -6.137 0.0000000000
90448  -44.669  -71.609  -5.795 0.0000000000
90449  -44.549  -72.285  -5.877 0.0000000000
90450  -44.175  -72.670  -5.619 0.0000000000
90451  -44.310  -72.996  -5.999 0.0000000000
90452  -43.995  -73.750  -6.204 0.0000000000
90453  -44.423  -73.336  -6.469 0.0000000000
97561  -41.997  -75.389  -4.816 0.0000000000
97562  -41.706  -76.161  -4.805 0.0000000000
97563  -41.927  -75.681  -5.106 0.0000000000
97564  -41.946  -76.063  -5.420 0.0000000000
97565  -41.960  -76.495  -5.886 0.0000000000
97567  -42.354  -76.039  -6.180 0.0000000000
101876  -41.121  -76.613  0.506 0.0000000000
101877  -41.254  -77.023  -0.096 0.0000000000
101878  -40.912  -76.288  0.006 0.0000000000
101879  -40.755  -75.944  -0.528 0.0000000000
101880  -40.803  -75.541  -1.008 0.0000000000
101881  -40.788  -72.437  -1.922 0.0000000000
101882  -40.809  -73.213  -1.892 0.0000000000
101883  -41.061  -72.747  -2.382 0.0000000000
101884  -41.307  -73.090  -2.838 0.0000000000
101885  -41.459  -73.472  -3.215 0.0000000000
101886  -41.529  -73.834  -3.552 0.0000000000
101887  -41.659  -73.066  -3.536 0.0000000000
101888  -41.924  -72.770  -3.772 0.0000000000
101889  -42.199  -72.430  -3.943 0.0000000000
111578  -44.801  -80.389  2.946 0.0000000000
111579  -44.711  -79.811  2.968 0.0000000000
111580  -44.199  -79.449  2.555 0.0000000000
111581  -43.659  -79.078  2.172 0.0000000000
111582  -43.036  -78.604  1.930 0.0000000000
111583  -43.257  -78.452  2.341 0.0000000000
111584  -42.771  -77.864  2.518 0.0000000000
111585  -42.240  -77.301  2.706 0.0000000000
114121  -41.745  -78.603  -2.000 0.0000000000
114122  -41.946  -79.213  -2.081 0.0000000000
114123  -41.787  -78.985  -2.384 0.0000000000
114124  -41.797  -79.304  -2.738 0.0000000000
114125  -41.674  -79.657  -3.124 0.0000000000
114174  -44.616  -71.604  -6.366 0.0000000000
114175  -44.671  -72.306  -6.542 0.0000000000
127801  -41.512  -77.057  -3.561 0.0000000000
127802  -41.490  -77.834  -3.494 0.0000000000
127803  -41.461  -77.426  -3.864 0.0000000000
127804  -41.361  -77.870  -4.216 0.0000000000
127806  -41.550  -77.015  -4.827 0.0000000000
136991  -42.273  -79.076  0.209 0.0000000000
136992  -42.307  -79.484  -0.332 0.0000000000
136993  -42.018  -78.898  -0.258 0.0000000000
136994  -41.822  -78.688  -0.692 0.0000000000
136995  -41.673  -78.454  -1.123 0.0000000000
136996  -41.344  -77.429  -0.617 0.0000000000
136997  -41.451  -77.801  -1.118 0.0000000000
136998  -41.622  -78.170  -1.571 0.0000000000
136999  -41.506  -77.893  -1.939 0.0000000000
137000  -41.423  -77.559  -2.352 0.0000000000
137001  -41.405  -77.168  -2.820 0.0000000000
137002  -40.282  -74.413  -0.352 0.0000000000
137003  -40.637  -74.829  -0.882 0.0000000000
137004  -40.895  -75.183  -1.494 0.0000000000
137005  -40.894  -74.015  -1.947 0.0000000000
137006  -41.007  -74.807  -1.982 0.0000000000
137007  -41.103  -75.606  -2.035 0.0000000000
137008  -41.256  -76.007  -2.497 0.0000000000
137009  -41.384  -76.403  -2.864 0.0000000000
137010  -41.437  -76.743  -3.254 0.0000000000
137011  -41.520  -76.325  -3.651 0.0000000000
137012  -41.639  -75.888  -4.011 0.0000000000
137013  -41.756  -75.448  -4.271 0.0000000000
137014  -41.716  -74.216  -3.873 0.0000000000
137015  -41.813  -74.660  -4.234 0.0000000000
137016  -41.950  -75.030  -4.521 0.0000000000
137017  -42.187  -74.614  -4.747 0.0000000000
137018  -42.447  -74.225  -4.946 0.0000000000
137019  -42.791  -73.886  -5.070 0.0000000000
156577  -43.109  -80.744  0.443 0.0000000000
156578  -42.921  -80.115  0.509 0.0000000000
156599  -44.140  -81.409  2.135 0.0000000000
156600  -44.494  -80.642  2.542 0.0000000000
156601  -44.165  -80.815  2.131 0.0000000000
156602  -43.905  -80.963  1.738 0.0000000000
156603  -43.546  -80.453  1.366 0.0000000000
156604  -43.144  -79.982  0.985 0.0000000000
156605  -42.713  -79.503  0.594 0.0000000000
156606  -42.442  -78.908  0.672 0.0000000000
156607  -42.156  -78.285  0.725 0.0000000000
156608  -41.890  -77.693  0.799 0.0000000000
156609  -42.459  -78.085  1.625 0.0000000000
156610  -41.980  -77.547  1.280 0.0000000000
156611  -41.516  -77.109  0.916 0.0000000000
156612  -41.051  -76.491  1.061 0.0000000000
161683  -42.409  -79.812  -0.807 0.0000000000
161684  -42.439  -80.218  -1.256 0.0000000000
161686  -42.132  -79.790  -2.099 0.0000000000
161687  -42.297  -80.382  -2.042 0.0000000000
161692  -41.459  -78.626  -3.493 0.0000000000
161693  -41.479  -79.327  -3.487 0.0000000000
161755  -42.225  -71.272  -3.740 0.0000000000
161756  -42.396  -71.636  -3.946 0.0000000000
161757  -42.515  -72.027  -4.108 0.0000000000
161759  -42.894  -71.634  -4.375 0.0000000000
161760  -42.713  -72.434  -4.356 0.0000000000
161761  -42.858  -72.761  -4.631 0.0000000000
161762  -43.041  -73.063  -4.921 0.0000000000
161763  -43.228  -73.450  -5.197 0.0000000000
161784  -44.299  -70.936  -5.219 0.0000000000
161786  -44.540  -71.260  -5.489 0.0000000000
161787  -44.129  -71.596  -5.241 0.0000000000
161788  -43.923  -72.300  -5.289 0.0000000000
161789  -43.716  -72.968  -5.376 0.0000000000
161790  -43.342  -73.827  -5.622 0.0000000000
161791  -43.506  -74.204  -6.003 0.0000000000
