#!ascii label  , from subject fsaverage vox2ras=TkReg
833
90  -13.989  -41.371  -1.809 0.0000000000
150  -22.234  -21.661  -22.614 0.0000000000
161  -25.014  -34.414  -12.564 0.0000000000
358  -20.904  -38.984  -6.996 0.0000000000
640  -25.605  -28.304  -17.079 0.0000000000
1430  -23.264  -36.723  -9.862 0.0000000000
1436  -26.058  -31.845  -14.884 0.0000000000
1794  -17.664  -40.384  -4.364 0.0000000000
1798  -19.741  -31.928  -14.947 0.0000000000
2005  -12.091  -43.112  0.061 0.0000000000
2556  -24.043  -24.845  -19.657 0.0000000000
2557  -20.486  -29.890  -17.500 0.0000000000
2558  -21.221  -27.911  -20.386 0.0000000000
2559  -21.926  -25.400  -23.434 0.0000000000
3265  -23.324  -20.658  -23.381 0.0000000000
3267  -21.081  -19.830  -24.649 0.0000000000
3347  -15.870  -42.360  -0.039 0.0000000000
3350  -24.374  -35.549  -11.170 0.0000000000
3356  -25.686  -33.205  -13.824 0.0000000000
5725  -19.267  -39.687  -5.651 0.0000000000
5746  -25.024  -26.567  -18.192 0.0000000000
5753  -21.590  -26.812  -21.933 0.0000000000
7030  -23.486  -16.357  -26.810 0.0000000000
7031  -22.386  -17.251  -25.689 0.0000000000
7180  -22.080  -37.927  -8.498 0.0000000000
7192  -25.962  -30.143  -16.008 0.0000000000
8021  -13.105  -41.137  -3.555 0.0000000000
8022  -15.795  -40.803  -3.043 0.0000000000
8023  -14.177  -39.886  -4.667 0.0000000000
8024  -15.611  -38.909  -5.948 0.0000000000
8025  -16.912  -37.885  -7.235 0.0000000000
8027  -15.604  -37.835  -8.890 0.0000000000
8028  -17.960  -36.639  -8.466 0.0000000000
8029  -19.008  -35.382  -9.695 0.0000000000
8030  -20.069  -34.078  -10.847 0.0000000000
8031  -21.178  -32.866  -12.067 0.0000000000
8032  -21.974  -31.949  -13.067 0.0000000000
8033  -18.998  -32.868  -13.858 0.0000000000
8592  -14.668  -42.738  1.072 0.0000000000
8593  -12.849  -42.178  -0.896 0.0000000000
8599  -12.713  -46.338  0.058 0.0000000000
8600  -12.653  -45.119  -1.008 0.0000000000
8601  -12.499  -43.705  -1.885 0.0000000000
8602  -12.639  -42.420  -2.725 0.0000000000
10224  -23.059  -23.274  -21.201 0.0000000000
10225  -22.324  -30.731  -14.226 0.0000000000
10226  -22.602  -29.547  -15.315 0.0000000000
10227  -22.455  -28.217  -16.606 0.0000000000
10229  -20.808  -28.946  -18.830 0.0000000000
10230  -22.176  -26.950  -17.995 0.0000000000
10231  -21.654  -25.757  -19.808 0.0000000000
10232  -21.292  -24.509  -21.450 0.0000000000
10233  -21.134  -23.155  -22.926 0.0000000000
10945  -22.910  -21.125  -22.860 0.0000000000
10946  -21.921  -20.093  -23.859 0.0000000000
10947  -21.588  -20.772  -23.577 0.0000000000
10949  -21.273  -21.541  -23.448 0.0000000000
11027  -14.959  -41.954  -1.005 0.0000000000
11028  -16.687  -42.271  -0.656 0.0000000000
11030  -24.752  -35.002  -11.895 0.0000000000
11031  -26.526  -36.461  -11.424 0.0000000000
11032  -26.788  -35.825  -12.201 0.0000000000
11034  -26.944  -35.057  -12.976 0.0000000000
11036  -25.382  -33.850  -13.246 0.0000000000
13405  -20.085  -39.336  -6.328 0.0000000000
13426  -25.272  -27.440  -17.634 0.0000000000
15556  -24.082  -18.242  -25.615 0.0000000000
15557  -23.527  -18.651  -25.109 0.0000000000
15805  -22.573  -37.331  -9.162 0.0000000000
15806  -24.279  -38.776  -8.624 0.0000000000
15807  -24.957  -38.240  -9.324 0.0000000000
15826  -25.985  -31.006  -15.445 0.0000000000
17597  -13.498  -41.509  -4.423 0.0000000000
17598  -13.607  -40.503  -4.064 0.0000000000
17599  -13.714  -40.701  -4.911 0.0000000000
17601  -14.615  -39.367  -6.191 0.0000000000
17602  -15.094  -38.798  -6.867 0.0000000000
17603  -16.280  -38.429  -6.600 0.0000000000
17604  -15.530  -38.192  -7.546 0.0000000000
17611  -16.386  -36.934  -8.682 0.0000000000
17612  -16.795  -36.253  -9.337 0.0000000000
17613  -18.461  -35.996  -9.116 0.0000000000
17614  -17.254  -35.637  -9.933 0.0000000000
17615  -17.848  -34.446  -12.049 0.0000000000
17616  -18.377  -34.297  -11.134 0.0000000000
17617  -18.867  -33.648  -11.773 0.0000000000
17618  -20.620  -33.463  -11.488 0.0000000000
17619  -19.266  -33.002  -12.383 0.0000000000
17620  -19.714  -32.478  -12.868 0.0000000000
17621  -18.650  -33.352  -13.295 0.0000000000
18942  -12.904  -43.319  1.062 0.0000000000
18944  -13.319  -42.907  0.556 0.0000000000
18945  -13.768  -42.533  0.049 0.0000000000
18946  -12.408  -42.627  -0.429 0.0000000000
18961  -14.849  -47.871  0.110 0.0000000000
18962  -14.831  -47.266  -0.506 0.0000000000
18963  -12.747  -45.772  -0.484 0.0000000000
18968  -12.505  -43.057  -2.287 0.0000000000
18970  -13.515  -42.973  -3.526 0.0000000000
22992  -25.708  -25.574  -19.396 0.0000000000
22994  -25.134  -24.688  -20.114 0.0000000000
22995  -24.733  -23.872  -20.809 0.0000000000
22996  -23.523  -24.005  -20.415 0.0000000000
22997  -20.490  -31.454  -13.891 0.0000000000
22998  -22.125  -31.344  -13.703 0.0000000000
22999  -20.765  -30.951  -14.488 0.0000000000
23000  -20.377  -30.427  -16.853 0.0000000000
23001  -21.064  -29.881  -15.601 0.0000000000
23002  -21.127  -29.349  -16.254 0.0000000000
23003  -22.502  -28.850  -15.928 0.0000000000
23004  -21.053  -28.774  -16.961 0.0000000000
23010  -21.008  -28.473  -19.602 0.0000000000
23011  -21.044  -27.717  -18.444 0.0000000000
23012  -21.097  -27.209  -19.227 0.0000000000
23013  -21.866  -26.285  -18.892 0.0000000000
23014  -21.079  -26.706  -20.122 0.0000000000
23015  -21.702  -26.098  -22.657 0.0000000000
23016  -21.122  -25.550  -21.776 0.0000000000
23017  -21.123  -24.885  -22.395 0.0000000000
23018  -21.168  -23.815  -22.214 0.0000000000
23019  -21.310  -24.186  -23.229 0.0000000000
23021  -22.212  -24.687  -24.245 0.0000000000
24309  -23.965  -20.251  -23.923 0.0000000000
24310  -23.005  -19.082  -24.573 0.0000000000
24311  -22.380  -19.518  -24.187 0.0000000000
24460  -23.949  -36.204  -10.491 0.0000000000
24461  -25.550  -37.625  -10.004 0.0000000000
24462  -26.095  -36.988  -10.722 0.0000000000
24471  -27.447  -33.648  -14.091 0.0000000000
24472  -25.836  -32.530  -14.336 0.0000000000
25536  -14.313  -41.242  -5.798 0.0000000000
26344  -11.828  -43.598  0.546 0.0000000000
28735  -18.395  -40.064  -5.000 0.0000000000
28773  -26.282  -26.660  -18.777 0.0000000000
28774  -24.520  -25.645  -18.938 0.0000000000
28776  -19.984  -31.421  -15.656 0.0000000000
28785  -21.487  -27.420  -21.175 0.0000000000
31764  -22.789  -16.736  -26.269 0.0000000000
32110  -21.545  -38.482  -7.781 0.0000000000
32140  -25.876  -29.302  -16.514 0.0000000000
34095  -25.135  -21.490  -23.210 0.0000000000
34096  -24.384  -21.756  -22.642 0.0000000000
34097  -23.848  -22.131  -22.136 0.0000000000
34385  -13.243  -41.075  -2.654 0.0000000000
34386  -14.901  -41.049  -2.416 0.0000000000
34387  -14.008  -40.570  -3.234 0.0000000000
34388  -14.820  -40.203  -3.894 0.0000000000
34389  -15.657  -39.838  -4.532 0.0000000000
34390  -14.125  -39.965  -5.520 0.0000000000
34391  -14.884  -39.411  -5.293 0.0000000000
34392  -16.583  -39.516  -5.152 0.0000000000
34393  -17.398  -39.195  -5.751 0.0000000000
34394  -18.104  -38.723  -6.374 0.0000000000
34395  -18.779  -38.137  -7.030 0.0000000000
34402  -15.995  -37.598  -8.117 0.0000000000
34403  -17.410  -37.215  -7.867 0.0000000000
34404  -19.433  -37.595  -7.686 0.0000000000
34405  -20.052  -37.116  -8.382 0.0000000000
34406  -20.579  -36.511  -9.061 0.0000000000
34407  -21.094  -35.924  -9.722 0.0000000000
34408  -17.868  -34.958  -10.556 0.0000000000
34409  -19.552  -34.759  -10.280 0.0000000000
34410  -21.656  -35.285  -10.298 0.0000000000
34411  -22.220  -34.673  -10.865 0.0000000000
34412  -22.792  -34.115  -11.546 0.0000000000
34413  -23.143  -33.557  -12.200 0.0000000000
34414  -23.463  -33.049  -12.785 0.0000000000
34415  -21.591  -32.411  -12.579 0.0000000000
34416  -20.151  -31.964  -13.330 0.0000000000
36035  -15.281  -42.561  0.519 0.0000000000
36036  -14.333  -42.203  -0.486 0.0000000000
36037  -13.394  -41.740  -1.360 0.0000000000
36052  -16.818  -49.570  1.122 0.0000000000
36053  -14.731  -48.314  0.741 0.0000000000
36057  -11.587  -44.466  -0.110 0.0000000000
36058  -11.720  -43.870  -0.528 0.0000000000
36059  -14.438  -45.911  -1.570 0.0000000000
36060  -12.477  -44.354  -1.446 0.0000000000
36061  -11.845  -43.251  -0.955 0.0000000000
36062  -12.078  -42.707  -1.380 0.0000000000
36063  -12.363  -42.104  -1.820 0.0000000000
36064  -12.813  -41.586  -2.262 0.0000000000
36065  -12.744  -41.735  -3.089 0.0000000000
36066  -13.468  -42.233  -3.972 0.0000000000
39945  -24.271  -16.042  -27.345 0.0000000000
40907  -24.269  -23.037  -21.442 0.0000000000
40908  -22.514  -22.462  -21.957 0.0000000000
40909  -23.801  -32.521  -13.370 0.0000000000
40910  -24.124  -31.976  -13.889 0.0000000000
40911  -24.260  -31.232  -14.438 0.0000000000
40912  -20.892  -30.408  -15.096 0.0000000000
40913  -22.525  -30.110  -14.838 0.0000000000
40914  -24.412  -30.525  -14.965 0.0000000000
40915  -24.351  -29.751  -15.496 0.0000000000
40916  -24.172  -28.865  -16.073 0.0000000000
40917  -24.093  -28.174  -16.658 0.0000000000
40923  -20.665  -29.447  -18.178 0.0000000000
40924  -21.085  -28.268  -17.607 0.0000000000
40925  -22.334  -27.572  -17.251 0.0000000000
40926  -23.830  -27.382  -17.317 0.0000000000
40927  -23.642  -26.634  -17.928 0.0000000000
40928  -23.039  -25.829  -18.794 0.0000000000
40929  -22.644  -25.121  -19.616 0.0000000000
40930  -21.162  -26.097  -20.826 0.0000000000
40931  -21.404  -25.172  -20.673 0.0000000000
40932  -22.218  -24.376  -20.428 0.0000000000
40933  -22.022  -23.756  -21.120 0.0000000000
40934  -21.680  -23.053  -21.986 0.0000000000
40935  -21.351  -22.258  -22.726 0.0000000000
40936  -21.115  -22.427  -23.719 0.0000000000
41665  -22.462  -21.308  -22.728 0.0000000000
41666  -22.171  -20.910  -23.175 0.0000000000
41667  -21.779  -21.125  -23.074 0.0000000000
41668  -21.405  -21.087  -23.440 0.0000000000
41669  -21.652  -21.561  -22.978 0.0000000000
41747  -14.504  -41.634  -1.436 0.0000000000
41748  -15.388  -41.847  -1.258 0.0000000000
41749  -14.928  -41.522  -1.672 0.0000000000
41750  -24.916  -34.745  -12.246 0.0000000000
41751  -25.809  -35.513  -12.069 0.0000000000
41752  -25.944  -35.184  -12.417 0.0000000000
41753  -26.863  -35.462  -12.580 0.0000000000
41754  -25.981  -34.797  -12.808 0.0000000000
41755  -26.145  -34.490  -13.135 0.0000000000
41756  -25.277  -34.161  -12.931 0.0000000000
44125  -20.521  -39.174  -6.665 0.0000000000
44126  -21.206  -39.800  -6.363 0.0000000000
44127  -21.550  -39.591  -6.717 0.0000000000
44142  -26.522  -28.989  -17.034 0.0000000000
44144  -26.374  -28.528  -17.341 0.0000000000
44146  -25.471  -27.889  -17.371 0.0000000000
46525  -22.937  -37.027  -9.529 0.0000000000
46526  -23.825  -37.798  -9.286 0.0000000000
46527  -24.149  -37.524  -9.627 0.0000000000
46542  -26.762  -32.343  -14.825 0.0000000000
46544  -26.780  -31.941  -15.092 0.0000000000
46545  -26.765  -31.507  -15.360 0.0000000000
46546  -26.011  -31.370  -15.189 0.0000000000
48317  -13.933  -41.823  -4.809 0.0000000000
48318  -13.591  -41.109  -4.682 0.0000000000
48319  -13.936  -41.376  -5.092 0.0000000000
48323  -15.318  -38.496  -7.188 0.0000000000
48324  -15.151  -38.605  -7.613 0.0000000000
48331  -16.301  -36.647  -9.407 0.0000000000
48333  -17.001  -35.928  -9.654 0.0000000000
48335  -18.093  -34.151  -12.393 0.0000000000
48336  -18.297  -33.961  -11.933 0.0000000000
48337  -18.518  -33.645  -12.286 0.0000000000
48338  -19.086  -33.343  -12.093 0.0000000000
48339  -18.691  -33.387  -12.607 0.0000000000
48340  -18.869  -33.110  -12.871 0.0000000000
48341  -18.498  -33.602  -13.061 0.0000000000
49662  -12.466  -43.191  0.559 0.0000000000
49663  -13.109  -43.108  0.795 0.0000000000
49664  -12.640  -42.978  0.301 0.0000000000
49665  -12.832  -42.773  0.053 0.0000000000
49666  -12.253  -42.880  -0.172 0.0000000000
53712  -24.854  -25.143  -19.512 0.0000000000
53713  -25.552  -25.253  -19.750 0.0000000000
53714  -24.684  -24.792  -19.850 0.0000000000
53715  -24.369  -24.315  -20.205 0.0000000000
53716  -23.724  -24.388  -20.039 0.0000000000
53717  -20.005  -31.599  -14.393 0.0000000000
53718  -20.641  -31.234  -14.202 0.0000000000
53719  -20.167  -31.317  -14.701 0.0000000000
53720  -20.437  -30.163  -17.181 0.0000000000
53721  -20.658  -29.829  -16.573 0.0000000000
53722  -20.693  -29.555  -16.844 0.0000000000
53723  -21.112  -29.064  -16.572 0.0000000000
53724  -20.743  -29.329  -17.154 0.0000000000
53730  -21.071  -28.204  -19.990 0.0000000000
53731  -20.936  -27.808  -19.502 0.0000000000
53732  -21.010  -27.534  -19.881 0.0000000000
53733  -21.086  -26.950  -19.650 0.0000000000
53734  -21.048  -27.282  -20.187 0.0000000000
53735  -21.894  -25.781  -23.176 0.0000000000
53736  -21.463  -25.468  -22.681 0.0000000000
53737  -21.479  -25.142  -22.909 0.0000000000
53738  -21.263  -24.561  -22.891 0.0000000000
53739  -21.520  -24.773  -23.302 0.0000000000
53740  -21.724  -24.441  -23.787 0.0000000000
53741  -22.052  -25.014  -23.796 0.0000000000
55875  -23.673  -20.486  -23.670 0.0000000000
55876  -23.113  -19.840  -24.034 0.0000000000
55877  -22.882  -20.110  -23.782 0.0000000000
55878  -21.445  -19.917  -24.207 0.0000000000
55879  -21.580  -19.583  -24.325 0.0000000000
56117  -16.267  -42.363  0.512 0.0000000000
56119  -16.659  -42.355  0.220 0.0000000000
56120  -17.181  -42.248  -0.944 0.0000000000
56125  -24.178  -35.864  -10.828 0.0000000000
56126  -25.014  -36.623  -10.614 0.0000000000
56127  -25.215  -36.281  -10.973 0.0000000000
56129  -27.363  -37.029  -11.128 0.0000000000
56142  -26.424  -33.827  -13.697 0.0000000000
56143  -27.335  -34.029  -13.807 0.0000000000
56144  -26.522  -33.458  -13.966 0.0000000000
56145  -26.675  -33.135  -14.257 0.0000000000
56146  -25.722  -32.827  -14.090 0.0000000000
59265  -12.234  -43.688  1.086 0.0000000000
63250  -18.821  -39.881  -5.340 0.0000000000
63312  -25.757  -27.048  -18.216 0.0000000000
63314  -25.624  -26.581  -18.534 0.0000000000
63315  -25.438  -26.134  -18.815 0.0000000000
63316  -24.746  -26.125  -18.630 0.0000000000
69708  -23.161  -17.704  -25.621 0.0000000000
69709  -23.449  -17.511  -25.972 0.0000000000
69710  -22.455  -16.933  -25.991 0.0000000000
69713  -22.240  -18.706  -24.729 0.0000000000
69714  -22.382  -18.439  -24.905 0.0000000000
70450  -21.816  -38.204  -8.130 0.0000000000
70452  -22.816  -38.615  -8.211 0.0000000000
70459  -26.365  -38.230  -9.670 0.0000000000
70516  -25.886  -29.734  -16.249 0.0000000000
75143  -25.453  -21.365  -23.538 0.0000000000
75146  -25.249  -22.161  -22.570 0.0000000000
75147  -24.938  -22.347  -22.297 0.0000000000
75148  -24.042  -21.921  -22.407 0.0000000000
75149  -24.717  -22.547  -22.013 0.0000000000
75827  -13.116  -41.073  -3.099 0.0000000000
75828  -13.610  -40.836  -2.914 0.0000000000
75829  -13.406  -40.759  -3.366 0.0000000000
75830  -13.910  -40.171  -4.356 0.0000000000
75831  -14.083  -40.242  -3.975 0.0000000000
75832  -14.413  -40.005  -4.315 0.0000000000
75833  -15.222  -40.046  -4.217 0.0000000000
75834  -14.772  -39.807  -4.613 0.0000000000
75835  -14.326  -40.822  -6.104 0.0000000000
75836  -14.056  -40.516  -5.679 0.0000000000
75837  -14.216  -40.121  -5.978 0.0000000000
75838  -14.996  -39.090  -6.060 0.0000000000
75839  -14.676  -39.346  -5.746 0.0000000000
75840  -15.236  -39.156  -5.603 0.0000000000
75841  -15.626  -39.376  -5.228 0.0000000000
75842  -16.113  -39.186  -5.516 0.0000000000
75843  -17.008  -39.356  -5.451 0.0000000000
75844  -16.488  -38.990  -5.810 0.0000000000
75845  -16.593  -38.185  -6.877 0.0000000000
75846  -17.135  -38.471  -6.441 0.0000000000
75847  -17.467  -38.239  -6.790 0.0000000000
75848  -18.447  -38.422  -6.718 0.0000000000
75849  -17.753  -37.892  -7.147 0.0000000000
75866  -15.564  -37.984  -8.232 0.0000000000
75867  -15.731  -37.673  -8.517 0.0000000000
75868  -17.063  -36.712  -8.574 0.0000000000
75869  -16.810  -37.037  -8.271 0.0000000000
75870  -17.719  -36.932  -8.189 0.0000000000
75871  -18.373  -37.351  -7.749 0.0000000000
75872  -18.638  -37.037  -8.085 0.0000000000
75873  -19.729  -37.343  -8.023 0.0000000000
75874  -18.922  -36.763  -8.421 0.0000000000
75875  -18.745  -35.698  -9.386 0.0000000000
75876  -19.493  -36.179  -9.017 0.0000000000
75877  -19.728  -35.840  -9.346 0.0000000000
75878  -20.838  -36.209  -9.400 0.0000000000
75879  -20.059  -35.564  -9.674 0.0000000000
75881  -17.248  -35.270  -10.679 0.0000000000
75882  -17.495  -34.931  -10.982 0.0000000000
75883  -19.184  -34.114  -10.954 0.0000000000
75884  -18.908  -34.440  -10.674 0.0000000000
75885  -19.802  -34.420  -10.580 0.0000000000
75886  -20.640  -34.933  -10.294 0.0000000000
75887  -20.877  -34.620  -10.574 0.0000000000
75888  -21.948  -34.973  -10.581 0.0000000000
75889  -21.155  -34.288  -10.869 0.0000000000
75890  -20.871  -33.157  -11.768 0.0000000000
75891  -21.743  -33.724  -11.456 0.0000000000
75892  -21.990  -33.444  -11.779 0.0000000000
75893  -22.971  -33.840  -11.877 0.0000000000
75894  -22.207  -33.165  -12.099 0.0000000000
75895  -22.414  -32.926  -12.366 0.0000000000
75896  -21.375  -32.654  -12.328 0.0000000000
75897  -19.213  -32.591  -13.375 0.0000000000
75898  -19.957  -32.212  -13.097 0.0000000000
75899  -19.439  -32.327  -13.646 0.0000000000
75900  -19.619  -32.060  -13.930 0.0000000000
79865  -14.465  -42.819  1.334 0.0000000000
79871  -14.953  -42.654  0.815 0.0000000000
79872  -13.259  -42.330  -0.453 0.0000000000
79873  -14.050  -42.346  -0.222 0.0000000000
79874  -13.567  -42.126  -0.679 0.0000000000
79875  -13.850  -41.979  -0.893 0.0000000000
79876  -13.126  -41.946  -1.117 0.0000000000
79916  -15.833  -48.999  0.892 0.0000000000
79917  -15.893  -48.776  0.555 0.0000000000
79918  -13.772  -47.107  0.025 0.0000000000
79919  -13.722  -47.332  0.311 0.0000000000
79924  -11.947  -45.682  0.141 0.0000000000
79925  -12.710  -45.441  -0.750 0.0000000000
79926  -11.988  -45.084  -0.343 0.0000000000
79927  -12.023  -44.768  -0.591 0.0000000000
79928  -11.663  -44.170  -0.322 0.0000000000
79929  -12.015  -44.440  -0.809 0.0000000000
79934  -13.216  -44.694  -1.791 0.0000000000
79935  -12.491  -44.029  -1.669 0.0000000000
79936  -12.000  -43.767  -1.222 0.0000000000
79937  -12.076  -43.478  -1.421 0.0000000000
79938  -11.957  -42.980  -1.159 0.0000000000
79939  -12.142  -43.158  -1.644 0.0000000000
79940  -12.564  -42.732  -2.513 0.0000000000
79941  -12.291  -42.526  -2.077 0.0000000000
79942  -12.415  -42.208  -2.267 0.0000000000
79943  -12.578  -41.835  -2.053 0.0000000000
79944  -12.581  -41.932  -2.495 0.0000000000
79945  -12.739  -41.636  -2.688 0.0000000000
79946  -12.702  -42.100  -2.920 0.0000000000
79948  -13.461  -42.603  -3.749 0.0000000000
89618  -24.467  -16.944  -26.823 0.0000000000
89620  -23.878  -16.214  -27.082 0.0000000000
91825  -15.382  -40.891  -2.760 0.0000000000
91826  -15.917  -41.310  -2.287 0.0000000000
92022  -23.877  -23.530  -20.977 0.0000000000
92023  -24.404  -23.398  -21.122 0.0000000000
92024  -23.640  -23.108  -21.281 0.0000000000
92025  -23.385  -22.699  -21.678 0.0000000000
92026  -22.908  -22.886  -21.503 0.0000000000
92027  -22.665  -32.396  -12.948 0.0000000000
92028  -23.681  -32.811  -13.088 0.0000000000
92029  -22.802  -32.146  -13.194 0.0000000000
92030  -22.353  -31.123  -13.965 0.0000000000
92031  -23.130  -31.616  -13.740 0.0000000000
92032  -23.275  -31.332  -13.983 0.0000000000
92033  -24.164  -31.573  -14.196 0.0000000000
92034  -23.288  -30.966  -14.315 0.0000000000
92035  -20.111  -31.166  -15.908 0.0000000000
92036  -20.357  -30.826  -15.301 0.0000000000
92037  -20.450  -30.541  -15.611 0.0000000000
92038  -21.745  -29.601  -15.460 0.0000000000
92039  -21.687  -29.854  -15.204 0.0000000000
92040  -22.615  -29.859  -15.019 0.0000000000
92041  -23.428  -30.285  -14.808 0.0000000000
92042  -23.500  -29.958  -15.046 0.0000000000
92043  -24.346  -30.084  -15.248 0.0000000000
92044  -23.490  -29.584  -15.332 0.0000000000
92045  -22.427  -28.506  -16.272 0.0000000000
92046  -23.407  -28.842  -15.921 0.0000000000
92047  -23.285  -28.420  -16.258 0.0000000000
92048  -24.195  -28.574  -16.341 0.0000000000
92049  -23.150  -28.093  -16.615 0.0000000000
92066  -20.746  -28.792  -17.965 0.0000000000
92067  -20.801  -28.577  -18.251 0.0000000000
92068  -21.555  -27.238  -18.123 0.0000000000
92069  -21.606  -27.582  -17.831 0.0000000000
92070  -22.282  -27.264  -17.584 0.0000000000
92071  -23.213  -27.448  -17.179 0.0000000000
92072  -22.956  -27.027  -17.540 0.0000000000
92073  -23.610  -26.939  -17.665 0.0000000000
92074  -22.773  -26.674  -17.993 0.0000000000
92075  -21.797  -26.041  -19.327 0.0000000000
92076  -22.523  -26.050  -18.785 0.0000000000
92077  -22.240  -25.699  -19.238 0.0000000000
92078  -22.817  -25.458  -19.180 0.0000000000
92079  -22.048  -25.386  -19.675 0.0000000000
92080  -21.538  -27.100  -21.617 0.0000000000
92081  -21.215  -26.747  -21.105 0.0000000000
92082  -21.254  -26.449  -21.478 0.0000000000
92083  -21.130  -24.998  -21.497 0.0000000000
92084  -21.143  -25.320  -21.223 0.0000000000
92085  -21.359  -24.827  -20.975 0.0000000000
92086  -21.878  -24.750  -20.423 0.0000000000
92087  -21.639  -24.392  -20.899 0.0000000000
92088  -22.182  -24.092  -20.767 0.0000000000
92089  -21.581  -24.076  -21.265 0.0000000000
92090  -21.164  -23.468  -22.507 0.0000000000
92091  -21.307  -23.367  -22.088 0.0000000000
92092  -21.286  -23.080  -22.480 0.0000000000
92093  -21.495  -22.621  -22.397 0.0000000000
92094  -21.191  -22.690  -22.912 0.0000000000
92095  -21.083  -22.295  -23.119 0.0000000000
92096  -21.115  -22.776  -23.396 0.0000000000
93429  -23.134  -20.898  -23.173 0.0000000000
93430  -22.580  -20.337  -23.553 0.0000000000
93431  -22.420  -20.616  -23.383 0.0000000000
93432  -21.765  -20.394  -23.675 0.0000000000
93433  -21.393  -20.296  -24.084 0.0000000000
93434  -21.122  -20.260  -24.518 0.0000000000
93435  -21.210  -20.706  -23.992 0.0000000000
93436  -21.142  -21.085  -23.888 0.0000000000
93437  -21.135  -21.569  -23.974 0.0000000000
93575  -15.346  -42.202  -0.569 0.0000000000
93576  -16.279  -42.314  -0.363 0.0000000000
93577  -15.812  -42.133  -0.838 0.0000000000
93578  -16.265  -42.067  -1.143 0.0000000000
93580  -24.599  -35.271  -11.523 0.0000000000
93581  -25.427  -35.972  -11.339 0.0000000000
93582  -25.719  -35.787  -11.691 0.0000000000
93583  -26.708  -36.160  -11.811 0.0000000000
93587  -27.898  -35.690  -12.633 0.0000000000
93590  -27.115  -34.760  -13.240 0.0000000000
93591  -26.301  -34.159  -13.430 0.0000000000
93592  -25.548  -33.586  -13.516 0.0000000000
97855  -19.684  -39.543  -5.994 0.0000000000
97894  -25.235  -27.069  -17.976 0.0000000000
101730  -23.773  -18.415  -25.404 0.0000000000
101731  -22.957  -17.939  -25.394 0.0000000000
102175  -22.339  -37.670  -8.854 0.0000000000
102176  -23.116  -38.340  -8.572 0.0000000000
102177  -23.462  -38.054  -8.918 0.0000000000
102178  -24.638  -38.514  -8.982 0.0000000000
102213  -26.746  -31.086  -15.677 0.0000000000
102214  -25.966  -30.514  -15.716 0.0000000000
105401  -13.254  -41.288  -4.002 0.0000000000
105402  -13.333  -40.785  -3.822 0.0000000000
105403  -13.379  -40.908  -4.239 0.0000000000
105404  -13.604  -40.560  -4.468 0.0000000000
105405  -13.851  -40.201  -4.740 0.0000000000
105407  -14.359  -39.768  -6.307 0.0000000000
105409  -14.858  -39.108  -6.527 0.0000000000
105410  -15.296  -38.800  -6.383 0.0000000000
105411  -15.960  -38.692  -6.296 0.0000000000
105412  -15.611  -38.547  -6.739 0.0000000000
105413  -15.830  -38.255  -7.067 0.0000000000
105414  -16.156  -37.981  -7.372 0.0000000000
105424  -15.773  -37.484  -9.209 0.0000000000
105425  -15.911  -37.342  -8.809 0.0000000000
105426  -16.118  -37.015  -9.084 0.0000000000
105427  -16.589  -36.603  -9.001 0.0000000000
105428  -17.304  -36.357  -8.905 0.0000000000
105429  -18.197  -36.337  -8.799 0.0000000000
105430  -17.536  -36.043  -9.219 0.0000000000
105431  -17.768  -35.728  -9.504 0.0000000000
105432  -18.016  -35.407  -9.815 0.0000000000
105433  -17.627  -34.737  -11.759 0.0000000000
105434  -17.770  -34.590  -11.305 0.0000000000
105435  -18.012  -34.295  -11.594 0.0000000000
105436  -18.649  -33.961  -11.443 0.0000000000
105437  -19.373  -33.766  -11.277 0.0000000000
105438  -20.342  -33.774  -11.181 0.0000000000
105439  -19.656  -33.460  -11.580 0.0000000000
105440  -19.904  -33.123  -11.885 0.0000000000
105441  -20.062  -32.808  -12.148 0.0000000000
105442  -20.378  -32.563  -12.394 0.0000000000
105443  -19.445  -32.743  -12.632 0.0000000000
105444  -19.043  -32.810  -13.073 0.0000000000
105445  -18.835  -33.122  -13.598 0.0000000000
107824  -13.624  -43.170  1.322 0.0000000000
107825  -13.817  -42.984  1.059 0.0000000000
107826  -14.014  -42.829  0.815 0.0000000000
107827  -14.242  -42.696  0.552 0.0000000000
107828  -13.532  -42.718  0.327 0.0000000000
107829  -12.988  -42.553  -0.217 0.0000000000
107830  -12.601  -42.416  -0.666 0.0000000000
107855  -15.954  -48.543  0.272 0.0000000000
107856  -16.046  -48.312  -0.045 0.0000000000
107857  -14.865  -47.584  -0.211 0.0000000000
107858  -13.748  -46.807  -0.236 0.0000000000
107859  -12.743  -46.062  -0.221 0.0000000000
107860  -13.715  -46.497  -0.511 0.0000000000
107861  -13.657  -46.173  -0.802 0.0000000000
107862  -13.591  -45.872  -1.073 0.0000000000
107868  -12.505  -43.376  -2.088 0.0000000000
107869  -13.037  -43.660  -2.460 0.0000000000
107870  -13.015  -43.341  -2.694 0.0000000000
107871  -13.007  -43.012  -2.926 0.0000000000
107872  -12.992  -42.671  -3.133 0.0000000000
113675  -22.555  -15.763  -26.772 0.0000000000
113676  -22.751  -15.497  -27.039 0.0000000000
115000  -16.261  -40.729  -3.383 0.0000000000
115114  -26.317  -25.730  -19.723 0.0000000000
115115  -26.037  -25.203  -20.022 0.0000000000
115118  -25.005  -24.333  -20.420 0.0000000000
115119  -24.135  -23.937  -20.543 0.0000000000
115120  -23.314  -23.653  -20.762 0.0000000000
115121  -21.201  -31.654  -13.444 0.0000000000
115122  -22.063  -31.698  -13.371 0.0000000000
115123  -21.348  -31.377  -13.686 0.0000000000
115124  -21.449  -31.109  -13.992 0.0000000000
115125  -21.491  -30.748  -14.380 0.0000000000
115127  -20.521  -30.319  -15.923 0.0000000000
115128  -20.580  -30.089  -16.225 0.0000000000
115129  -21.043  -29.585  -15.956 0.0000000000
115130  -21.763  -29.290  -15.737 0.0000000000
115131  -22.610  -29.202  -15.564 0.0000000000
115132  -21.702  -29.008  -16.094 0.0000000000
115133  -21.686  -28.577  -16.320 0.0000000000
115134  -21.663  -28.403  -16.739 0.0000000000
115144  -20.934  -28.706  -19.305 0.0000000000
115145  -20.865  -28.337  -18.717 0.0000000000
115146  -20.910  -28.025  -18.974 0.0000000000
115147  -21.077  -27.477  -18.849 0.0000000000
115148  -21.493  -27.025  -18.621 0.0000000000
115149  -22.058  -26.617  -18.427 0.0000000000
115150  -21.396  -26.717  -19.111 0.0000000000
115151  -21.346  -26.474  -19.485 0.0000000000
115152  -21.259  -26.107  -19.856 0.0000000000
115154  -21.289  -26.123  -21.875 0.0000000000
115155  -21.354  -25.839  -22.234 0.0000000000
115156  -21.216  -25.236  -22.113 0.0000000000
115157  -21.105  -24.663  -21.939 0.0000000000
115158  -21.196  -24.161  -21.800 0.0000000000
115159  -21.141  -24.352  -22.311 0.0000000000
115160  -21.084  -23.948  -22.651 0.0000000000
115161  -21.165  -23.635  -23.037 0.0000000000
115162  -21.211  -23.314  -23.470 0.0000000000
115163  -21.372  -23.848  -23.591 0.0000000000
115164  -21.761  -24.031  -24.148 0.0000000000
118161  -24.336  -20.167  -24.233 0.0000000000
118162  -23.819  -19.512  -24.502 0.0000000000
118163  -23.427  -19.666  -24.249 0.0000000000
118164  -22.769  -19.330  -24.350 0.0000000000
118165  -22.111  -19.038  -24.533 0.0000000000
118166  -22.207  -19.813  -24.009 0.0000000000
118510  -23.623  -36.451  -10.155 0.0000000000
118511  -24.476  -37.244  -9.939 0.0000000000
118512  -24.762  -36.933  -10.274 0.0000000000
118513  -25.828  -37.290  -10.369 0.0000000000
118515  -26.313  -36.706  -11.068 0.0000000000
118539  -26.750  -32.761  -14.528 0.0000000000
118540  -25.970  -32.198  -14.628 0.0000000000
122906  -12.811  -43.533  1.353 0.0000000000
122907  -12.347  -43.443  0.817 0.0000000000
122908  -11.960  -43.363  0.297 0.0000000000
128485  -17.969  -40.194  -4.676 0.0000000000
128486  -18.585  -40.748  -4.234 0.0000000000
128487  -19.022  -40.596  -4.601 0.0000000000
128576  -25.907  -26.056  -19.077 0.0000000000
128577  -25.102  -25.639  -19.153 0.0000000000
128578  -24.215  -25.187  -19.278 0.0000000000
128579  -19.679  -32.422  -15.498 0.0000000000
128580  -19.879  -31.680  -15.297 0.0000000000
128581  -19.825  -32.172  -15.800 0.0000000000
128589  -20.526  -30.650  -17.696 0.0000000000
128601  -21.330  -27.689  -20.778 0.0000000000
128602  -21.711  -28.034  -21.222 0.0000000000
128603  -21.918  -27.788  -21.625 0.0000000000
128610  -22.520  -26.083  -23.553 0.0000000000
136681  -24.137  -17.115  -26.502 0.0000000000
136683  -23.705  -17.297  -26.262 0.0000000000
136684  -23.133  -16.511  -26.504 0.0000000000
136688  -23.100  -18.818  -24.825 0.0000000000
136689  -22.561  -18.164  -25.131 0.0000000000
137620  -21.255  -38.775  -7.381 0.0000000000
137621  -21.868  -39.338  -7.112 0.0000000000
137622  -22.180  -39.115  -7.483 0.0000000000
137631  -25.283  -37.956  -9.653 0.0000000000
137703  -26.664  -29.538  -16.729 0.0000000000
137704  -25.851  -28.935  -16.749 0.0000000000
143361  -24.895  -20.700  -23.841 0.0000000000
143362  -24.466  -20.881  -23.627 0.0000000000
143363  -24.172  -21.033  -23.303 0.0000000000
143365  -24.696  -21.607  -22.966 0.0000000000
143366  -23.918  -21.245  -23.026 0.0000000000
143367  -23.589  -21.393  -22.715 0.0000000000
143368  -23.213  -21.579  -22.545 0.0000000000
143369  -22.963  -21.845  -22.340 0.0000000000
144197  -13.523  -41.150  -2.253 0.0000000000
144198  -14.396  -41.213  -2.076 0.0000000000
144199  -13.946  -40.959  -2.540 0.0000000000
144200  -14.441  -40.783  -2.848 0.0000000000
144201  -14.865  -40.605  -3.145 0.0000000000
144202  -13.742  -40.472  -3.659 0.0000000000
144203  -14.424  -40.377  -3.559 0.0000000000
144204  -15.280  -40.480  -3.459 0.0000000000
144205  -15.760  -40.357  -3.781 0.0000000000
144206  -16.271  -40.218  -4.120 0.0000000000
144207  -16.696  -40.092  -4.443 0.0000000000
144208  -13.963  -40.950  -5.386 0.0000000000
144209  -13.865  -40.291  -5.188 0.0000000000
144210  -14.109  -39.892  -5.090 0.0000000000
144211  -14.367  -39.651  -5.854 0.0000000000
144212  -14.370  -39.592  -5.421 0.0000000000
144213  -14.493  -39.652  -4.995 0.0000000000
144214  -15.189  -39.593  -4.916 0.0000000000
144215  -16.106  -39.668  -4.833 0.0000000000
144216  -17.086  -39.898  -4.770 0.0000000000
144217  -17.473  -39.788  -5.059 0.0000000000
144218  -17.887  -39.646  -5.371 0.0000000000
144219  -18.293  -39.434  -5.713 0.0000000000
144220  -16.821  -38.740  -6.134 0.0000000000
144221  -17.784  -38.957  -6.046 0.0000000000
144222  -18.675  -39.243  -5.988 0.0000000000
144223  -19.086  -38.996  -6.292 0.0000000000
144224  -19.462  -38.762  -6.619 0.0000000000
144225  -19.843  -38.522  -6.980 0.0000000000
144244  -15.359  -38.307  -7.982 0.0000000000
144245  -15.802  -37.930  -7.829 0.0000000000
144246  -16.401  -37.671  -7.695 0.0000000000
144247  -16.179  -37.272  -8.386 0.0000000000
144248  -16.612  -37.341  -7.972 0.0000000000
144249  -17.163  -37.545  -7.541 0.0000000000
144250  -18.052  -37.618  -7.445 0.0000000000
144251  -19.124  -37.851  -7.338 0.0000000000
144252  -20.245  -38.309  -7.300 0.0000000000
144253  -20.487  -38.052  -7.671 0.0000000000
144254  -20.800  -37.776  -8.073 0.0000000000
144255  -21.062  -37.491  -8.435 0.0000000000
144256  -19.214  -36.475  -8.718 0.0000000000
144257  -20.353  -36.837  -8.723 0.0000000000
144258  -21.319  -37.216  -8.773 0.0000000000
144259  -21.579  -36.901  -9.131 0.0000000000
144260  -21.826  -36.605  -9.462 0.0000000000
144261  -22.139  -36.310  -9.750 0.0000000000
144262  -17.015  -35.611  -10.394 0.0000000000
144263  -17.561  -35.299  -10.250 0.0000000000
144264  -18.349  -35.087  -10.120 0.0000000000
144265  -18.158  -34.609  -10.829 0.0000000000
144266  -18.628  -34.745  -10.391 0.0000000000
144267  -19.260  -35.047  -10.005 0.0000000000
144268  -20.361  -35.283  -9.963 0.0000000000
144269  -21.377  -35.607  -10.022 0.0000000000
144270  -22.439  -35.954  -10.071 0.0000000000
144271  -22.813  -35.711  -10.368 0.0000000000
144272  -23.165  -35.447  -10.689 0.0000000000
144273  -23.405  -35.130  -11.022 0.0000000000
144274  -21.432  -33.991  -11.172 0.0000000000
144275  -22.581  -34.379  -11.237 0.0000000000
144276  -23.616  -34.859  -11.349 0.0000000000
144277  -23.794  -34.575  -11.691 0.0000000000
144278  -23.957  -34.284  -12.044 0.0000000000
144279  -24.115  -33.997  -12.392 0.0000000000
144280  -24.268  -33.740  -12.755 0.0000000000
144281  -23.327  -33.324  -12.462 0.0000000000
144282  -22.588  -32.710  -12.612 0.0000000000
144283  -21.792  -32.190  -12.813 0.0000000000
144284  -20.609  -32.327  -12.630 0.0000000000
144285  -20.815  -32.073  -12.856 0.0000000000
144286  -21.006  -31.832  -13.157 0.0000000000
144287  -20.319  -31.709  -13.557 0.0000000000
144288  -19.852  -31.845  -14.152 0.0000000000
144291  -18.597  -33.707  -13.725 0.0000000000
149082  -15.954  -42.425  0.750 0.0000000000
149083  -15.605  -42.459  0.256 0.0000000000
149084  -14.537  -42.547  0.292 0.0000000000
149085  -14.836  -42.422  0.004 0.0000000000
149086  -15.109  -42.314  -0.279 0.0000000000
149087  -14.602  -42.080  -0.761 0.0000000000
149088  -14.180  -41.780  -1.182 0.0000000000
149089  -13.687  -41.547  -1.608 0.0000000000
149134  -16.676  -49.787  1.444 0.0000000000
149135  -15.705  -49.217  1.227 0.0000000000
149138  -14.781  -48.086  0.431 0.0000000000
149147  -11.944  -45.415  -0.095 0.0000000000
149148  -11.465  -44.729  0.112 0.0000000000
149150  -11.547  -43.938  0.232 0.0000000000
149151  -11.655  -43.687  -0.008 0.0000000000
149152  -11.760  -43.424  -0.231 0.0000000000
149154  -14.631  -46.334  -1.322 0.0000000000
149155  -13.422  -45.466  -1.323 0.0000000000
149157  -13.275  -45.049  -1.549 0.0000000000
149158  -12.536  -44.725  -1.227 0.0000000000
149159  -11.977  -44.082  -1.022 0.0000000000
149160  -11.766  -43.545  -0.745 0.0000000000
149161  -11.855  -43.128  -0.439 0.0000000000
149162  -11.968  -42.872  -0.659 0.0000000000
149163  -12.138  -42.631  -0.899 0.0000000000
149164  -12.324  -42.391  -1.123 0.0000000000
149165  -12.211  -42.847  -1.854 0.0000000000
149166  -12.216  -42.406  -1.604 0.0000000000
149167  -12.498  -42.103  -1.372 0.0000000000
149168  -12.717  -41.836  -1.607 0.0000000000
149169  -13.001  -41.618  -1.815 0.0000000000
149170  -13.279  -41.389  -2.013 0.0000000000
149171  -13.027  -41.334  -2.450 0.0000000000
149172  -12.917  -41.352  -2.894 0.0000000000
149173  -12.911  -41.433  -3.314 0.0000000000
149174  -12.968  -42.338  -3.333 0.0000000000
149175  -13.040  -41.978  -3.557 0.0000000000
149176  -13.131  -41.616  -3.773 0.0000000000
149177  -13.467  -41.857  -4.183 0.0000000000
149178  -13.965  -42.176  -4.574 0.0000000000
160794  -23.274  -15.406  -27.323 0.0000000000
163438  -15.407  -41.396  -1.941 0.0000000000
163676  -25.107  -23.416  -21.286 0.0000000000
163677  -24.709  -22.860  -21.668 0.0000000000
163678  -23.930  -22.514  -21.779 0.0000000000
163679  -23.115  -22.245  -21.985 0.0000000000
163680  -22.335  -22.033  -22.260 0.0000000000
163681  -24.425  -33.445  -13.013 0.0000000000
163682  -24.617  -33.211  -13.274 0.0000000000
163683  -24.807  -32.914  -13.588 0.0000000000
163684  -23.054  -31.915  -13.467 0.0000000000
163685  -23.938  -32.244  -13.629 0.0000000000
163686  -24.836  -32.538  -13.878 0.0000000000
163687  -25.011  -32.240  -14.144 0.0000000000
163688  -25.020  -31.841  -14.401 0.0000000000
163689  -25.147  -31.526  -14.701 0.0000000000
163690  -20.275  -31.103  -15.011 0.0000000000
163691  -20.860  -30.686  -14.791 0.0000000000
163692  -21.575  -30.491  -14.634 0.0000000000
163693  -20.955  -30.162  -15.350 0.0000000000
163694  -21.629  -30.190  -14.859 0.0000000000
163695  -22.443  -30.473  -14.569 0.0000000000
163696  -23.409  -30.625  -14.566 0.0000000000
163697  -24.323  -30.885  -14.722 0.0000000000
163698  -25.212  -31.164  -14.933 0.0000000000
163699  -25.133  -30.666  -15.242 0.0000000000
163700  -25.149  -30.308  -15.459 0.0000000000
163701  -25.132  -29.910  -15.698 0.0000000000
163702  -23.464  -29.175  -15.614 0.0000000000
163703  -24.252  -29.273  -15.735 0.0000000000
163704  -25.121  -29.491  -15.996 0.0000000000
163705  -25.062  -29.150  -16.274 0.0000000000
163706  -24.950  -28.639  -16.543 0.0000000000
163707  -24.919  -28.279  -16.776 0.0000000000
163725  -20.568  -29.674  -17.820 0.0000000000
163726  -20.746  -29.063  -17.602 0.0000000000
163727  -21.078  -28.508  -17.316 0.0000000000
163728  -21.622  -28.123  -17.096 0.0000000000
163729  -21.100  -27.977  -18.006 0.0000000000
163730  -21.601  -27.877  -17.513 0.0000000000
163731  -22.317  -27.903  -16.985 0.0000000000
163732  -23.113  -27.750  -16.891 0.0000000000
163733  -23.999  -27.704  -16.903 0.0000000000
163734  -24.752  -27.821  -17.155 0.0000000000
163735  -24.584  -27.367  -17.437 0.0000000000
163736  -24.397  -26.914  -17.734 0.0000000000
163737  -24.233  -26.554  -18.099 0.0000000000
163738  -22.701  -26.412  -18.346 0.0000000000
163739  -23.360  -26.194  -18.303 0.0000000000
163740  -24.018  -26.110  -18.452 0.0000000000
163741  -23.743  -25.702  -18.822 0.0000000000
163742  -23.527  -25.319  -19.248 0.0000000000
163743  -23.356  -24.860  -19.519 0.0000000000
163744  -21.147  -27.016  -20.658 0.0000000000
163745  -21.115  -26.437  -20.538 0.0000000000
163746  -21.303  -25.882  -20.337 0.0000000000
163747  -21.178  -25.881  -21.365 0.0000000000
163748  -21.205  -25.635  -20.797 0.0000000000
163749  -21.510  -25.428  -20.187 0.0000000000
163750  -21.951  -25.071  -20.040 0.0000000000
163751  -22.513  -24.750  -19.965 0.0000000000
163752  -23.096  -24.554  -19.988 0.0000000000
163753  -22.955  -24.200  -20.352 0.0000000000
163754  -22.686  -23.808  -20.752 0.0000000000
163755  -22.468  -23.445  -21.126 0.0000000000
163756  -21.491  -23.739  -21.652 0.0000000000
163757  -21.783  -23.346  -21.573 0.0000000000
163758  -22.254  -23.070  -21.548 0.0000000000
163759  -22.173  -22.711  -21.861 0.0000000000
163760  -21.823  -22.311  -22.336 0.0000000000
163761  -21.672  -21.890  -22.650 0.0000000000
163762  -21.369  -21.902  -23.036 0.0000000000
163763  -21.178  -21.960  -23.538 0.0000000000
