#!ascii label  , from subject fsaverage vox2ras=TkReg
563
4  -57.180  -0.133  10.677 0.0000000000
180  -48.201  -4.287  9.139 0.0000000000
659  -56.214  -3.749  8.445 0.0000000000
660  -53.767  -1.557  7.311 0.0000000000
661  -57.011  1.807  7.357 0.0000000000
662  -58.853  -5.185  10.402 0.0000000000
1477  -49.993  -6.191  8.119 0.0000000000
1478  -52.036  0.330  5.638 0.0000000000
2012  -57.916  0.523  14.455 0.0000000000
2579  -56.910  -2.081  9.241 0.0000000000
2580  -56.196  -0.766  7.951 0.0000000000
2581  -57.154  1.017  9.077 0.0000000000
2582  -57.643  -2.945  10.792 0.0000000000
2583  -57.950  -4.419  9.176 0.0000000000
3421  -51.505  -6.657  9.026 0.0000000000
3422  -55.140  0.977  5.438 0.0000000000
3423  -53.025  -0.682  6.246 0.0000000000
3424  -54.218  2.166  4.199 0.0000000000
4412  -58.655  0.929  16.320 0.0000000000
4413  -58.719  3.070  15.184 0.0000000000
4414  -59.153  3.663  17.318 0.0000000000
4546  -57.554  -2.039  14.213 0.0000000000
5795  -54.900  -5.371  8.899 0.0000000000
5796  -53.079  -4.454  8.677 0.0000000000
5797  -54.714  -2.574  8.031 0.0000000000
5798  -55.652  0.085  6.860 0.0000000000
5799  -56.774  2.634  5.526 0.0000000000
5803  -57.224  -5.859  8.747 0.0000000000
7287  -48.766  -5.380  8.041 0.0000000000
7288  -51.743  -3.728  7.786 0.0000000000
7289  -50.808  -2.969  7.098 0.0000000000
7290  -49.840  -1.949  7.231 0.0000000000
8612  -57.394  0.168  12.587 0.0000000000
8613  -57.920  2.401  11.086 0.0000000000
8614  -58.233  2.660  13.134 0.0000000000
8776  -57.555  -2.681  12.588 0.0000000000
9186  -57.876  3.359  9.409 0.0000000000
10259  -57.086  -1.172  9.962 0.0000000000
10260  -56.914  -0.438  9.207 0.0000000000
10261  -57.182  0.460  9.836 0.0000000000
10262  -57.303  -1.586  10.891 0.0000000000
10263  -57.333  -2.508  10.115 0.0000000000
11103  -54.729  1.535  4.776 0.0000000000
11827  -47.530  -5.917  9.541 0.0000000000
12092  -58.947  1.091  17.345 0.0000000000
12093  -59.051  2.285  16.878 0.0000000000
12094  -59.255  2.440  17.955 0.0000000000
13499  -55.635  -4.566  8.552 0.0000000000
13500  -54.741  -3.993  8.531 0.0000000000
13501  -55.412  -3.134  8.292 0.0000000000
13502  -56.515  0.502  7.769 0.0000000000
13503  -55.915  -0.336  7.464 0.0000000000
13504  -56.445  0.964  6.974 0.0000000000
13505  -56.371  1.383  6.157 0.0000000000
13506  -56.956  2.232  6.382 0.0000000000
13509  -59.165  -5.798  9.676 0.0000000000
13510  -57.250  -4.101  8.730 0.0000000000
13511  -57.754  -5.153  8.744 0.0000000000
13512  -56.734  -4.827  8.579 0.0000000000
16025  -48.348  -7.009  8.743 0.0000000000
16026  -49.323  -5.852  7.877 0.0000000000
16027  -53.291  -2.924  8.089 0.0000000000
16028  -52.339  -4.004  8.321 0.0000000000
16029  -52.742  -2.559  7.610 0.0000000000
16030  -52.556  -0.189  5.865 0.0000000000
16031  -51.868  -1.748  6.749 0.0000000000
16032  -51.396  -1.298  6.559 0.0000000000
16033  -50.298  -2.514  7.128 0.0000000000
16034  -50.900  -0.722  6.449 0.0000000000
18992  -57.578  0.338  13.515 0.0000000000
18993  -57.856  1.510  12.859 0.0000000000
18994  -58.045  1.658  13.864 0.0000000000
18996  -58.551  4.023  14.603 0.0000000000
19001  -58.727  4.979  19.086 0.0000000000
19393  -57.773  -0.678  14.457 0.0000000000
19394  -57.518  -2.366  13.404 0.0000000000
19395  -57.468  -0.979  13.584 0.0000000000
19396  -57.362  -1.248  12.721 0.0000000000
20407  -58.111  3.427  11.498 0.0000000000
20408  -57.940  2.894  10.330 0.0000000000
23075  -56.644  -2.921  8.687 0.0000000000
23076  -55.997  -2.285  8.278 0.0000000000
23077  -56.510  -1.344  8.605 0.0000000000
23078  -56.722  0.113  8.481 0.0000000000
23079  -57.047  1.445  8.272 0.0000000000
23080  -58.188  -4.132  10.530 0.0000000000
23081  -58.515  -4.822  9.716 0.0000000000
23082  -57.889  -3.720  9.864 0.0000000000
23083  -57.415  -3.298  9.225 0.0000000000
24592  -54.483  -0.310  6.343 0.0000000000
24593  -53.379  -1.150  6.762 0.0000000000
24594  -54.123  0.161  5.778 0.0000000000
24595  -53.660  0.689  5.247 0.0000000000
24596  -53.143  1.295  4.828 0.0000000000
26372  -58.343  0.693  15.387 0.0000000000
26373  -58.369  1.785  14.834 0.0000000000
26374  -58.737  2.025  15.836 0.0000000000
26375  -58.972  3.390  16.247 0.0000000000
26613  -57.620  -1.619  15.160 0.0000000000
26614  -58.068  -0.486  15.290 0.0000000000
28884  -53.207  -5.908  9.060 0.0000000000
28885  -53.972  -4.932  8.869 0.0000000000
28886  -53.889  -3.413  8.389 0.0000000000
28887  -54.166  -2.065  7.740 0.0000000000
28888  -55.457  -1.720  7.830 0.0000000000
28889  -55.089  -1.177  7.481 0.0000000000
28890  -54.741  -0.699  6.923 0.0000000000
28891  -55.467  0.492  6.128 0.0000000000
28892  -56.093  1.878  5.331 0.0000000000
28899  -58.484  -5.481  9.133 0.0000000000
29902  -48.580  -2.592  8.630 0.0000000000
32396  -47.816  -6.486  9.007 0.0000000000
32397  -48.421  -4.849  8.507 0.0000000000
32398  -52.287  -5.580  8.800 0.0000000000
32399  -51.466  -5.262  8.321 0.0000000000
32400  -50.855  -4.978  7.816 0.0000000000
32401  -52.333  -2.169  7.145 0.0000000000
32402  -51.227  -3.402  7.316 0.0000000000
32403  -50.298  -4.615  7.445 0.0000000000
32404  -49.766  -4.189  7.411 0.0000000000
32405  -49.395  -3.666  7.637 0.0000000000
32406  -48.934  -3.191  8.127 0.0000000000
36092  -57.267  0.039  11.608 0.0000000000
36093  -57.494  1.233  10.868 0.0000000000
36094  -57.666  1.388  11.851 0.0000000000
36095  -58.054  2.554  12.126 0.0000000000
36096  -58.186  3.542  12.554 0.0000000000
36097  -58.504  2.889  14.140 0.0000000000
36098  -58.323  3.679  13.525 0.0000000000
36103  -59.293  3.874  18.491 0.0000000000
36577  -57.956  -3.921  12.329 0.0000000000
36578  -58.115  -4.124  11.418 0.0000000000
36579  -57.618  -2.884  11.642 0.0000000000
36580  -57.319  -1.456  11.802 0.0000000000
37800  -57.561  1.769  10.045 0.0000000000
37801  -57.531  2.236  9.184 0.0000000000
37802  -57.501  2.607  8.273 0.0000000000
37804  -57.648  3.727  8.488 0.0000000000
37805  -57.391  2.957  7.328 0.0000000000
37806  -57.204  3.325  6.383 0.0000000000
40979  -57.126  -0.684  10.313 0.0000000000
40980  -57.078  -0.326  9.926 0.0000000000
40981  -57.185  0.163  10.242 0.0000000000
40982  -57.219  -0.826  10.814 0.0000000000
40983  -57.202  -1.373  10.452 0.0000000000
42547  -47.901  -5.106  9.334 0.0000000000
42549  -47.812  -4.813  9.727 0.0000000000
42812  -59.033  1.192  17.903 0.0000000000
42813  -59.103  1.737  17.671 0.0000000000
42814  -59.195  1.857  18.223 0.0000000000
44219  -55.942  -4.157  8.461 0.0000000000
44220  -55.497  -3.851  8.450 0.0000000000
44221  -55.781  -3.450  8.397 0.0000000000
44222  -56.724  1.126  7.623 0.0000000000
44223  -56.449  0.713  7.405 0.0000000000
44224  -56.716  1.362  7.158 0.0000000000
44225  -56.709  1.613  6.687 0.0000000000
44226  -56.985  2.023  6.887 0.0000000000
44228  -59.438  -5.998  9.987 0.0000000000
44229  -59.057  -5.476  10.017 0.0000000000
44230  -56.735  -3.876  8.547 0.0000000000
44231  -56.997  -4.442  8.611 0.0000000000
44232  -56.492  -4.292  8.493 0.0000000000
44233  -56.224  -4.691  8.515 0.0000000000
46742  -49.925  -6.908  8.672 0.0000000000
46744  -49.542  -6.777  8.512 0.0000000000
46745  -49.159  -6.626  8.362 0.0000000000
46746  -49.636  -6.041  7.990 0.0000000000
46747  -53.493  -2.230  7.708 0.0000000000
46748  -52.987  -2.697  7.845 0.0000000000
46749  -53.295  -1.996  7.455 0.0000000000
46750  -52.307  0.080  5.739 0.0000000000
46751  -51.992  -0.720  6.225 0.0000000000
46752  -51.736  -0.439  6.120 0.0000000000
46753  -51.181  -1.000  6.481 0.0000000000
46754  -51.456  -0.177  6.057 0.0000000000
46755  -51.146  0.074  5.985 0.0000000000
46756  -51.712  0.589  5.554 0.0000000000
49712  -57.734  0.450  13.981 0.0000000000
49713  -57.801  1.006  13.706 0.0000000000
49714  -57.917  1.058  14.168 0.0000000000
50113  -57.849  -0.077  14.493 0.0000000000
50114  -57.593  -0.829  14.024 0.0000000000
50115  -57.639  -0.183  14.045 0.0000000000
50116  -57.502  -0.310  13.576 0.0000000000
51128  -58.044  3.646  11.157 0.0000000000
53819  -56.776  -2.490  8.904 0.0000000000
53820  -56.506  -2.169  8.666 0.0000000000
53821  -56.669  -1.688  8.943 0.0000000000
53822  -57.007  0.282  9.165 0.0000000000
53823  -56.840  -0.157  8.848 0.0000000000
53824  -56.963  0.543  8.800 0.0000000000
53825  -56.875  0.727  8.444 0.0000000000
53826  -57.117  1.249  8.663 0.0000000000
53827  -57.901  -3.552  10.646 0.0000000000
53828  -58.050  -3.946  10.181 0.0000000000
53829  -57.756  -3.367  10.311 0.0000000000
53830  -57.159  -2.330  9.693 0.0000000000
53831  -57.397  -2.934  9.633 0.0000000000
53832  -57.135  -2.724  9.275 0.0000000000
53833  -57.061  -3.127  8.960 0.0000000000
56346  -51.094  -6.545  8.795 0.0000000000
56347  -54.820  0.341  5.892 0.0000000000
56348  -54.309  -0.089  6.074 0.0000000000
56349  -54.633  0.569  5.559 0.0000000000
56350  -54.496  1.860  4.447 0.0000000000
56351  -54.212  1.111  4.985 0.0000000000
56352  -53.971  1.418  4.730 0.0000000000
56353  -53.416  0.980  5.028 0.0000000000
56354  -53.710  1.722  4.510 0.0000000000
56355  -53.362  2.018  4.243 0.0000000000
59312  -58.506  0.817  15.848 0.0000000000
59313  -58.544  1.319  15.638 0.0000000000
59314  -58.684  1.452  16.130 0.0000000000
59315  -59.155  2.992  17.105 0.0000000000
59316  -59.033  2.878  16.569 0.0000000000
59317  -59.076  3.534  16.779 0.0000000000
59318  -58.938  4.061  16.415 0.0000000000
59319  -58.991  4.163  16.981 0.0000000000
59713  -58.544  0.293  16.302 0.0000000000
59714  -58.226  -0.401  15.737 0.0000000000
59715  -58.381  0.206  15.785 0.0000000000
59716  -58.223  0.094  15.346 0.0000000000
63539  -54.524  -5.824  9.089 0.0000000000
63540  -54.065  -5.619  9.051 0.0000000000
63541  -54.437  -5.147  8.897 0.0000000000
63542  -54.680  -3.290  8.313 0.0000000000
63543  -54.274  -3.690  8.479 0.0000000000
63544  -54.279  -2.971  8.226 0.0000000000
63545  -53.994  -2.732  8.091 0.0000000000
63546  -54.420  -2.322  7.899 0.0000000000
63547  -56.054  -1.531  8.121 0.0000000000
63548  -55.708  -1.999  8.059 0.0000000000
63549  -55.845  -1.253  7.860 0.0000000000
63550  -55.770  -0.125  7.194 0.0000000000
63551  -55.511  -0.771  7.436 0.0000000000
63552  -55.369  -0.540  7.152 0.0000000000
63553  -54.898  -0.931  7.204 0.0000000000
63554  -55.213  -0.319  6.854 0.0000000000
63555  -55.087  -0.126  6.533 0.0000000000
63556  -55.557  0.274  6.503 0.0000000000
63557  -56.601  2.028  5.828 0.0000000000
63558  -56.259  1.635  5.728 0.0000000000
63559  -56.475  2.293  5.401 0.0000000000
63570  -58.264  -4.623  9.418 0.0000000000
63571  -58.533  -5.139  9.396 0.0000000000
63572  -58.217  -4.964  9.147 0.0000000000
63573  -57.482  -5.506  8.685 0.0000000000
63574  -57.948  -5.671  8.792 0.0000000000
63580  -55.537  -5.498  8.801 0.0000000000
65723  -48.370  -2.293  8.919 0.0000000000
71117  -48.525  -6.222  8.338 0.0000000000
71118  -48.050  -6.774  8.809 0.0000000000
71119  -48.262  -5.960  8.499 0.0000000000
71120  -48.097  -5.680  8.737 0.0000000000
71121  -48.538  -5.131  8.237 0.0000000000
71122  -53.122  -5.230  8.874 0.0000000000
71123  -52.737  -5.722  8.921 0.0000000000
71124  -52.700  -5.000  8.752 0.0000000000
71125  -51.996  -3.850  8.109 0.0000000000
71126  -51.875  -4.661  8.323 0.0000000000
71127  -51.567  -4.501  8.056 0.0000000000
71128  -51.128  -5.124  8.059 0.0000000000
71129  -51.286  -4.369  7.787 0.0000000000
71130  -53.204  -0.904  6.468 0.0000000000
71131  -52.876  -1.592  6.949 0.0000000000
71132  -52.661  -1.375  6.719 0.0000000000
71133  -51.333  -2.339  6.937 0.0000000000
71134  -51.560  -2.542  7.055 0.0000000000
71135  -51.030  -3.168  7.177 0.0000000000
71136  -50.738  -4.005  7.373 0.0000000000
71137  -50.534  -3.758  7.245 0.0000000000
71138  -50.011  -4.389  7.380 0.0000000000
71139  -50.291  -3.571  7.260 0.0000000000
71140  -50.091  -2.203  7.126 0.0000000000
71141  -49.841  -3.077  7.334 0.0000000000
71142  -49.607  -2.810  7.465 0.0000000000
71143  -49.147  -3.419  7.861 0.0000000000
71144  -49.370  -2.569  7.624 0.0000000000
80012  -57.337  0.073  12.102 0.0000000000
80013  -57.455  0.739  11.730 0.0000000000
80014  -57.553  0.818  12.243 0.0000000000
80015  -58.053  2.087  12.983 0.0000000000
80016  -57.959  2.038  12.477 0.0000000000
80017  -58.133  2.593  12.617 0.0000000000
80018  -58.201  3.090  12.313 0.0000000000
80019  -58.269  3.141  12.828 0.0000000000
80020  -58.574  2.417  15.000 0.0000000000
80021  -58.442  2.373  14.491 0.0000000000
80022  -58.612  2.968  14.659 0.0000000000
80024  -58.436  3.851  14.053 0.0000000000
80026  -58.054  4.020  13.330 0.0000000000
81213  -57.524  -2.642  14.144 0.0000000000
81215  -57.602  -2.834  13.733 0.0000000000
81216  -57.547  -2.549  13.023 0.0000000000
81217  -57.670  -3.182  12.898 0.0000000000
81218  -57.729  -3.326  12.464 0.0000000000
81219  -58.044  -4.042  11.884 0.0000000000
81220  -57.772  -3.442  12.026 0.0000000000
81221  -57.834  -3.515  11.547 0.0000000000
81222  -57.575  -2.796  12.124 0.0000000000
81223  -57.336  -0.535  12.698 0.0000000000
81224  -57.325  -1.354  12.270 0.0000000000
81225  -57.278  -0.638  12.223 0.0000000000
81226  -57.258  -0.716  11.734 0.0000000000
84262  -57.712  1.817  10.967 0.0000000000
84263  -57.527  1.500  10.453 0.0000000000
84264  -57.753  2.068  10.559 0.0000000000
84265  -57.922  3.162  9.910 0.0000000000
84266  -57.763  2.581  9.760 0.0000000000
84267  -57.727  2.810  9.304 0.0000000000
84268  -57.517  2.412  8.729 0.0000000000
84269  -57.699  2.999  8.827 0.0000000000
84276  -57.524  3.343  7.889 0.0000000000
84278  -57.326  3.118  6.876 0.0000000000
84279  -57.275  3.632  6.943 0.0000000000
92195  -57.022  -1.636  9.601 0.0000000000
92196  -56.848  -1.243  9.261 0.0000000000
92197  -57.006  -0.783  9.589 0.0000000000
92198  -57.058  -0.004  9.527 0.0000000000
92199  -57.185  0.750  9.448 0.0000000000
92200  -57.437  -2.310  10.927 0.0000000000
92201  -57.508  -2.749  10.443 0.0000000000
92202  -57.314  -2.081  10.515 0.0000000000
92203  -57.184  -1.847  10.085 0.0000000000
93712  -55.429  1.665  4.987 0.0000000000
93713  -54.960  1.232  5.092 0.0000000000
95492  -58.813  0.981  16.821 0.0000000000
95493  -58.857  1.567  16.628 0.0000000000
95494  -59.019  1.660  17.125 0.0000000000
95495  -59.172  2.352  17.418 0.0000000000
95496  -59.246  3.067  17.668 0.0000000000
98027  -55.286  -4.966  8.707 0.0000000000
98028  -54.805  -4.683  8.712 0.0000000000
98029  -55.163  -4.271  8.557 0.0000000000
98030  -55.085  -3.563  8.411 0.0000000000
98031  -55.021  -2.856  8.184 0.0000000000
98032  -56.357  -0.098  7.880 0.0000000000
98033  -56.043  -0.549  7.719 0.0000000000
98034  -56.230  0.091  7.583 0.0000000000
98035  -56.121  0.300  7.306 0.0000000000
98036  -56.064  0.512  6.914 0.0000000000
98037  -56.007  0.688  6.525 0.0000000000
98038  -56.393  1.158  6.583 0.0000000000
98039  -56.679  1.816  6.258 0.0000000000
98040  -56.879  2.432  5.956 0.0000000000
98045  -59.191  -6.114  9.425 0.0000000000
98046  -57.627  -4.258  8.945 0.0000000000
98047  -57.901  -4.781  8.934 0.0000000000
98048  -57.552  -4.631  8.734 0.0000000000
98049  -57.254  -4.985  8.667 0.0000000000
98050  -56.959  -5.350  8.660 0.0000000000
98052  -56.471  -5.215  8.596 0.0000000000
98053  -55.929  -5.104  8.623 0.0000000000
102575  -48.811  -6.466  8.270 0.0000000000
102576  -49.017  -5.635  7.889 0.0000000000
102577  -53.144  -3.663  8.421 0.0000000000
102578  -52.692  -4.173  8.556 0.0000000000
102579  -52.797  -3.372  8.259 0.0000000000
102580  -52.491  -3.264  7.997 0.0000000000
102581  -52.193  -3.157  7.739 0.0000000000
102582  -52.808  -0.447  6.042 0.0000000000
102583  -52.466  -1.174  6.508 0.0000000000
102584  -52.253  -0.966  6.363 0.0000000000
102585  -51.655  -1.532  6.629 0.0000000000
102586  -51.102  -2.115  6.869 0.0000000000
102587  -50.560  -2.742  7.098 0.0000000000
102588  -50.859  -1.883  6.840 0.0000000000
102589  -50.651  -1.578  6.815 0.0000000000
102590  -50.357  -1.307  6.816 0.0000000000
102591  -50.087  -1.044  6.833 0.0000000000
102592  -50.612  -0.440  6.396 0.0000000000
107912  -57.473  0.265  13.061 0.0000000000
107913  -57.628  0.895  12.753 0.0000000000
107914  -57.708  0.952  13.238 0.0000000000
107915  -57.924  1.560  13.381 0.0000000000
107916  -58.144  2.154  13.518 0.0000000000
107917  -58.759  3.719  15.403 0.0000000000
107918  -58.704  3.563  14.880 0.0000000000
107919  -58.657  4.133  15.150 0.0000000000
107927  -59.092  4.612  19.343 0.0000000000
107928  -58.692  5.082  19.645 0.0000000000
108633  -57.649  -1.331  14.368 0.0000000000
108634  -57.543  -2.203  13.795 0.0000000000
108635  -57.567  -1.480  13.930 0.0000000000
108636  -57.485  -1.642  13.514 0.0000000000
108637  -57.407  -1.827  13.114 0.0000000000
108638  -57.419  -1.931  12.652 0.0000000000
108639  -57.388  -1.108  13.152 0.0000000000
108640  -57.407  -0.426  13.138 0.0000000000
110461  -58.113  2.941  11.261 0.0000000000
110462  -57.937  2.637  10.722 0.0000000000
110463  -58.055  3.167  10.921 0.0000000000
110464  -58.042  3.423  10.540 0.0000000000
115283  -56.448  -3.318  8.534 0.0000000000
115284  -56.060  -3.027  8.387 0.0000000000
115285  -56.282  -2.622  8.492 0.0000000000
115286  -56.266  -1.837  8.386 0.0000000000
115287  -56.372  -0.999  8.278 0.0000000000
115288  -56.737  -0.870  8.877 0.0000000000
115289  -56.622  -0.543  8.535 0.0000000000
115290  -56.485  -0.296  8.194 0.0000000000
115291  -56.624  0.304  8.136 0.0000000000
115292  -56.796  0.942  8.033 0.0000000000
115293  -57.026  1.621  7.839 0.0000000000
115294  -58.506  -4.700  10.452 0.0000000000
115295  -58.696  -4.983  10.060 0.0000000000
115296  -58.372  -4.495  10.105 0.0000000000
115297  -58.195  -4.286  9.781 0.0000000000
115298  -57.990  -4.058  9.467 0.0000000000
115299  -57.591  -3.178  9.979 0.0000000000
115300  -57.674  -3.516  9.553 0.0000000000
115301  -57.667  -3.873  9.200 0.0000000000
115302  -57.349  -3.705  8.958 0.0000000000
115303  -56.927  -3.513  8.736 0.0000000000
118821  -50.311  -6.341  8.355 0.0000000000
118822  -54.066  -0.971  6.880 0.0000000000
118823  -53.580  -1.380  7.045 0.0000000000
118824  -53.934  -0.751  6.585 0.0000000000
118825  -53.763  -0.494  6.276 0.0000000000
118826  -53.567  -0.249  5.994 0.0000000000
118827  -54.441  0.828  5.281 0.0000000000
118828  -53.923  0.416  5.511 0.0000000000
118829  -53.358  0.000  5.761 0.0000000000
118830  -53.108  0.266  5.542 0.0000000000
118831  -52.874  0.551  5.367 0.0000000000
118832  -52.597  0.815  5.242 0.0000000000
118833  -52.246  1.092  5.102 0.0000000000
118834  -52.796  1.576  4.675 0.0000000000
122972  -58.119  0.587  14.927 0.0000000000
122973  -58.104  1.120  14.634 0.0000000000
122974  -58.316  1.206  15.122 0.0000000000
122975  -58.559  1.884  15.336 0.0000000000
122976  -58.743  2.554  15.520 0.0000000000
122977  -58.887  2.222  16.324 0.0000000000
122978  -58.895  2.722  16.045 0.0000000000
122979  -58.836  3.230  15.714 0.0000000000
123532  -57.445  -2.454  14.576 0.0000000000
123533  -57.520  -1.859  14.679 0.0000000000
123534  -58.010  -0.935  15.731 0.0000000000
123535  -57.877  -1.055  15.244 0.0000000000
123536  -57.750  -1.180  14.784 0.0000000000
123537  -57.920  -0.575  14.866 0.0000000000
123538  -58.047  0.017  14.924 0.0000000000
128868  -53.290  -6.570  9.305 0.0000000000
128869  -53.690  -6.102  9.170 0.0000000000
128870  -53.590  -5.422  8.987 0.0000000000
128871  -53.496  -4.711  8.789 0.0000000000
128872  -54.350  -4.445  8.707 0.0000000000
128873  -53.882  -4.169  8.644 0.0000000000
128874  -53.465  -3.937  8.560 0.0000000000
128875  -53.580  -3.171  8.283 0.0000000000
128876  -53.737  -2.482  7.933 0.0000000000
128877  -53.955  -1.781  7.553 0.0000000000
128878  -55.695  -2.716  8.250 0.0000000000
128879  -55.387  -2.429  8.059 0.0000000000
128880  -55.094  -2.146  7.888 0.0000000000
128881  -55.652  -1.017  7.666 0.0000000000
128882  -55.262  -1.441  7.683 0.0000000000
128883  -54.876  -1.866  7.740 0.0000000000
128884  -54.612  -1.612  7.580 0.0000000000
128885  -54.407  -1.353  7.354 0.0000000000
128886  -54.243  -1.149  7.134 0.0000000000
128887  -54.602  -0.529  6.654 0.0000000000
128888  -54.977  0.109  6.191 0.0000000000
128889  -55.318  0.751  5.779 0.0000000000
128890  -55.930  0.924  6.111 0.0000000000
128891  -55.816  1.185  5.705 0.0000000000
128892  -55.624  1.405  5.342 0.0000000000
128907  -58.820  -5.280  9.697 0.0000000000
128908  -58.844  -5.624  9.402 0.0000000000
128909  -58.803  -5.954  9.176 0.0000000000
128910  -58.111  -5.315  8.916 0.0000000000
128911  -58.369  -5.821  8.965 0.0000000000
128912  -58.664  -6.316  9.066 0.0000000000
131632  -48.403  -3.439  8.937 0.0000000000
131633  -48.074  -3.946  9.520 0.0000000000
131634  -48.248  -3.107  9.261 0.0000000000
131635  -48.061  -2.786  9.597 0.0000000000
138445  -47.627  -6.211  9.223 0.0000000000
138446  -47.996  -5.399  9.008 0.0000000000
138447  -48.285  -4.609  8.794 0.0000000000
138450  -51.884  -6.130  8.884 0.0000000000
138451  -52.273  -4.808  8.564 0.0000000000
138452  -51.861  -5.416  8.597 0.0000000000
138453  -51.476  -6.003  8.617 0.0000000000
138454  -51.074  -5.876  8.370 0.0000000000
138455  -50.732  -5.746  8.116 0.0000000000
138456  -50.423  -5.601  7.897 0.0000000000
138457  -53.091  -1.813  7.226 0.0000000000
138458  -52.552  -2.358  7.396 0.0000000000
138459  -51.997  -2.942  7.489 0.0000000000
138460  -52.104  -1.952  6.919 0.0000000000
138461  -51.778  -2.762  7.259 0.0000000000
138462  -51.475  -3.548  7.546 0.0000000000
138463  -51.002  -4.210  7.571 0.0000000000
138464  -50.555  -4.828  7.629 0.0000000000
138465  -50.113  -5.444  7.724 0.0000000000
138466  -49.810  -5.259  7.583 0.0000000000
138467  -49.526  -5.024  7.565 0.0000000000
138468  -49.266  -4.777  7.648 0.0000000000
138469  -50.056  -3.351  7.291 0.0000000000
138470  -49.593  -3.934  7.491 0.0000000000
138471  -49.072  -4.528  7.811 0.0000000000
138472  -48.894  -4.249  8.037 0.0000000000
138473  -48.719  -4.015  8.309 0.0000000000
138474  -48.519  -3.774  8.604 0.0000000000
138475  -48.729  -2.912  8.341 0.0000000000
138484  -51.852  1.355  4.979 0.0000000000
146425  -47.692  -4.477  10.174 0.0000000000
149252  -57.222  -0.036  11.141 0.0000000000
149253  -57.270  0.626  10.767 0.0000000000
149254  -57.358  0.678  11.232 0.0000000000
149255  -57.580  1.297  11.334 0.0000000000
149256  -57.798  1.919  11.445 0.0000000000
149257  -57.757  1.459  12.359 0.0000000000
149258  -57.871  1.995  11.979 0.0000000000
149259  -57.999  2.501  11.592 0.0000000000
149260  -58.158  3.019  11.783 0.0000000000
149261  -58.143  3.487  12.033 0.0000000000
149262  -57.992  3.908  12.308 0.0000000000
149263  -58.199  1.758  14.336 0.0000000000
149264  -58.297  2.286  13.998 0.0000000000
149265  -58.354  2.755  13.656 0.0000000000
149266  -58.618  3.471  14.339 0.0000000000
149267  -58.481  3.333  13.823 0.0000000000
149268  -58.359  3.227  13.318 0.0000000000
149269  -58.242  3.599  13.060 0.0000000000
149270  -58.022  3.944  12.816 0.0000000000
149283  -59.236  3.749  17.914 0.0000000000
149284  -59.107  4.486  18.750 0.0000000000
149285  -59.098  4.364  18.149 0.0000000000
149286  -59.041  4.259  17.562 0.0000000000
150699  -57.607  -3.027  13.316 0.0000000000
150700  -57.870  -3.804  12.766 0.0000000000
150704  -58.504  -4.746  10.830 0.0000000000
150705  -58.165  -4.156  10.965 0.0000000000
150706  -57.880  -3.542  11.082 0.0000000000
150707  -57.655  -2.916  11.206 0.0000000000
150708  -57.437  -2.067  12.214 0.0000000000
150709  -57.457  -2.195  11.789 0.0000000000
150710  -57.474  -2.235  11.350 0.0000000000
150711  -57.334  -1.549  11.322 0.0000000000
150712  -57.241  -0.790  11.258 0.0000000000
154362  -57.324  0.859  10.342 0.0000000000
154363  -57.333  1.139  9.928 0.0000000000
154364  -57.352  1.392  9.519 0.0000000000
154365  -57.775  2.346  10.177 0.0000000000
154366  -57.557  2.016  9.615 0.0000000000
154367  -57.329  1.634  9.093 0.0000000000
154368  -57.311  1.847  8.657 0.0000000000
154369  -57.298  2.020  8.240 0.0000000000
154370  -57.315  2.212  7.775 0.0000000000
154376  -57.748  3.538  8.974 0.0000000000
154377  -57.654  3.203  8.364 0.0000000000
154378  -57.468  2.812  7.788 0.0000000000
154379  -57.251  2.385  7.315 0.0000000000
154380  -57.232  2.560  6.824 0.0000000000
154381  -57.132  2.783  6.352 0.0000000000
154382  -57.038  2.990  5.895 0.0000000000
154383  -57.127  3.799  6.432 0.0000000000
154384  -57.061  3.493  5.892 0.0000000000
154385  -56.929  3.156  5.439 0.0000000000
