#!ascii label  , from subject fsaverage vox2ras=TkReg
1082
101  -20.515  -51.412  58.617 0.0000000000
240  -17.921  -47.460  68.474 0.0000000000
473  -20.265  -58.601  62.185 0.0000000000
492  -15.087  -53.434  61.619 0.0000000000
1037  -21.059  -54.864  60.676 0.0000000000
1038  -23.509  -58.510  63.958 0.0000000000
1039  -24.566  -54.642  62.960 0.0000000000
1077  -18.033  -48.677  61.893 0.0000000000
1078  -15.937  -51.234  65.185 0.0000000000
1079  -17.323  -52.221  59.720 0.0000000000
1080  -17.963  -55.280  58.951 0.0000000000
1559  -20.361  -47.361  59.073 0.0000000000
1560  -24.604  -50.226  59.817 0.0000000000
1584  -19.897  -45.358  64.751 0.0000000000
2121  -12.643  -53.171  66.185 0.0000000000
2123  -15.104  -55.856  58.452 0.0000000000
2124  -16.592  -59.583  59.931 0.0000000000
2957  -20.926  -53.065  59.030 0.0000000000
2958  -22.680  -54.859  61.977 0.0000000000
2959  -22.915  -53.102  59.981 0.0000000000
2997  -18.591  -49.865  59.189 0.0000000000
2998  -17.257  -50.543  60.577 0.0000000000
2999  -18.792  -51.853  58.703 0.0000000000
3000  -19.180  -53.485  58.929 0.0000000000
3557  -20.865  -45.589  60.462 0.0000000000
3558  -21.701  -47.210  58.246 0.0000000000
3600  -20.066  -46.350  61.737 0.0000000000
4555  -26.193  -49.368  60.367 0.0000000000
4556  -26.784  -51.356  61.866 0.0000000000
4557  -28.227  -50.252  62.325 0.0000000000
4670  -15.483  -52.658  63.447 0.0000000000
4671  -14.492  -52.535  66.158 0.0000000000
4672  -13.999  -53.400  63.834 0.0000000000
4673  -12.128  -53.698  63.637 0.0000000000
4674  -13.673  -53.943  61.395 0.0000000000
4675  -13.603  -54.975  59.417 0.0000000000
4676  -14.949  -54.316  59.551 0.0000000000
4677  -19.318  -57.140  60.319 0.0000000000
4678  -17.612  -57.342  59.206 0.0000000000
4679  -18.488  -59.152  60.763 0.0000000000
6473  -20.988  -56.603  61.921 0.0000000000
6474  -21.801  -58.501  63.645 0.0000000000
6475  -22.437  -56.628  63.521 0.0000000000
6476  -24.175  -56.473  64.186 0.0000000000
6545  -18.320  -48.178  65.403 0.0000000000
6546  -17.032  -49.615  67.072 0.0000000000
6547  -16.934  -49.878  63.651 0.0000000000
6548  -16.358  -51.606  62.171 0.0000000000
6549  -16.262  -52.735  61.130 0.0000000000
6550  -16.222  -53.939  59.482 0.0000000000
6551  -17.560  -53.617  59.178 0.0000000000
6552  -19.516  -55.302  59.770 0.0000000000
7475  -20.239  -49.468  58.558 0.0000000000
7476  -22.586  -51.160  59.138 0.0000000000
7477  -22.219  -49.383  58.428 0.0000000000
7478  -24.036  -48.712  58.649 0.0000000000
7531  -18.505  -45.123  69.806 0.0000000000
7533  -19.136  -43.906  67.870 0.0000000000
7534  -19.007  -46.163  66.574 0.0000000000
7535  -19.333  -47.108  63.488 0.0000000000
7536  -19.137  -47.912  60.391 0.0000000000
8788  -25.002  -52.387  60.871 0.0000000000
8789  -26.710  -53.843  63.248 0.0000000000
8927  -15.367  -51.012  68.205 0.0000000000
8928  -13.302  -51.944  68.519 0.0000000000
8929  -11.107  -52.563  67.900 0.0000000000
8930  -10.302  -53.545  65.594 0.0000000000
8936  -16.436  -55.456  58.580 0.0000000000
8937  -15.990  -57.655  58.754 0.0000000000
10637  -20.740  -52.217  58.665 0.0000000000
10638  -21.900  -53.075  59.496 0.0000000000
10639  -21.748  -52.167  58.962 0.0000000000
10677  -19.425  -50.649  58.796 0.0000000000
10678  -18.585  -50.918  58.930 0.0000000000
10679  -19.655  -51.626  58.639 0.0000000000
10680  -19.856  -52.518  58.529 0.0000000000
12235  -26.704  -48.926  60.738 0.0000000000
12236  -27.171  -49.716  61.409 0.0000000000
12237  -27.750  -49.318  61.682 0.0000000000
12350  -15.374  -53.060  62.743 0.0000000000
12351  -14.856  -53.053  63.773 0.0000000000
12352  -14.658  -53.348  62.741 0.0000000000
12353  -13.834  -53.606  62.609 0.0000000000
12354  -14.408  -53.648  61.476 0.0000000000
12355  -14.299  -54.033  60.328 0.0000000000
12356  -14.985  -53.765  60.502 0.0000000000
12357  -19.835  -57.899  61.283 0.0000000000
12358  -18.947  -58.195  60.541 0.0000000000
12359  -19.391  -58.887  61.460 0.0000000000
14627  -21.071  -55.686  61.396 0.0000000000
14628  -21.700  -56.612  62.751 0.0000000000
14629  -21.858  -55.752  62.180 0.0000000000
14630  -23.596  -54.826  62.657 0.0000000000
14631  -23.467  -55.685  63.459 0.0000000000
14632  -24.355  -55.515  63.799 0.0000000000
14633  -25.125  -56.217  64.275 0.0000000000
14634  -25.384  -55.306  63.914 0.0000000000
14747  -18.166  -48.366  63.673 0.0000000000
14748  -17.593  -49.010  64.514 0.0000000000
14749  -17.497  -49.239  62.741 0.0000000000
14750  -17.217  -51.436  60.097 0.0000000000
14751  -16.794  -51.028  61.359 0.0000000000
14752  -16.771  -51.813  60.976 0.0000000000
14753  -16.300  -52.215  61.724 0.0000000000
14754  -16.757  -52.419  60.471 0.0000000000
14755  -16.704  -53.032  59.887 0.0000000000
14756  -17.346  -52.872  59.348 0.0000000000
14757  -20.136  -54.237  59.546 0.0000000000
14758  -19.338  -54.391  59.373 0.0000000000
14759  -20.255  -55.124  60.261 0.0000000000
14760  -20.301  -55.941  60.791 0.0000000000
16427  -20.271  -48.393  58.673 0.0000000000
16428  -21.184  -49.510  58.436 0.0000000000
16429  -21.116  -48.445  58.312 0.0000000000
16431  -22.815  -48.143  58.094 0.0000000000
16432  -23.562  -47.829  58.335 0.0000000000
16433  -24.689  -48.301  58.958 0.0000000000
16552  -19.417  -44.573  66.266 0.0000000000
16553  -19.079  -45.026  67.152 0.0000000000
16554  -19.513  -45.742  65.594 0.0000000000
16555  -19.376  -46.730  65.105 0.0000000000
16556  -19.799  -46.371  64.157 0.0000000000
16557  -20.061  -46.753  60.355 0.0000000000
16558  -19.619  -47.080  61.073 0.0000000000
16559  -19.724  -47.630  59.652 0.0000000000
16560  -19.498  -48.625  59.132 0.0000000000
19405  -22.622  -58.527  63.963 0.0000000000
19420  -23.634  -50.717  59.519 0.0000000000
19421  -23.865  -51.770  59.936 0.0000000000
19422  -24.846  -51.194  60.382 0.0000000000
19423  -27.768  -52.002  62.659 0.0000000000
19424  -26.906  -52.554  62.420 0.0000000000
19765  -16.396  -50.456  66.177 0.0000000000
19766  -16.227  -50.324  67.730 0.0000000000
19767  -15.670  -51.247  66.826 0.0000000000
19768  -13.587  -52.877  66.247 0.0000000000
19769  -13.927  -52.331  67.404 0.0000000000
19770  -12.989  -52.681  67.449 0.0000000000
19771  -12.265  -52.298  68.339 0.0000000000
19772  -11.809  -52.980  67.193 0.0000000000
19773  -10.640  -53.195  66.743 0.0000000000
19774  -11.517  -53.367  65.967 0.0000000000
19775  -12.039  -54.029  62.317 0.0000000000
19776  -11.195  -53.889  63.413 0.0000000000
19782  -14.326  -55.278  58.716 0.0000000000
19787  -17.108  -54.421  58.814 0.0000000000
19788  -16.376  -54.593  58.886 0.0000000000
19789  -17.196  -55.292  58.715 0.0000000000
19790  -17.155  -58.499  59.496 0.0000000000
19791  -16.735  -57.502  58.871 0.0000000000
19792  -16.231  -58.691  59.263 0.0000000000
19793  -15.430  -58.841  59.194 0.0000000000
19794  -15.677  -59.892  59.768 0.0000000000
23753  -21.031  -53.989  59.791 0.0000000000
23754  -21.838  -54.867  61.297 0.0000000000
23755  -21.856  -53.959  60.326 0.0000000000
23756  -22.829  -53.986  60.938 0.0000000000
23757  -23.805  -53.951  61.453 0.0000000000
23825  -18.106  -49.225  60.307 0.0000000000
23826  -17.486  -49.629  61.130 0.0000000000
23827  -17.831  -50.191  59.781 0.0000000000
23828  -17.795  -51.134  59.449 0.0000000000
23829  -17.930  -52.060  59.077 0.0000000000
23830  -18.066  -52.796  58.989 0.0000000000
23831  -18.987  -52.711  58.644 0.0000000000
23832  -20.024  -53.347  58.952 0.0000000000
24833  -20.589  -46.454  59.757 0.0000000000
24834  -21.048  -47.348  58.579 0.0000000000
24835  -21.116  -46.354  59.233 0.0000000000
24836  -21.624  -46.217  58.789 0.0000000000
24910  -20.198  -45.946  63.255 0.0000000000
24911  -20.491  -45.561  62.436 0.0000000000
24912  -20.484  -45.992  61.030 0.0000000000
26620  -24.497  -58.353  63.792 0.0000000000
26629  -25.454  -49.765  60.116 0.0000000000
26630  -25.724  -50.705  60.795 0.0000000000
26631  -26.539  -50.133  61.139 0.0000000000
26632  -27.547  -50.705  62.179 0.0000000000
26633  -28.553  -51.450  62.897 0.0000000000
26836  -15.582  -52.039  64.172 0.0000000000
26837  -15.220  -51.982  65.761 0.0000000000
26838  -14.993  -52.574  64.695 0.0000000000
26839  -14.243  -53.061  64.991 0.0000000000
26840  -13.320  -53.316  65.037 0.0000000000
26841  -12.344  -53.457  64.952 0.0000000000
26842  -13.133  -53.547  63.805 0.0000000000
26843  -12.927  -53.785  62.444 0.0000000000
26844  -12.812  -54.240  61.264 0.0000000000
26845  -12.852  -54.792  60.318 0.0000000000
26846  -13.580  -54.420  60.337 0.0000000000
26847  -14.292  -54.601  59.397 0.0000000000
26848  -15.041  -54.993  58.772 0.0000000000
26849  -18.672  -56.229  59.525 0.0000000000
26850  -17.872  -56.267  59.058 0.0000000000
26851  -18.457  -57.347  59.669 0.0000000000
26852  -18.046  -58.344  59.924 0.0000000000
26853  -17.563  -59.313  60.187 0.0000000000
30461  -20.671  -57.553  62.170 0.0000000000
30462  -20.993  -58.521  63.051 0.0000000000
30463  -21.360  -57.549  63.059 0.0000000000
30464  -22.116  -57.574  63.693 0.0000000000
30465  -22.996  -57.516  64.125 0.0000000000
30466  -22.591  -55.730  62.911 0.0000000000
30467  -23.253  -56.576  63.932 0.0000000000
30468  -23.916  -57.478  64.243 0.0000000000
30469  -24.824  -57.329  64.151 0.0000000000
30470  -25.758  -57.093  63.906 0.0000000000
30629  -18.256  -47.879  66.941 0.0000000000
30630  -17.555  -48.561  67.829 0.0000000000
30631  -17.677  -48.775  66.308 0.0000000000
30632  -17.032  -49.730  65.435 0.0000000000
30633  -16.412  -50.570  64.446 0.0000000000
30634  -16.997  -50.187  61.983 0.0000000000
30635  -16.520  -50.767  62.809 0.0000000000
30636  -16.086  -51.425  63.550 0.0000000000
30637  -15.971  -52.179  62.907 0.0000000000
30638  -15.891  -52.657  62.408 0.0000000000
30639  -15.704  -53.085  61.542 0.0000000000
30640  -15.594  -53.569  60.465 0.0000000000
30641  -16.187  -53.246  60.350 0.0000000000
30642  -16.870  -53.745  59.301 0.0000000000
30643  -17.799  -54.414  58.984 0.0000000000
30644  -18.303  -53.552  59.029 0.0000000000
30645  -18.552  -54.400  59.188 0.0000000000
30646  -18.708  -55.297  59.373 0.0000000000
30647  -19.481  -56.190  60.099 0.0000000000
30648  -20.141  -56.920  61.130 0.0000000000
32903  -20.322  -50.511  58.628 0.0000000000
32904  -21.564  -51.354  58.825 0.0000000000
32905  -21.355  -50.524  58.677 0.0000000000
32906  -22.365  -50.320  58.819 0.0000000000
32907  -23.448  -49.904  59.053 0.0000000000
32908  -21.982  -48.358  58.147 0.0000000000
32909  -23.176  -49.062  58.437 0.0000000000
32910  -24.338  -49.471  59.229 0.0000000000
32911  -25.183  -49.022  59.514 0.0000000000
32912  -25.743  -48.642  59.766 0.0000000000
32913  -26.252  -48.311  60.201 0.0000000000
33055  -18.249  -46.284  69.156 0.0000000000
33062  -18.846  -44.454  68.816 0.0000000000
33063  -18.663  -45.584  68.128 0.0000000000
33064  -18.529  -46.811  67.554 0.0000000000
33065  -18.866  -47.267  66.024 0.0000000000
33066  -18.837  -47.601  64.459 0.0000000000
33067  -18.688  -47.838  62.774 0.0000000000
33068  -19.729  -46.719  62.603 0.0000000000
33069  -19.132  -47.447  61.904 0.0000000000
33070  -18.546  -48.289  61.085 0.0000000000
33071  -18.769  -48.876  59.656 0.0000000000
33072  -19.363  -49.700  58.882 0.0000000000
36610  -22.799  -52.057  59.446 0.0000000000
36611  -23.980  -52.866  60.301 0.0000000000
36612  -24.843  -53.635  61.811 0.0000000000
36613  -25.923  -51.854  61.493 0.0000000000
36614  -25.961  -53.111  62.161 0.0000000000
36615  -25.674  -54.351  63.195 0.0000000000
36616  -26.439  -55.054  63.878 0.0000000000
37025  -16.750  -49.366  68.555 0.0000000000
37026  -15.845  -50.057  69.188 0.0000000000
37027  -14.826  -50.677  69.412 0.0000000000
37028  -14.873  -51.834  67.221 0.0000000000
37029  -14.336  -51.523  68.416 0.0000000000
37036  -9.254  -53.598  65.017 0.0000000000
37037  -11.238  -53.626  64.708 0.0000000000
37038  -10.161  -53.777  64.278 0.0000000000
37052  -15.601  -54.121  59.564 0.0000000000
37053  -15.678  -54.774  58.864 0.0000000000
37054  -15.805  -55.677  58.516 0.0000000000
37055  -17.073  -56.362  58.740 0.0000000000
37056  -16.327  -56.553  58.546 0.0000000000
37057  -15.625  -56.720  58.439 0.0000000000
37058  -15.330  -57.842  58.816 0.0000000000
41357  -20.627  -51.822  58.612 0.0000000000
41358  -21.236  -52.198  58.747 0.0000000000
41359  -21.156  -51.806  58.699 0.0000000000
41397  -19.958  -51.044  58.701 0.0000000000
41398  -19.529  -51.141  58.747 0.0000000000
41399  -20.059  -51.520  58.618 0.0000000000
41400  -20.201  -51.942  58.593 0.0000000000
42955  -26.916  -48.747  60.916 0.0000000000
42956  -27.195  -49.077  61.190 0.0000000000
43067  -17.839  -47.218  69.214 0.0000000000
43069  -17.592  -47.810  68.861 0.0000000000
43070  -15.250  -53.258  62.199 0.0000000000
43071  -15.035  -53.196  62.749 0.0000000000
43072  -14.858  -53.353  62.151 0.0000000000
43073  -14.514  -53.467  62.144 0.0000000000
43074  -14.724  -53.516  61.555 0.0000000000
43075  -14.664  -53.671  60.976 0.0000000000
43076  -15.013  -53.585  61.053 0.0000000000
43077  -20.065  -58.264  61.753 0.0000000000
43078  -19.620  -58.384  61.366 0.0000000000
43079  -19.836  -58.750  61.803 0.0000000000
45347  -21.074  -55.277  61.085 0.0000000000
45348  -21.446  -55.702  61.757 0.0000000000
45349  -21.463  -55.279  61.379 0.0000000000
45350  -24.085  -54.729  62.800 0.0000000000
45351  -23.992  -55.185  63.266 0.0000000000
45352  -24.451  -55.073  63.428 0.0000000000
45353  -24.852  -55.448  63.924 0.0000000000
45354  -24.933  -54.987  63.601 0.0000000000
45467  -18.088  -48.474  62.793 0.0000000000
45468  -17.818  -48.848  63.154 0.0000000000
45469  -17.755  -48.924  62.354 0.0000000000
45470  -17.304  -51.855  59.915 0.0000000000
45471  -16.998  -51.614  60.501 0.0000000000
45472  -17.039  -51.982  60.303 0.0000000000
45473  -16.805  -52.122  60.764 0.0000000000
45474  -17.046  -52.306  60.086 0.0000000000
45475  -17.005  -52.607  59.812 0.0000000000
45476  -17.329  -52.544  59.533 0.0000000000
45477  -20.618  -54.587  60.090 0.0000000000
45478  -20.200  -54.693  59.912 0.0000000000
45479  -20.658  -55.017  60.505 0.0000000000
45480  -20.682  -55.414  60.821 0.0000000000
47147  -20.295  -47.865  58.829 0.0000000000
47148  -20.699  -48.411  58.459 0.0000000000
47149  -20.689  -47.884  58.590 0.0000000000
47151  -22.973  -47.472  58.189 0.0000000000
47270  -19.777  -44.726  65.076 0.0000000000
47271  -19.565  -44.399  65.853 0.0000000000
47272  -19.605  -44.991  65.501 0.0000000000
47273  -19.441  -45.170  65.926 0.0000000000
47274  -19.688  -45.559  65.179 0.0000000000
47275  -19.706  -46.091  64.893 0.0000000000
47276  -19.918  -45.926  64.485 0.0000000000
47277  -20.156  -47.020  59.665 0.0000000000
47278  -19.861  -47.164  59.992 0.0000000000
47279  -20.025  -47.497  59.345 0.0000000000
47280  -19.931  -47.992  59.074 0.0000000000
50125  -23.049  -58.553  63.984 0.0000000000
50140  -24.120  -50.470  59.630 0.0000000000
50141  -24.251  -50.951  59.890 0.0000000000
50142  -24.727  -50.693  60.094 0.0000000000
50485  -16.156  -50.861  65.684 0.0000000000
50486  -16.087  -50.889  66.457 0.0000000000
50487  -15.784  -51.275  66.015 0.0000000000
50488  -13.116  -53.053  66.239 0.0000000000
50489  -13.288  -52.793  66.880 0.0000000000
50490  -12.792  -52.958  66.806 0.0000000000
50491  -12.406  -52.842  67.312 0.0000000000
50492  -12.207  -53.103  66.687 0.0000000000
50493  -11.655  -53.205  66.564 0.0000000000
50494  -12.036  -53.278  66.052 0.0000000000
50502  -14.758  -55.500  58.561 0.0000000000
50506  -15.093  -56.349  58.433 0.0000000000
50507  -17.563  -54.816  58.836 0.0000000000
50508  -17.176  -54.834  58.742 0.0000000000
50509  -17.616  -55.280  58.838 0.0000000000
50510  -16.912  -59.041  59.727 0.0000000000
50511  -16.690  -58.560  59.350 0.0000000000
50512  -16.391  -59.201  59.582 0.0000000000
50513  -15.946  -59.297  59.506 0.0000000000
50514  -16.137  -59.769  59.839 0.0000000000
50515  -15.893  -60.313  60.118 0.0000000000
54947  -21.005  -53.519  59.392 0.0000000000
54948  -21.464  -53.978  60.044 0.0000000000
54949  -21.433  -53.530  59.623 0.0000000000
54950  -22.386  -53.067  59.759 0.0000000000
54951  -22.371  -53.517  60.175 0.0000000000
54952  -22.870  -53.584  60.401 0.0000000000
54953  -23.286  -54.044  61.226 0.0000000000
54954  -23.388  -53.576  60.663 0.0000000000
55067  -18.299  -49.484  59.662 0.0000000000
55068  -17.912  -49.709  59.985 0.0000000000
55069  -18.207  -49.981  59.434 0.0000000000
55070  -18.686  -51.404  58.823 0.0000000000
55071  -18.175  -51.007  59.147 0.0000000000
55072  -18.244  -51.508  59.022 0.0000000000
55073  -17.860  -51.604  59.222 0.0000000000
55074  -18.372  -52.012  58.897 0.0000000000
55075  -18.453  -52.378  58.795 0.0000000000
55076  -18.892  -52.275  58.634 0.0000000000
55077  -20.391  -52.797  58.686 0.0000000000
55078  -19.935  -52.935  58.702 0.0000000000
55079  -20.485  -53.235  58.972 0.0000000000
55080  -20.542  -53.666  59.331 0.0000000000
56747  -20.743  -46.023  60.104 0.0000000000
56748  -20.835  -46.429  59.440 0.0000000000
56749  -20.948  -45.967  59.796 0.0000000000
56751  -21.397  -45.823  59.327 0.0000000000
56875  -20.425  -45.295  63.195 0.0000000000
56878  -20.633  -45.607  61.361 0.0000000000
56879  -20.680  -45.775  60.735 0.0000000000
56880  -20.517  -46.167  60.394 0.0000000000
59740  -25.852  -49.542  60.253 0.0000000000
59741  -25.994  -49.912  60.615 0.0000000000
59742  -26.381  -49.698  60.740 0.0000000000
59743  -27.670  -49.978  61.879 0.0000000000
59744  -27.378  -50.162  61.822 0.0000000000
59745  -27.853  -50.478  62.246 0.0000000000
59746  -28.019  -51.012  62.577 0.0000000000
59747  -28.412  -50.818  62.677 0.0000000000
60085  -15.503  -52.365  63.743 0.0000000000
60086  -15.308  -52.334  64.457 0.0000000000
60087  -15.233  -52.616  64.015 0.0000000000
60088  -14.438  -53.229  63.806 0.0000000000
60089  -14.529  -53.047  64.287 0.0000000000
60090  -14.121  -53.249  64.390 0.0000000000
60091  -13.806  -53.194  65.015 0.0000000000
60092  -13.666  -53.363  64.444 0.0000000000
60093  -13.221  -53.445  64.440 0.0000000000
60094  -13.570  -53.487  63.784 0.0000000000
60095  -13.744  -53.732  62.023 0.0000000000
60096  -13.362  -53.685  62.531 0.0000000000
60097  -13.271  -53.880  61.856 0.0000000000
60098  -12.852  -53.990  61.821 0.0000000000
60099  -13.242  -54.097  61.294 0.0000000000
60100  -13.217  -54.342  60.786 0.0000000000
60101  -13.617  -54.163  60.852 0.0000000000
60102  -14.632  -54.149  59.906 0.0000000000
60103  -14.264  -54.297  59.840 0.0000000000
60104  -14.620  -54.440  59.463 0.0000000000
60105  -14.678  -54.765  59.056 0.0000000000
60106  -14.975  -54.644  59.140 0.0000000000
60107  -19.008  -56.694  59.921 0.0000000000
60108  -18.588  -56.770  59.622 0.0000000000
60109  -18.864  -57.243  60.004 0.0000000000
60110  -18.719  -58.702  60.626 0.0000000000
60111  -18.490  -58.312  60.213 0.0000000000
60112  -18.290  -58.752  60.309 0.0000000000
60113  -17.822  -58.804  60.049 0.0000000000
60114  -18.050  -59.212  60.435 0.0000000000
60115  -17.787  -59.690  60.597 0.0000000000
60116  -18.252  -59.599  60.896 0.0000000000
66917  -20.845  -57.076  62.078 0.0000000000
66918  -21.006  -57.509  62.621 0.0000000000
66919  -21.179  -57.044  62.512 0.0000000000
66920  -22.080  -56.608  63.123 0.0000000000
66921  -21.943  -57.113  63.306 0.0000000000
66922  -22.268  -57.051  63.648 0.0000000000
66923  -22.535  -57.509  63.937 0.0000000000
66924  -22.692  -57.044  63.890 0.0000000000
66925  -22.274  -54.818  61.659 0.0000000000
66926  -22.240  -55.281  62.144 0.0000000000
66927  -22.625  -55.308  62.482 0.0000000000
66928  -23.850  -56.098  63.937 0.0000000000
66929  -23.398  -56.119  63.751 0.0000000000
66930  -23.696  -56.532  64.097 0.0000000000
66931  -23.562  -57.005  64.197 0.0000000000
66932  -24.033  -56.943  64.259 0.0000000000
66933  -24.405  -57.387  64.230 0.0000000000
66934  -24.534  -56.879  64.285 0.0000000000
66935  -25.642  -56.149  64.155 0.0000000000
66936  -25.472  -56.683  64.135 0.0000000000
66937  -25.968  -56.568  64.000 0.0000000000
67277  -18.353  -48.004  66.146 0.0000000000
67278  -18.002  -48.350  66.607 0.0000000000
67279  -18.035  -48.461  65.832 0.0000000000
67280  -17.251  -49.457  64.085 0.0000000000
67281  -17.319  -49.343  64.992 0.0000000000
67282  -16.985  -49.797  64.535 0.0000000000
67283  -16.715  -50.180  64.938 0.0000000000
67284  -16.685  -50.230  64.066 0.0000000000
67285  -17.376  -50.122  60.859 0.0000000000
67286  -17.265  -49.910  61.585 0.0000000000
67287  -17.123  -50.365  61.258 0.0000000000
67288  -16.579  -51.302  61.779 0.0000000000
67289  -16.637  -50.889  62.067 0.0000000000
67290  -16.420  -51.192  62.437 0.0000000000
67291  -16.299  -51.089  63.165 0.0000000000
67292  -16.214  -51.507  62.820 0.0000000000
67293  -16.027  -51.791  63.179 0.0000000000
67294  -16.171  -51.885  62.551 0.0000000000
67295  -16.333  -52.518  61.544 0.0000000000
67296  -16.148  -52.437  62.155 0.0000000000
67297  -16.103  -52.674  61.823 0.0000000000
67298  -15.847  -52.877  62.026 0.0000000000
67299  -16.023  -52.894  61.378 0.0000000000
67300  -15.917  -53.129  60.947 0.0000000000
67301  -16.207  -52.972  60.739 0.0000000000
67302  -17.068  -53.331  59.462 0.0000000000
67303  -16.761  -53.398  59.609 0.0000000000
67304  -17.175  -53.699  59.258 0.0000000000
67305  -17.296  -54.085  59.031 0.0000000000
67306  -17.682  -54.007  59.080 0.0000000000
67307  -18.606  -53.145  58.813 0.0000000000
67308  -18.175  -53.167  58.993 0.0000000000
67309  -18.708  -53.520  58.934 0.0000000000
67310  -19.441  -54.852  59.576 0.0000000000
67311  -18.915  -54.391  59.278 0.0000000000
67312  -19.020  -54.845  59.418 0.0000000000
67313  -18.645  -54.848  59.293 0.0000000000
67314  -19.098  -55.293  59.545 0.0000000000
67315  -19.119  -55.745  59.661 0.0000000000
67316  -19.544  -55.745  59.966 0.0000000000
67317  -20.685  -56.260  61.354 0.0000000000
67318  -20.245  -56.415  60.988 0.0000000000
67319  -20.574  -56.766  61.530 0.0000000000
67320  -20.432  -57.263  61.650 0.0000000000
72317  -20.270  -50.006  58.584 0.0000000000
72318  -20.842  -50.587  58.626 0.0000000000
72319  -20.736  -50.044  58.545 0.0000000000
72320  -21.686  -49.460  58.414 0.0000000000
72321  -21.746  -49.962  58.595 0.0000000000
72322  -22.286  -49.859  58.622 0.0000000000
72323  -22.919  -50.101  58.881 0.0000000000
72324  -22.836  -49.682  58.630 0.0000000000
72325  -21.403  -47.272  58.424 0.0000000000
72326  -21.442  -47.878  58.233 0.0000000000
72327  -21.838  -47.794  58.139 0.0000000000
72328  -23.412  -48.454  58.314 0.0000000000
72329  -23.000  -48.614  58.231 0.0000000000
72330  -23.579  -48.877  58.497 0.0000000000
72331  -23.771  -49.271  58.807 0.0000000000
72332  -24.197  -49.108  58.923 0.0000000000
72333  -24.745  -49.235  59.311 0.0000000000
72334  -24.601  -48.846  59.071 0.0000000000
72335  -24.958  -48.121  59.146 0.0000000000
72336  -25.231  -48.462  59.348 0.0000000000
72337  -25.506  -48.321  59.514 0.0000000000
72338  -25.990  -48.463  59.987 0.0000000000
72339  -25.730  -48.133  59.743 0.0000000000
72676  -18.391  -45.689  69.464 0.0000000000
72688  -19.284  -43.639  67.396 0.0000000000
72694  -18.995  -44.162  68.353 0.0000000000
72695  -19.046  -45.621  66.828 0.0000000000
72696  -18.894  -45.255  67.629 0.0000000000
72697  -18.804  -45.865  67.330 0.0000000000
72698  -18.581  -46.196  67.824 0.0000000000
72699  -18.786  -46.496  67.055 0.0000000000
72700  -18.747  -47.081  66.770 0.0000000000
72701  -18.986  -46.746  66.296 0.0000000000
72702  -19.395  -46.952  64.287 0.0000000000
72703  -19.190  -47.161  64.810 0.0000000000
72704  -19.126  -47.345  63.964 0.0000000000
72705  -18.811  -47.696  63.663 0.0000000000
72706  -19.022  -47.465  63.158 0.0000000000
72707  -20.144  -46.159  62.466 0.0000000000
72708  -19.999  -46.354  62.914 0.0000000000
72709  -19.899  -46.528  62.133 0.0000000000
72710  -19.359  -47.464  60.732 0.0000000000
72711  -19.371  -47.251  61.499 0.0000000000
72712  -19.088  -47.652  61.149 0.0000000000
72713  -18.817  -47.831  61.546 0.0000000000
72714  -18.836  -48.095  60.761 0.0000000000
72715  -18.628  -48.595  60.320 0.0000000000
72716  -18.944  -48.393  60.010 0.0000000000
72717  -19.825  -49.027  58.767 0.0000000000
72718  -19.399  -49.150  58.953 0.0000000000
72719  -19.800  -49.563  58.719 0.0000000000
72720  -19.797  -50.101  58.716 0.0000000000
81250  -21.373  -58.508  63.379 0.0000000000
81252  -21.606  -59.038  63.532 0.0000000000
81295  -22.081  -51.231  58.970 0.0000000000
81296  -22.168  -51.644  59.057 0.0000000000
81297  -22.692  -51.602  59.287 0.0000000000
81298  -24.456  -52.007  60.323 0.0000000000
81299  -23.935  -52.325  60.080 0.0000000000
81300  -24.514  -52.694  60.571 0.0000000000
81301  -24.446  -53.278  61.070 0.0000000000
81302  -24.971  -53.021  61.252 0.0000000000
81303  -26.266  -50.999  61.333 0.0000000000
81304  -25.840  -51.277  61.173 0.0000000000
81305  -26.358  -51.628  61.702 0.0000000000
81306  -26.811  -53.147  62.808 0.0000000000
81307  -26.439  -52.842  62.320 0.0000000000
81308  -26.371  -53.442  62.735 0.0000000000
81309  -25.840  -53.745  62.664 0.0000000000
81310  -26.177  -54.110  63.205 0.0000000000
81311  -26.026  -54.703  63.610 0.0000000000
81312  -26.582  -54.484  63.607 0.0000000000
81319  -28.587  -49.290  62.232 0.0000000000
82330  -17.335  -49.101  67.462 0.0000000000
82331  -17.183  -48.985  68.210 0.0000000000
82332  -16.922  -49.486  67.838 0.0000000000
82333  -15.807  -50.712  67.989 0.0000000000
82334  -16.063  -50.261  68.405 0.0000000000
82335  -15.617  -50.544  68.706 0.0000000000
82336  -15.358  -50.364  69.289 0.0000000000
82337  -15.120  -50.878  68.797 0.0000000000
82338  -14.877  -52.256  65.988 0.0000000000
82339  -15.060  -51.934  66.531 0.0000000000
82340  -14.674  -52.193  66.700 0.0000000000
82341  -13.685  -52.111  67.978 0.0000000000
82342  -14.116  -51.915  67.914 0.0000000000
82343  -13.768  -51.755  68.477 0.0000000000
82344  -14.016  -51.322  68.998 0.0000000000
82345  -13.491  -51.518  68.998 0.0000000000
82347  -13.026  -51.728  68.962 0.0000000000
82348  -11.709  -52.438  68.164 0.0000000000
82349  -11.960  -52.036  68.715 0.0000000000
82350  -11.352  -52.210  68.459 0.0000000000
82354  -10.503  -52.648  67.619 0.0000000000
82355  -10.464  -53.399  66.169 0.0000000000
82356  -9.997  -53.286  66.454 0.0000000000
82357  -9.853  -53.452  65.915 0.0000000000
82358  -9.316  -53.506  65.624 0.0000000000
82359  -9.766  -53.570  65.335 0.0000000000
82360  -12.221  -53.573  64.308 0.0000000000
82361  -11.824  -53.536  64.852 0.0000000000
82362  -11.685  -53.645  64.198 0.0000000000
82364  -10.697  -53.844  63.894 0.0000000000
82382  -13.234  -54.882  59.854 0.0000000000
82397  -15.877  -53.739  59.933 0.0000000000
82398  -15.602  -53.854  60.000 0.0000000000
82399  -15.885  -54.060  59.532 0.0000000000
82400  -16.418  -54.988  58.701 0.0000000000
82401  -16.021  -54.695  58.856 0.0000000000
82402  -16.068  -55.080  58.639 0.0000000000
82403  -15.775  -55.186  58.656 0.0000000000
82404  -16.108  -55.550  58.530 0.0000000000
82405  -17.754  -56.786  59.145 0.0000000000
82406  -17.484  -56.282  58.868 0.0000000000
82407  -17.359  -56.916  58.885 0.0000000000
82408  -16.348  -57.589  58.796 0.0000000000
82409  -16.546  -57.005  58.662 0.0000000000
82410  -16.181  -57.097  58.626 0.0000000000
82411  -16.013  -56.646  58.504 0.0000000000
82412  -15.860  -57.179  58.618 0.0000000000
82413  -15.499  -57.258  58.596 0.0000000000
82414  -15.652  -57.744  58.790 0.0000000000
82415  -15.124  -59.445  59.472 0.0000000000
82416  -15.110  -58.949  59.243 0.0000000000
92873  -20.837  -52.632  58.764 0.0000000000
92874  -21.393  -53.063  59.254 0.0000000000
92875  -21.318  -52.618  58.954 0.0000000000
92876  -21.832  -52.611  59.155 0.0000000000
92877  -22.364  -52.595  59.381 0.0000000000
92945  -18.953  -50.261  58.889 0.0000000000
92946  -18.577  -50.410  59.045 0.0000000000
92947  -19.017  -50.767  58.851 0.0000000000
92948  -19.112  -51.265  58.780 0.0000000000
92949  -19.219  -51.746  58.661 0.0000000000
92950  -19.312  -52.188  58.576 0.0000000000
92951  -19.760  -52.069  58.561 0.0000000000
92952  -20.301  -52.365  58.585 0.0000000000
95749  -26.443  -49.162  60.505 0.0000000000
95750  -26.677  -49.533  60.855 0.0000000000
95751  -26.947  -49.301  61.037 0.0000000000
95752  -27.459  -49.510  61.517 0.0000000000
95753  -28.012  -49.771  61.984 0.0000000000
95956  -15.449  -52.869  63.149 0.0000000000
95957  -15.174  -52.860  63.641 0.0000000000
95958  -15.129  -53.055  63.269 0.0000000000
95959  -14.777  -53.225  63.282 0.0000000000
95960  -14.356  -53.377  63.288 0.0000000000
95961  -13.924  -53.512  63.191 0.0000000000
95962  -14.264  -53.486  62.687 0.0000000000
95963  -14.153  -53.619  62.066 0.0000000000
95964  -14.055  -53.785  61.431 0.0000000000
95965  -13.960  -53.962  60.858 0.0000000000
95966  -14.341  -53.821  60.883 0.0000000000
95967  -14.653  -53.890  60.403 0.0000000000
95968  -14.959  -54.011  60.007 0.0000000000
95969  -19.594  -57.543  60.827 0.0000000000
95970  -19.150  -57.669  60.451 0.0000000000
95971  -19.384  -58.081  60.913 0.0000000000
95972  -19.174  -58.563  60.996 0.0000000000
95973  -18.937  -59.005  61.102 0.0000000000
95974  -18.690  -59.425  61.230 0.0000000000
100055  -21.048  -56.133  61.680 0.0000000000
100056  -21.329  -56.602  62.349 0.0000000000
100057  -21.410  -56.132  62.094 0.0000000000
100058  -21.812  -56.149  62.557 0.0000000000
100059  -22.179  -56.130  62.878 0.0000000000
100060  -23.120  -54.843  62.353 0.0000000000
100061  -23.064  -55.251  62.843 0.0000000000
100062  -23.531  -55.264  63.098 0.0000000000
100063  -23.913  -55.648  63.643 0.0000000000
100064  -24.290  -56.001  64.036 0.0000000000
100065  -24.642  -56.349  64.252 0.0000000000
100066  -24.749  -55.890  64.132 0.0000000000
100067  -25.275  -55.755  64.123 0.0000000000
100068  -25.772  -55.692  64.062 0.0000000000
100271  -18.253  -48.247  64.512 0.0000000000
100272  -17.956  -48.588  64.954 0.0000000000
100273  -17.872  -48.659  64.107 0.0000000000
100274  -17.549  -49.118  63.656 0.0000000000
100275  -17.246  -49.561  63.219 0.0000000000
100276  -17.198  -50.975  60.323 0.0000000000
100277  -17.012  -50.796  60.936 0.0000000000
100278  -16.962  -51.206  60.695 0.0000000000
100279  -16.766  -51.433  61.141 0.0000000000
100280  -16.552  -51.693  61.594 0.0000000000
100281  -16.316  -51.936  61.939 0.0000000000
100282  -16.556  -51.991  61.408 0.0000000000
100283  -16.547  -52.282  61.170 0.0000000000
100284  -16.510  -52.579  60.845 0.0000000000
100285  -16.450  -52.882  60.510 0.0000000000
100286  -16.712  -52.712  60.185 0.0000000000
100287  -17.016  -52.959  59.621 0.0000000000
100288  -17.442  -53.241  59.272 0.0000000000
100289  -19.653  -53.855  59.148 0.0000000000
100290  -19.254  -53.939  59.151 0.0000000000
100291  -19.720  -54.309  59.447 0.0000000000
100292  -19.825  -54.768  59.788 0.0000000000
100293  -19.881  -55.221  60.088 0.0000000000
100294  -19.901  -55.672  60.309 0.0000000000
100295  -20.303  -55.510  60.545 0.0000000000
100296  -20.697  -55.808  61.091 0.0000000000
103295  -20.264  -48.937  58.586 0.0000000000
103296  -20.704  -49.498  58.487 0.0000000000
103297  -20.708  -48.951  58.452 0.0000000000
103298  -21.142  -48.981  58.351 0.0000000000
103299  -21.629  -48.945  58.313 0.0000000000
103300  -22.072  -47.189  58.147 0.0000000000
103301  -22.202  -47.695  58.055 0.0000000000
103302  -22.625  -47.641  58.086 0.0000000000
103303  -23.215  -47.984  58.213 0.0000000000
103304  -23.813  -48.295  58.447 0.0000000000
103305  -24.396  -48.468  58.826 0.0000000000
103519  -19.422  -43.958  66.595 0.0000000000
103520  -19.282  -44.187  67.078 0.0000000000
103521  -19.105  -44.416  67.530 0.0000000000
103522  -19.230  -44.766  66.723 0.0000000000
103523  -19.254  -45.403  66.356 0.0000000000
103524  -19.251  -45.944  66.068 0.0000000000
103525  -19.215  -46.450  65.822 0.0000000000
103526  -19.478  -46.262  65.351 0.0000000000
103527  -19.597  -46.532  64.622 0.0000000000
103528  -19.591  -46.757  63.802 0.0000000000
103529  -20.062  -46.538  61.056 0.0000000000
103530  -19.862  -46.711  61.408 0.0000000000
103531  -19.844  -46.902  60.706 0.0000000000
103532  -19.623  -47.318  60.339 0.0000000000
103533  -19.433  -47.773  59.998 0.0000000000
103534  -19.274  -48.254  59.693 0.0000000000
103535  -19.603  -48.118  59.372 0.0000000000
103536  -19.876  -48.502  58.862 0.0000000000
108655  -22.210  -58.523  63.853 0.0000000000
108656  -22.019  -59.054  63.694 0.0000000000
108657  -22.421  -59.064  63.785 0.0000000000
108682  -23.142  -51.020  59.354 0.0000000000
108683  -23.206  -51.503  59.476 0.0000000000
108684  -23.788  -51.199  59.795 0.0000000000
108685  -24.366  -51.462  60.122 0.0000000000
108686  -24.938  -51.754  60.658 0.0000000000
108687  -27.293  -51.662  62.326 0.0000000000
108688  -26.875  -51.965  62.133 0.0000000000
108689  -27.390  -52.296  62.559 0.0000000000
108692  -27.117  -54.273  63.544 0.0000000000
109303  -16.683  -50.040  66.648 0.0000000000
109304  -16.631  -49.971  67.439 0.0000000000
109305  -16.346  -50.436  66.999 0.0000000000
109306  -15.973  -50.765  67.333 0.0000000000
109307  -15.536  -51.136  67.551 0.0000000000
109308  -14.111  -52.731  66.252 0.0000000000
109309  -14.250  -52.443  66.809 0.0000000000
109310  -13.740  -52.618  66.830 0.0000000000
109311  -13.510  -52.469  67.459 0.0000000000
109312  -13.150  -52.333  68.002 0.0000000000
109313  -12.806  -52.142  68.474 0.0000000000
109314  -12.618  -52.519  67.906 0.0000000000
109315  -12.029  -52.669  67.772 0.0000000000
109316  -11.464  -52.844  67.549 0.0000000000
109317  -10.850  -52.908  67.332 0.0000000000
109318  -11.274  -53.107  66.961 0.0000000000
109319  -11.100  -53.304  66.383 0.0000000000
109320  -10.938  -53.459  65.803 0.0000000000
109321  -12.047  -53.833  62.955 0.0000000000
109322  -11.644  -53.776  63.526 0.0000000000
109323  -11.596  -53.969  62.857 0.0000000000
109334  -13.986  -55.089  59.067 0.0000000000
109343  -16.649  -54.151  59.101 0.0000000000
109344  -16.272  -54.271  59.166 0.0000000000
109345  -16.728  -54.510  58.894 0.0000000000
109346  -16.796  -54.886  58.748 0.0000000000
109347  -16.800  -55.350  58.657 0.0000000000
109348  -17.370  -57.942  59.299 0.0000000000
109349  -17.149  -57.461  59.012 0.0000000000
109350  -16.915  -58.012  59.172 0.0000000000
109351  -16.505  -58.093  59.044 0.0000000000
109352  -16.107  -58.170  58.984 0.0000000000
109353  -15.732  -58.249  58.950 0.0000000000
109354  -15.828  -58.730  59.209 0.0000000000
109355  -15.511  -59.391  59.459 0.0000000000
116861  -21.047  -54.437  60.243 0.0000000000
116862  -21.459  -54.854  60.974 0.0000000000
116863  -21.471  -54.421  60.500 0.0000000000
116864  -21.874  -54.402  60.818 0.0000000000
116865  -22.316  -54.340  61.123 0.0000000000
116866  -21.855  -53.511  59.868 0.0000000000
116867  -22.336  -53.941  60.617 0.0000000000
116868  -22.748  -54.415  61.458 0.0000000000
116869  -23.197  -54.459  61.809 0.0000000000
116870  -23.686  -54.398  62.042 0.0000000000
116871  -24.198  -54.283  62.202 0.0000000000
117029  -18.009  -48.915  61.080 0.0000000000
117030  -17.731  -49.151  61.473 0.0000000000
117031  -17.787  -49.431  60.694 0.0000000000
117032  -17.611  -49.927  60.384 0.0000000000
117033  -17.488  -50.370  60.154 0.0000000000
117034  -18.167  -50.495  59.276 0.0000000000
117035  -17.799  -50.666  59.609 0.0000000000
117036  -17.463  -50.804  59.889 0.0000000000
117037  -17.515  -51.275  59.720 0.0000000000
117038  -17.566  -51.730  59.573 0.0000000000
117039  -17.609  -52.160  59.426 0.0000000000
117040  -17.648  -52.499  59.273 0.0000000000
117041  -17.991  -52.448  59.005 0.0000000000
117042  -18.529  -52.766  58.770 0.0000000000
117043  -19.096  -53.074  58.755 0.0000000000
117044  -19.414  -52.608  58.600 0.0000000000
117045  -19.514  -53.011  58.706 0.0000000000
117046  -19.610  -53.414  58.895 0.0000000000
117047  -20.102  -53.754  59.242 0.0000000000
117048  -20.585  -54.120  59.706 0.0000000000
119381  -20.455  -46.897  59.417 0.0000000000
119382  -20.697  -47.376  58.799 0.0000000000
119383  -20.740  -46.913  59.076 0.0000000000
119384  -21.065  -46.825  58.870 0.0000000000
119385  -21.376  -46.744  58.686 0.0000000000
119386  -21.199  -45.892  59.580 0.0000000000
119387  -21.366  -46.270  58.991 0.0000000000
119388  -21.658  -46.704  58.524 0.0000000000
119559  -20.081  -45.159  64.318 0.0000000000
119560  -20.135  -45.722  64.014 0.0000000000
119561  -20.309  -45.494  63.599 0.0000000000
119562  -20.364  -45.759  62.858 0.0000000000
119563  -20.308  -45.991  62.075 0.0000000000
119564  -20.658  -45.407  62.070 0.0000000000
119565  -20.474  -45.818  61.691 0.0000000000
119566  -20.273  -46.179  61.380 0.0000000000
119567  -20.281  -46.371  60.704 0.0000000000
119568  -20.326  -46.578  60.048 0.0000000000
123550  -24.016  -58.468  63.898 0.0000000000
123571  -25.029  -50.001  59.930 0.0000000000
123572  -25.150  -50.470  60.247 0.0000000000
123573  -25.574  -50.160  60.406 0.0000000000
123574  -26.142  -50.424  60.976 0.0000000000
123575  -26.683  -50.722  61.537 0.0000000000
123576  -26.893  -49.902  61.281 0.0000000000
123577  -27.074  -50.402  61.731 0.0000000000
123578  -27.191  -51.032  62.056 0.0000000000
123579  -27.676  -51.372  62.449 0.0000000000
123580  -28.170  -51.716  62.755 0.0000000000
124054  -15.723  -51.665  64.652 0.0000000000
124055  -15.565  -51.631  65.498 0.0000000000
124056  -15.405  -51.988  64.958 0.0000000000
124057  -15.087  -52.287  65.242 0.0000000000
124058  -14.738  -52.543  65.424 0.0000000000
124059  -14.921  -52.818  64.194 0.0000000000
124060  -14.642  -52.824  64.824 0.0000000000
124061  -14.362  -52.830  65.624 0.0000000000
124062  -13.952  -52.981  65.642 0.0000000000
124063  -13.439  -53.138  65.641 0.0000000000
124064  -12.973  -53.268  65.606 0.0000000000
124065  -12.519  -53.340  65.597 0.0000000000
124066  -12.844  -53.437  64.980 0.0000000000
124067  -12.743  -53.553  64.398 0.0000000000
124068  -12.661  -53.648  63.723 0.0000000000
124069  -13.473  -53.590  63.128 0.0000000000
124070  -13.026  -53.636  63.104 0.0000000000
124071  -12.556  -53.753  63.043 0.0000000000
124072  -12.467  -53.896  62.391 0.0000000000
124073  -12.425  -54.117  61.787 0.0000000000
124076  -12.825  -54.535  60.771 0.0000000000
124077  -13.212  -54.626  60.303 0.0000000000
124078  -13.568  -54.714  59.850 0.0000000000
124079  -13.921  -54.210  60.336 0.0000000000
124080  -13.888  -54.520  59.840 0.0000000000
124081  -13.900  -54.825  59.406 0.0000000000
124082  -14.316  -54.926  59.022 0.0000000000
124083  -14.715  -55.118  58.760 0.0000000000
124084  -15.083  -55.400  58.561 0.0000000000
124085  -18.317  -55.751  59.177 0.0000000000
124086  -17.968  -55.784  58.956 0.0000000000
124087  -18.289  -56.281  59.269 0.0000000000
124088  -18.191  -56.817  59.335 0.0000000000
124089  -18.017  -57.371  59.421 0.0000000000
124090  -18.692  -57.794  60.096 0.0000000000
124091  -18.250  -57.883  59.800 0.0000000000
124092  -17.803  -57.902  59.543 0.0000000000
124093  -17.568  -58.398  59.721 0.0000000000
124094  -17.334  -58.929  59.856 0.0000000000
124095  -17.064  -59.464  60.029 0.0000000000
124097  -17.284  -59.814  60.390 0.0000000000
124098  -17.524  -60.168  60.818 0.0000000000
133145  -20.474  -58.057  62.206 0.0000000000
133146  -20.604  -58.537  62.620 0.0000000000
133147  -20.813  -58.019  62.681 0.0000000000
133148  -21.166  -58.005  63.108 0.0000000000
133149  -21.574  -58.057  63.424 0.0000000000
133150  -21.547  -57.082  62.919 0.0000000000
133151  -21.771  -57.608  63.415 0.0000000000
133152  -21.960  -58.065  63.692 0.0000000000
133153  -22.375  -58.016  63.919 0.0000000000
133154  -22.812  -58.004  64.079 0.0000000000
133155  -23.248  -58.037  64.146 0.0000000000
133156  -21.856  -55.314  61.750 0.0000000000
133157  -22.225  -55.706  62.561 0.0000000000
133158  -22.536  -56.183  63.265 0.0000000000
133159  -23.018  -55.688  63.202 0.0000000000
133160  -22.952  -56.146  63.505 0.0000000000
133161  -22.846  -56.629  63.754 0.0000000000
133162  -23.134  -57.041  64.062 0.0000000000
133163  -23.459  -57.526  64.238 0.0000000000
133164  -23.724  -57.979  64.133 0.0000000000
133165  -24.231  -57.911  64.102 0.0000000000
133166  -24.658  -57.859  64.017 0.0000000000
133167  -25.131  -57.789  63.863 0.0000000000
133168  -24.980  -56.777  64.237 0.0000000000
133169  -25.303  -57.230  64.038 0.0000000000
133601  -18.097  -47.680  67.689 0.0000000000
133602  -17.729  -47.995  68.169 0.0000000000
133603  -17.932  -48.225  67.405 0.0000000000
133604  -17.685  -48.703  67.077 0.0000000000
133605  -17.377  -49.198  66.704 0.0000000000
133606  -17.684  -48.886  65.468 0.0000000000
133607  -17.355  -49.261  65.900 0.0000000000
133608  -17.045  -49.680  66.290 0.0000000000
133609  -16.708  -50.105  65.806 0.0000000000
133610  -16.444  -50.511  65.333 0.0000000000
133611  -16.197  -50.913  64.846 0.0000000000
133612  -17.448  -49.435  61.891 0.0000000000
133613  -17.213  -49.713  62.334 0.0000000000
133614  -16.930  -50.004  62.796 0.0000000000
133615  -16.862  -50.619  61.649 0.0000000000
133616  -16.748  -50.455  62.406 0.0000000000
133617  -16.692  -50.323  63.223 0.0000000000
133618  -16.434  -50.664  63.610 0.0000000000
133619  -16.207  -51.010  63.972 0.0000000000
133620  -15.966  -51.331  64.342 0.0000000000
133621  -15.816  -51.726  63.895 0.0000000000
133622  -15.736  -52.091  63.493 0.0000000000
133623  -15.708  -52.416  63.180 0.0000000000
133624  -16.165  -52.193  62.304 0.0000000000
133625  -15.929  -52.440  62.667 0.0000000000
133626  -15.712  -52.668  62.944 0.0000000000
133627  -15.657  -52.871  62.617 0.0000000000
133628  -15.535  -53.071  62.153 0.0000000000
133629  -15.409  -53.265  61.621 0.0000000000
133630  -15.352  -53.464  61.084 0.0000000000
133631  -15.625  -53.314  61.016 0.0000000000
133632  -15.882  -53.425  60.417 0.0000000000
133633  -16.199  -53.597  59.867 0.0000000000
133634  -16.467  -53.179  60.142 0.0000000000
133635  -16.512  -53.480  59.768 0.0000000000
133636  -16.574  -53.804  59.363 0.0000000000
133637  -17.007  -54.078  59.005 0.0000000000
133638  -17.421  -54.453  58.885 0.0000000000
133639  -17.898  -54.826  58.955 0.0000000000
133640  -17.707  -52.839  59.184 0.0000000000
133641  -17.803  -53.193  59.126 0.0000000000
133642  -17.945  -53.559  59.087 0.0000000000
133643  -18.814  -53.950  59.114 0.0000000000
133644  -18.433  -53.962  59.098 0.0000000000
133645  -18.070  -53.968  59.090 0.0000000000
133646  -18.178  -54.393  59.111 0.0000000000
133647  -18.282  -54.840  59.152 0.0000000000
133648  -18.316  -55.263  59.133 0.0000000000
133649  -18.712  -55.728  59.389 0.0000000000
133650  -19.091  -56.210  59.776 0.0000000000
133651  -19.402  -56.660  60.213 0.0000000000
133652  -19.882  -56.117  60.468 0.0000000000
133653  -19.813  -56.560  60.599 0.0000000000
133654  -19.731  -57.039  60.722 0.0000000000
133655  -20.021  -57.417  61.210 0.0000000000
133656  -20.268  -57.742  61.719 0.0000000000
139907  -20.413  -50.977  58.674 0.0000000000
139908  -21.029  -51.415  58.695 0.0000000000
139909  -20.920  -51.021  58.676 0.0000000000
139910  -21.460  -50.955  58.761 0.0000000000
139911  -21.998  -50.843  58.894 0.0000000000
139912  -21.260  -50.034  58.559 0.0000000000
139913  -21.869  -50.420  58.760 0.0000000000
139914  -22.496  -50.746  58.998 0.0000000000
139915  -23.056  -50.552  59.160 0.0000000000
139916  -23.545  -50.306  59.306 0.0000000000
139917  -24.017  -50.053  59.446 0.0000000000
139918  -21.069  -47.897  58.372 0.0000000000
139919  -21.544  -48.417  58.249 0.0000000000
139920  -22.113  -48.886  58.255 0.0000000000
139921  -22.371  -48.221  58.082 0.0000000000
139922  -22.564  -48.757  58.209 0.0000000000
139923  -22.715  -49.238  58.404 0.0000000000
139924  -23.330  -49.498  58.703 0.0000000000
139925  -23.909  -49.661  59.150 0.0000000000
139926  -24.479  -49.792  59.557 0.0000000000
139927  -24.901  -49.600  59.628 0.0000000000
139928  -25.330  -49.390  59.820 0.0000000000
139929  -25.638  -49.185  59.892 0.0000000000
139930  -24.965  -48.662  59.211 0.0000000000
139931  -25.427  -48.825  59.587 0.0000000000
139932  -25.957  -49.000  60.062 0.0000000000
139933  -26.236  -48.814  60.285 0.0000000000
139934  -26.473  -48.601  60.468 0.0000000000
139960  -25.935  -47.981  59.917 0.0000000000
140347  -18.092  -46.876  68.823 0.0000000000
140368  -18.671  -44.801  69.320 0.0000000000
140369  -18.949  -44.698  67.992 0.0000000000
140370  -18.773  -45.006  68.449 0.0000000000
140371  -18.570  -45.369  68.974 0.0000000000
140372  -18.450  -45.941  68.634 0.0000000000
140373  -18.368  -46.548  68.326 0.0000000000
140374  -18.242  -47.127  67.989 0.0000000000
140375  -18.423  -47.375  67.254 0.0000000000
140376  -18.590  -47.549  66.450 0.0000000000
140377  -18.659  -47.760  65.749 0.0000000000
140378  -19.142  -46.938  65.602 0.0000000000
140379  -18.903  -47.433  65.283 0.0000000000
140380  -18.598  -47.869  64.916 0.0000000000
140381  -18.500  -47.973  64.089 0.0000000000
140382  -18.436  -48.067  63.229 0.0000000000
140383  -18.351  -48.220  62.363 0.0000000000
140384  -20.069  -46.172  63.740 0.0000000000
140385  -19.821  -46.569  63.383 0.0000000000
140386  -19.539  -46.918  63.048 0.0000000000
140387  -19.643  -46.887  61.817 0.0000000000
140388  -19.435  -47.078  62.258 0.0000000000
140389  -19.231  -47.241  62.712 0.0000000000
140390  -18.899  -47.630  62.337 0.0000000000
140391  -18.577  -48.033  61.928 0.0000000000
140392  -18.280  -48.450  61.503 0.0000000000
140393  -18.313  -48.759  60.666 0.0000000000
140394  -18.440  -49.028  59.958 0.0000000000
140395  -18.632  -49.338  59.363 0.0000000000
140396  -19.124  -48.747  59.376 0.0000000000
140397  -19.012  -49.263  59.153 0.0000000000
140398  -18.948  -49.784  58.993 0.0000000000
140399  -19.375  -50.184  58.833 0.0000000000
140400  -19.875  -50.580  58.742 0.0000000000
150796  -21.665  -51.719  58.889 0.0000000000
150797  -22.270  -52.098  59.184 0.0000000000
150798  -22.930  -52.543  59.654 0.0000000000
150799  -23.360  -51.935  59.621 0.0000000000
150800  -23.426  -52.445  59.842 0.0000000000
150801  -23.437  -52.991  60.183 0.0000000000
150802  -23.936  -53.448  60.861 0.0000000000
150803  -24.335  -53.803  61.627 0.0000000000
150804  -24.707  -54.170  62.387 0.0000000000
150805  -25.292  -51.011  60.617 0.0000000000
150806  -25.394  -51.525  60.938 0.0000000000
150807  -25.478  -52.106  61.201 0.0000000000
150808  -26.433  -52.243  61.968 0.0000000000
150809  -26.000  -52.502  61.747 0.0000000000
150810  -25.508  -52.741  61.473 0.0000000000
150811  -25.399  -53.394  61.977 0.0000000000
150812  -25.247  -54.003  62.562 0.0000000000
150813  -25.086  -54.533  63.116 0.0000000000
150814  -25.488  -54.834  63.628 0.0000000000
150815  -25.892  -55.222  63.893 0.0000000000
150816  -26.300  -55.548  64.027 0.0000000000
150817  -26.954  -54.853  63.822 0.0000000000
150818  -26.798  -55.364  63.924 0.0000000000
150823  -28.020  -49.086  61.863 0.0000000000
150824  -28.321  -49.546  62.161 0.0000000000
150829  -29.000  -51.181  63.000 0.0000000000
152039  -17.374  -48.403  68.534 0.0000000000
152042  -16.493  -49.859  68.157 0.0000000000
152043  -16.307  -49.751  68.848 0.0000000000
152048  -15.405  -51.659  66.305 0.0000000000
152049  -15.263  -51.564  67.052 0.0000000000
152050  -15.090  -51.452  67.716 0.0000000000
152051  -14.425  -52.089  67.346 0.0000000000
152052  -14.632  -51.702  67.839 0.0000000000
152053  -14.859  -51.307  68.309 0.0000000000
152054  -14.584  -51.111  68.918 0.0000000000
152060  -12.501  -51.899  68.876 0.0000000000
152069  -10.226  -53.008  67.045 0.0000000000
152073  -8.840  -53.475  65.253 0.0000000000
152075  -11.969  -53.419  65.484 0.0000000000
152076  -11.394  -53.507  65.354 0.0000000000
152077  -10.775  -53.600  65.189 0.0000000000
152078  -11.218  -53.734  64.075 0.0000000000
152079  -10.722  -53.717  64.531 0.0000000000
152080  -10.192  -53.668  64.948 0.0000000000
152081  -9.702  -53.681  64.674 0.0000000000
152120  -15.314  -53.709  60.559 0.0000000000
152121  -15.277  -53.956  60.054 0.0000000000
152122  -15.248  -54.188  59.584 0.0000000000
152123  -15.959  -54.352  59.158 0.0000000000
152124  -15.619  -54.415  59.180 0.0000000000
152125  -15.283  -54.536  59.181 0.0000000000
152126  -15.350  -54.897  58.846 0.0000000000
152127  -15.418  -55.299  58.591 0.0000000000
152128  -15.435  -55.785  58.443 0.0000000000
152129  -17.580  -55.757  58.848 0.0000000000
152130  -17.158  -55.801  58.705 0.0000000000
152131  -16.769  -55.881  58.623 0.0000000000
152132  -16.933  -56.928  58.788 0.0000000000
152133  -16.691  -56.441  58.629 0.0000000000
152134  -16.429  -55.999  58.517 0.0000000000
152135  -16.091  -56.095  58.481 0.0000000000
152136  -15.762  -56.222  58.440 0.0000000000
152137  -15.387  -56.269  58.409 0.0000000000
152138  -15.314  -56.796  58.467 0.0000000000
152139  -15.220  -57.379  58.632 0.0000000000
152140  -15.001  -58.028  58.849 0.0000000000
152141  -15.402  -58.333  59.000 0.0000000000
152142  -15.070  -58.502  59.051 0.0000000000
