#!ascii label  , from subject fsaverage vox2ras=TkReg
346
581  -5.024  -34.163  40.288 0.0000000000
1288  -8.370  -31.603  40.273 0.0000000000
1289  -7.257  -36.144  42.400 0.0000000000
2380  -5.532  -29.979  38.416 0.0000000000
2384  -7.588  -43.105  42.697 0.0000000000
2387  -8.779  -41.387  40.297 0.0000000000
3208  -9.913  -35.073  40.579 0.0000000000
3209  -8.933  -37.309  41.972 0.0000000000
5305  -6.364  -32.776  40.710 0.0000000000
5306  -6.753  -30.733  39.817 0.0000000000
5307  -5.217  -31.941  39.536 0.0000000000
5316  -7.525  -43.366  44.087 0.0000000000
5326  -9.020  -40.278  39.118 0.0000000000
6928  -7.971  -33.905  41.042 0.0000000000
6929  -5.786  -35.038  41.863 0.0000000000
9696  -7.982  -29.513  40.109 0.0000000000
9710  -8.545  -40.487  43.499 0.0000000000
9718  -8.120  -42.384  41.440 0.0000000000
9719  -7.167  -39.892  43.068 0.0000000000
9720  -6.291  -39.267  42.302 0.0000000000
9721  -5.940  -38.238  41.087 0.0000000000
9722  -5.892  -36.881  39.669 0.0000000000
10889  -9.838  -37.798  41.832 0.0000000000
12985  -5.504  -33.438  40.731 0.0000000000
12986  -5.773  -32.329  40.238 0.0000000000
12987  -5.095  -33.004  39.966 0.0000000000
12988  -4.846  -32.735  39.032 0.0000000000
12989  -4.837  -33.847  39.327 0.0000000000
15385  -8.584  -35.609  41.495 0.0000000000
15386  -8.919  -34.443  40.857 0.0000000000
15387  -7.629  -35.006  41.762 0.0000000000
15388  -6.740  -34.422  41.645 0.0000000000
15389  -6.458  -35.575  42.257 0.0000000000
21677  -8.308  -30.549  40.170 0.0000000000
21678  -5.981  -30.320  39.274 0.0000000000
21679  -6.667  -29.712  39.508 0.0000000000
21680  -6.046  -29.304  38.831 0.0000000000
21708  -7.549  -43.279  43.365 0.0000000000
21710  -7.981  -41.860  43.915 0.0000000000
21712  -7.440  -41.706  43.419 0.0000000000
21729  -11.929  -45.822  41.322 0.0000000000
21731  -10.370  -42.361  39.869 0.0000000000
21732  -9.994  -42.856  40.480 0.0000000000
21733  -8.443  -41.884  40.837 0.0000000000
21734  -6.935  -41.368  42.432 0.0000000000
21735  -7.112  -40.995  41.768 0.0000000000
21736  -6.659  -39.679  42.716 0.0000000000
21737  -7.170  -40.520  41.211 0.0000000000
21738  -9.101  -39.615  38.408 0.0000000000
21739  -7.247  -39.372  39.979 0.0000000000
21740  -7.301  -38.720  39.439 0.0000000000
21741  -5.903  -37.631  40.462 0.0000000000
21742  -7.297  -37.965  38.779 0.0000000000
24208  -9.505  -36.189  41.242 0.0000000000
24209  -8.139  -36.755  42.179 0.0000000000
27981  -7.418  -32.191  40.431 0.0000000000
27982  -7.502  -31.166  40.086 0.0000000000
27983  -6.629  -31.748  40.188 0.0000000000
27984  -5.898  -31.334  39.721 0.0000000000
27985  -5.377  -31.007  38.997 0.0000000000
27986  -5.183  -30.747  37.973 0.0000000000
27987  -5.036  -31.716  38.501 0.0000000000
28002  -8.375  -44.445  43.152 0.0000000000
28003  -8.798  -44.200  42.497 0.0000000000
28017  -10.652  -41.881  39.134 0.0000000000
28018  -8.967  -40.808  39.764 0.0000000000
31526  -8.234  -32.748  40.508 0.0000000000
31527  -7.071  -33.293  40.979 0.0000000000
31528  -6.039  -33.854  41.298 0.0000000000
31529  -5.296  -34.489  41.174 0.0000000000
39327  -7.450  -30.141  39.909 0.0000000000
39388  -10.567  -44.902  41.960 0.0000000000
39389  -9.274  -43.817  41.753 0.0000000000
39390  -11.374  -44.016  40.470 0.0000000000
39391  -9.658  -43.348  41.137 0.0000000000
39392  -7.796  -42.800  42.049 0.0000000000
39393  -7.120  -41.559  43.004 0.0000000000
39394  -7.770  -40.190  43.304 0.0000000000
39395  -8.908  -38.937  42.641 0.0000000000
39396  -8.011  -38.554  42.766 0.0000000000
39397  -7.305  -38.134  42.816 0.0000000000
39398  -6.648  -37.580  42.905 0.0000000000
39399  -7.266  -39.990  40.498 0.0000000000
39400  -6.060  -38.824  41.787 0.0000000000
39401  -6.056  -37.096  42.520 0.0000000000
39402  -5.592  -36.619  41.913 0.0000000000
39403  -5.262  -36.091  41.238 0.0000000000
39404  -5.133  -35.575  40.257 0.0000000000
39413  -5.189  -35.064  39.140 0.0000000000
41609  -10.278  -38.107  41.773 0.0000000000
43705  -5.194  -33.775  40.597 0.0000000000
43706  -5.314  -33.187  40.385 0.0000000000
43707  -5.042  -33.572  40.140 0.0000000000
43708  -4.906  -33.414  39.677 0.0000000000
43709  -4.892  -33.979  39.827 0.0000000000
46105  -7.893  -35.878  41.991 0.0000000000
46106  -8.112  -35.304  41.624 0.0000000000
46107  -7.429  -35.547  42.107 0.0000000000
46108  -7.025  -35.249  42.074 0.0000000000
46109  -6.835  -35.847  42.359 0.0000000000
52395  -8.894  -31.293  40.244 0.0000000000
52396  -8.800  -30.802  40.257 0.0000000000
52397  -8.349  -31.064  40.214 0.0000000000
52398  -5.740  -30.126  38.884 0.0000000000
52399  -6.041  -29.805  39.043 0.0000000000
52400  -5.790  -29.632  38.600 0.0000000000
52401  -5.765  -29.151  38.385 0.0000000000
52402  -5.538  -29.471  38.136 0.0000000000
52404  -5.338  -29.822  37.916 0.0000000000
52428  -7.570  -43.210  43.019 0.0000000000
52429  -7.616  -42.552  43.675 0.0000000000
52430  -7.466  -42.482  43.347 0.0000000000
52431  -7.658  -41.738  43.728 0.0000000000
52432  -7.333  -42.413  43.043 0.0000000000
52451  -9.609  -41.834  39.991 0.0000000000
52452  -9.451  -42.117  40.339 0.0000000000
52453  -8.682  -41.636  40.630 0.0000000000
52454  -7.762  -41.445  41.258 0.0000000000
52455  -7.910  -41.199  41.011 0.0000000000
52456  -7.176  -40.762  41.502 0.0000000000
52457  -7.884  -40.956  40.732 0.0000000000
52458  -9.091  -39.232  38.109 0.0000000000
52459  -8.167  -39.177  38.890 0.0000000000
52460  -8.163  -38.769  38.598 0.0000000000
52461  -7.290  -38.323  39.116 0.0000000000
55707  -9.233  -36.726  41.615 0.0000000000
55708  -8.813  -36.459  41.713 0.0000000000
55709  -8.546  -37.040  42.059 0.0000000000
61995  -6.871  -32.493  40.587 0.0000000000
61996  -7.016  -31.962  40.342 0.0000000000
61997  -6.519  -32.262  40.446 0.0000000000
61998  -5.482  -32.125  39.923 0.0000000000
61999  -5.838  -31.830  39.972 0.0000000000
62000  -5.538  -31.636  39.651 0.0000000000
62001  -5.611  -31.152  39.398 0.0000000000
62002  -5.306  -31.458  39.277 0.0000000000
62003  -5.189  -31.336  38.770 0.0000000000
62004  -5.109  -31.820  39.049 0.0000000000
62030  -9.142  -44.826  42.892 0.0000000000
62031  -8.581  -44.314  42.795 0.0000000000
62032  -9.430  -44.713  42.561 0.0000000000
69197  -10.015  -34.501  40.346 0.0000000000
69198  -8.453  -34.186  40.954 0.0000000000
69200  -8.592  -33.600  40.684 0.0000000000
69201  -8.711  -33.040  40.466 0.0000000000
69202  -8.111  -33.327  40.761 0.0000000000
69203  -7.640  -33.037  40.765 0.0000000000
69204  -7.494  -33.637  41.063 0.0000000000
69205  -6.216  -34.721  41.847 0.0000000000
69206  -6.384  -34.133  41.504 0.0000000000
69207  -5.923  -34.433  41.576 0.0000000000
69208  -5.628  -34.171  41.285 0.0000000000
69209  -5.538  -34.765  41.520 0.0000000000
88073  -7.130  -30.953  39.984 0.0000000000
88074  -7.523  -30.649  39.979 0.0000000000
88075  -7.119  -30.427  39.852 0.0000000000
88173  -8.921  -40.667  43.574 0.0000000000
88175  -9.597  -40.173  43.255 0.0000000000
88177  -9.243  -39.934  43.190 0.0000000000
88227  -11.311  -45.335  41.656 0.0000000000
88228  -10.825  -44.736  41.580 0.0000000000
88229  -9.993  -44.343  41.825 0.0000000000
88230  -10.198  -44.128  41.492 0.0000000000
88233  -11.594  -43.794  40.073 0.0000000000
88234  -9.011  -42.575  40.871 0.0000000000
88235  -9.841  -43.084  40.803 0.0000000000
88236  -8.891  -42.856  41.207 0.0000000000
88237  -8.669  -43.089  41.507 0.0000000000
88238  -7.966  -42.594  41.708 0.0000000000
88239  -7.322  -42.213  42.480 0.0000000000
88240  -7.357  -42.085  42.190 0.0000000000
88241  -6.875  -40.660  42.854 0.0000000000
88242  -7.077  -40.743  43.091 0.0000000000
88243  -7.480  -40.014  43.125 0.0000000000
88244  -8.361  -39.528  43.010 0.0000000000
88245  -7.956  -39.332  42.977 0.0000000000
88246  -8.493  -38.730  42.679 0.0000000000
88247  -7.513  -39.214  43.017 0.0000000000
88248  -6.388  -39.504  42.584 0.0000000000
88249  -6.893  -38.896  42.899 0.0000000000
88250  -6.607  -38.656  42.841 0.0000000000
88251  -6.949  -37.856  42.850 0.0000000000
88252  -6.334  -38.406  42.774 0.0000000000
88253  -8.980  -40.569  39.459 0.0000000000
88254  -8.090  -40.401  40.084 0.0000000000
88255  -8.127  -40.117  39.811 0.0000000000
88256  -6.498  -38.917  40.469 0.0000000000
88257  -6.559  -39.239  40.808 0.0000000000
88258  -6.029  -38.582  41.425 0.0000000000
88259  -5.883  -37.995  42.349 0.0000000000
88260  -5.753  -37.741  41.948 0.0000000000
88261  -5.746  -36.823  42.311 0.0000000000
88262  -5.639  -37.445  41.612 0.0000000000
88263  -5.799  -37.321  40.075 0.0000000000
88264  -5.503  -36.894  40.926 0.0000000000
88265  -5.400  -36.577  40.519 0.0000000000
88266  -5.180  -35.824  40.744 0.0000000000
88267  -5.400  -36.240  40.025 0.0000000000
88289  -5.530  -35.656  39.008 0.0000000000
93328  -10.129  -37.280  41.465 0.0000000000
93329  -9.394  -37.528  41.891 0.0000000000
97101  -5.906  -33.107  40.764 0.0000000000
97102  -6.052  -32.568  40.495 0.0000000000
97103  -5.663  -32.864  40.476 0.0000000000
97104  -5.411  -32.639  40.164 0.0000000000
97105  -5.148  -32.465  39.765 0.0000000000
97106  -4.992  -32.332  39.333 0.0000000000
97107  -4.934  -32.869  39.520 0.0000000000
97108  -4.796  -33.290  39.179 0.0000000000
97109  -4.872  -33.673  38.688 0.0000000000
101421  -9.266  -35.337  41.015 0.0000000000
101422  -9.415  -34.767  40.731 0.0000000000
101423  -8.790  -35.028  41.137 0.0000000000
101424  -8.292  -34.740  41.278 0.0000000000
101425  -7.829  -34.489  41.334 0.0000000000
101426  -7.312  -34.166  41.377 0.0000000000
101427  -7.171  -34.701  41.724 0.0000000000
101428  -6.602  -34.969  41.996 0.0000000000
101429  -6.064  -35.301  42.143 0.0000000000
112748  -6.346  -30.521  39.573 0.0000000000
112749  -6.706  -30.218  39.636 0.0000000000
112750  -6.332  -30.022  39.373 0.0000000000
112751  -6.361  -29.506  39.208 0.0000000000
112802  -7.575  -43.319  43.710 0.0000000000
112803  -7.883  -42.632  44.357 0.0000000000
112804  -7.760  -42.602  44.014 0.0000000000
112808  -8.568  -41.292  43.920 0.0000000000
112809  -8.240  -41.152  43.768 0.0000000000
112810  -7.897  -41.056  43.619 0.0000000000
112843  -11.117  -42.960  39.766 0.0000000000
112844  -10.985  -43.223  40.088 0.0000000000
112845  -10.207  -42.665  40.162 0.0000000000
112846  -9.192  -42.348  40.590 0.0000000000
112847  -8.221  -42.125  41.103 0.0000000000
112848  -7.431  -41.903  41.855 0.0000000000
112849  -7.577  -41.678  41.540 0.0000000000
112850  -7.081  -41.167  42.057 0.0000000000
112851  -6.827  -40.548  42.522 0.0000000000
112852  -6.871  -39.829  42.868 0.0000000000
112853  -6.722  -40.403  42.291 0.0000000000
112854  -6.610  -40.238  42.050 0.0000000000
112855  -6.597  -39.986  41.737 0.0000000000
112856  -9.040  -39.959  38.749 0.0000000000
112857  -8.101  -39.827  39.523 0.0000000000
112858  -8.107  -39.502  39.220 0.0000000000
112859  -7.269  -39.060  39.681 0.0000000000
112860  -6.508  -38.548  40.209 0.0000000000
112861  -5.909  -37.934  40.772 0.0000000000
112862  -6.471  -38.260  39.948 0.0000000000
112863  -6.507  -37.868  39.636 0.0000000000
112864  -6.537  -37.462  39.242 0.0000000000
117926  -9.730  -35.634  40.892 0.0000000000
117927  -9.053  -35.898  41.357 0.0000000000
117928  -8.363  -36.180  41.848 0.0000000000
117929  -7.706  -36.471  42.305 0.0000000000
126729  -7.890  -31.902  40.312 0.0000000000
126730  -7.908  -31.368  40.196 0.0000000000
126731  -7.470  -31.677  40.237 0.0000000000
126732  -7.090  -31.455  40.122 0.0000000000
126733  -6.702  -31.239  39.973 0.0000000000
126734  -6.164  -32.046  40.234 0.0000000000
126735  -6.243  -31.528  39.954 0.0000000000
126736  -6.328  -31.023  39.775 0.0000000000
126737  -5.977  -30.813  39.488 0.0000000000
126738  -5.672  -30.650  39.145 0.0000000000
126739  -5.481  -30.487  38.713 0.0000000000
126740  -5.328  -30.377  38.222 0.0000000000
126741  -5.267  -30.854  38.502 0.0000000000
126742  -5.104  -31.231  38.238 0.0000000000
126744  -4.948  -32.216  38.775 0.0000000000
126778  -7.745  -44.005  43.516 0.0000000000
126779  -7.867  -43.911  43.111 0.0000000000
126780  -8.005  -43.810  42.826 0.0000000000
126781  -8.116  -43.695  42.494 0.0000000000
126812  -10.536  -42.137  39.475 0.0000000000
126813  -9.718  -41.593  39.691 0.0000000000
126814  -8.866  -41.103  40.038 0.0000000000
126815  -9.819  -41.295  39.373 0.0000000000
136031  -8.864  -31.879  40.316 0.0000000000
136035  -9.542  -34.197  40.483 0.0000000000
136039  -8.805  -32.463  40.353 0.0000000000
136040  -8.340  -32.169  40.368 0.0000000000
136041  -7.781  -32.460  40.508 0.0000000000
136042  -7.229  -32.750  40.685 0.0000000000
136043  -6.696  -33.024  40.860 0.0000000000
136044  -6.914  -33.861  41.303 0.0000000000
136045  -6.528  -33.543  41.166 0.0000000000
136046  -6.186  -33.301  41.013 0.0000000000
136047  -5.718  -33.655  41.047 0.0000000000
136048  -5.373  -33.981  40.967 0.0000000000
136049  -5.151  -34.346  40.762 0.0000000000
158937  -7.913  -30.853  40.107 0.0000000000
158938  -7.862  -30.344  40.057 0.0000000000
158939  -7.744  -29.846  40.016 0.0000000000
158940  -7.055  -29.886  39.715 0.0000000000
158941  -7.328  -29.612  39.826 0.0000000000
158942  -7.568  -29.329  39.951 0.0000000000
159123  -9.703  -44.532  42.208 0.0000000000
159124  -9.048  -44.024  42.121 0.0000000000
159125  -8.357  -43.532  42.146 0.0000000000
159129  -10.751  -43.412  40.451 0.0000000000
159130  -10.565  -43.654  40.815 0.0000000000
159131  -10.396  -43.892  41.149 0.0000000000
159132  -9.442  -43.554  41.449 0.0000000000
159133  -8.491  -43.319  41.828 0.0000000000
159134  -7.682  -42.971  42.356 0.0000000000
159135  -7.215  -42.362  42.697 0.0000000000
159136  -7.226  -41.647  43.258 0.0000000000
159137  -7.559  -40.961  43.483 0.0000000000
159138  -6.956  -41.457  42.783 0.0000000000
159139  -7.225  -40.862  43.348 0.0000000000
159140  -8.116  -40.350  43.403 0.0000000000
159141  -8.759  -39.771  43.089 0.0000000000
159142  -9.342  -39.194  42.664 0.0000000000
159143  -9.791  -38.638  42.235 0.0000000000
159144  -9.409  -38.368  42.244 0.0000000000
159145  -8.988  -38.119  42.324 0.0000000000
159146  -8.521  -37.920  42.395 0.0000000000
159147  -7.140  -39.086  43.016 0.0000000000
159148  -7.659  -38.358  42.814 0.0000000000
159149  -8.137  -37.694  42.456 0.0000000000
159150  -7.742  -37.420  42.553 0.0000000000
159151  -7.342  -37.137  42.645 0.0000000000
159152  -7.000  -36.855  42.704 0.0000000000
159153  -8.007  -40.661  40.442 0.0000000000
159154  -7.215  -40.256  40.832 0.0000000000
159155  -6.562  -39.779  41.359 0.0000000000
159156  -7.279  -39.685  40.198 0.0000000000
159157  -6.579  -39.494  41.071 0.0000000000
159158  -6.188  -39.027  42.063 0.0000000000
159159  -6.145  -38.195  42.556 0.0000000000
159160  -6.337  -37.370  42.723 0.0000000000
159161  -6.619  -36.567  42.613 0.0000000000
159162  -6.245  -36.302  42.460 0.0000000000
159163  -5.917  -36.002  42.314 0.0000000000
159164  -5.670  -35.804  41.984 0.0000000000
159165  -5.541  -37.195  41.286 0.0000000000
159166  -5.430  -36.369  41.615 0.0000000000
159167  -5.430  -35.522  41.663 0.0000000000
159168  -5.202  -35.246  41.303 0.0000000000
159169  -5.114  -35.064  40.813 0.0000000000
159170  -5.047  -34.858  40.327 0.0000000000
159195  -5.477  -35.940  39.501 0.0000000000
159196  -5.165  -35.318  39.714 0.0000000000
159197  -4.990  -34.651  39.799 0.0000000000
159198  -4.966  -34.462  39.281 0.0000000000
