#!ascii label  , from subject fsaverage vox2ras=TkReg
280
521  -9.088  29.960  -12.567 0.0000000000
1143  -10.487  37.865  -7.929 0.0000000000
1144  -10.530  35.789  -12.764 0.0000000000
1145  -7.683  33.106  -9.539 0.0000000000
2204  -6.571  34.054  -18.421 0.0000000000
3064  -8.944  35.536  -8.901 0.0000000000
4871  -10.146  32.922  -12.849 0.0000000000
4872  -8.744  35.261  -15.505 0.0000000000
4873  -8.838  32.289  -15.586 0.0000000000
4874  -6.663  30.966  -18.087 0.0000000000
4875  -8.563  28.993  -14.931 0.0000000000
6666  -10.930  38.621  -12.214 0.0000000000
6667  -11.091  36.582  -10.134 0.0000000000
6668  -9.742  33.947  -10.582 0.0000000000
6669  -7.814  31.497  -11.042 0.0000000000
9172  -8.675  38.049  -14.861 0.0000000000
9173  -6.897  37.156  -18.051 0.0000000000
12551  -9.764  31.398  -12.716 0.0000000000
12552  -9.691  32.586  -14.221 0.0000000000
12553  -9.514  31.031  -14.024 0.0000000000
12554  -8.783  30.676  -15.326 0.0000000000
12555  -9.135  29.434  -13.718 0.0000000000
12556  -8.678  27.905  -13.359 0.0000000000
14948  -11.418  38.414  -8.662 0.0000000000
14950  -10.832  37.210  -8.999 0.0000000000
14951  -8.294  34.307  -9.332 0.0000000000
14952  -9.387  34.705  -9.752 0.0000000000
14953  -8.509  33.503  -10.084 0.0000000000
14954  -8.871  32.691  -10.773 0.0000000000
14955  -7.674  32.303  -10.266 0.0000000000
14956  -6.919  31.043  -10.377 0.0000000000
14957  -7.043  31.824  -9.632 0.0000000000
20371  -10.728  37.213  -12.560 0.0000000000
20372  -9.751  38.336  -13.603 0.0000000000
20373  -9.765  36.971  -13.928 0.0000000000
20374  -7.664  34.832  -16.940 0.0000000000
20375  -7.782  36.298  -16.702 0.0000000000
20376  -6.725  35.637  -18.383 0.0000000000
20377  -5.571  36.240  -19.799 0.0000000000
20378  -5.536  34.549  -19.924 0.0000000000
20381  -6.742  29.405  -17.548 0.0000000000
23945  -9.505  37.453  -7.438 0.0000000000
23946  -9.747  36.745  -8.440 0.0000000000
23947  -8.816  36.339  -7.989 0.0000000000
23948  -8.155  35.158  -8.475 0.0000000000
23949  -7.490  33.918  -8.754 0.0000000000
23950  -6.927  32.654  -8.868 0.0000000000
27199  -10.348  34.351  -12.889 0.0000000000
27200  -9.832  35.559  -14.130 0.0000000000
27201  -9.794  34.130  -14.283 0.0000000000
27202  -8.800  33.862  -15.630 0.0000000000
27203  -7.607  33.416  -16.953 0.0000000000
27204  -6.609  32.534  -18.340 0.0000000000
27205  -7.652  31.776  -16.871 0.0000000000
27206  -7.712  30.153  -16.487 0.0000000000
30914  -11.326  37.520  -11.213 0.0000000000
30915  -10.985  36.116  -11.442 0.0000000000
30916  -10.085  35.943  -9.377 0.0000000000
30917  -10.479  35.244  -10.338 0.0000000000
30918  -10.593  34.642  -11.513 0.0000000000
30919  -10.055  33.316  -11.580 0.0000000000
30920  -9.329  32.007  -11.656 0.0000000000
30921  -8.399  30.754  -11.789 0.0000000000
30922  -7.509  29.386  -11.831 0.0000000000
30923  -6.799  30.247  -11.178 0.0000000000
30924  -6.466  29.626  -10.308 0.0000000000
37757  -8.507  39.426  -14.500 0.0000000000
37758  -7.649  38.959  -15.796 0.0000000000
37759  -8.796  36.655  -15.210 0.0000000000
37760  -7.841  37.710  -16.266 0.0000000000
37761  -7.126  38.494  -17.641 0.0000000000
37768  -5.497  31.486  -19.771 0.0000000000
43271  -9.398  30.698  -12.687 0.0000000000
43272  -9.682  31.194  -13.393 0.0000000000
43273  -9.494  30.439  -13.290 0.0000000000
43274  -9.404  30.244  -13.878 0.0000000000
43275  -9.202  29.719  -13.149 0.0000000000
43276  -8.903  28.968  -12.998 0.0000000000
43277  -8.691  29.285  -12.553 0.0000000000
45668  -11.002  38.102  -8.263 0.0000000000
45669  -11.086  37.814  -8.827 0.0000000000
45670  -10.638  37.526  -8.418 0.0000000000
45671  -7.986  33.703  -9.440 0.0000000000
45672  -8.427  33.903  -9.692 0.0000000000
45673  -8.057  33.307  -9.820 0.0000000000
45674  -8.115  32.926  -10.209 0.0000000000
45675  -7.690  32.716  -9.917 0.0000000000
45676  -7.349  32.082  -9.978 0.0000000000
45677  -7.338  32.499  -9.615 0.0000000000
51091  -10.633  36.503  -12.683 0.0000000000
51092  -10.281  37.075  -13.215 0.0000000000
51093  -10.242  36.369  -13.358 0.0000000000
51094  -7.118  34.507  -17.648 0.0000000000
51095  -7.208  35.266  -17.633 0.0000000000
51096  -6.642  34.833  -18.422 0.0000000000
51097  -6.125  35.122  -19.162 0.0000000000
51098  -6.082  34.324  -19.201 0.0000000000
51100  -6.058  33.557  -19.201 0.0000000000
55268  -9.106  37.260  -7.252 0.0000000000
55269  -9.164  36.906  -7.716 0.0000000000
55270  -8.756  36.708  -7.531 0.0000000000
55272  -8.035  35.593  -8.054 0.0000000000
55273  -7.683  34.993  -8.268 0.0000000000
55274  -7.837  34.546  -8.692 0.0000000000
55275  -7.354  34.355  -8.427 0.0000000000
55276  -7.057  33.726  -8.474 0.0000000000
55277  -6.910  34.167  -8.127 0.0000000000
60691  -10.271  33.633  -12.903 0.0000000000
60692  -10.148  34.214  -13.601 0.0000000000
60693  -10.091  33.507  -13.596 0.0000000000
60694  -9.344  32.418  -14.911 0.0000000000
60695  -9.318  33.215  -14.954 0.0000000000
60696  -8.814  33.096  -15.633 0.0000000000
60697  -8.193  33.638  -16.313 0.0000000000
60698  -8.193  32.916  -16.324 0.0000000000
60699  -7.636  32.574  -16.946 0.0000000000
60700  -8.235  32.060  -16.228 0.0000000000
60701  -8.680  29.844  -15.188 0.0000000000
60702  -8.231  30.436  -15.932 0.0000000000
60707  -8.557  28.205  -14.641 0.0000000000
67886  -11.283  37.288  -10.035 0.0000000000
67887  -11.456  37.740  -10.546 0.0000000000
67888  -11.289  37.026  -10.661 0.0000000000
67889  -11.211  36.803  -11.349 0.0000000000
67890  -11.064  36.298  -10.759 0.0000000000
67891  -9.365  36.139  -8.689 0.0000000000
67892  -9.930  36.327  -8.936 0.0000000000
67893  -9.489  35.715  -9.137 0.0000000000
67894  -9.599  34.301  -10.134 0.0000000000
67895  -9.970  34.939  -9.992 0.0000000000
67896  -10.166  34.589  -10.467 0.0000000000
67897  -10.558  34.953  -10.944 0.0000000000
67898  -10.274  34.216  -10.980 0.0000000000
67899  -10.299  33.989  -11.577 0.0000000000
67900  -9.907  33.596  -11.049 0.0000000000
67901  -8.343  32.076  -10.943 0.0000000000
67902  -9.106  32.322  -11.191 0.0000000000
67903  -8.573  31.732  -11.337 0.0000000000
67904  -8.886  31.381  -11.723 0.0000000000
67905  -7.990  31.187  -11.439 0.0000000000
67906  -7.529  30.521  -11.493 0.0000000000
67907  -7.275  30.915  -11.137 0.0000000000
67908  -6.716  30.742  -9.986 0.0000000000
67909  -6.611  30.361  -10.373 0.0000000000
67910  -6.519  30.033  -9.938 0.0000000000
84154  -9.139  38.213  -14.287 0.0000000000
84155  -9.122  38.900  -14.084 0.0000000000
84156  -8.601  38.750  -14.685 0.0000000000
84157  -8.033  39.232  -15.101 0.0000000000
84158  -8.142  38.547  -15.284 0.0000000000
84159  -9.304  35.423  -14.797 0.0000000000
84160  -9.277  36.097  -14.700 0.0000000000
84161  -8.766  35.956  -15.364 0.0000000000
84162  -7.342  36.742  -17.373 0.0000000000
84163  -7.848  37.024  -16.499 0.0000000000
84164  -7.411  37.468  -17.154 0.0000000000
84165  -7.442  38.135  -16.913 0.0000000000
84166  -6.994  37.840  -17.871 0.0000000000
84167  -6.565  38.154  -18.632 0.0000000000
84168  -6.389  37.488  -18.813 0.0000000000
84181  -6.643  31.777  -18.242 0.0000000000
84182  -6.099  32.048  -19.027 0.0000000000
84183  -6.114  31.269  -18.908 0.0000000000
84218  -6.735  29.082  -11.490 0.0000000000
93066  -8.202  36.514  -7.383 0.0000000000
96319  -9.948  32.159  -12.761 0.0000000000
96320  -10.030  32.741  -13.529 0.0000000000
96321  -9.867  31.966  -13.453 0.0000000000
96322  -9.652  31.819  -14.152 0.0000000000
96323  -9.282  31.655  -14.798 0.0000000000
96324  -8.824  31.487  -15.461 0.0000000000
96325  -9.264  30.851  -14.640 0.0000000000
96326  -9.093  30.037  -14.514 0.0000000000
96327  -8.915  29.190  -14.318 0.0000000000
96328  -8.733  28.417  -14.125 0.0000000000
96329  -8.857  28.678  -13.551 0.0000000000
100636  -11.442  38.205  -9.297 0.0000000000
100637  -11.245  37.530  -9.430 0.0000000000
100638  -10.976  36.899  -9.570 0.0000000000
100639  -8.638  34.923  -9.119 0.0000000000
100640  -9.137  35.125  -9.346 0.0000000000
100641  -8.775  34.543  -9.560 0.0000000000
100642  -8.946  34.094  -9.916 0.0000000000
100643  -9.126  33.718  -10.301 0.0000000000
100644  -9.338  33.336  -10.651 0.0000000000
100645  -8.646  33.114  -10.466 0.0000000000
100646  -8.202  32.471  -10.545 0.0000000000
100647  -7.721  31.878  -10.632 0.0000000000
100648  -7.219  31.304  -10.704 0.0000000000
100649  -7.308  31.675  -10.330 0.0000000000
100650  -7.030  31.431  -10.016 0.0000000000
100651  -6.785  31.134  -9.611 0.0000000000
110395  -10.826  37.907  -12.382 0.0000000000
110396  -10.373  38.467  -12.890 0.0000000000
110397  -10.365  37.745  -13.037 0.0000000000
110398  -9.768  37.655  -13.753 0.0000000000
110399  -9.215  37.516  -14.431 0.0000000000
110400  -8.179  35.101  -16.272 0.0000000000
110401  -8.237  35.808  -16.088 0.0000000000
110402  -7.709  35.607  -16.859 0.0000000000
110403  -7.262  36.000  -17.551 0.0000000000
110404  -6.803  36.390  -18.247 0.0000000000
110405  -6.279  36.741  -18.956 0.0000000000
110406  -6.204  35.967  -19.127 0.0000000000
110407  -5.548  35.392  -19.878 0.0000000000
110413  -6.696  30.162  -17.831 0.0000000000
110414  -6.261  30.498  -18.656 0.0000000000
117312  -10.083  37.332  -8.169 0.0000000000
117313  -9.601  37.121  -7.932 0.0000000000
117314  -9.242  36.545  -8.194 0.0000000000
117315  -8.893  35.957  -8.454 0.0000000000
117316  -8.370  36.154  -7.815 0.0000000000
117317  -8.499  35.760  -8.244 0.0000000000
117318  -8.567  35.329  -8.679 0.0000000000
117319  -8.234  34.709  -8.889 0.0000000000
117320  -7.902  34.118  -9.040 0.0000000000
117321  -7.606  33.519  -9.135 0.0000000000
117322  -7.319  32.896  -9.225 0.0000000000
117323  -7.195  33.295  -8.817 0.0000000000
124903  -10.498  35.080  -12.850 0.0000000000
124904  -10.199  35.671  -13.448 0.0000000000
124905  -10.176  34.947  -13.536 0.0000000000
124906  -9.804  34.855  -14.214 0.0000000000
124907  -9.311  34.755  -14.877 0.0000000000
124908  -9.754  33.354  -14.292 0.0000000000
124909  -9.308  33.991  -14.938 0.0000000000
124910  -8.756  34.563  -15.604 0.0000000000
124911  -8.156  34.340  -16.302 0.0000000000
124912  -7.599  34.098  -16.965 0.0000000000
124913  -7.066  33.764  -17.659 0.0000000000
124914  -6.592  33.288  -18.401 0.0000000000
124915  -7.076  33.021  -17.660 0.0000000000
124916  -7.112  32.224  -17.597 0.0000000000
124917  -7.113  31.468  -17.508 0.0000000000
124918  -8.249  31.265  -16.102 0.0000000000
124919  -7.675  30.995  -16.716 0.0000000000
124920  -7.124  30.609  -17.304 0.0000000000
124921  -7.183  29.785  -17.055 0.0000000000
124928  -8.573  27.662  -13.881 0.0000000000
134375  -11.455  38.202  -11.089 0.0000000000
134376  -11.205  38.050  -11.740 0.0000000000
134377  -11.112  37.359  -11.892 0.0000000000
134378  -10.947  36.663  -12.013 0.0000000000
134379  -10.826  35.942  -12.102 0.0000000000
134380  -10.305  36.947  -8.684 0.0000000000
134381  -10.522  36.578  -9.161 0.0000000000
134382  -10.658  36.236  -9.682 0.0000000000
134383  -9.743  35.308  -9.559 0.0000000000
134384  -10.317  35.572  -9.810 0.0000000000
134385  -10.758  35.892  -10.233 0.0000000000
134386  -10.835  35.619  -10.860 0.0000000000
134387  -10.783  35.402  -11.501 0.0000000000
134388  -10.645  35.205  -12.143 0.0000000000
134389  -10.492  34.500  -12.199 0.0000000000
134390  -10.315  33.805  -12.224 0.0000000000
134391  -10.093  33.128  -12.194 0.0000000000
134392  -9.529  32.971  -11.093 0.0000000000
134393  -9.692  32.685  -11.609 0.0000000000
134394  -9.912  32.377  -12.103 0.0000000000
134395  -9.554  31.692  -12.148 0.0000000000
134396  -9.231  30.994  -12.130 0.0000000000
134397  -8.798  30.325  -12.139 0.0000000000
134398  -8.359  29.669  -12.156 0.0000000000
134399  -7.946  30.115  -11.825 0.0000000000
134400  -7.035  29.835  -11.520 0.0000000000
134401  -6.539  29.509  -11.121 0.0000000000
134402  -6.839  30.647  -10.772 0.0000000000
134403  -6.523  29.944  -10.757 0.0000000000
134408  -7.007  32.227  -9.264 0.0000000000
154231  -9.772  39.033  -13.414 0.0000000000
154237  -9.746  36.267  -14.052 0.0000000000
154238  -9.239  36.826  -14.593 0.0000000000
154239  -8.756  37.361  -15.056 0.0000000000
154240  -8.283  36.519  -15.900 0.0000000000
154241  -8.303  37.204  -15.719 0.0000000000
154242  -8.228  37.893  -15.497 0.0000000000
154243  -7.788  38.343  -16.055 0.0000000000
154249  -5.675  37.023  -19.668 0.0000000000
154264  -6.083  32.776  -19.131 0.0000000000
154309  -7.951  28.953  -12.127 0.0000000000
