#!ascii label  , from subject fsaverage vox2ras=TkReg
698
126  -36.710  -5.391  6.626 0.0000000000
200  -34.233  13.075  -3.069 0.0000000000
275  -30.314  10.984  8.390 0.0000000000
540  -31.380  12.725  2.239 0.0000000000
1188  -30.699  11.845  5.278 0.0000000000
1512  -37.241  4.332  -3.409 0.0000000000
1514  -36.055  7.259  -5.670 0.0000000000
1647  -33.358  2.232  7.518 0.0000000000
2258  -34.078  2.420  4.736 0.0000000000
2259  -35.117  2.858  2.083 0.0000000000
2260  -36.485  3.686  -0.673 0.0000000000
2261  -32.867  13.413  -0.460 0.0000000000
3480  -34.978  8.685  -2.952 0.0000000000
3481  -36.540  5.946  -4.490 0.0000000000
3482  -35.065  10.117  -4.328 0.0000000000
5002  -31.912  6.897  8.152 0.0000000000
5003  -33.718  2.300  6.169 0.0000000000
5004  -32.346  7.182  6.757 0.0000000000
5005  -31.021  12.200  3.752 0.0000000000
5006  -33.086  7.742  3.922 0.0000000000
5007  -33.251  7.900  2.431 0.0000000000
5008  -35.737  3.266  0.713 0.0000000000
5009  -33.455  8.167  1.074 0.0000000000
5010  -33.886  8.409  -0.297 0.0000000000
5011  -31.966  13.145  0.816 0.0000000000
5833  -35.172  14.422  -4.570 0.0000000000
6746  -30.443  11.408  6.811 0.0000000000
6747  -29.352  15.406  7.015 0.0000000000
6748  -29.700  15.977  5.392 0.0000000000
6749  -30.307  16.450  3.877 0.0000000000
6750  -30.918  16.861  2.483 0.0000000000
7373  -35.573  11.388  -5.852 0.0000000000
7682  -35.161  -2.163  8.592 0.0000000000
7683  -35.633  -1.908  7.231 0.0000000000
9332  -36.191  -1.642  5.957 0.0000000000
9333  -36.776  -1.349  4.563 0.0000000000
9335  -32.714  7.483  5.355 0.0000000000
9336  -34.569  2.656  3.452 0.0000000000
9341  -37.125  4.115  -2.031 0.0000000000
9342  -34.389  8.597  -1.660 0.0000000000
9343  -33.691  13.335  -1.774 0.0000000000
9344  -31.811  17.080  1.173 0.0000000000
9345  -32.770  17.345  -0.254 0.0000000000
9346  -33.416  17.186  -1.769 0.0000000000
11160  -34.441  10.998  -2.960 0.0000000000
11161  -35.031  9.533  -3.587 0.0000000000
11162  -34.609  11.662  -3.711 0.0000000000
12682  -31.098  8.961  8.255 0.0000000000
12683  -32.146  6.997  7.452 0.0000000000
12684  -31.212  9.123  7.506 0.0000000000
12685  -31.204  12.467  3.002 0.0000000000
12686  -32.100  10.229  3.125 0.0000000000
12687  -32.259  10.410  2.381 0.0000000000
12688  -33.352  8.051  1.763 0.0000000000
12689  -32.397  10.608  1.690 0.0000000000
12690  -32.621  10.756  0.986 0.0000000000
12691  -31.629  12.940  1.513 0.0000000000
15083  -29.213  15.126  7.820 0.0000000000
15086  -29.174  17.766  6.320 0.0000000000
15088  -29.969  16.229  4.597 0.0000000000
16203  -36.253  6.570  -5.046 0.0000000000
16209  -35.456  12.909  -5.240 0.0000000000
20767  -34.337  -0.056  7.354 0.0000000000
20768  -35.979  -1.821  6.620 0.0000000000
20769  -34.514  0.085  6.678 0.0000000000
20770  -33.863  2.522  5.500 0.0000000000
20771  -34.881  0.223  5.270 0.0000000000
20772  -35.137  0.319  4.554 0.0000000000
20773  -37.068  -1.170  3.819 0.0000000000
20774  -35.415  0.424  3.893 0.0000000000
20775  -30.560  11.669  6.035 0.0000000000
20776  -31.442  9.609  6.078 0.0000000000
20777  -31.633  9.742  5.351 0.0000000000
20778  -34.133  5.274  3.082 0.0000000000
20779  -33.947  5.224  3.795 0.0000000000
20780  -34.779  2.765  2.745 0.0000000000
20781  -36.162  0.654  2.492 0.0000000000
20782  -36.521  0.788  1.764 0.0000000000
20784  -36.870  0.979  1.078 0.0000000000
20785  -36.054  3.426  0.020 0.0000000000
20786  -37.518  1.450  -0.289 0.0000000000
20791  -36.797  3.942  -1.345 0.0000000000
20792  -33.221  10.972  -0.389 0.0000000000
20793  -34.112  8.428  -0.972 0.0000000000
20794  -33.457  11.117  -1.028 0.0000000000
20795  -33.792  11.097  -1.700 0.0000000000
20796  -33.350  13.436  -1.109 0.0000000000
20797  -30.707  18.754  2.542 0.0000000000
20798  -31.334  16.987  1.837 0.0000000000
20799  -31.033  18.927  1.846 0.0000000000
20801  -31.688  18.951  0.360 0.0000000000
20802  -31.985  18.877  -0.473 0.0000000000
20803  -33.147  17.293  -1.001 0.0000000000
20804  -32.255  18.853  -1.289 0.0000000000
20805  -32.371  18.699  -2.076 0.0000000000
24696  -36.035  6.422  -3.067 0.0000000000
24697  -36.936  5.234  -3.938 0.0000000000
24698  -35.829  7.255  -3.665 0.0000000000
24699  -35.708  7.993  -4.314 0.0000000000
24700  -35.614  8.689  -4.996 0.0000000000
27436  -32.690  4.544  7.863 0.0000000000
27437  -33.521  2.324  6.868 0.0000000000
27438  -32.893  4.701  7.175 0.0000000000
27439  -33.106  4.934  6.576 0.0000000000
27440  -33.341  4.932  5.872 0.0000000000
27441  -30.860  11.990  4.509 0.0000000000
27442  -31.782  9.886  4.582 0.0000000000
27443  -31.928  10.059  3.848 0.0000000000
27444  -33.205  7.814  3.158 0.0000000000
27445  -34.182  5.401  2.394 0.0000000000
27446  -35.376  3.026  1.399 0.0000000000
27447  -34.309  5.508  1.676 0.0000000000
27448  -34.507  5.604  0.965 0.0000000000
27449  -34.742  5.756  0.308 0.0000000000
27450  -35.053  5.742  -0.381 0.0000000000
27451  -33.685  8.249  0.342 0.0000000000
27452  -32.872  10.883  0.287 0.0000000000
27453  -32.351  13.272  0.174 0.0000000000
28968  -34.426  15.189  -3.128 0.0000000000
28969  -34.707  13.796  -3.813 0.0000000000
31099  -29.653  12.848  8.475 0.0000000000
31100  -30.399  11.177  7.593 0.0000000000
31101  -29.673  13.194  7.710 0.0000000000
31102  -29.773  13.390  6.881 0.0000000000
31103  -29.922  13.678  6.092 0.0000000000
31105  -29.500  15.706  6.196 0.0000000000
31106  -30.059  13.957  5.319 0.0000000000
31107  -30.304  14.130  4.519 0.0000000000
31108  -30.511  14.382  3.764 0.0000000000
31109  -30.745  14.664  3.008 0.0000000000
31110  -31.048  14.937  2.284 0.0000000000
31111  -30.615  16.693  3.141 0.0000000000
32627  -34.972  12.285  -4.491 0.0000000000
32628  -35.302  10.777  -5.099 0.0000000000
32629  -35.632  9.277  -5.751 0.0000000000
32631  -35.634  9.860  -6.476 0.0000000000
33470  -36.666  -3.751  7.894 0.0000000000
33471  -36.878  -3.649  7.199 0.0000000000
33472  -35.383  -1.991  7.922 0.0000000000
33473  -34.175  -0.116  8.033 0.0000000000
33474  -33.228  2.022  8.176 0.0000000000
33478  -31.810  6.588  8.774 0.0000000000
33479  -31.060  8.668  8.953 0.0000000000
33480  -30.267  10.672  9.105 0.0000000000
38234  -37.200  -3.469  6.561 0.0000000000
38235  -37.413  -3.343  5.823 0.0000000000
38236  -37.551  -3.161  5.090 0.0000000000
38237  -34.744  0.088  5.982 0.0000000000
38238  -36.454  -1.501  5.235 0.0000000000
38239  -37.722  -2.958  4.313 0.0000000000
38243  -31.322  9.432  6.800 0.0000000000
38244  -32.494  7.361  6.055 0.0000000000
38245  -33.588  4.956  5.171 0.0000000000
38246  -32.876  7.672  4.661 0.0000000000
38247  -33.747  5.133  4.500 0.0000000000
38248  -34.305  2.595  4.123 0.0000000000
38249  -35.686  0.563  3.193 0.0000000000
38255  -37.196  1.201  0.405 0.0000000000
38263  -37.309  4.246  -2.766 0.0000000000
38264  -35.213  6.051  -1.011 0.0000000000
38265  -35.517  6.204  -1.715 0.0000000000
38266  -35.737  6.320  -2.398 0.0000000000
38267  -34.668  8.653  -2.297 0.0000000000
38268  -34.136  11.013  -2.360 0.0000000000
38269  -33.965  13.201  -2.407 0.0000000000
38270  -31.425  15.137  1.589 0.0000000000
38271  -31.907  15.313  0.975 0.0000000000
38272  -32.436  15.461  0.327 0.0000000000
38273  -31.362  18.964  1.135 0.0000000000
38274  -32.332  17.309  0.502 0.0000000000
38275  -32.977  15.516  -0.326 0.0000000000
38276  -33.407  15.486  -0.998 0.0000000000
38277  -33.778  15.350  -1.696 0.0000000000
38278  -34.082  15.252  -2.406 0.0000000000
38279  -33.640  17.059  -2.505 0.0000000000
41500  -36.619  -5.526  6.975 0.0000000000
41880  -34.260  12.055  -3.010 0.0000000000
41881  -34.521  11.329  -3.313 0.0000000000
41882  -34.413  12.368  -3.395 0.0000000000
43402  -30.692  10.005  8.327 0.0000000000
43403  -31.169  9.020  7.861 0.0000000000
43404  -30.720  10.094  7.927 0.0000000000
43405  -31.274  12.593  2.615 0.0000000000
43406  -31.681  11.481  2.683 0.0000000000
43407  -31.766  11.554  2.302 0.0000000000
43408  -32.346  10.483  2.020 0.0000000000
43409  -31.843  11.675  1.928 0.0000000000
43410  -31.955  11.788  1.583 0.0000000000
43411  -31.490  12.835  1.858 0.0000000000
46923  -36.141  6.920  -5.342 0.0000000000
46924  -36.469  5.961  -5.444 0.0000000000
46925  -36.302  6.275  -5.721 0.0000000000
46927  -36.238  6.566  -6.040 0.0000000000
51487  -33.791  1.037  7.435 0.0000000000
51488  -34.408  -0.003  7.013 0.0000000000
51489  -33.873  1.146  7.084 0.0000000000
51490  -33.983  2.482  5.132 0.0000000000
51491  -34.364  1.338  4.991 0.0000000000
51492  -34.498  1.323  4.631 0.0000000000
51493  -35.218  0.315  4.202 0.0000000000
51494  -34.619  1.404  4.290 0.0000000000
51495  -30.626  11.754  5.662 0.0000000000
51496  -31.036  10.773  5.704 0.0000000000
51497  -31.130  10.813  5.321 0.0000000000
51498  -34.565  4.051  2.586 0.0000000000
51499  -34.414  4.041  2.943 0.0000000000
51500  -34.960  2.813  2.419 0.0000000000
51501  -35.500  1.609  2.187 0.0000000000
51502  -35.717  1.756  1.890 0.0000000000
51503  -36.687  0.890  1.425 0.0000000000
51504  -35.830  1.865  1.578 0.0000000000
51505  -36.324  3.517  -0.349 0.0000000000
51506  -37.027  2.532  -0.498 0.0000000000
51507  -37.245  2.672  -0.848 0.0000000000
51509  -37.430  2.915  -1.138 0.0000000000
51510  -37.469  2.971  -1.527 0.0000000000
51511  -36.640  3.813  -0.989 0.0000000000
51512  -32.935  12.281  -0.423 0.0000000000
51513  -33.366  11.032  -0.712 0.0000000000
51514  -33.168  12.278  -0.753 0.0000000000
51515  -33.342  12.285  -1.083 0.0000000000
51516  -33.122  13.429  -0.767 0.0000000000
51518  -30.855  18.841  2.181 0.0000000000
51521  -31.319  19.593  -0.267 0.0000000000
51522  -31.490  19.482  -0.693 0.0000000000
51523  -32.152  18.874  -0.896 0.0000000000
51524  -31.571  19.487  -1.112 0.0000000000
56520  -35.424  7.550  -2.973 0.0000000000
56521  -35.928  6.885  -3.341 0.0000000000
56522  -35.384  7.946  -3.302 0.0000000000
56523  -35.073  9.852  -3.952 0.0000000000
56524  -35.353  8.761  -3.931 0.0000000000
56525  -35.366  9.105  -4.313 0.0000000000
56526  -35.655  8.335  -4.640 0.0000000000
56527  -35.335  9.399  -4.660 0.0000000000
61087  -32.338  5.711  8.024 0.0000000000
61088  -32.798  4.628  7.524 0.0000000000
61089  -32.427  5.800  7.674 0.0000000000
61090  -32.253  7.072  7.102 0.0000000000
61091  -32.645  5.979  7.018 0.0000000000
61092  -32.778  6.038  6.681 0.0000000000
61093  -33.248  4.934  6.233 0.0000000000
61094  -32.899  6.106  6.347 0.0000000000
61095  -30.936  12.127  4.153 0.0000000000
61096  -31.356  11.047  4.183 0.0000000000
61097  -31.411  11.191  3.808 0.0000000000
61098  -32.693  9.070  2.775 0.0000000000
61099  -32.656  8.998  3.138 0.0000000000
61100  -33.210  7.837  2.767 0.0000000000
61101  -33.710  6.687  2.810 0.0000000000
61102  -33.709  6.691  2.435 0.0000000000
61103  -34.235  5.447  2.036 0.0000000000
61104  -33.746  6.741  2.072 0.0000000000
61105  -33.401  8.105  1.418 0.0000000000
61106  -33.879  6.783  1.381 0.0000000000
61107  -33.957  6.844  1.026 0.0000000000
61108  -34.628  5.646  0.609 0.0000000000
61109  -34.031  6.885  0.685 0.0000000000
61110  -34.076  6.997  0.356 0.0000000000
61111  -33.584  8.199  0.698 0.0000000000
61112  -32.238  11.938  0.890 0.0000000000
61113  -32.721  10.821  0.639 0.0000000000
61114  -32.395  12.013  0.537 0.0000000000
61115  -32.570  12.068  0.206 0.0000000000
61116  -32.198  13.206  0.491 0.0000000000
63720  -34.268  16.103  -3.171 0.0000000000
68287  -29.374  13.811  8.567 0.0000000000
68288  -29.638  13.040  8.104 0.0000000000
68289  -29.389  13.993  8.182 0.0000000000
68290  -29.277  15.247  7.422 0.0000000000
68291  -29.478  14.249  7.360 0.0000000000
68292  -29.548  14.362  6.949 0.0000000000
68293  -29.855  13.519  6.469 0.0000000000
68294  -29.622  14.510  6.538 0.0000000000
68298  -29.442  16.881  5.832 0.0000000000
68299  -29.319  16.762  6.249 0.0000000000
68300  -29.593  15.837  5.788 0.0000000000
68301  -29.765  14.823  5.748 0.0000000000
68302  -29.855  14.982  5.358 0.0000000000
68303  -30.177  14.043  4.923 0.0000000000
68304  -29.985  15.073  4.954 0.0000000000
68305  -30.141  16.329  4.247 0.0000000000
68306  -30.251  15.294  4.190 0.0000000000
68307  -30.376  15.440  3.832 0.0000000000
68308  -30.601  14.551  3.404 0.0000000000
68309  -30.523  15.579  3.458 0.0000000000
68310  -30.689  15.650  3.068 0.0000000000
68311  -30.470  16.580  3.505 0.0000000000
71648  -36.743  5.550  -4.219 0.0000000000
71663  -34.935  14.100  -4.200 0.0000000000
71664  -34.835  13.043  -4.162 0.0000000000
71665  -35.095  13.351  -4.552 0.0000000000
71666  -35.532  12.153  -5.561 0.0000000000
71667  -35.319  11.778  -5.188 0.0000000000
71668  -35.428  11.059  -5.501 0.0000000000
71669  -35.466  10.033  -5.425 0.0000000000
71670  -35.528  10.363  -5.827 0.0000000000
73662  -35.868  -3.087  8.610 0.0000000000
73663  -36.555  -3.920  8.228 0.0000000000
73664  -35.991  -2.933  8.279 0.0000000000
73665  -36.087  -2.878  7.925 0.0000000000
73666  -35.269  -2.091  8.260 0.0000000000
73670  -33.660  0.941  8.089 0.0000000000
73683  -31.022  8.543  9.282 0.0000000000
73684  -30.690  9.529  9.352 0.0000000000
73685  -30.659  9.675  9.028 0.0000000000
73686  -30.332  10.511  9.433 0.0000000000
85342  -36.347  -2.774  7.245 0.0000000000
85343  -37.071  -3.586  6.888 0.0000000000
85344  -36.549  -2.743  6.896 0.0000000000
85345  -36.098  -1.720  6.293 0.0000000000
85346  -36.795  -2.567  6.253 0.0000000000
85347  -36.904  -2.467  5.898 0.0000000000
85348  -37.484  -3.265  5.460 0.0000000000
85349  -37.086  -2.415  5.576 0.0000000000
85350  -33.601  2.286  6.504 0.0000000000
85351  -34.049  1.178  6.392 0.0000000000
85352  -34.133  1.152  6.025 0.0000000000
85353  -35.766  -0.613  4.881 0.0000000000
85354  -35.665  -0.733  5.225 0.0000000000
85355  -36.590  -1.412  4.894 0.0000000000
85356  -37.325  -2.182  4.881 0.0000000000
85357  -37.454  -2.120  4.464 0.0000000000
85365  -30.423  11.279  7.189 0.0000000000
85366  -30.850  10.277  7.177 0.0000000000
85367  -30.863  10.418  6.788 0.0000000000
85368  -32.037  8.599  5.720 0.0000000000
85369  -31.886  8.558  6.078 0.0000000000
85370  -32.563  7.454  5.708 0.0000000000
85371  -33.124  6.202  5.651 0.0000000000
85372  -33.223  6.207  5.300 0.0000000000
85373  -32.427  8.855  4.259 0.0000000000
85374  -32.340  8.772  4.613 0.0000000000
85375  -32.978  7.706  4.277 0.0000000000
85376  -34.234  3.944  3.650 0.0000000000
85377  -33.863  5.173  4.140 0.0000000000
85378  -34.121  3.854  3.980 0.0000000000
85379  -34.016  3.842  4.325 0.0000000000
85380  -34.385  2.607  3.771 0.0000000000
85381  -34.852  1.481  3.642 0.0000000000
85382  -35.046  1.418  3.252 0.0000000000
85383  -37.260  -0.121  2.099 0.0000000000
85384  -37.038  -0.191  2.461 0.0000000000
85395  -35.529  3.116  1.043 0.0000000000
85396  -36.222  2.039  0.867 0.0000000000
85397  -36.436  2.123  0.511 0.0000000000
85412  -37.691  3.151  -2.238 0.0000000000
85414  -37.713  3.230  -2.585 0.0000000000
85416  -37.182  4.174  -2.396 0.0000000000
85417  -34.335  7.127  -0.298 0.0000000000
85418  -35.145  5.964  -0.703 0.0000000000
85419  -34.462  7.207  -0.630 0.0000000000
85420  -34.251  8.501  -1.325 0.0000000000
85421  -34.734  7.271  -1.325 0.0000000000
85422  -34.881  7.356  -1.676 0.0000000000
85423  -35.604  6.283  -2.039 0.0000000000
85424  -34.956  7.397  -2.007 0.0000000000
85425  -35.090  7.462  -2.330 0.0000000000
85426  -34.533  8.643  -1.966 0.0000000000
85427  -33.696  12.241  -1.749 0.0000000000
85428  -33.984  11.048  -2.032 0.0000000000
85429  -33.852  12.220  -2.077 0.0000000000
85430  -33.997  12.122  -2.389 0.0000000000
85431  -33.838  13.323  -2.108 0.0000000000
85432  -30.984  15.898  2.398 0.0000000000
85433  -31.214  15.006  1.943 0.0000000000
85434  -31.178  16.019  2.053 0.0000000000
85435  -31.572  17.052  1.516 0.0000000000
85436  -31.664  16.179  1.433 0.0000000000
85437  -31.907  16.247  1.102 0.0000000000
85438  -32.155  15.434  0.663 0.0000000000
85439  -32.188  16.310  0.778 0.0000000000
85443  -32.284  18.156  0.069 0.0000000000
85444  -32.084  18.133  0.458 0.0000000000
85445  -32.553  17.317  0.110 0.0000000000
85446  -32.708  16.465  0.080 0.0000000000
85447  -32.934  16.472  -0.253 0.0000000000
85448  -33.193  15.532  -0.659 0.0000000000
85449  -33.135  16.471  -0.614 0.0000000000
85450  -33.338  17.255  -1.354 0.0000000000
85451  -33.530  16.338  -1.336 0.0000000000
85452  -33.705  16.286  -1.711 0.0000000000
85453  -33.907  15.314  -2.060 0.0000000000
85454  -33.837  16.236  -2.068 0.0000000000
85455  -33.967  16.189  -2.418 0.0000000000
85456  -33.548  17.148  -2.126 0.0000000000
85458  -32.388  18.661  -2.464 0.0000000000
93816  -34.697  9.895  -2.940 0.0000000000
93817  -35.022  9.191  -3.279 0.0000000000
93818  -34.734  10.304  -3.272 0.0000000000
93819  -34.789  10.594  -3.623 0.0000000000
93820  -34.813  10.914  -4.021 0.0000000000
96556  -31.498  7.929  8.202 0.0000000000
96557  -32.001  6.961  7.782 0.0000000000
96558  -31.561  8.044  7.844 0.0000000000
96559  -31.667  8.073  7.481 0.0000000000
96560  -31.747  8.187  7.128 0.0000000000
96561  -31.127  12.306  3.380 0.0000000000
96562  -31.532  11.246  3.436 0.0000000000
96563  -31.610  11.346  3.079 0.0000000000
96564  -32.164  10.314  2.745 0.0000000000
96565  -32.780  9.113  2.424 0.0000000000
96566  -33.318  7.931  2.091 0.0000000000
96567  -32.846  9.236  2.078 0.0000000000
96568  -32.899  9.365  1.777 0.0000000000
96569  -32.941  9.460  1.406 0.0000000000
96570  -33.044  9.549  1.056 0.0000000000
96571  -32.495  10.703  1.342 0.0000000000
96572  -32.043  11.883  1.218 0.0000000000
96573  -31.777  13.093  1.163 0.0000000000
100877  -29.177  14.983  8.260 0.0000000000
100878  -29.003  15.954  8.325 0.0000000000
100879  -29.040  16.106  7.898 0.0000000000
100884  -29.300  17.886  5.879 0.0000000000
100885  -29.563  16.987  5.425 0.0000000000
100886  -29.832  16.090  4.989 0.0000000000
100890  -30.201  17.472  3.974 0.0000000000
102893  -36.344  6.267  -4.758 0.0000000000
102895  -36.585  5.648  -5.113 0.0000000000
102903  -35.344  13.645  -4.909 0.0000000000
102905  -35.627  13.137  -5.703 0.0000000000
102906  -35.617  12.361  -5.997 0.0000000000
111109  -34.961  -1.041  7.283 0.0000000000
111110  -35.849  -1.906  6.898 0.0000000000
111111  -35.067  -1.032  6.939 0.0000000000
111112  -35.211  -0.924  6.639 0.0000000000
111113  -35.286  -0.860  6.313 0.0000000000
111114  -33.772  2.371  5.833 0.0000000000
111115  -34.200  1.198  5.681 0.0000000000
111116  -34.275  1.337  5.360 0.0000000000
111117  -34.996  0.264  4.899 0.0000000000
111118  -35.927  -0.563  4.530 0.0000000000
111119  -36.936  -1.278  4.195 0.0000000000
111120  -36.101  -0.517  4.181 0.0000000000
111121  -36.242  -0.422  3.852 0.0000000000
111122  -36.404  -0.334  3.540 0.0000000000
111123  -30.484  11.534  6.428 0.0000000000
111124  -30.912  10.542  6.426 0.0000000000
111125  -30.984  10.660  6.053 0.0000000000
111126  -31.543  9.682  5.713 0.0000000000
111127  -32.172  8.651  5.356 0.0000000000
111128  -33.678  6.511  3.520 0.0000000000
111129  -33.578  6.519  3.884 0.0000000000
111130  -34.031  5.257  3.445 0.0000000000
111131  -34.339  3.995  3.309 0.0000000000
111132  -34.660  2.721  3.115 0.0000000000
111133  -35.234  1.527  2.924 0.0000000000
111134  -35.360  1.604  2.573 0.0000000000
111135  -36.388  0.714  2.148 0.0000000000
111136  -37.412  -0.033  1.710 0.0000000000
111138  -37.529  0.041  1.320 0.0000000000
111141  -35.884  3.374  0.362 0.0000000000
111142  -36.633  2.300  0.197 0.0000000000
111143  -36.764  2.400  -0.159 0.0000000000
111144  -37.615  1.586  -0.659 0.0000000000
111152  -37.601  3.061  -1.902 0.0000000000
111153  -36.931  4.048  -1.674 0.0000000000
111154  -33.530  9.686  -0.332 0.0000000000
111155  -33.992  8.467  -0.627 0.0000000000
111156  -33.694  9.675  -0.657 0.0000000000
111157  -33.775  9.723  -0.996 0.0000000000
111158  -33.895  9.819  -1.328 0.0000000000
111159  -34.042  9.841  -1.665 0.0000000000
111160  -33.634  11.098  -1.371 0.0000000000
111161  -33.500  12.273  -1.444 0.0000000000
111162  -33.517  13.355  -1.461 0.0000000000
111163  -30.831  17.818  2.533 0.0000000000
111164  -31.116  16.943  2.155 0.0000000000
111165  -31.003  17.897  2.194 0.0000000000
111166  -31.219  17.952  1.893 0.0000000000
111167  -31.407  18.025  1.543 0.0000000000
111169  -31.080  19.695  0.597 0.0000000000
111170  -31.198  19.683  0.179 0.0000000000
111171  -31.832  18.962  -0.039 0.0000000000
111172  -32.430  18.156  -0.335 0.0000000000
111173  -32.962  17.356  -0.627 0.0000000000
111174  -32.627  18.138  -0.742 0.0000000000
111175  -32.768  18.107  -1.118 0.0000000000
111176  -32.877  18.068  -1.486 0.0000000000
111177  -32.948  17.998  -1.893 0.0000000000
119064  -36.714  5.326  -3.227 0.0000000000
119065  -37.060  4.819  -3.670 0.0000000000
119066  -36.553  5.829  -3.500 0.0000000000
119067  -36.404  6.239  -3.760 0.0000000000
119068  -36.249  6.602  -4.076 0.0000000000
119069  -35.352  8.413  -3.595 0.0000000000
119070  -35.752  7.664  -3.974 0.0000000000
119071  -36.118  6.946  -4.371 0.0000000000
119072  -35.992  7.229  -4.659 0.0000000000
119073  -35.917  7.590  -4.978 0.0000000000
119074  -35.873  7.947  -5.321 0.0000000000
125458  -33.004  3.393  7.679 0.0000000000
125459  -33.442  2.306  7.203 0.0000000000
125460  -33.091  3.461  7.363 0.0000000000
125461  -33.203  3.503  7.016 0.0000000000
125462  -33.337  3.472  6.695 0.0000000000
125463  -32.564  5.835  7.342 0.0000000000
125464  -32.991  4.807  6.884 0.0000000000
125465  -33.406  3.567  6.372 0.0000000000
125466  -33.518  3.681  6.052 0.0000000000
125467  -33.595  3.742  5.709 0.0000000000
125468  -33.705  3.706  5.324 0.0000000000
125469  -30.772  11.937  4.888 0.0000000000
125470  -31.166  10.921  4.944 0.0000000000
125471  -31.268  10.976  4.550 0.0000000000
125472  -31.849  9.971  4.209 0.0000000000
125473  -32.512  8.909  3.896 0.0000000000
125474  -32.030  10.138  3.483 0.0000000000
125475  -32.606  8.940  3.514 0.0000000000
125476  -33.218  7.749  3.545 0.0000000000
125477  -33.713  6.614  3.169 0.0000000000
125478  -34.164  5.366  2.728 0.0000000000
125479  -34.662  4.092  2.246 0.0000000000
125480  -35.246  2.969  1.761 0.0000000000
125481  -34.736  4.170  1.920 0.0000000000
125482  -34.827  4.242  1.577 0.0000000000
125483  -34.952  4.296  1.228 0.0000000000
125484  -33.815  6.768  1.726 0.0000000000
125485  -34.428  5.563  1.354 0.0000000000
125486  -35.087  4.414  0.869 0.0000000000
125487  -35.198  4.475  0.514 0.0000000000
125488  -35.423  4.533  0.196 0.0000000000
125489  -35.590  4.647  -0.135 0.0000000000
125490  -35.742  4.693  -0.503 0.0000000000
125491  -34.838  5.812  -0.038 0.0000000000
125492  -34.222  7.045  0.004 0.0000000000
125493  -33.765  8.289  0.014 0.0000000000
125494  -33.166  9.563  0.676 0.0000000000
125495  -33.254  9.599  0.338 0.0000000000
125496  -33.357  9.635  0.020 0.0000000000
125497  -33.040  10.933  -0.071 0.0000000000
125498  -32.767  12.174  -0.106 0.0000000000
125499  -32.614  13.358  -0.124 0.0000000000
129096  -34.386  14.154  -3.121 0.0000000000
129097  -34.492  13.436  -3.452 0.0000000000
129098  -34.588  14.540  -3.473 0.0000000000
129099  -34.749  14.802  -3.849 0.0000000000
129100  -34.905  15.058  -4.242 0.0000000000
134881  -29.980  11.934  8.414 0.0000000000
134882  -30.341  11.096  7.987 0.0000000000
134883  -30.005  12.053  8.037 0.0000000000
134884  -30.012  12.193  7.648 0.0000000000
134885  -30.031  12.277  7.245 0.0000000000
134886  -29.423  14.138  7.774 0.0000000000
134887  -29.723  13.253  7.302 0.0000000000
134888  -30.081  12.396  6.840 0.0000000000
134889  -30.137  12.533  6.426 0.0000000000
134890  -30.192  12.664  6.050 0.0000000000
134891  -30.287  12.764  5.667 0.0000000000
134898  -29.699  14.668  6.144 0.0000000000
134899  -30.000  13.804  5.703 0.0000000000
134900  -30.356  12.835  5.266 0.0000000000
134901  -30.454  12.955  4.881 0.0000000000
134902  -30.535  13.082  4.512 0.0000000000
134903  -30.603  13.211  4.127 0.0000000000
134904  -30.124  15.174  4.546 0.0000000000
134905  -30.384  14.251  4.135 0.0000000000
134906  -30.726  13.297  3.729 0.0000000000
134907  -30.814  13.438  3.329 0.0000000000
134908  -30.917  13.586  2.975 0.0000000000
134909  -31.008  13.730  2.591 0.0000000000
134910  -31.134  13.853  2.228 0.0000000000
134911  -30.902  14.768  2.639 0.0000000000
134912  -30.826  15.762  2.722 0.0000000000
134913  -30.746  16.744  2.818 0.0000000000
134914  -30.374  17.626  3.575 0.0000000000
134915  -30.514  17.688  3.204 0.0000000000
134916  -30.665  17.727  2.880 0.0000000000
139109  -34.603  12.693  -3.778 0.0000000000
139110  -34.740  11.955  -4.092 0.0000000000
139111  -34.944  11.220  -4.405 0.0000000000
139112  -35.201  12.529  -4.876 0.0000000000
139113  -35.129  11.528  -4.805 0.0000000000
139114  -35.168  10.489  -4.718 0.0000000000
139115  -35.399  9.766  -5.032 0.0000000000
139116  -35.628  8.993  -5.360 0.0000000000
139117  -35.832  8.254  -5.684 0.0000000000
139120  -35.613  11.592  -6.291 0.0000000000
139122  -35.613  10.846  -6.586 0.0000000000
139123  -35.591  10.613  -6.161 0.0000000000
139124  -35.641  9.555  -6.115 0.0000000000
141553  -36.912  -4.753  7.710 0.0000000000
141554  -36.949  -4.592  7.340 0.0000000000
141555  -37.069  -4.513  7.024 0.0000000000
141556  -36.815  -3.694  7.559 0.0000000000
141557  -36.205  -2.811  7.570 0.0000000000
141558  -35.457  -1.937  7.579 0.0000000000
141560  -34.722  -1.074  7.964 0.0000000000
141561  -34.828  -1.053  7.618 0.0000000000
141562  -34.271  -0.103  7.685 0.0000000000
141563  -33.712  0.960  7.759 0.0000000000
141564  -33.301  2.116  7.851 0.0000000000
141572  -32.883  3.131  8.297 0.0000000000
141573  -32.949  3.260  7.983 0.0000000000
141575  -32.264  5.609  8.332 0.0000000000
141576  -31.849  6.754  8.487 0.0000000000
141577  -31.384  7.510  9.188 0.0000000000
141578  -31.387  7.727  8.894 0.0000000000
141579  -31.457  7.793  8.565 0.0000000000
141580  -31.083  8.782  8.600 0.0000000000
141581  -30.652  9.880  8.690 0.0000000000
141582  -30.300  10.830  8.752 0.0000000000
141609  -29.969  11.776  8.808 0.0000000000
141610  -29.664  12.718  8.867 0.0000000000
141611  -29.401  13.681  8.932 0.0000000000
155660  -37.202  -4.427  6.686 0.0000000000
155661  -37.279  -4.296  6.350 0.0000000000
155662  -37.385  -4.250  5.991 0.0000000000
155663  -36.740  -2.654  6.601 0.0000000000
155664  -37.255  -3.416  6.170 0.0000000000
155665  -37.418  -4.168  5.596 0.0000000000
155666  -37.474  -4.080  5.210 0.0000000000
155667  -37.493  -4.007  4.837 0.0000000000
155668  -37.467  -3.898  4.433 0.0000000000
155669  -33.942  1.201  6.737 0.0000000000
155670  -34.617  0.129  6.335 0.0000000000
155671  -35.425  -0.814  5.991 0.0000000000
155672  -34.836  0.154  5.621 0.0000000000
155673  -35.560  -0.771  5.600 0.0000000000
155674  -36.316  -1.589  5.595 0.0000000000
155675  -37.156  -2.318  5.208 0.0000000000
155676  -37.717  -3.039  4.743 0.0000000000
155687  -30.784  10.195  7.566 0.0000000000
155688  -31.284  9.263  7.165 0.0000000000
155689  -31.841  8.340  6.795 0.0000000000
155690  -31.351  9.527  6.434 0.0000000000
155691  -31.843  8.458  6.435 0.0000000000
155692  -32.462  7.258  6.414 0.0000000000
155693  -32.988  6.152  5.988 0.0000000000
155694  -33.449  4.958  5.514 0.0000000000
155695  -33.830  3.733  4.968 0.0000000000
155696  -31.718  9.782  4.978 0.0000000000
155697  -32.263  8.709  4.998 0.0000000000
155698  -32.812  7.554  4.998 0.0000000000
155699  -33.475  6.466  4.237 0.0000000000
155700  -33.425  6.403  4.613 0.0000000000
155701  -33.319  6.305  4.954 0.0000000000
155702  -33.673  5.034  4.854 0.0000000000
155703  -33.933  3.789  4.651 0.0000000000
155704  -34.216  2.567  4.445 0.0000000000
155705  -34.706  1.457  3.974 0.0000000000
155706  -35.528  0.523  3.572 0.0000000000
155707  -36.574  -0.213  3.209 0.0000000000
155708  -35.962  0.596  2.847 0.0000000000
155709  -36.801  -0.218  2.829 0.0000000000
155723  -36.068  1.950  1.221 0.0000000000
155724  -37.021  1.086  0.736 0.0000000000
155726  -37.363  1.325  0.055 0.0000000000
155749  -37.236  4.307  -3.087 0.0000000000
155750  -35.943  4.811  -0.843 0.0000000000
155751  -36.064  4.954  -1.168 0.0000000000
155752  -36.172  5.066  -1.488 0.0000000000
155753  -34.555  7.228  -0.968 0.0000000000
155754  -35.417  6.125  -1.373 0.0000000000
155755  -36.330  5.099  -1.841 0.0000000000
155756  -36.420  5.190  -2.192 0.0000000000
155757  -36.563  5.261  -2.523 0.0000000000
155758  -36.618  5.292  -2.872 0.0000000000
155759  -35.793  6.346  -2.728 0.0000000000
155760  -35.215  7.474  -2.670 0.0000000000
155761  -34.818  8.657  -2.633 0.0000000000
155762  -34.216  9.846  -1.990 0.0000000000
155763  -34.371  9.812  -2.321 0.0000000000
155764  -34.536  9.846  -2.623 0.0000000000
155765  -34.305  11.004  -2.646 0.0000000000
155766  -34.122  12.077  -2.687 0.0000000000
155767  -34.099  13.149  -2.725 0.0000000000
155768  -31.290  13.937  1.877 0.0000000000
155769  -31.428  14.059  1.518 0.0000000000
155770  -31.653  14.193  1.188 0.0000000000
155771  -31.404  16.073  1.721 0.0000000000
155772  -31.635  15.229  1.283 0.0000000000
155773  -31.885  14.277  0.847 0.0000000000
155774  -32.137  14.359  0.525 0.0000000000
155775  -32.366  14.416  0.226 0.0000000000
155776  -32.627  14.475  -0.110 0.0000000000
155778  -31.190  18.966  1.490 0.0000000000
155779  -31.623  18.061  1.203 0.0000000000
155780  -31.546  18.988  0.770 0.0000000000
155781  -31.849  18.121  0.838 0.0000000000
155782  -32.070  17.212  0.837 0.0000000000
155783  -32.465  16.401  0.433 0.0000000000
155784  -32.745  15.526  -0.009 0.0000000000
155785  -32.917  14.488  -0.415 0.0000000000
155786  -33.183  14.555  -0.740 0.0000000000
155787  -33.390  14.534  -1.082 0.0000000000
155788  -33.562  14.428  -1.409 0.0000000000
155789  -33.358  16.401  -0.969 0.0000000000
155790  -33.587  15.396  -1.358 0.0000000000
155791  -33.729  14.382  -1.752 0.0000000000
155792  -33.876  14.364  -2.086 0.0000000000
155793  -34.010  14.286  -2.406 0.0000000000
155794  -34.185  14.188  -2.761 0.0000000000
155795  -34.250  15.174  -2.779 0.0000000000
155796  -34.167  16.149  -2.789 0.0000000000
155797  -33.768  17.019  -2.884 0.0000000000
155798  -33.011  17.928  -2.270 0.0000000000
155799  -33.114  17.859  -2.673 0.0000000000
