#!ascii label  , from subject fsaverage vox2ras=TkReg
791
117  -30.078  23.344  -20.138 0.0000000000
322  -20.038  24.736  -16.316 0.0000000000
515  -24.473  32.185  -9.889 0.0000000000
516  -18.109  35.403  -18.704 0.0000000000
802  -17.291  25.931  -21.831 0.0000000000
803  -18.281  20.150  -20.375 0.0000000000
1131  -20.099  34.166  -13.412 0.0000000000
1732  -25.031  23.983  -15.719 0.0000000000
1733  -26.852  19.088  -22.376 0.0000000000
1734  -22.592  19.993  -18.046 0.0000000000
2187  -27.502  28.593  -14.355 0.0000000000
2188  -21.504  28.582  -12.517 0.0000000000
2189  -19.339  30.143  -17.529 0.0000000000
3847  -22.112  24.115  -14.849 0.0000000000
3848  -23.829  22.119  -16.982 0.0000000000
3849  -21.133  22.113  -16.335 0.0000000000
3851  -18.660  17.064  -20.298 0.0000000000
4829  -28.971  30.340  -13.616 0.0000000000
4830  -25.817  30.271  -11.635 0.0000000000
4831  -24.303  28.464  -12.624 0.0000000000
4832  -22.614  30.637  -11.129 0.0000000000
4833  -19.920  34.829  -16.523 0.0000000000
4834  -19.523  32.198  -15.460 0.0000000000
4835  -19.292  32.924  -18.552 0.0000000000
4836  -18.545  30.829  -20.744 0.0000000000
4837  -17.538  33.609  -21.093 0.0000000000
6052  -19.097  25.527  -19.360 0.0000000000
6053  -19.220  22.735  -18.150 0.0000000000
6054  -17.990  23.241  -21.093 0.0000000000
6055  -16.689  20.356  -22.008 0.0000000000
6642  -23.722  34.649  -9.451 0.0000000000
6643  -21.619  33.106  -10.764 0.0000000000
6644  -21.710  35.669  -11.505 0.0000000000
6645  -21.048  36.523  -14.469 0.0000000000
7882  -27.441  24.303  -18.590 0.0000000000
7883  -28.623  21.367  -21.488 0.0000000000
7884  -26.160  22.273  -19.518 0.0000000000
7885  -24.841  20.075  -20.325 0.0000000000
7886  -23.344  17.804  -20.335 0.0000000000
7887  -19.798  19.786  -17.928 0.0000000000
7888  -20.990  17.419  -19.041 0.0000000000
9123  -29.161  26.383  -17.865 0.0000000000
9124  -26.436  26.381  -15.200 0.0000000000
9125  -23.353  26.116  -13.536 0.0000000000
9126  -20.740  26.446  -14.121 0.0000000000
9127  -20.236  31.360  -12.519 0.0000000000
9128  -19.653  29.236  -14.395 0.0000000000
9129  -19.523  27.368  -16.652 0.0000000000
9130  -18.844  27.983  -20.042 0.0000000000
9131  -16.943  28.469  -22.256 0.0000000000
11527  -20.907  24.366  -15.347 0.0000000000
11528  -21.722  23.169  -15.668 0.0000000000
11529  -20.523  23.404  -16.150 0.0000000000
12506  -25.591  32.961  -9.383 0.0000000000
12507  -27.295  32.597  -9.869 0.0000000000
12508  -26.199  31.871  -10.234 0.0000000000
12509  -26.827  31.018  -11.270 0.0000000000
12510  -25.155  31.160  -10.623 0.0000000000
12511  -24.185  30.375  -11.158 0.0000000000
12512  -23.516  31.483  -10.509 0.0000000000
12513  -19.152  35.099  -17.600 0.0000000000
12514  -19.535  33.898  -17.534 0.0000000000
12515  -18.769  34.172  -18.674 0.0000000000
12516  -18.531  33.307  -19.906 0.0000000000
12517  -17.856  34.590  -19.970 0.0000000000
13927  -18.328  25.755  -20.848 0.0000000000
13928  -18.637  24.459  -20.300 0.0000000000
13929  -17.669  24.612  -21.485 0.0000000000
14911  -22.566  35.187  -10.337 0.0000000000
17302  -26.322  24.208  -16.995 0.0000000000
17303  -26.891  23.322  -19.154 0.0000000000
17304  -25.742  23.157  -17.601 0.0000000000
17305  -23.189  21.109  -17.548 0.0000000000
17306  -24.394  21.253  -18.706 0.0000000000
17307  -23.751  20.192  -19.085 0.0000000000
17308  -24.085  18.947  -20.369 0.0000000000
17309  -23.048  19.014  -19.332 0.0000000000
17310  -18.741  21.618  -19.246 0.0000000000
17311  -19.382  21.242  -17.887 0.0000000000
17312  -18.880  20.052  -18.994 0.0000000000
17313  -19.205  15.752  -20.289 0.0000000000
17314  -19.724  17.180  -19.384 0.0000000000
17315  -20.182  15.867  -19.795 0.0000000000
17316  -21.355  16.155  -19.806 0.0000000000
20246  -28.223  29.519  -13.907 0.0000000000
20247  -29.831  29.644  -15.369 0.0000000000
20248  -29.110  28.756  -15.728 0.0000000000
20249  -30.077  27.419  -17.311 0.0000000000
20250  -28.425  27.620  -16.165 0.0000000000
20251  -27.826  26.479  -16.589 0.0000000000
20252  -26.898  27.589  -14.888 0.0000000000
20253  -22.846  28.413  -12.362 0.0000000000
20254  -23.845  27.267  -13.086 0.0000000000
20255  -22.390  27.332  -12.917 0.0000000000
20256  -21.901  26.197  -13.492 0.0000000000
20257  -21.109  27.439  -13.275 0.0000000000
20258  -20.639  33.685  -11.886 0.0000000000
20259  -20.829  32.317  -11.595 0.0000000000
20260  -20.033  32.824  -12.894 0.0000000000
20261  -19.408  31.160  -16.382 0.0000000000
20262  -19.475  30.728  -14.818 0.0000000000
20263  -19.378  29.728  -15.865 0.0000000000
20264  -19.493  28.329  -15.443 0.0000000000
20265  -19.375  28.778  -17.015 0.0000000000
20266  -19.274  27.794  -18.327 0.0000000000
20267  -19.198  29.129  -18.739 0.0000000000
20268  -17.392  31.154  -21.917 0.0000000000
20269  -17.733  29.665  -21.673 0.0000000000
20270  -16.600  29.992  -22.442 0.0000000000
22050  -27.677  20.278  -21.955 0.0000000000
22051  -28.750  19.830  -22.387 0.0000000000
25357  -23.547  23.971  -14.965 0.0000000000
25358  -24.452  23.026  -16.345 0.0000000000
25359  -23.062  22.983  -15.656 0.0000000000
25360  -22.504  22.038  -16.368 0.0000000000
25361  -21.869  20.942  -16.968 0.0000000000
25362  -17.771  18.634  -21.261 0.0000000000
25363  -18.391  18.582  -20.233 0.0000000000
25365  -18.380  15.554  -21.050 0.0000000000
27125  -27.435  30.249  -12.450 0.0000000000
27126  -26.543  29.452  -12.839 0.0000000000
27127  -25.876  28.566  -13.379 0.0000000000
27128  -24.991  29.482  -12.133 0.0000000000
27129  -23.407  29.512  -11.768 0.0000000000
27130  -21.962  29.687  -11.814 0.0000000000
27131  -20.046  34.511  -15.017 0.0000000000
27132  -19.712  33.221  -14.441 0.0000000000
27133  -19.739  33.525  -16.052 0.0000000000
27134  -19.578  32.532  -17.045 0.0000000000
27135  -19.405  31.496  -18.063 0.0000000000
27136  -19.243  30.520  -19.226 0.0000000000
27137  -19.009  31.906  -19.640 0.0000000000
27138  -18.112  32.266  -20.998 0.0000000000
27139  -16.974  32.565  -21.995 0.0000000000
28206  -25.981  17.981  -22.558 0.0000000000
29482  -19.463  25.146  -17.639 0.0000000000
29483  -19.704  23.721  -17.227 0.0000000000
29484  -19.167  24.178  -18.687 0.0000000000
29485  -18.745  23.093  -19.750 0.0000000000
29486  -18.173  21.787  -20.716 0.0000000000
29487  -16.986  23.416  -21.868 0.0000000000
29488  -17.344  21.925  -21.656 0.0000000000
29489  -17.617  20.218  -21.439 0.0000000000
30858  -24.007  33.398  -9.496 0.0000000000
30859  -22.944  32.685  -10.125 0.0000000000
30860  -22.590  33.900  -10.020 0.0000000000
30861  -21.496  34.463  -11.017 0.0000000000
30862  -20.778  34.957  -12.367 0.0000000000
30864  -21.185  36.155  -12.945 0.0000000000
30865  -20.497  35.381  -13.942 0.0000000000
30866  -20.410  35.710  -15.520 0.0000000000
30867  -19.738  36.065  -16.730 0.0000000000
30868  -18.651  36.343  -17.531 0.0000000000
34012  -28.715  24.068  -19.643 0.0000000000
34013  -29.346  22.368  -20.855 0.0000000000
34014  -28.078  22.924  -20.235 0.0000000000
34015  -27.350  21.884  -20.733 0.0000000000
34016  -26.595  20.761  -21.134 0.0000000000
34017  -25.067  22.267  -18.094 0.0000000000
34018  -25.509  21.213  -19.978 0.0000000000
34019  -25.879  19.637  -21.435 0.0000000000
34020  -25.096  18.477  -21.559 0.0000000000
34021  -24.299  17.380  -21.399 0.0000000000
34023  -19.994  22.404  -16.958 0.0000000000
34024  -20.512  21.032  -17.055 0.0000000000
34025  -21.204  19.801  -17.605 0.0000000000
34026  -19.179  18.534  -19.114 0.0000000000
34027  -20.413  18.526  -18.391 0.0000000000
34028  -21.854  18.770  -18.454 0.0000000000
34029  -22.225  17.644  -19.473 0.0000000000
34030  -22.506  16.384  -20.248 0.0000000000
37584  -31.206  24.148  -19.461 0.0000000000
37610  -30.761  25.764  -18.451 0.0000000000
37611  -29.707  24.999  -19.048 0.0000000000
37612  -28.312  25.370  -18.283 0.0000000000
37613  -27.107  25.298  -16.866 0.0000000000
37614  -25.823  25.082  -15.411 0.0000000000
37615  -25.329  27.431  -13.791 0.0000000000
37616  -24.934  26.167  -14.149 0.0000000000
37617  -24.301  25.011  -14.495 0.0000000000
37618  -22.810  25.060  -14.106 0.0000000000
37619  -21.443  25.213  -14.314 0.0000000000
37620  -20.420  25.552  -15.113 0.0000000000
37621  -22.033  31.854  -10.831 0.0000000000
37622  -21.229  30.957  -11.554 0.0000000000
37623  -20.746  29.924  -12.384 0.0000000000
37624  -19.625  31.801  -13.843 0.0000000000
37625  -19.868  30.344  -13.431 0.0000000000
37626  -20.390  28.865  -13.229 0.0000000000
37627  -20.121  27.839  -14.170 0.0000000000
37628  -19.906  26.868  -15.171 0.0000000000
37629  -19.728  26.041  -16.402 0.0000000000
37630  -19.381  26.497  -17.963 0.0000000000
37631  -18.985  26.755  -19.643 0.0000000000
37632  -18.136  26.968  -21.203 0.0000000000
37633  -18.758  29.349  -20.467 0.0000000000
37634  -18.007  28.214  -21.427 0.0000000000
37709  -16.551  37.609  -20.686 0.0000000000
37710  -17.114  36.127  -20.258 0.0000000000
37711  -16.711  35.208  -21.345 0.0000000000
41649  -30.387  22.532  -20.648 0.0000000000
42247  -20.433  24.540  -15.777 0.0000000000
42248  -20.707  23.899  -15.750 0.0000000000
42249  -20.253  24.078  -16.200 0.0000000000
43226  -25.033  32.580  -9.639 0.0000000000
43227  -25.873  32.406  -9.771 0.0000000000
43228  -25.354  32.028  -9.973 0.0000000000
43229  -25.694  31.518  -10.422 0.0000000000
43230  -24.820  31.660  -10.247 0.0000000000
43231  -24.299  31.293  -10.512 0.0000000000
43232  -23.974  31.846  -10.206 0.0000000000
43233  -18.613  35.231  -18.119 0.0000000000
43234  -18.913  34.636  -18.102 0.0000000000
43235  -18.444  34.775  -18.681 0.0000000000
43236  -18.329  34.353  -19.306 0.0000000000
43237  -17.968  35.003  -19.358 0.0000000000
44647  -17.819  25.858  -21.413 0.0000000000
44648  -18.016  25.207  -21.187 0.0000000000
44649  -17.468  25.271  -21.640 0.0000000000
48022  -25.720  24.085  -16.333 0.0000000000
48023  -26.044  23.678  -17.306 0.0000000000
48024  -25.423  23.558  -16.639 0.0000000000
48025  -22.879  20.547  -17.827 0.0000000000
48026  -23.492  20.656  -18.327 0.0000000000
48027  -23.181  20.092  -18.511 0.0000000000
48028  -23.404  19.629  -19.213 0.0000000000
48029  -22.867  19.515  -18.681 0.0000000000
48030  -18.515  20.915  -19.822 0.0000000000
48031  -18.787  20.829  -19.074 0.0000000000
48032  -18.570  20.129  -19.672 0.0000000000
48034  -19.712  15.788  -19.951 0.0000000000
50966  -27.836  29.074  -14.112 0.0000000000
50967  -28.656  29.153  -14.802 0.0000000000
50968  -28.297  28.663  -14.986 0.0000000000
50969  -28.744  28.164  -15.959 0.0000000000
50970  -27.984  28.140  -15.267 0.0000000000
50971  -27.677  27.615  -15.491 0.0000000000
50972  -27.204  28.141  -14.637 0.0000000000
50973  -22.189  28.465  -12.405 0.0000000000
50974  -22.646  27.856  -12.650 0.0000000000
50975  -21.954  27.930  -12.711 0.0000000000
50976  -21.709  27.355  -12.997 0.0000000000
50977  -21.322  28.021  -12.895 0.0000000000
50978  -20.302  33.931  -12.608 0.0000000000
50979  -20.287  33.267  -12.365 0.0000000000
50980  -20.032  33.490  -13.150 0.0000000000
50981  -19.376  30.657  -16.924 0.0000000000
50982  -19.376  30.445  -16.096 0.0000000000
50983  -19.357  29.956  -16.673 0.0000000000
50984  -19.342  29.267  -16.419 0.0000000000
50985  -19.356  29.502  -17.317 0.0000000000
50986  -19.309  28.968  -17.855 0.0000000000
50987  -19.286  29.623  -18.100 0.0000000000
50988  -16.806  31.344  -22.309 0.0000000000
50989  -16.986  30.578  -22.219 0.0000000000
50990  -16.444  30.768  -22.514 0.0000000000
52770  -27.255  19.675  -22.172 0.0000000000
52771  -27.783  19.485  -22.476 0.0000000000
52772  -27.334  18.888  -22.679 0.0000000000
57622  -22.825  24.009  -14.833 0.0000000000
57623  -23.332  23.467  -15.316 0.0000000000
57624  -22.624  23.530  -15.216 0.0000000000
57625  -21.443  22.657  -16.002 0.0000000000
57626  -22.134  22.561  -15.964 0.0000000000
57627  -21.844  22.044  -16.285 0.0000000000
57628  -22.185  21.511  -16.679 0.0000000000
57629  -21.497  21.520  -16.615 0.0000000000
57630  -17.520  17.875  -21.531 0.0000000000
57631  -17.837  17.840  -21.167 0.0000000000
60566  -26.301  30.629  -11.433 0.0000000000
60567  -27.132  30.638  -11.811 0.0000000000
60568  -26.628  30.241  -12.000 0.0000000000
60569  -26.956  29.843  -12.613 0.0000000000
60570  -26.177  29.850  -12.191 0.0000000000
60571  -25.749  29.453  -12.432 0.0000000000
60572  -25.385  29.885  -11.876 0.0000000000
60573  -23.378  30.503  -11.092 0.0000000000
60574  -23.790  29.964  -11.468 0.0000000000
60575  -22.994  30.048  -11.397 0.0000000000
60576  -22.654  29.586  -11.730 0.0000000000
60577  -22.264  30.182  -11.449 0.0000000000
60578  -20.029  34.667  -15.796 0.0000000000
60579  -19.888  34.011  -15.524 0.0000000000
60580  -19.871  34.191  -16.326 0.0000000000
60581  -19.401  33.382  -18.013 0.0000000000
60582  -19.607  33.203  -17.331 0.0000000000
60583  -19.519  32.689  -17.813 0.0000000000
60584  -19.495  32.010  -17.535 0.0000000000
60585  -19.382  32.201  -18.335 0.0000000000
60586  -19.281  31.661  -18.895 0.0000000000
60587  -19.151  32.420  -19.107 0.0000000000
60588  -18.062  33.478  -20.514 0.0000000000
60589  -18.357  32.809  -20.458 0.0000000000
60590  -17.828  32.937  -21.075 0.0000000000
60591  -17.542  32.405  -21.605 0.0000000000
60592  -17.276  33.093  -21.581 0.0000000000
64822  -19.301  25.384  -18.506 0.0000000000
64823  -19.332  24.666  -18.160 0.0000000000
64824  -19.152  24.872  -19.006 0.0000000000
64825  -18.356  23.869  -20.734 0.0000000000
64826  -18.712  23.814  -20.045 0.0000000000
64827  -18.447  23.195  -20.488 0.0000000000
64828  -18.481  22.459  -20.213 0.0000000000
64829  -18.109  22.531  -20.874 0.0000000000
64834  -16.835  21.998  -21.928 0.0000000000
64835  -17.014  21.121  -21.872 0.0000000000
64836  -17.486  21.060  -21.558 0.0000000000
64837  -17.163  20.273  -21.765 0.0000000000
67766  -24.315  35.028  -9.104 0.0000000000
67770  -23.825  34.005  -9.411 0.0000000000
67771  -23.285  33.658  -9.712 0.0000000000
67772  -23.141  34.312  -9.756 0.0000000000
67773  -22.112  35.411  -10.899 0.0000000000
67774  -22.033  34.806  -10.665 0.0000000000
67775  -21.574  35.062  -11.243 0.0000000000
67776  -21.088  34.716  -11.666 0.0000000000
67777  -21.203  35.335  -11.913 0.0000000000
67783  -21.096  36.347  -13.671 0.0000000000
67784  -20.820  35.770  -13.412 0.0000000000
67785  -20.760  35.954  -14.204 0.0000000000
67786  -20.488  35.542  -14.734 0.0000000000
67787  -20.781  36.127  -14.994 0.0000000000
67789  -20.127  36.470  -16.282 0.0000000000
67790  -19.612  36.652  -16.653 0.0000000000
67791  -19.195  36.201  -17.101 0.0000000000
67792  -18.977  36.784  -16.982 0.0000000000
74947  -28.059  24.249  -19.188 0.0000000000
74948  -28.356  23.543  -19.905 0.0000000000
74949  -27.722  23.720  -19.492 0.0000000000
74950  -26.516  22.796  -19.317 0.0000000000
74951  -27.107  22.645  -19.996 0.0000000000
74952  -26.742  22.115  -20.181 0.0000000000
74953  -26.959  21.345  -20.937 0.0000000000
74954  -26.369  21.584  -20.378 0.0000000000
74955  -24.161  22.576  -16.663 0.0000000000
74956  -24.807  22.617  -17.212 0.0000000000
74957  -24.464  22.186  -17.478 0.0000000000
74958  -24.639  20.727  -19.586 0.0000000000
74959  -24.966  21.272  -19.352 0.0000000000
74960  -25.195  20.646  -20.189 0.0000000000
74961  -25.718  20.434  -20.774 0.0000000000
74962  -25.374  19.861  -20.897 0.0000000000
74963  -25.482  19.035  -21.533 0.0000000000
74964  -24.987  19.316  -20.955 0.0000000000
74965  -23.732  18.381  -20.371 0.0000000000
74966  -24.179  18.152  -20.909 0.0000000000
74967  -23.796  17.552  -20.868 0.0000000000
74968  -23.836  16.866  -21.182 0.0000000000
74969  -23.374  17.040  -20.692 0.0000000000
74970  -19.453  23.253  -17.653 0.0000000000
74971  -19.827  23.090  -17.048 0.0000000000
74972  -19.558  22.558  -17.482 0.0000000000
74973  -19.579  20.498  -17.876 0.0000000000
74974  -19.911  21.118  -17.382 0.0000000000
74975  -20.181  20.429  -17.447 0.0000000000
74976  -20.827  20.384  -17.241 0.0000000000
74977  -20.473  19.770  -17.667 0.0000000000
74978  -18.505  17.832  -20.220 0.0000000000
74979  -18.744  18.562  -19.661 0.0000000000
74980  -18.907  17.852  -19.697 0.0000000000
74981  -20.342  17.270  -19.132 0.0000000000
74982  -20.059  17.863  -18.825 0.0000000000
74983  -20.762  17.979  -18.697 0.0000000000
74984  -21.144  18.659  -18.278 0.0000000000
74985  -21.424  18.165  -18.725 0.0000000000
74986  -22.050  18.257  -18.986 0.0000000000
74987  -21.631  17.579  -19.147 0.0000000000
74989  -21.972  16.314  -19.981 0.0000000000
83786  -29.637  26.861  -17.607 0.0000000000
83787  -30.474  26.611  -17.919 0.0000000000
83788  -29.966  26.142  -18.195 0.0000000000
83789  -30.239  25.368  -18.751 0.0000000000
83790  -29.455  25.690  -18.472 0.0000000000
83791  -28.972  25.263  -18.782 0.0000000000
83792  -28.740  25.868  -18.071 0.0000000000
83793  -27.151  26.453  -15.844 0.0000000000
83794  -27.477  25.907  -16.740 0.0000000000
83795  -26.822  25.820  -15.956 0.0000000000
83796  -26.481  25.201  -16.071 0.0000000000
83797  -26.150  25.713  -15.302 0.0000000000
83798  -25.102  28.535  -12.962 0.0000000000
83799  -25.576  28.021  -13.634 0.0000000000
83800  -24.796  27.931  -13.190 0.0000000000
83801  -23.630  26.653  -13.297 0.0000000000
83802  -24.377  26.709  -13.583 0.0000000000
83803  -24.144  26.115  -13.783 0.0000000000
83804  -24.661  25.591  -14.297 0.0000000000
83805  -23.843  25.551  -13.958 0.0000000000
83806  -23.549  25.006  -14.241 0.0000000000
83807  -23.057  25.577  -13.771 0.0000000000
83808  -21.273  26.277  -13.753 0.0000000000
83809  -21.681  25.701  -13.899 0.0000000000
83810  -21.085  25.816  -14.175 0.0000000000
83811  -20.872  25.380  -14.636 0.0000000000
83812  -20.562  25.988  -14.566 0.0000000000
83813  -22.248  32.900  -10.384 0.0000000000
83814  -22.456  32.300  -10.458 0.0000000000
83815  -21.779  32.496  -10.780 0.0000000000
83816  -20.511  31.809  -12.040 0.0000000000
83817  -21.014  31.621  -11.556 0.0000000000
83818  -20.704  31.099  -11.977 0.0000000000
83819  -20.970  30.444  -11.987 0.0000000000
83820  -20.428  30.655  -12.419 0.0000000000
83821  -19.586  32.733  -14.946 0.0000000000
83822  -19.636  32.533  -14.146 0.0000000000
83823  -19.554  32.023  -14.643 0.0000000000
83824  -19.540  29.997  -14.596 0.0000000000
83825  -19.606  30.508  -14.100 0.0000000000
83826  -19.744  29.767  -13.903 0.0000000000
83827  -20.073  29.609  -13.265 0.0000000000
83828  -19.962  29.031  -13.763 0.0000000000
83829  -20.237  28.360  -13.680 0.0000000000
83830  -19.870  28.518  -14.256 0.0000000000
83831  -19.517  27.842  -16.035 0.0000000000
83832  -19.693  27.593  -15.298 0.0000000000
83833  -19.649  27.130  -15.887 0.0000000000
83834  -19.821  26.445  -15.774 0.0000000000
83835  -19.623  26.706  -16.541 0.0000000000
83836  -19.544  26.277  -17.188 0.0000000000
83837  -19.481  26.948  -17.320 0.0000000000
83838  -19.102  27.907  -19.186 0.0000000000
83839  -19.213  27.294  -18.976 0.0000000000
83840  -18.955  27.348  -19.846 0.0000000000
83841  -18.623  26.853  -20.464 0.0000000000
83842  -18.534  27.482  -20.669 0.0000000000
83843  -18.976  30.681  -20.031 0.0000000000
83844  -19.011  29.954  -19.835 0.0000000000
83845  -18.673  30.093  -20.620 0.0000000000
83846  -17.312  29.060  -22.041 0.0000000000
83847  -17.910  28.909  -21.557 0.0000000000
83848  -17.479  28.323  -21.904 0.0000000000
83849  -17.569  27.659  -21.794 0.0000000000
84036  -16.258  37.113  -21.195 0.0000000000
84037  -16.822  36.863  -20.463 0.0000000000
84038  -16.560  36.423  -21.038 0.0000000000
84039  -16.899  35.696  -20.856 0.0000000000
84040  -16.346  35.938  -21.476 0.0000000000
89190  -28.966  21.872  -21.181 0.0000000000
89191  -29.620  21.622  -21.379 0.0000000000
89192  -29.146  21.078  -21.709 0.0000000000
94477  -21.468  24.213  -15.047 0.0000000000
94478  -21.938  23.637  -15.278 0.0000000000
94479  -21.309  23.754  -15.470 0.0000000000
94480  -21.092  23.284  -15.830 0.0000000000
94481  -20.827  22.764  -16.196 0.0000000000
96240  -26.450  32.786  -9.574 0.0000000000
96241  -26.716  32.228  -10.043 0.0000000000
96242  -27.036  31.762  -10.587 0.0000000000
96243  -27.330  31.371  -11.116 0.0000000000
96244  -26.525  31.404  -10.736 0.0000000000
96245  -26.009  31.055  -10.918 0.0000000000
96246  -25.438  30.710  -11.098 0.0000000000
96247  -25.000  30.326  -11.345 0.0000000000
96248  -24.629  30.793  -10.905 0.0000000000
96249  -23.832  30.913  -10.801 0.0000000000
96250  -23.074  31.074  -10.790 0.0000000000
96251  -19.655  34.982  -17.114 0.0000000000
96252  -19.689  34.366  -17.014 0.0000000000
96253  -19.358  34.519  -17.593 0.0000000000
96254  -19.175  34.031  -18.080 0.0000000000
96255  -19.068  33.560  -18.654 0.0000000000
96256  -18.946  33.122  -19.250 0.0000000000
96257  -18.680  33.715  -19.274 0.0000000000
96258  -18.226  33.929  -19.917 0.0000000000
96259  -17.731  34.113  -20.530 0.0000000000
98797  -18.771  25.642  -20.156 0.0000000000
98798  -18.903  24.993  -19.849 0.0000000000
98799  -18.513  25.123  -20.593 0.0000000000
98800  -18.228  24.557  -20.992 0.0000000000
98801  -17.877  23.914  -21.288 0.0000000000
100566  -23.673  35.249  -9.512 0.0000000000
100567  -23.097  34.935  -9.852 0.0000000000
100576  -20.928  36.695  -15.235 0.0000000000
104872  -26.866  24.281  -17.836 0.0000000000
104873  -27.138  23.797  -18.875 0.0000000000
104874  -26.609  23.778  -18.080 0.0000000000
104875  -26.332  23.266  -18.335 0.0000000000
104876  -25.975  22.794  -18.559 0.0000000000
104877  -23.510  21.629  -17.271 0.0000000000
104878  -24.122  21.708  -17.768 0.0000000000
104879  -23.799  21.203  -18.067 0.0000000000
104880  -24.091  20.730  -18.936 0.0000000000
104881  -24.265  20.216  -19.688 0.0000000000
104882  -24.435  19.544  -20.342 0.0000000000
104883  -23.894  19.656  -19.743 0.0000000000
104884  -23.577  19.035  -19.829 0.0000000000
104885  -23.215  18.437  -19.862 0.0000000000
104886  -18.995  22.184  -18.652 0.0000000000
104887  -19.281  22.012  -17.951 0.0000000000
104888  -19.002  21.442  -18.490 0.0000000000
104889  -19.119  20.663  -18.420 0.0000000000
104890  -19.276  19.891  -18.381 0.0000000000
104891  -18.921  16.386  -20.277 0.0000000000
104892  -19.142  17.129  -19.780 0.0000000000
104893  -19.436  16.471  -19.869 0.0000000000
104894  -19.990  16.536  -19.576 0.0000000000
104895  -20.555  16.653  -19.394 0.0000000000
104896  -21.200  16.798  -19.370 0.0000000000
104897  -20.741  15.989  -19.734 0.0000000000
110170  -28.636  29.943  -13.813 0.0000000000
110171  -29.431  30.006  -14.485 0.0000000000
110172  -29.044  29.609  -14.657 0.0000000000
110173  -29.462  29.203  -15.542 0.0000000000
110174  -29.964  28.635  -16.397 0.0000000000
110175  -30.485  27.919  -17.084 0.0000000000
110176  -29.577  28.118  -16.596 0.0000000000
110177  -29.159  27.589  -16.882 0.0000000000
110178  -28.837  27.012  -17.065 0.0000000000
110179  -28.477  26.473  -17.331 0.0000000000
110180  -28.106  27.073  -16.385 0.0000000000
110181  -27.407  27.050  -15.682 0.0000000000
110182  -26.655  27.015  -15.069 0.0000000000
110183  -23.549  28.410  -12.431 0.0000000000
110184  -24.040  27.853  -12.851 0.0000000000
110185  -23.334  27.809  -12.670 0.0000000000
110186  -23.134  27.270  -12.951 0.0000000000
110187  -22.878  26.707  -13.160 0.0000000000
110188  -22.603  26.148  -13.434 0.0000000000
110189  -22.158  26.726  -13.186 0.0000000000
110190  -21.486  26.778  -13.385 0.0000000000
110191  -20.885  26.916  -13.708 0.0000000000
110192  -21.079  33.411  -11.275 0.0000000000
110193  -21.188  32.732  -11.189 0.0000000000
110194  -20.702  33.000  -11.689 0.0000000000
110195  -20.382  32.580  -12.188 0.0000000000
110196  -20.083  32.108  -12.662 0.0000000000
110197  -19.470  31.687  -15.920 0.0000000000
110198  -19.501  31.477  -15.140 0.0000000000
110199  -19.409  30.970  -15.548 0.0000000000
110200  -19.425  30.240  -15.327 0.0000000000
110201  -19.452  29.535  -15.101 0.0000000000
110202  -19.570  28.776  -14.927 0.0000000000
110203  -19.394  29.032  -15.634 0.0000000000
110204  -19.406  28.549  -16.199 0.0000000000
110205  -19.426  28.073  -16.817 0.0000000000
110206  -19.402  27.604  -17.486 0.0000000000
110207  -19.351  28.288  -17.627 0.0000000000
110208  -19.232  28.466  -18.521 0.0000000000
110209  -19.050  28.563  -19.416 0.0000000000
110210  -17.997  30.978  -21.379 0.0000000000
110211  -18.203  30.236  -21.260 0.0000000000
110212  -17.577  30.385  -21.812 0.0000000000
110213  -17.148  29.809  -22.105 0.0000000000
110214  -16.776  29.199  -22.348 0.0000000000
113418  -28.124  20.866  -21.715 0.0000000000
113419  -28.672  20.586  -21.985 0.0000000000
113420  -28.219  20.072  -22.229 0.0000000000
113421  -28.293  19.319  -22.634 0.0000000000
120607  -24.284  23.959  -15.262 0.0000000000
120608  -24.736  23.495  -15.992 0.0000000000
120609  -24.026  23.467  -15.582 0.0000000000
120610  -23.762  23.015  -15.876 0.0000000000
120611  -23.476  22.547  -16.235 0.0000000000
120612  -22.382  23.059  -15.616 0.0000000000
120613  -22.787  22.514  -16.022 0.0000000000
120614  -23.171  22.063  -16.613 0.0000000000
120615  -22.856  21.548  -16.902 0.0000000000
120616  -22.559  20.994  -17.173 0.0000000000
120617  -22.262  20.438  -17.464 0.0000000000
120618  -18.027  19.404  -20.875 0.0000000000
120619  -18.336  19.364  -20.293 0.0000000000
120620  -18.075  18.604  -20.771 0.0000000000
120621  -18.152  17.824  -20.710 0.0000000000
120622  -18.275  17.082  -20.701 0.0000000000
120624  -18.131  16.306  -21.104 0.0000000000
120625  -18.494  16.322  -20.708 0.0000000000
120626  -18.756  15.631  -20.640 0.0000000000
124730  -27.920  30.631  -12.315 0.0000000000
124731  -28.242  30.271  -13.012 0.0000000000
124732  -27.803  29.873  -13.169 0.0000000000
124733  -27.391  29.479  -13.339 0.0000000000
124734  -27.024  29.027  -13.552 0.0000000000
124735  -26.697  28.573  -13.841 0.0000000000
124736  -26.203  29.018  -13.096 0.0000000000
124737  -25.423  29.039  -12.716 0.0000000000
124738  -24.637  29.038  -12.407 0.0000000000
124739  -24.594  29.917  -11.633 0.0000000000
124740  -24.213  29.490  -11.903 0.0000000000
124741  -23.828  29.020  -12.173 0.0000000000
124742  -23.043  28.993  -12.038 0.0000000000
124743  -22.357  29.068  -12.064 0.0000000000
124744  -21.722  29.131  -12.216 0.0000000000
124745  -20.039  34.360  -14.209 0.0000000000
124746  -19.896  33.696  -13.947 0.0000000000
124747  -19.861  33.883  -14.730 0.0000000000
124748  -19.714  33.368  -15.240 0.0000000000
124749  -19.577  32.865  -15.766 0.0000000000
124750  -19.715  33.706  -16.841 0.0000000000
124751  -19.658  33.036  -16.584 0.0000000000
124752  -19.554  32.370  -16.259 0.0000000000
124753  -19.507  31.858  -16.734 0.0000000000
124754  -19.423  31.327  -17.241 0.0000000000
124755  -19.367  30.808  -17.811 0.0000000000
124756  -19.298  30.298  -18.391 0.0000000000
124757  -19.319  31.007  -18.653 0.0000000000
124758  -19.169  31.219  -19.439 0.0000000000
124759  -18.864  31.398  -20.188 0.0000000000
124760  -18.804  32.639  -19.821 0.0000000000
124761  -18.614  32.105  -20.337 0.0000000000
124762  -18.358  31.556  -20.894 0.0000000000
124763  -17.779  31.746  -21.505 0.0000000000
124764  -17.201  31.904  -21.973 0.0000000000
124765  -16.657  32.045  -22.316 0.0000000000
127254  -26.421  18.529  -22.524 0.0000000000
127255  -26.867  18.290  -22.815 0.0000000000
130492  -19.718  24.936  -16.937 0.0000000000
130493  -19.878  24.248  -16.772 0.0000000000
130494  -19.573  24.443  -17.418 0.0000000000
130495  -19.379  23.969  -17.927 0.0000000000
130496  -19.158  23.472  -18.412 0.0000000000
130497  -18.946  24.338  -19.506 0.0000000000
130498  -18.967  23.674  -19.251 0.0000000000
130499  -18.969  22.921  -18.919 0.0000000000
130500  -18.756  22.345  -19.447 0.0000000000
130501  -18.501  21.729  -20.038 0.0000000000
130502  -18.241  20.949  -20.566 0.0000000000
130503  -17.122  24.707  -21.824 0.0000000000
130504  -17.320  24.027  -21.699 0.0000000000
130505  -17.484  23.311  -21.566 0.0000000000
130507  -17.149  22.672  -21.803 0.0000000000
130508  -17.643  22.602  -21.411 0.0000000000
130509  -17.792  21.848  -21.253 0.0000000000
130510  -17.917  21.016  -21.124 0.0000000000
130511  -17.976  20.168  -20.988 0.0000000000
130512  -17.702  19.380  -21.358 0.0000000000
130513  -17.444  18.629  -21.613 0.0000000000
134225  -24.783  33.156  -9.366 0.0000000000
134226  -24.219  32.775  -9.653 0.0000000000
134227  -23.690  32.441  -9.961 0.0000000000
134228  -23.471  33.051  -9.782 0.0000000000
134229  -22.745  33.280  -10.028 0.0000000000
134230  -22.111  33.516  -10.389 0.0000000000
134231  -22.552  34.562  -10.171 0.0000000000
134232  -21.991  34.193  -10.454 0.0000000000
134233  -21.535  33.783  -10.857 0.0000000000
134234  -21.011  34.095  -11.427 0.0000000000
134235  -20.624  34.351  -12.096 0.0000000000
134236  -20.393  34.590  -12.872 0.0000000000
134239  -21.911  36.226  -11.797 0.0000000000
134242  -21.383  35.945  -12.176 0.0000000000
134243  -20.964  35.564  -12.645 0.0000000000
134244  -20.568  35.194  -13.116 0.0000000000
134245  -20.268  34.793  -13.668 0.0000000000
134246  -20.221  34.967  -14.474 0.0000000000
134247  -20.224  35.109  -15.272 0.0000000000
134248  -20.137  35.303  -16.051 0.0000000000
134249  -20.526  36.288  -15.741 0.0000000000
134250  -20.187  35.891  -16.255 0.0000000000
134251  -19.839  35.465  -16.683 0.0000000000
134252  -19.404  35.605  -17.172 0.0000000000
134253  -18.891  35.724  -17.567 0.0000000000
134254  -18.353  35.868  -18.083 0.0000000000
143122  -29.413  23.704  -19.955 0.0000000000
143123  -29.720  22.835  -20.516 0.0000000000
143124  -29.056  23.196  -20.263 0.0000000000
143125  -28.705  22.661  -20.579 0.0000000000
143126  -28.356  22.134  -20.871 0.0000000000
143127  -27.424  23.188  -19.783 0.0000000000
143128  -27.723  22.411  -20.492 0.0000000000
143129  -27.961  21.629  -21.129 0.0000000000
143130  -27.538  21.049  -21.408 0.0000000000
143131  -27.138  20.487  -21.595 0.0000000000
143132  -26.753  19.918  -21.780 0.0000000000
143133  -25.112  23.077  -16.913 0.0000000000
143134  -25.395  22.708  -17.792 0.0000000000
143135  -25.632  22.338  -18.813 0.0000000000
143136  -24.725  21.773  -18.411 0.0000000000
143137  -25.298  21.834  -19.076 0.0000000000
143138  -25.828  21.771  -19.744 0.0000000000
143139  -26.043  21.011  -20.618 0.0000000000
143140  -26.237  20.194  -21.305 0.0000000000
143141  -26.381  19.373  -21.951 0.0000000000
143142  -25.929  18.787  -22.050 0.0000000000
143143  -25.529  18.201  -22.099 0.0000000000
143144  -25.151  17.672  -22.064 0.0000000000
143145  -24.581  18.752  -20.945 0.0000000000
143146  -24.696  17.933  -21.510 0.0000000000
143147  -24.731  17.179  -21.903 0.0000000000
143151  -20.089  23.586  -16.612 0.0000000000
143152  -20.286  22.915  -16.553 0.0000000000
143153  -20.539  22.253  -16.546 0.0000000000
143154  -19.678  21.848  -17.364 0.0000000000
143155  -20.213  21.730  -16.936 0.0000000000
143156  -20.825  21.591  -16.702 0.0000000000
143157  -21.167  20.955  -16.930 0.0000000000
143158  -21.549  20.348  -17.264 0.0000000000
143159  -21.929  19.893  -17.734 0.0000000000
143160  -18.627  19.343  -19.662 0.0000000000
143161  -18.990  19.248  -19.043 0.0000000000
143162  -19.471  19.187  -18.524 0.0000000000
143163  -19.405  17.843  -19.193 0.0000000000
143164  -19.730  18.523  -18.672 0.0000000000
143165  -20.094  19.150  -18.164 0.0000000000
143166  -20.801  19.180  -17.981 0.0000000000
143167  -21.543  19.285  -17.998 0.0000000000
143168  -22.254  19.405  -18.248 0.0000000000
143169  -22.496  18.919  -18.871 0.0000000000
143170  -22.645  18.342  -19.400 0.0000000000
143171  -22.825  17.787  -19.869 0.0000000000
143172  -21.814  16.969  -19.584 0.0000000000
143173  -22.420  17.065  -19.894 0.0000000000
143174  -22.907  17.092  -20.265 0.0000000000
143175  -22.969  16.380  -20.583 0.0000000000
153714  -30.655  23.728  -19.808 0.0000000000
153790  -30.932  27.095  -17.633 0.0000000000
153791  -31.268  26.185  -18.203 0.0000000000
153793  -31.000  24.975  -18.919 0.0000000000
153794  -30.477  24.546  -19.292 0.0000000000
153795  -29.914  24.159  -19.626 0.0000000000
153796  -29.220  24.491  -19.387 0.0000000000
153797  -28.553  24.730  -19.018 0.0000000000
153798  -27.916  24.851  -18.479 0.0000000000
153799  -28.090  25.934  -17.498 0.0000000000
153800  -27.709  25.370  -17.631 0.0000000000
153801  -27.330  24.801  -17.795 0.0000000000
153802  -26.734  24.720  -16.941 0.0000000000
153803  -26.109  24.607  -16.201 0.0000000000
153804  -25.417  24.531  -15.573 0.0000000000
153805  -26.350  28.101  -14.116 0.0000000000
153806  -26.106  27.537  -14.332 0.0000000000
153807  -25.893  26.912  -14.492 0.0000000000
153808  -24.532  27.346  -13.349 0.0000000000
153809  -25.135  26.803  -13.992 0.0000000000
153810  -25.694  26.259  -14.636 0.0000000000
153811  -25.430  25.635  -14.745 0.0000000000
153812  -25.053  25.061  -14.872 0.0000000000
153813  -24.677  24.494  -15.052 0.0000000000
153814  -23.940  24.464  -14.695 0.0000000000
153815  -23.189  24.494  -14.501 0.0000000000
153816  -22.457  24.572  -14.460 0.0000000000
153817  -22.343  25.630  -13.758 0.0000000000
153818  -22.088  25.115  -14.113 0.0000000000
153819  -21.775  24.661  -14.582 0.0000000000
153820  -21.177  24.784  -14.828 0.0000000000
153821  -20.676  24.959  -15.185 0.0000000000
153822  -20.276  25.130  -15.716 0.0000000000
153823  -23.170  32.094  -10.265 0.0000000000
153824  -22.755  31.669  -10.616 0.0000000000
153825  -22.322  31.219  -10.947 0.0000000000
153826  -21.352  32.093  -11.130 0.0000000000
153827  -21.621  31.426  -11.193 0.0000000000
153828  -21.900  30.789  -11.273 0.0000000000
153829  -21.587  30.300  -11.655 0.0000000000
153830  -21.327  29.764  -12.043 0.0000000000
153831  -21.115  29.245  -12.447 0.0000000000
153832  -19.791  32.997  -13.683 0.0000000000
153833  -19.785  32.311  -13.379 0.0000000000
153834  -19.865  31.605  -13.150 0.0000000000
153835  -19.574  31.268  -14.359 0.0000000000
153836  -19.718  31.071  -13.616 0.0000000000
153837  -19.986  30.921  -12.957 0.0000000000
153838  -20.254  30.142  -12.851 0.0000000000
153839  -20.555  29.400  -12.788 0.0000000000
153840  -20.915  28.717  -12.822 0.0000000000
153841  -20.751  28.156  -13.219 0.0000000000
153842  -20.561  27.649  -13.674 0.0000000000
153843  -20.368  27.155  -14.097 0.0000000000
153844  -19.772  28.034  -14.769 0.0000000000
153845  -19.994  27.325  -14.653 0.0000000000
153846  -20.277  26.643  -14.593 0.0000000000
153847  -20.145  26.187  -15.103 0.0000000000
153848  -20.040  25.770  -15.716 0.0000000000
153849  -19.916  25.381  -16.342 0.0000000000
153850  -19.626  25.605  -17.046 0.0000000000
153851  -19.418  25.813  -17.834 0.0000000000
153852  -19.255  26.003  -18.659 0.0000000000
153853  -19.334  27.160  -18.097 0.0000000000
153854  -19.223  26.650  -18.794 0.0000000000
153855  -19.039  26.143  -19.482 0.0000000000
153856  -18.690  26.255  -20.290 0.0000000000
153857  -18.224  26.351  -21.004 0.0000000000
153858  -17.716  26.445  -21.540 0.0000000000
153859  -19.206  29.792  -18.973 0.0000000000
153860  -19.040  29.254  -19.648 0.0000000000
153861  -18.776  28.679  -20.251 0.0000000000
153862  -18.298  29.518  -21.131 0.0000000000
153863  -18.395  28.800  -20.973 0.0000000000
153864  -18.457  28.162  -20.853 0.0000000000
153865  -18.054  27.597  -21.323 0.0000000000
153866  -17.632  27.063  -21.678 0.0000000000
154065  -17.803  36.158  -18.865 0.0000000000
154090  -17.080  37.283  -19.794 0.0000000000
154091  -17.328  36.518  -19.643 0.0000000000
154092  -17.588  35.725  -19.494 0.0000000000
154093  -17.434  35.359  -20.133 0.0000000000
154094  -17.289  34.898  -20.698 0.0000000000
154095  -17.112  34.389  -21.185 0.0000000000
154097  -16.486  34.642  -21.737 0.0000000000
154098  -16.870  33.881  -21.668 0.0000000000
154099  -16.647  33.325  -22.023 0.0000000000
160278  -30.015  22.081  -21.021 0.0000000000
