#!ascii label  , from subject fsaverage vox2ras=TkReg
1434
19  -12.815  -11.067  67.657 0.0000000000
49  -23.919  -16.909  64.337 0.0000000000
234  -9.678  -9.828  64.515 0.0000000000
375  -15.643  -16.167  62.681 0.0000000000
376  -12.477  -20.007  72.323 0.0000000000
714  -10.530  -9.482  68.161 0.0000000000
715  -6.996  -13.807  67.198 0.0000000000
716  -8.933  -13.639  70.372 0.0000000000
723  -16.259  -7.650  65.485 0.0000000000
864  -19.733  -17.471  63.091 0.0000000000
865  -18.220  -19.067  67.600 0.0000000000
866  -22.295  -18.711  69.009 0.0000000000
876  -18.173  -13.600  59.217 0.0000000000
1061  -5.496  -16.358  55.066 0.0000000000
1573  -6.288  -16.154  59.487 0.0000000000
1574  -6.618  -14.918  63.404 0.0000000000
1833  -13.939  -13.193  64.772 0.0000000000
1834  -11.755  -15.854  68.797 0.0000000000
1835  -13.965  -18.367  66.881 0.0000000000
1836  -16.107  -20.820  71.967 0.0000000000
1851  -16.728  -10.264  61.708 0.0000000000
2108  -8.667  -18.301  72.890 0.0000000000
2634  -11.818  -10.193  68.836 0.0000000000
2635  -9.631  -11.754  68.986 0.0000000000
2636  -11.131  -12.535  69.137 0.0000000000
2643  -14.624  -9.375  66.612 0.0000000000
2645  -13.884  -8.446  68.685 0.0000000000
2784  -21.901  -17.377  63.620 0.0000000000
2785  -21.257  -18.061  66.086 0.0000000000
2786  -23.143  -17.864  66.762 0.0000000000
2796  -20.833  -16.591  60.729 0.0000000000
2979  -8.398  -10.872  55.544 0.0000000000
2980  -6.607  -13.702  54.372 0.0000000000
2981  -7.809  -14.220  56.194 0.0000000000
3580  -8.158  -13.028  62.017 0.0000000000
3581  -8.159  -12.394  63.825 0.0000000000
3582  -6.270  -15.758  68.742 0.0000000000
3583  -6.016  -16.268  66.691 0.0000000000
4029  -14.534  -14.619  63.568 0.0000000000
4030  -13.569  -15.992  65.408 0.0000000000
4031  -14.877  -17.369  64.645 0.0000000000
4032  -19.168  -19.841  70.293 0.0000000000
4033  -17.183  -19.811  69.851 0.0000000000
4034  -17.902  -21.167  71.773 0.0000000000
4068  -16.942  -14.977  60.875 0.0000000000
4069  -17.224  -11.978  60.315 0.0000000000
4070  -15.827  -13.336  61.597 0.0000000000
4071  -15.283  -11.686  62.951 0.0000000000
4622  -5.679  -18.179  60.494 0.0000000000
4637  -11.783  -18.147  70.147 0.0000000000
4638  -10.333  -16.780  71.214 0.0000000000
4639  -10.588  -19.144  72.801 0.0000000000
5892  -9.868  -9.435  66.378 0.0000000000
5893  -8.302  -11.854  65.690 0.0000000000
5894  -8.689  -11.576  67.464 0.0000000000
5895  -7.667  -13.519  69.061 0.0000000000
5896  -6.983  -15.451  70.600 0.0000000000
5909  -17.906  -6.069  64.511 0.0000000000
6162  -17.555  -17.187  62.722 0.0000000000
6163  -16.881  -18.191  64.816 0.0000000000
6164  -19.109  -18.244  65.416 0.0000000000
6165  -20.340  -18.821  68.327 0.0000000000
6166  -21.155  -20.074  70.675 0.0000000000
6184  -19.163  -12.246  57.945 0.0000000000
6185  -19.653  -14.802  58.688 0.0000000000
6186  -18.734  -16.100  60.643 0.0000000000
6527  -13.074  -22.259  73.525 0.0000000000
7507  -8.168  -14.290  58.439 0.0000000000
7508  -8.227  -13.722  60.272 0.0000000000
7509  -6.510  -15.603  61.504 0.0000000000
7510  -5.822  -17.589  62.572 0.0000000000
7511  -6.698  -14.253  65.249 0.0000000000
7512  -5.963  -16.836  64.705 0.0000000000
8127  -13.385  -11.998  66.129 0.0000000000
8128  -12.246  -13.624  67.883 0.0000000000
8129  -12.972  -14.657  66.642 0.0000000000
8130  -12.626  -17.136  67.551 0.0000000000
8131  -13.170  -19.124  69.508 0.0000000000
8132  -16.017  -19.064  67.021 0.0000000000
8133  -15.102  -19.675  69.422 0.0000000000
8134  -14.208  -20.503  72.012 0.0000000000
8135  -14.778  -22.592  72.989 0.0000000000
8180  -16.460  -8.735  63.439 0.0000000000
8181  -14.934  -10.313  64.690 0.0000000000
8870  -6.016  -16.395  57.273 0.0000000000
8888  -10.627  -14.582  70.063 0.0000000000
8889  -8.624  -15.750  71.684 0.0000000000
8890  -6.912  -17.876  71.899 0.0000000000
8891  -9.022  -21.183  73.656 0.0000000000
10314  -12.391  -10.601  68.439 0.0000000000
10315  -11.418  -11.425  68.762 0.0000000000
10316  -12.010  -11.922  68.295 0.0000000000
10323  -13.716  -10.204  67.232 0.0000000000
10324  -14.354  -8.945  67.755 0.0000000000
10325  -13.358  -9.776  68.211 0.0000000000
10326  -12.819  -9.366  68.785 0.0000000000
10464  -22.950  -17.115  63.952 0.0000000000
10465  -22.620  -17.585  65.257 0.0000000000
10466  -23.577  -17.451  65.551 0.0000000000
10659  -8.916  -11.089  56.375 0.0000000000
10660  -8.411  -12.701  55.689 0.0000000000
10661  -8.744  -12.815  56.738 0.0000000000
10701  -8.621  -9.355  56.036 0.0000000000
11260  -8.968  -11.416  63.264 0.0000000000
11261  -8.984  -11.128  64.155 0.0000000000
11709  -14.974  -15.403  63.040 0.0000000000
11710  -14.538  -16.105  63.974 0.0000000000
11711  -15.266  -16.805  63.683 0.0000000000
11712  -19.559  -20.597  71.228 0.0000000000
11713  -18.557  -20.426  71.169 0.0000000000
11714  -18.764  -21.449  71.596 0.0000000000
11748  -16.285  -15.643  61.702 0.0000000000
11749  -16.293  -14.164  61.150 0.0000000000
11750  -15.606  -14.863  61.996 0.0000000000
11751  -15.136  -14.001  62.504 0.0000000000
12317  -12.017  -19.043  71.223 0.0000000000
12318  -11.191  -18.534  71.645 0.0000000000
12319  -11.521  -19.609  72.574 0.0000000000
13659  -10.175  -9.408  67.274 0.0000000000
13660  -9.285  -10.522  66.908 0.0000000000
13661  -9.596  -10.502  67.770 0.0000000000
13662  -9.346  -12.710  69.691 0.0000000000
13663  -8.640  -12.575  69.042 0.0000000000
13664  -8.243  -13.499  69.857 0.0000000000
13665  -7.307  -14.464  69.873 0.0000000000
13666  -7.902  -14.433  70.599 0.0000000000
13688  -16.983  -6.787  65.003 0.0000000000
13698  -11.464  -8.578  68.429 0.0000000000
13700  -10.972  -8.380  67.631 0.0000000000
13701  -10.636  -8.359  66.742 0.0000000000
14109  -18.676  -17.409  62.902 0.0000000000
14110  -18.339  -17.848  63.988 0.0000000000
14111  -19.435  -17.867  64.258 0.0000000000
14112  -21.819  -18.314  67.578 0.0000000000
14113  -20.808  -18.438  67.206 0.0000000000
14114  -21.357  -18.744  68.606 0.0000000000
14115  -20.745  -19.270  69.626 0.0000000000
14116  -21.793  -19.358  69.924 0.0000000000
14146  -20.104  -14.069  57.991 0.0000000000
14147  -20.657  -15.127  58.673 0.0000000000
14148  -20.323  -17.083  61.915 0.0000000000
14149  -19.737  -16.466  60.674 0.0000000000
14150  -19.167  -16.977  61.799 0.0000000000
14151  -18.164  -16.679  61.725 0.0000000000
14697  -6.126  -15.110  54.658 0.0000000000
16495  -8.945  -12.532  59.661 0.0000000000
16496  -8.974  -12.256  60.582 0.0000000000
16497  -7.365  -13.984  62.720 0.0000000000
16498  -7.373  -14.402  61.844 0.0000000000
16499  -6.609  -15.291  62.452 0.0000000000
16500  -5.899  -16.526  62.061 0.0000000000
16501  -6.007  -16.172  63.077 0.0000000000
16502  -7.580  -12.831  66.384 0.0000000000
16503  -7.440  -13.047  65.428 0.0000000000
16504  -6.796  -14.001  66.171 0.0000000000
16506  -6.018  -16.498  65.694 0.0000000000
17844  -13.648  -12.587  65.399 0.0000000000
17845  -13.112  -13.448  66.307 0.0000000000
17846  -13.466  -13.985  65.737 0.0000000000
17847  -13.655  -17.241  65.958 0.0000000000
17848  -13.103  -16.597  66.419 0.0000000000
17849  -13.163  -17.798  67.118 0.0000000000
17850  -12.768  -18.291  68.406 0.0000000000
17851  -13.546  -18.795  68.156 0.0000000000
17852  -17.566  -18.728  66.171 0.0000000000
17853  -16.416  -18.667  65.845 0.0000000000
17854  -17.120  -19.170  67.341 0.0000000000
17855  -16.665  -20.239  70.959 0.0000000000
17856  -16.149  -19.794  69.621 0.0000000000
17857  -15.666  -20.165  70.828 0.0000000000
17858  -14.603  -20.024  70.733 0.0000000000
17859  -15.133  -20.660  72.008 0.0000000000
17860  -14.619  -21.400  72.828 0.0000000000
17861  -15.483  -21.583  72.663 0.0000000000
17963  -18.683  -12.963  58.477 0.0000000000
17964  -18.746  -11.554  58.421 0.0000000000
17965  -18.184  -12.199  58.999 0.0000000000
17966  -16.905  -11.105  60.982 0.0000000000
17967  -17.598  -10.458  60.455 0.0000000000
17968  -17.392  -9.646  61.195 0.0000000000
17970  -17.267  -8.827  62.015 0.0000000000
17971  -17.200  -8.040  62.927 0.0000000000
17972  -16.559  -9.499  62.494 0.0000000000
17973  -14.582  -12.431  63.863 0.0000000000
17974  -15.076  -10.952  63.775 0.0000000000
17975  -14.320  -11.720  64.543 0.0000000000
17976  -14.157  -11.140  65.366 0.0000000000
19622  -7.245  -15.297  59.022 0.0000000000
19623  -7.112  -15.393  57.850 0.0000000000
19624  -6.184  -16.304  58.388 0.0000000000
19667  -12.020  -14.688  68.294 0.0000000000
19668  -11.514  -14.122  68.986 0.0000000000
19669  -11.284  -15.165  69.475 0.0000000000
19670  -9.531  -17.421  72.259 0.0000000000
19671  -9.535  -16.160  71.583 0.0000000000
19672  -8.574  -16.954  72.305 0.0000000000
19673  -7.671  -16.660  71.995 0.0000000000
19674  -7.729  -17.972  72.548 0.0000000000
19676  -9.953  -21.502  73.775 0.0000000000
23172  -11.121  -9.763  68.732 0.0000000000
23173  -10.069  -10.627  68.555 0.0000000000
23174  -10.744  -10.930  68.887 0.0000000000
23175  -10.358  -12.098  69.319 0.0000000000
23176  -10.125  -13.081  69.863 0.0000000000
23189  -15.447  -8.505  66.042 0.0000000000
23191  -15.270  -8.031  67.227 0.0000000000
23195  -13.197  -7.965  68.881 0.0000000000
23196  -12.109  -8.911  68.876 0.0000000000
23442  -20.822  -17.475  63.334 0.0000000000
23443  -20.570  -17.834  64.618 0.0000000000
23444  -21.647  -17.754  64.978 0.0000000000
23445  -22.165  -17.997  66.406 0.0000000000
23446  -22.712  -18.243  67.903 0.0000000000
23466  -21.424  -17.093  62.101 0.0000000000
23793  -7.639  -10.627  54.866 0.0000000000
23794  -6.897  -12.035  54.294 0.0000000000
23795  -7.675  -12.416  54.916 0.0000000000
23796  -7.281  -14.078  55.221 0.0000000000
23797  -6.541  -15.359  55.686 0.0000000000
23871  -7.944  -9.181  55.367 0.0000000000
24874  -8.936  -11.903  61.486 0.0000000000
24876  -8.161  -12.681  62.901 0.0000000000
24877  -7.365  -13.635  63.576 0.0000000000
24878  -6.540  -14.753  68.015 0.0000000000
24879  -6.347  -15.013  67.021 0.0000000000
24880  -6.092  -15.982  67.687 0.0000000000
25683  -14.178  -13.909  64.102 0.0000000000
25684  -13.706  -14.600  65.094 0.0000000000
25685  -14.019  -15.362  64.484 0.0000000000
25686  -14.123  -16.723  64.932 0.0000000000
25687  -14.409  -17.873  65.716 0.0000000000
25688  -18.760  -19.386  69.082 0.0000000000
25689  -17.689  -19.418  68.775 0.0000000000
25690  -18.208  -19.849  70.114 0.0000000000
25691  -17.608  -20.319  71.054 0.0000000000
25692  -17.003  -20.968  71.882 0.0000000000
25693  -16.297  -21.774  72.431 0.0000000000
25694  -17.153  -22.046  72.096 0.0000000000
25754  -17.638  -14.236  60.038 0.0000000000
25755  -17.650  -12.814  59.727 0.0000000000
25756  -17.005  -13.461  60.435 0.0000000000
25757  -16.532  -12.651  60.927 0.0000000000
25758  -16.212  -11.773  61.525 0.0000000000
25759  -16.015  -10.909  62.306 0.0000000000
25760  -15.503  -12.469  62.233 0.0000000000
25761  -14.833  -13.224  63.143 0.0000000000
26750  -5.649  -17.086  60.023 0.0000000000
26751  -5.547  -17.316  58.887 0.0000000000
26777  -11.681  -17.030  69.365 0.0000000000
26778  -11.104  -16.345  70.020 0.0000000000
26779  -11.036  -17.472  70.704 0.0000000000
26780  -10.384  -17.929  72.014 0.0000000000
26781  -9.669  -18.674  72.911 0.0000000000
29106  -9.729  -9.622  65.407 0.0000000000
29107  -9.033  -10.900  65.071 0.0000000000
29108  -9.103  -10.703  65.974 0.0000000000
29109  -8.428  -11.674  66.585 0.0000000000
29110  -7.806  -12.693  67.323 0.0000000000
29111  -9.090  -11.552  68.320 0.0000000000
29112  -8.141  -12.570  68.241 0.0000000000
29113  -7.272  -13.618  68.152 0.0000000000
29114  -6.861  -14.578  68.983 0.0000000000
29115  -6.553  -15.569  69.757 0.0000000000
29736  -16.588  -16.809  62.630 0.0000000000
29737  -16.182  -17.380  63.597 0.0000000000
29738  -17.210  -17.719  63.732 0.0000000000
29739  -17.948  -18.301  65.074 0.0000000000
29740  -18.668  -18.676  66.487 0.0000000000
29741  -20.220  -18.139  65.719 0.0000000000
29742  -19.775  -18.570  66.861 0.0000000000
29743  -19.324  -18.931  67.948 0.0000000000
29744  -19.776  -19.301  69.345 0.0000000000
29745  -20.197  -19.907  70.528 0.0000000000
29746  -20.507  -20.841  71.099 0.0000000000
29789  -19.741  -12.822  57.564 0.0000000000
29790  -19.281  -13.582  58.144 0.0000000000
29791  -18.846  -14.256  58.880 0.0000000000
29792  -20.168  -15.824  59.554 0.0000000000
29793  -19.221  -15.442  59.574 0.0000000000
29794  -18.337  -14.914  59.729 0.0000000000
29795  -17.753  -15.621  60.711 0.0000000000
29796  -17.153  -16.250  61.655 0.0000000000
30587  -12.833  -21.058  73.090 0.0000000000
30588  -11.838  -20.773  73.227 0.0000000000
32248  -24.493  -17.131  65.938 0.0000000000
32989  -8.881  -12.886  57.808 0.0000000000
32990  -8.969  -12.725  58.708 0.0000000000
32991  -8.256  -14.073  59.425 0.0000000000
32992  -7.373  -15.067  59.985 0.0000000000
32993  -8.190  -13.366  61.153 0.0000000000
32994  -7.378  -14.734  60.941 0.0000000000
32995  -6.418  -15.911  60.506 0.0000000000
32996  -5.728  -16.833  61.064 0.0000000000
32997  -5.733  -17.894  61.550 0.0000000000
32999  -8.219  -12.103  64.764 0.0000000000
33000  -7.368  -13.341  64.494 0.0000000000
33001  -6.650  -14.545  64.323 0.0000000000
33002  -6.231  -15.265  66.013 0.0000000000
33003  -6.172  -15.543  65.040 0.0000000000
33004  -6.082  -15.863  64.045 0.0000000000
33005  -5.902  -17.189  63.660 0.0000000000
34689  -13.081  -11.495  66.881 0.0000000000
34690  -12.435  -12.417  67.555 0.0000000000
34691  -12.771  -12.905  66.912 0.0000000000
34692  -12.639  -14.082  67.288 0.0000000000
34693  -12.393  -15.294  67.637 0.0000000000
34694  -13.231  -15.296  65.972 0.0000000000
34695  -12.708  -15.952  66.982 0.0000000000
34696  -12.192  -16.469  68.164 0.0000000000
34697  -12.129  -17.665  68.842 0.0000000000
34698  -12.376  -18.669  69.787 0.0000000000
34699  -12.809  -19.489  70.941 0.0000000000
34700  -15.799  -17.877  64.640 0.0000000000
34701  -15.359  -18.377  65.683 0.0000000000
34702  -14.919  -18.793  66.887 0.0000000000
34703  -16.602  -19.433  68.486 0.0000000000
34704  -15.554  -19.373  68.249 0.0000000000
34705  -14.471  -19.171  68.146 0.0000000000
34706  -14.054  -19.468  69.371 0.0000000000
34707  -13.658  -19.793  70.775 0.0000000000
34708  -13.329  -20.274  72.119 0.0000000000
34709  -13.752  -21.228  72.963 0.0000000000
34710  -13.990  -22.387  73.309 0.0000000000
34719  -23.656  -18.155  68.321 0.0000000000
34720  -23.262  -18.672  69.334 0.0000000000
34722  -23.661  -19.676  70.253 0.0000000000
34723  -22.781  -19.512  70.172 0.0000000000
34724  -22.103  -20.341  70.689 0.0000000000
34838  -17.853  -11.348  59.689 0.0000000000
34845  -17.092  -7.361  63.921 0.0000000000
34846  -16.359  -8.114  64.489 0.0000000000
34847  -15.859  -10.210  63.100 0.0000000000
34848  -15.732  -9.570  64.055 0.0000000000
34849  -15.578  -8.970  65.046 0.0000000000
34850  -14.814  -9.782  65.635 0.0000000000
34851  -13.952  -10.626  66.289 0.0000000000
36854  -8.120  -14.336  57.317 0.0000000000
36855  -6.911  -15.435  56.740 0.0000000000
36856  -5.820  -16.388  56.166 0.0000000000
36857  -5.436  -17.468  57.820 0.0000000000
36858  -5.310  -17.574  56.651 0.0000000000
36859  -5.193  -17.690  55.529 0.0000000000
36908  -11.752  -13.112  68.573 0.0000000000
36909  -10.916  -13.574  69.576 0.0000000000
36910  -9.849  -14.036  70.411 0.0000000000
36911  -10.465  -15.636  70.599 0.0000000000
36912  -9.676  -15.082  70.981 0.0000000000
36913  -8.803  -14.630  71.099 0.0000000000
36914  -7.739  -15.492  71.362 0.0000000000
36915  -6.878  -16.566  71.380 0.0000000000
36917  -10.845  -20.380  73.352 0.0000000000
36918  -9.794  -20.046  73.412 0.0000000000
36919  -8.832  -19.735  73.339 0.0000000000
36921  -8.071  -20.926  73.293 0.0000000000
36922  -7.829  -19.413  72.996 0.0000000000
41034  -12.626  -10.842  68.078 0.0000000000
41035  -12.187  -11.249  68.294 0.0000000000
41036  -12.394  -11.500  67.926 0.0000000000
41043  -13.248  -10.635  67.450 0.0000000000
41044  -13.558  -10.025  67.727 0.0000000000
41045  -13.062  -10.398  67.955 0.0000000000
41046  -12.876  -10.194  68.352 0.0000000000
41184  -23.458  -17.023  64.157 0.0000000000
41185  -23.327  -17.252  64.823 0.0000000000
41186  -23.798  -17.131  64.991 0.0000000000
41195  -23.665  -16.798  63.539 0.0000000000
41196  -23.176  -16.924  63.374 0.0000000000
41379  -9.067  -11.144  56.843 0.0000000000
41380  -8.896  -11.938  56.516 0.0000000000
41381  -9.004  -11.953  57.018 0.0000000000
41421  -9.003  -10.300  56.612 0.0000000000
41980  -9.305  -10.619  63.864 0.0000000000
41981  -9.330  -10.506  64.315 0.0000000000
42018  -9.896  -9.184  64.700 0.0000000000
42429  -15.280  -15.794  62.833 0.0000000000
42430  -15.113  -16.181  63.296 0.0000000000
42431  -15.493  -16.543  63.164 0.0000000000
42432  -19.612  -21.126  71.369 0.0000000000
42433  -19.148  -20.986  71.443 0.0000000000
42468  -15.972  -15.918  62.183 0.0000000000
42469  -15.922  -15.263  61.823 0.0000000000
42470  -15.612  -15.542  62.298 0.0000000000
42471  -15.294  -15.149  62.494 0.0000000000
43037  -12.226  -19.539  71.823 0.0000000000
43038  -11.774  -19.297  71.939 0.0000000000
43039  -12.011  -19.825  72.454 0.0000000000
44379  -10.340  -9.421  67.739 0.0000000000
44380  -9.909  -9.930  67.560 0.0000000000
44381  -10.061  -9.986  67.995 0.0000000000
44382  -9.145  -13.166  70.021 0.0000000000
44383  -8.795  -13.080  69.783 0.0000000000
44384  -8.574  -13.553  70.158 0.0000000000
44385  -8.022  -13.949  70.218 0.0000000000
44386  -8.375  -13.999  70.476 0.0000000000
44408  -16.572  -7.160  65.274 0.0000000000
44409  -16.931  -6.474  65.605 0.0000000000
44410  -16.530  -6.900  65.880 0.0000000000
44418  -10.994  -9.042  68.260 0.0000000000
44419  -11.189  -8.453  68.053 0.0000000000
44420  -10.748  -8.939  67.868 0.0000000000
44421  -10.554  -8.893  67.432 0.0000000000
44829  -19.192  -17.454  62.993 0.0000000000
44830  -19.094  -17.630  63.593 0.0000000000
44831  -19.626  -17.642  63.713 0.0000000000
44832  -22.086  -18.477  68.308 0.0000000000
44833  -21.638  -18.488  68.123 0.0000000000
44834  -21.793  -18.733  68.820 0.0000000000
44835  -21.566  -19.004  69.319 0.0000000000
44836  -22.079  -19.015  69.469 0.0000000000
44868  -20.065  -17.268  62.531 0.0000000000
44869  -19.800  -17.085  61.853 0.0000000000
44870  -19.481  -17.213  62.429 0.0000000000
44871  -18.890  -17.143  62.325 0.0000000000
45417  -5.819  -15.762  54.869 0.0000000000
45418  -5.662  -15.642  54.404 0.0000000000
45419  -5.363  -16.321  54.571 0.0000000000
45421  -5.161  -16.944  54.700 0.0000000000
47217  -6.985  -14.440  63.056 0.0000000000
47218  -6.978  -14.637  62.585 0.0000000000
47219  -6.633  -15.114  62.932 0.0000000000
47220  -6.249  -15.747  62.793 0.0000000000
47221  -6.272  -15.567  63.240 0.0000000000
47222  -7.259  -13.341  66.773 0.0000000000
47223  -7.167  -13.419  66.285 0.0000000000
47224  -6.874  -13.923  66.671 0.0000000000
48564  -13.796  -12.852  65.079 0.0000000000
48565  -13.518  -13.327  65.509 0.0000000000
48566  -13.661  -13.608  65.215 0.0000000000
48567  -13.773  -17.891  66.374 0.0000000000
48568  -13.458  -17.545  66.520 0.0000000000
48569  -13.529  -18.097  66.983 0.0000000000
48570  -13.337  -18.337  67.598 0.0000000000
48571  -13.726  -18.562  67.502 0.0000000000
48572  -17.963  -18.939  66.872 0.0000000000
48573  -17.360  -18.958  66.702 0.0000000000
48574  -17.687  -19.131  67.473 0.0000000000
48575  -16.341  -20.482  71.451 0.0000000000
48576  -16.174  -20.208  70.900 0.0000000000
48577  -15.895  -20.443  71.424 0.0000000000
48578  -15.431  -20.391  71.380 0.0000000000
48579  -15.647  -20.758  71.952 0.0000000000
48580  -15.318  -21.098  72.431 0.0000000000
48581  -15.753  -21.186  72.357 0.0000000000
48683  -18.392  -13.253  58.850 0.0000000000
48684  -18.385  -12.594  58.718 0.0000000000
48685  -18.150  -12.908  59.078 0.0000000000
48686  -16.809  -10.684  61.342 0.0000000000
48687  -17.144  -10.341  61.082 0.0000000000
48688  -17.052  -9.879  61.495 0.0000000000
48689  -17.323  -9.238  61.588 0.0000000000
48690  -16.968  -9.466  61.876 0.0000000000
48691  -16.906  -9.121  62.244 0.0000000000
48692  -16.651  -9.851  62.104 0.0000000000
48693  -14.211  -12.797  64.322 0.0000000000
48694  -14.455  -12.070  64.217 0.0000000000
48695  -14.100  -12.457  64.649 0.0000000000
48696  -13.970  -12.146  64.974 0.0000000000
50342  -6.742  -15.744  59.269 0.0000000000
50343  -6.709  -15.795  58.691 0.0000000000
50344  -6.241  -16.233  58.943 0.0000000000
50387  -11.909  -15.281  68.495 0.0000000000
50388  -11.684  -14.960  68.884 0.0000000000
50389  -11.558  -15.507  69.116 0.0000000000
50390  -9.095  -17.808  72.620 0.0000000000
50391  -9.057  -17.175  72.303 0.0000000000
50392  -8.608  -17.617  72.555 0.0000000000
50393  -8.127  -17.455  72.444 0.0000000000
50394  -8.190  -18.144  72.763 0.0000000000
53979  -11.480  -9.953  68.849 0.0000000000
53980  -10.888  -10.318  68.817 0.0000000000
53981  -11.244  -10.540  68.871 0.0000000000
53982  -11.221  -12.028  68.935 0.0000000000
53983  -10.899  -11.763  69.026 0.0000000000
53984  -10.753  -12.308  69.281 0.0000000000
53985  -10.286  -12.574  69.581 0.0000000000
53986  -10.630  -12.792  69.536 0.0000000000
54008  -15.093  -8.920  66.331 0.0000000000
54009  -15.375  -8.281  66.631 0.0000000000
54010  -14.948  -8.701  66.930 0.0000000000
54011  -14.140  -8.685  68.276 0.0000000000
54012  -14.684  -8.231  68.006 0.0000000000
54013  -14.440  -7.991  68.461 0.0000000000
54015  -14.090  -7.743  68.805 0.0000000000
54017  -13.562  -8.210  68.830 0.0000000000
54018  -12.319  -9.781  68.861 0.0000000000
54019  -12.482  -9.141  68.939 0.0000000000
54020  -11.968  -9.543  68.921 0.0000000000
54021  -11.614  -9.307  68.847 0.0000000000
54429  -21.347  -17.449  63.468 0.0000000000
54430  -21.249  -17.596  64.130 0.0000000000
54431  -21.786  -17.539  64.294 0.0000000000
54432  -22.946  -17.738  66.014 0.0000000000
54433  -22.399  -17.809  65.843 0.0000000000
54434  -22.656  -17.936  66.593 0.0000000000
54435  -22.522  -18.090  67.143 0.0000000000
54436  -22.966  -18.026  67.362 0.0000000000
54468  -22.194  -17.125  63.051 0.0000000000
54469  -21.966  -17.033  62.250 0.0000000000
54470  -21.724  -17.216  62.913 0.0000000000
54471  -21.198  -17.276  62.767 0.0000000000
55014  -8.037  -10.731  55.169 0.0000000000
55015  -7.671  -11.539  54.857 0.0000000000
55016  -8.066  -11.689  55.174 0.0000000000
55017  -8.179  -13.529  55.950 0.0000000000
55018  -7.890  -13.417  55.468 0.0000000000
55019  -7.559  -14.164  55.701 0.0000000000
55020  -6.920  -14.760  55.452 0.0000000000
55021  -7.165  -14.807  55.938 0.0000000000
55143  -8.522  -10.125  55.767 0.0000000000
55144  -8.284  -9.283  55.704 0.0000000000
55145  -8.200  -10.036  55.355 0.0000000000
55146  -7.843  -9.905  55.027 0.0000000000
56817  -8.581  -11.884  63.513 0.0000000000
56818  -8.588  -12.043  63.047 0.0000000000
56819  -8.159  -12.524  63.324 0.0000000000
56820  -7.767  -13.149  63.289 0.0000000000
56821  -7.775  -13.010  63.724 0.0000000000
56822  -6.362  -15.279  68.342 0.0000000000
56823  -6.260  -15.381  67.855 0.0000000000
56824  -6.175  -15.866  68.222 0.0000000000
58164  -14.350  -14.258  63.839 0.0000000000
58165  -14.098  -14.636  64.294 0.0000000000
58166  -14.255  -15.036  63.986 0.0000000000
58167  -14.673  -16.752  64.269 0.0000000000
58168  -14.319  -16.392  64.434 0.0000000000
58169  -14.486  -17.066  64.768 0.0000000000
58170  -14.227  -17.309  65.290 0.0000000000
58171  -14.664  -17.633  65.186 0.0000000000
58172  -19.009  -19.580  69.722 0.0000000000
58173  -18.525  -19.570  69.580 0.0000000000
58174  -18.713  -19.830  70.196 0.0000000000
58175  -18.198  -20.749  71.507 0.0000000000
58176  -18.059  -20.359  71.115 0.0000000000
58177  -17.773  -20.659  71.499 0.0000000000
58178  -17.298  -20.608  71.493 0.0000000000
58179  -17.444  -21.059  71.832 0.0000000000
58180  -17.102  -21.462  72.101 0.0000000000
58181  -17.560  -21.613  71.975 0.0000000000
58283  -17.300  -14.621  60.428 0.0000000000
58284  -17.318  -13.849  60.232 0.0000000000
58285  -16.972  -14.246  60.581 0.0000000000
58286  -16.036  -13.755  61.349 0.0000000000
58287  -16.396  -13.372  60.972 0.0000000000
58288  -16.201  -12.941  61.227 0.0000000000
58289  -16.342  -12.198  61.215 0.0000000000
58290  -16.036  -12.515  61.530 0.0000000000
58291  -15.877  -12.093  61.883 0.0000000000
58292  -15.654  -12.904  61.911 0.0000000000
58293  -14.828  -14.347  63.021 0.0000000000
58294  -14.975  -13.609  62.816 0.0000000000
58295  -14.645  -13.927  63.342 0.0000000000
58296  -14.507  -13.546  63.653 0.0000000000
59942  -5.543  -17.636  60.262 0.0000000000
59943  -5.530  -17.764  59.736 0.0000000000
59987  -11.660  -17.636  69.703 0.0000000000
59988  -11.361  -17.287  70.023 0.0000000000
59989  -11.397  -17.803  70.448 0.0000000000
59990  -10.923  -18.831  72.253 0.0000000000
59991  -10.755  -18.240  71.854 0.0000000000
59992  -10.480  -18.535  72.389 0.0000000000
59993  -10.014  -18.259  72.540 0.0000000000
59994  -10.111  -18.920  72.859 0.0000000000
64014  -9.760  -9.521  65.924 0.0000000000
64015  -9.431  -10.157  65.690 0.0000000000
64016  -9.491  -10.046  66.144 0.0000000000
64017  -8.975  -11.052  67.147 0.0000000000
64018  -8.843  -11.110  66.700 0.0000000000
64019  -8.541  -11.604  67.015 0.0000000000
64020  -8.119  -12.175  66.931 0.0000000000
64021  -8.232  -12.124  67.401 0.0000000000
64022  -9.885  -11.191  68.735 0.0000000000
64023  -9.610  -11.085  68.410 0.0000000000
64024  -9.342  -11.634  68.682 0.0000000000
64025  -8.102  -13.014  69.062 0.0000000000
64026  -8.366  -12.579  68.654 0.0000000000
64027  -7.873  -13.079  68.577 0.0000000000
64028  -7.685  -13.110  68.126 0.0000000000
64029  -7.447  -13.561  68.626 0.0000000000
64030  -7.043  -14.112  68.617 0.0000000000
64031  -7.254  -14.044  69.082 0.0000000000
64032  -7.128  -14.936  70.260 0.0000000000
64033  -6.900  -15.007  69.804 0.0000000000
64034  -6.748  -15.493  70.194 0.0000000000
64035  -6.447  -16.090  70.061 0.0000000000
64036  -6.630  -16.010  70.511 0.0000000000
64103  -18.347  -5.796  64.365 0.0000000000
64104  -18.706  -5.211  64.797 0.0000000000
64105  -18.272  -5.362  65.040 0.0000000000
64143  -10.262  -8.915  66.509 0.0000000000
65364  -17.066  -17.020  62.660 0.0000000000
65365  -16.855  -17.283  63.112 0.0000000000
65366  -17.424  -17.463  63.204 0.0000000000
65367  -18.765  -18.076  64.709 0.0000000000
65368  -18.191  -18.061  64.536 0.0000000000
65369  -18.517  -18.289  65.237 0.0000000000
65370  -18.330  -18.498  65.777 0.0000000000
65371  -18.864  -18.456  65.946 0.0000000000
65372  -20.939  -17.940  65.321 0.0000000000
65373  -20.422  -17.984  65.181 0.0000000000
65374  -20.733  -18.107  65.909 0.0000000000
65375  -20.589  -18.607  67.772 0.0000000000
65376  -20.283  -18.528  67.050 0.0000000000
65377  -20.056  -18.679  67.609 0.0000000000
65378  -19.538  -18.732  67.446 0.0000000000
65379  -19.835  -18.882  68.151 0.0000000000
65380  -19.569  -19.092  68.672 0.0000000000
65381  -20.013  -19.063  68.822 0.0000000000
65382  -21.044  -19.625  70.216 0.0000000000
65383  -20.509  -19.579  70.081 0.0000000000
65384  -20.708  -19.967  70.599 0.0000000000
65385  -20.369  -20.343  70.927 0.0000000000
65386  -20.853  -20.475  70.944 0.0000000000
65476  -19.978  -12.548  57.175 0.0000000000
65477  -20.091  -13.132  57.405 0.0000000000
65478  -19.866  -14.418  58.297 0.0000000000
65479  -19.706  -13.871  58.062 0.0000000000
65480  -19.439  -14.194  58.355 0.0000000000
65481  -19.065  -13.942  58.494 0.0000000000
65482  -19.245  -14.548  58.763 0.0000000000
65484  -20.726  -15.927  59.592 0.0000000000
65485  -20.494  -16.273  60.107 0.0000000000
65486  -19.228  -16.301  60.648 0.0000000000
65487  -19.431  -15.973  60.075 0.0000000000
65488  -19.001  -15.793  60.094 0.0000000000
65489  -18.776  -15.199  59.636 0.0000000000
65490  -18.514  -15.549  60.160 0.0000000000
65491  -18.068  -15.269  60.234 0.0000000000
65492  -18.243  -15.881  60.660 0.0000000000
65493  -17.845  -16.912  62.202 0.0000000000
65494  -17.654  -16.488  61.676 0.0000000000
65495  -17.341  -16.744  62.158 0.0000000000
65496  -16.862  -16.549  62.124 0.0000000000
67127  -6.796  -12.893  54.320 0.0000000000
67128  -6.435  -12.661  54.005 0.0000000000
67129  -6.299  -13.449  54.019 0.0000000000
67187  -13.025  -21.627  73.366 0.0000000000
67188  -12.452  -21.515  73.446 0.0000000000
72520  -9.198  -12.006  58.425 0.0000000000
72521  -9.251  -11.881  58.947 0.0000000000
72522  -8.581  -13.176  60.036 0.0000000000
72523  -8.607  -13.296  59.559 0.0000000000
72524  -8.246  -13.909  59.860 0.0000000000
72525  -7.849  -14.592  59.699 0.0000000000
72526  -7.849  -14.462  60.173 0.0000000000
72527  -8.596  -12.477  61.739 0.0000000000
72528  -8.554  -12.603  61.310 0.0000000000
72529  -8.187  -13.207  61.578 0.0000000000
72530  -6.970  -15.000  61.697 0.0000000000
72531  -7.367  -14.558  61.393 0.0000000000
72532  -6.955  -15.193  61.255 0.0000000000
72533  -6.930  -15.344  60.769 0.0000000000
72534  -6.472  -15.764  61.002 0.0000000000
72535  -6.010  -16.345  60.768 0.0000000000
72536  -6.073  -16.213  61.264 0.0000000000
72537  -5.782  -17.052  62.321 0.0000000000
72538  -5.702  -17.212  61.855 0.0000000000
72539  -5.774  -17.755  62.061 0.0000000000
72542  -8.646  -11.414  65.343 0.0000000000
72543  -8.604  -11.527  64.890 0.0000000000
72544  -8.251  -11.988  65.261 0.0000000000
72545  -7.045  -13.646  65.325 0.0000000000
72546  -7.397  -13.180  64.947 0.0000000000
72547  -7.016  -13.789  64.858 0.0000000000
72548  -7.004  -13.927  64.408 0.0000000000
72549  -6.695  -14.387  64.792 0.0000000000
72550  -6.128  -15.622  66.838 0.0000000000
72551  -6.287  -15.123  66.526 0.0000000000
72552  -6.116  -15.766  66.354 0.0000000000
72553  -5.990  -16.659  65.196 0.0000000000
72554  -6.074  -16.017  65.362 0.0000000000
72555  -6.022  -16.172  64.892 0.0000000000
72556  -6.150  -15.696  64.550 0.0000000000
72557  -5.983  -16.321  64.389 0.0000000000
72558  -5.947  -16.468  63.863 0.0000000000
72559  -5.949  -17.008  64.184 0.0000000000
76569  -13.251  -11.740  66.500 0.0000000000
76570  -12.921  -12.236  66.871 0.0000000000
76571  -13.081  -12.505  66.518 0.0000000000
76572  -13.055  -14.035  66.492 0.0000000000
76573  -12.849  -13.754  66.804 0.0000000000
76574  -12.810  -14.357  66.971 0.0000000000
76575  -12.506  -14.648  67.464 0.0000000000
76576  -12.693  -14.944  67.157 0.0000000000
76577  -13.617  -15.340  65.200 0.0000000000
76578  -13.488  -14.983  65.537 0.0000000000
76579  -13.377  -15.633  65.674 0.0000000000
76580  -12.870  -16.882  66.983 0.0000000000
76581  -12.895  -16.286  66.673 0.0000000000
76582  -12.667  -16.562  67.249 0.0000000000
76583  -12.469  -16.252  67.529 0.0000000000
76584  -12.391  -16.785  67.856 0.0000000000
76585  -12.159  -17.083  68.435 0.0000000000
76586  -12.402  -17.431  68.171 0.0000000000
76587  -12.950  -18.790  68.926 0.0000000000
76588  -12.566  -18.513  69.115 0.0000000000
76589  -12.755  -18.917  69.614 0.0000000000
76590  -12.581  -19.092  70.359 0.0000000000
76591  -12.966  -19.295  70.223 0.0000000000
76592  -16.519  -17.813  64.140 0.0000000000
76593  -15.977  -17.645  64.078 0.0000000000
76594  -16.302  -18.072  64.715 0.0000000000
76595  -16.223  -18.864  66.447 0.0000000000
76596  -15.877  -18.550  65.736 0.0000000000
76597  -15.715  -18.788  66.326 0.0000000000
76598  -15.136  -18.614  66.258 0.0000000000
76599  -15.471  -18.949  66.920 0.0000000000
76600  -17.465  -19.612  69.314 0.0000000000
76601  -17.156  -19.437  68.629 0.0000000000
76602  -16.935  -19.602  69.171 0.0000000000
76603  -15.633  -19.741  69.510 0.0000000000
76604  -15.893  -19.579  68.918 0.0000000000
76605  -15.340  -19.524  68.830 0.0000000000
76606  -15.009  -19.280  68.162 0.0000000000
76607  -14.832  -19.443  68.759 0.0000000000
76608  -14.307  -19.324  68.721 0.0000000000
76609  -14.586  -19.592  69.351 0.0000000000
76610  -14.468  -20.217  71.375 0.0000000000
76611  -14.135  -19.926  70.736 0.0000000000
76612  -13.942  -20.104  71.384 0.0000000000
76613  -13.427  -19.985  71.460 0.0000000000
76614  -13.786  -20.382  72.061 0.0000000000
76615  -13.560  -20.743  72.611 0.0000000000
76616  -14.006  -20.808  72.537 0.0000000000
76617  -14.747  -21.968  73.019 0.0000000000
76618  -14.357  -21.853  73.136 0.0000000000
76619  -14.405  -22.480  73.155 0.0000000000
76623  -15.966  -22.284  72.543 0.0000000000
76638  -24.281  -17.432  66.544 0.0000000000
76641  -24.137  -18.173  68.500 0.0000000000
76642  -23.907  -18.443  69.071 0.0000000000
76643  -23.445  -18.414  68.892 0.0000000000
76644  -23.711  -18.772  69.498 0.0000000000
76649  -23.792  -20.340  70.298 0.0000000000
76650  -23.338  -20.156  70.417 0.0000000000
76651  -23.232  -19.576  70.221 0.0000000000
76652  -22.895  -20.017  70.475 0.0000000000
76653  -22.425  -19.888  70.472 0.0000000000
76928  -19.455  -11.904  57.652 0.0000000000
76930  -19.234  -11.543  57.912 0.0000000000
76936  -17.418  -12.443  59.995 0.0000000000
76937  -17.721  -12.092  59.686 0.0000000000
76938  -17.546  -11.649  60.027 0.0000000000
76953  -16.821  -8.375  63.139 0.0000000000
76954  -17.151  -7.688  63.415 0.0000000000
76955  -16.781  -8.065  63.657 0.0000000000
76956  -16.715  -7.736  64.222 0.0000000000
76957  -16.414  -8.415  63.973 0.0000000000
76958  -15.638  -11.326  62.631 0.0000000000
76959  -15.927  -10.547  62.688 0.0000000000
76960  -15.558  -10.964  63.032 0.0000000000
76961  -15.026  -10.582  64.244 0.0000000000
76962  -15.407  -10.275  63.856 0.0000000000
76963  -15.312  -9.939  64.326 0.0000000000
76964  -15.649  -9.255  64.548 0.0000000000
76965  -15.271  -9.639  64.840 0.0000000000
76966  -15.198  -9.372  65.376 0.0000000000
76967  -14.868  -10.038  65.163 0.0000000000
76968  -13.763  -11.591  65.742 0.0000000000
76969  -14.066  -10.885  65.808 0.0000000000
76970  -13.646  -11.329  66.180 0.0000000000
76971  -13.520  -11.069  66.620 0.0000000000
81902  -8.610  -13.632  58.116 0.0000000000
81903  -8.575  -13.651  57.566 0.0000000000
81904  -8.129  -14.332  57.889 0.0000000000
81905  -6.542  -15.893  57.563 0.0000000000
81906  -7.016  -15.419  57.289 0.0000000000
81907  -6.439  -15.926  57.013 0.0000000000
81908  -6.305  -15.923  56.468 0.0000000000
81909  -5.923  -16.402  56.728 0.0000000000
81910  -5.443  -17.996  58.571 0.0000000000
81911  -5.487  -17.403  58.340 0.0000000000
81912  -5.378  -18.034  58.000 0.0000000000
81916  -5.259  -17.636  56.077 0.0000000000
82037  -12.317  -13.049  67.662 0.0000000000
82038  -12.107  -12.811  68.048 0.0000000000
82039  -12.026  -13.371  68.226 0.0000000000
82040  -11.126  -14.345  69.526 0.0000000000
82041  -11.237  -13.847  69.301 0.0000000000
82042  -10.724  -14.075  69.809 0.0000000000
82043  -10.380  -13.805  70.010 0.0000000000
82044  -10.252  -14.273  70.268 0.0000000000
82045  -10.706  -16.555  70.618 0.0000000000
82046  -10.799  -15.960  70.318 0.0000000000
82047  -10.371  -16.211  70.882 0.0000000000
82048  -9.082  -15.930  71.667 0.0000000000
82049  -9.596  -15.624  71.272 0.0000000000
82050  -9.169  -15.387  71.394 0.0000000000
82051  -9.241  -14.838  71.079 0.0000000000
82052  -8.703  -15.176  71.393 0.0000000000
82053  -8.265  -15.035  71.254 0.0000000000
82054  -8.181  -15.599  71.595 0.0000000000
82055  -7.226  -17.234  72.029 0.0000000000
82056  -7.247  -16.593  71.720 0.0000000000
82057  -6.860  -17.186  71.640 0.0000000000
82058  -6.575  -17.198  71.189 0.0000000000
82060  -11.406  -21.267  73.496 0.0000000000
82061  -11.312  -20.589  73.298 0.0000000000
82062  -10.901  -21.106  73.550 0.0000000000
82063  -9.467  -21.331  73.729 0.0000000000
82064  -9.928  -20.734  73.616 0.0000000000
82065  -9.457  -20.579  73.587 0.0000000000
82066  -9.290  -19.889  73.420 0.0000000000
82067  -8.945  -20.432  73.502 0.0000000000
82074  -8.068  -20.146  73.191 0.0000000000
82076  -7.389  -19.275  72.717 0.0000000000
92292  -12.123  -10.377  68.707 0.0000000000
92293  -11.601  -10.775  68.804 0.0000000000
92294  -11.925  -11.002  68.621 0.0000000000
92295  -11.718  -11.671  68.567 0.0000000000
92296  -11.542  -12.279  68.703 0.0000000000
92309  -14.161  -9.849  66.906 0.0000000000
92310  -14.499  -9.170  67.176 0.0000000000
92311  -14.054  -9.578  67.507 0.0000000000
92312  -13.871  -9.349  68.032 0.0000000000
92313  -13.630  -9.122  68.461 0.0000000000
92314  -13.380  -8.919  68.736 0.0000000000
92315  -13.110  -9.577  68.540 0.0000000000
92316  -12.636  -9.995  68.672 0.0000000000
92562  -22.430  -17.266  63.779 0.0000000000
92563  -22.291  -17.451  64.480 0.0000000000
92564  -22.824  -17.355  64.657 0.0000000000
92565  -23.103  -17.517  65.373 0.0000000000
92566  -23.405  -17.630  66.207 0.0000000000
92586  -22.685  -17.031  63.210 0.0000000000
92913  -8.702  -11.004  55.950 0.0000000000
92914  -8.417  -11.798  55.586 0.0000000000
92915  -8.693  -11.882  56.038 0.0000000000
92916  -8.608  -12.768  56.233 0.0000000000
92917  -8.383  -13.566  56.471 0.0000000000
92990  -8.862  -9.436  56.463 0.0000000000
92991  -8.786  -10.213  56.184 0.0000000000
93994  -9.322  -10.868  62.977 0.0000000000
93995  -9.303  -10.729  63.415 0.0000000000
93996  -8.966  -11.269  63.707 0.0000000000
93997  -8.581  -11.736  63.980 0.0000000000
94803  -14.728  -14.997  63.282 0.0000000000
94804  -14.461  -15.410  63.728 0.0000000000
94805  -14.759  -15.796  63.494 0.0000000000
94806  -14.882  -16.459  63.793 0.0000000000
94807  -15.067  -17.100  64.150 0.0000000000
94808  -19.411  -20.149  70.833 0.0000000000
94809  -18.894  -20.085  70.775 0.0000000000
94810  -19.083  -20.523  71.217 0.0000000000
94811  -18.684  -20.865  71.483 0.0000000000
94812  -18.359  -21.294  71.696 0.0000000000
94813  -17.954  -21.756  71.836 0.0000000000
94874  -16.636  -15.264  61.272 0.0000000000
94875  -16.604  -14.568  61.003 0.0000000000
94876  -16.262  -14.875  61.389 0.0000000000
94877  -15.919  -14.486  61.541 0.0000000000
94878  -15.688  -14.087  61.769 0.0000000000
94879  -15.481  -13.683  62.052 0.0000000000
94880  -15.346  -14.448  62.215 0.0000000000
94881  -15.044  -14.752  62.738 0.0000000000
95897  -11.821  -18.614  70.735 0.0000000000
95898  -11.439  -18.323  70.943 0.0000000000
95899  -11.573  -18.806  71.456 0.0000000000
95900  -11.357  -19.072  72.079 0.0000000000
95901  -11.030  -19.362  72.665 0.0000000000
98313  -10.025  -9.379  66.809 0.0000000000
98314  -9.568  -9.999  66.616 0.0000000000
98315  -9.717  -9.955  67.088 0.0000000000
98316  -9.414  -10.503  67.336 0.0000000000
98317  -9.117  -11.041  67.608 0.0000000000
98318  -9.485  -12.247  69.306 0.0000000000
98319  -9.124  -12.122  69.007 0.0000000000
98320  -8.958  -12.585  69.401 0.0000000000
98321  -8.437  -13.031  69.459 0.0000000000
98322  -7.930  -13.488  69.479 0.0000000000
98323  -7.488  -13.975  69.495 0.0000000000
98324  -7.738  -13.950  69.868 0.0000000000
98325  -7.586  -14.431  70.260 0.0000000000
98326  -7.446  -14.913  70.640 0.0000000000
98366  -17.430  -6.437  64.747 0.0000000000
98367  -17.802  -5.724  65.211 0.0000000000
98368  -17.326  -6.025  65.377 0.0000000000
98384  -11.970  -8.069  68.537 0.0000000000
98386  -11.679  -7.967  68.182 0.0000000000
98390  -10.790  -8.349  67.195 0.0000000000
98391  -10.407  -8.890  66.968 0.0000000000
99123  -18.141  -17.322  62.813 0.0000000000
99124  -17.965  -17.556  63.314 0.0000000000
99125  -18.494  -17.588  63.440 0.0000000000
99126  -18.901  -17.859  64.123 0.0000000000
99127  -19.297  -18.063  64.859 0.0000000000
99128  -21.565  -18.157  66.777 0.0000000000
99129  -21.048  -18.241  66.607 0.0000000000
99130  -21.318  -18.371  67.391 0.0000000000
99131  -21.113  -18.522  67.934 0.0000000000
99132  -20.854  -18.787  68.468 0.0000000000
99133  -20.538  -19.036  68.997 0.0000000000
99134  -21.096  -18.988  69.170 0.0000000000
99135  -21.250  -19.296  69.757 0.0000000000
99136  -21.498  -19.686  70.314 0.0000000000
99190  -20.260  -13.711  57.640 0.0000000000
99193  -20.136  -14.982  58.658 0.0000000000
99194  -20.622  -16.860  61.335 0.0000000000
99195  -20.321  -16.548  60.682 0.0000000000
99196  -20.039  -16.798  61.287 0.0000000000
99197  -19.481  -16.696  61.250 0.0000000000
99198  -18.937  -16.554  61.224 0.0000000000
99199  -18.449  -16.376  61.217 0.0000000000
99200  -18.653  -16.841  61.760 0.0000000000
99201  -18.366  -17.051  62.256 0.0000000000
100181  -6.386  -14.447  54.506 0.0000000000
100182  -6.112  -14.230  54.087 0.0000000000
100183  -5.898  -14.965  54.232 0.0000000000
103417  -9.265  -11.773  59.433 0.0000000000
103419  -8.957  -12.405  60.122 0.0000000000
103420  -8.590  -12.982  60.430 0.0000000000
103421  -7.760  -13.563  62.359 0.0000000000
103422  -7.770  -13.781  61.913 0.0000000000
103423  -7.359  -14.215  62.282 0.0000000000
103424  -6.976  -14.808  62.138 0.0000000000
103425  -6.564  -15.451  61.977 0.0000000000
103426  -6.151  -16.052  61.782 0.0000000000
103427  -6.235  -15.858  62.324 0.0000000000
103428  -5.969  -16.360  62.571 0.0000000000
103429  -5.827  -16.885  62.803 0.0000000000
103430  -7.930  -12.333  66.009 0.0000000000
103431  -7.863  -12.448  65.548 0.0000000000
103432  -7.498  -12.933  65.905 0.0000000000
103433  -7.094  -13.507  65.793 0.0000000000
103434  -6.736  -14.116  65.704 0.0000000000
103435  -6.023  -16.871  66.531 0.0000000000
103436  -6.036  -16.407  66.209 0.0000000000
103437  -6.034  -17.005  66.013 0.0000000000
103438  -6.037  -17.122  65.505 0.0000000000
103439  -6.032  -17.280  65.000 0.0000000000
103440  -6.046  -17.486  64.503 0.0000000000
105846  -13.516  -12.288  65.757 0.0000000000
105847  -13.229  -12.785  66.157 0.0000000000
105848  -13.372  -13.068  65.811 0.0000000000
105849  -13.271  -13.709  66.011 0.0000000000
105850  -13.220  -14.333  66.171 0.0000000000
105851  -13.595  -16.639  65.637 0.0000000000
105852  -13.344  -16.323  65.866 0.0000000000
105853  -13.356  -16.920  66.186 0.0000000000
105854  -13.167  -17.209  66.709 0.0000000000
105855  -12.873  -17.469  67.300 0.0000000000
105856  -12.650  -17.746  67.958 0.0000000000
105857  -12.977  -18.064  67.763 0.0000000000
105858  -13.123  -18.569  68.250 0.0000000000
105859  -13.340  -19.009  68.801 0.0000000000
105860  -17.215  -18.480  65.506 0.0000000000
105861  -16.659  -18.420  65.347 0.0000000000
105862  -16.989  -18.714  65.999 0.0000000000
105863  -16.789  -18.930  66.561 0.0000000000
105864  -16.541  -19.140  67.174 0.0000000000
105865  -16.916  -20.038  70.433 0.0000000000
105866  -16.642  -19.812  69.742 0.0000000000
105867  -16.394  -19.990  70.299 0.0000000000
105868  -15.894  -19.955  70.198 0.0000000000
105869  -15.370  -19.935  70.142 0.0000000000
105870  -14.851  -19.855  70.114 0.0000000000
105871  -15.152  -20.102  70.783 0.0000000000
105872  -14.960  -20.322  71.369 0.0000000000
105873  -14.683  -20.592  72.007 0.0000000000
105874  -14.423  -20.877  72.509 0.0000000000
105875  -14.869  -20.993  72.476 0.0000000000
105876  -15.069  -21.498  72.757 0.0000000000
105877  -15.150  -22.080  72.905 0.0000000000
106061  -18.866  -12.555  58.204 0.0000000000
106062  -18.941  -11.902  58.168 0.0000000000
106063  -18.650  -12.189  58.429 0.0000000000
106064  -18.432  -11.824  58.684 0.0000000000
106066  -17.051  -11.539  60.640 0.0000000000
106067  -17.391  -11.208  60.374 0.0000000000
106068  -17.259  -10.791  60.705 0.0000000000
106069  -17.498  -10.055  60.824 0.0000000000
106075  -17.608  -7.753  62.668 0.0000000000
106076  -17.253  -8.412  62.444 0.0000000000
106077  -16.851  -8.767  62.664 0.0000000000
106078  -16.507  -9.102  62.947 0.0000000000
106079  -14.951  -12.066  63.392 0.0000000000
106080  -15.165  -11.322  63.346 0.0000000000
106081  -14.845  -11.709  63.739 0.0000000000
106082  -14.734  -11.365  64.158 0.0000000000
106083  -14.636  -11.021  64.601 0.0000000000
106084  -14.545  -10.695  65.057 0.0000000000
106085  -14.239  -11.409  64.953 0.0000000000
106086  -13.848  -11.854  65.316 0.0000000000
109046  -7.718  -14.830  58.728 0.0000000000
109047  -7.638  -14.918  58.173 0.0000000000
109048  -7.193  -15.366  58.426 0.0000000000
109049  -6.636  -15.848  58.112 0.0000000000
109050  -6.101  -16.377  57.822 0.0000000000
109127  -12.123  -14.154  68.073 0.0000000000
109128  -11.884  -13.894  68.448 0.0000000000
109129  -11.777  -14.391  68.645 0.0000000000
109130  -11.427  -14.623  69.238 0.0000000000
109131  -10.970  -14.874  69.805 0.0000000000
109132  -9.928  -17.044  71.785 0.0000000000
109133  -9.943  -16.428  71.455 0.0000000000
109134  -9.500  -16.777  71.950 0.0000000000
109135  -9.049  -16.531  72.005 0.0000000000
109136  -8.581  -16.313  71.986 0.0000000000
109137  -8.139  -16.184  71.898 0.0000000000
109138  -8.124  -16.790  72.194 0.0000000000
109139  -7.674  -17.323  72.273 0.0000000000
109140  -7.287  -17.940  72.254 0.0000000000
109142  -10.428  -21.676  73.784 0.0000000000
109143  -9.985  -22.300  73.915 0.0000000000
115506  -10.750  -9.632  68.490 0.0000000000
115507  -10.299  -10.061  68.325 0.0000000000
115508  -10.572  -10.162  68.590 0.0000000000
115509  -10.390  -10.756  68.772 0.0000000000
115510  -10.201  -11.330  68.922 0.0000000000
115511  -11.103  -11.182  68.882 0.0000000000
115512  -10.545  -11.531  69.012 0.0000000000
115513  -9.971  -11.912  69.219 0.0000000000
115514  -9.875  -12.401  69.512 0.0000000000
115515  -9.744  -12.885  69.822 0.0000000000
115516  -9.531  -13.334  70.138 0.0000000000
115547  -15.848  -8.076  65.726 0.0000000000
115548  -16.153  -7.411  66.097 0.0000000000
115549  -15.782  -7.820  66.319 0.0000000000
115550  -15.668  -7.591  66.904 0.0000000000
115551  -15.602  -7.346  67.481 0.0000000000
115552  -14.828  -8.470  67.487 0.0000000000
115553  -15.118  -7.779  67.785 0.0000000000
115562  -13.024  -8.644  68.903 0.0000000000
115563  -12.656  -8.425  68.894 0.0000000000
115564  -12.295  -8.238  68.771 0.0000000000
115565  -11.772  -8.729  68.699 0.0000000000
115566  -11.274  -9.168  68.587 0.0000000000
116136  -20.273  -17.480  63.205 0.0000000000
116137  -20.135  -17.637  63.833 0.0000000000
116138  -20.682  -17.615  63.992 0.0000000000
116139  -21.139  -17.798  64.808 0.0000000000
116140  -21.391  -17.906  65.520 0.0000000000
116141  -22.130  -17.659  65.133 0.0000000000
116142  -21.877  -17.863  65.683 0.0000000000
116143  -21.766  -18.012  66.255 0.0000000000
116144  -22.041  -18.108  66.946 0.0000000000
116145  -22.300  -18.296  67.739 0.0000000000
116146  -22.533  -18.460  68.499 0.0000000000
116194  -21.189  -16.863  61.411 0.0000000000
116195  -20.868  -17.085  61.995 0.0000000000
116196  -20.612  -17.301  62.615 0.0000000000
116955  -7.248  -10.486  54.597 0.0000000000
116956  -6.853  -11.177  54.279 0.0000000000
116957  -7.262  -11.364  54.557 0.0000000000
116958  -7.273  -12.253  54.599 0.0000000000
116959  -7.143  -13.140  54.639 0.0000000000
116960  -8.068  -12.564  55.280 0.0000000000
116961  -7.544  -13.278  55.028 0.0000000000
116962  -6.933  -13.922  54.769 0.0000000000
116963  -6.655  -14.627  54.963 0.0000000000
116964  -6.333  -15.264  55.174 0.0000000000
116965  -5.977  -15.856  55.380 0.0000000000
117137  -8.334  -8.506  56.040 0.0000000000
117138  -8.000  -8.447  55.692 0.0000000000
117140  -7.608  -9.073  55.042 0.0000000000
117141  -7.449  -9.778  54.739 0.0000000000
119478  -8.959  -11.734  61.899 0.0000000000
119479  -8.615  -12.330  62.159 0.0000000000
119480  -8.970  -11.554  62.797 0.0000000000
119481  -8.613  -12.178  62.583 0.0000000000
119482  -8.161  -12.849  62.475 0.0000000000
119483  -7.770  -13.334  62.827 0.0000000000
119484  -7.373  -13.769  63.152 0.0000000000
119485  -6.982  -14.253  63.494 0.0000000000
119486  -6.774  -14.271  67.601 0.0000000000
119487  -6.649  -14.394  67.097 0.0000000000
119488  -6.426  -14.895  67.520 0.0000000000
119489  -6.190  -15.492  67.394 0.0000000000
119490  -6.029  -16.121  67.182 0.0000000000
121365  -14.069  -13.554  64.454 0.0000000000
121366  -13.793  -13.918  64.914 0.0000000000
121367  -13.946  -14.261  64.605 0.0000000000
121368  -13.844  -14.980  64.766 0.0000000000
121369  -13.806  -15.693  64.909 0.0000000000
121370  -14.255  -15.740  64.212 0.0000000000
121371  -14.036  -16.034  64.667 0.0000000000
121372  -13.797  -16.359  65.138 0.0000000000
121373  -13.885  -16.966  65.454 0.0000000000
121374  -14.008  -17.560  65.814 0.0000000000
121375  -14.162  -18.158  66.260 0.0000000000
121376  -18.558  -19.205  68.390 0.0000000000
121377  -18.026  -19.261  68.215 0.0000000000
121378  -18.249  -19.407  68.913 0.0000000000
121379  -18.005  -19.598  69.429 0.0000000000
121380  -17.694  -19.831  69.985 0.0000000000
121381  -18.388  -20.053  70.678 0.0000000000
121382  -17.917  -20.053  70.591 0.0000000000
121383  -17.421  -20.058  70.544 0.0000000000
121384  -17.118  -20.276  71.013 0.0000000000
121385  -16.836  -20.537  71.462 0.0000000000
121386  -16.543  -20.891  71.926 0.0000000000
121387  -16.209  -21.259  72.277 0.0000000000
121388  -16.683  -21.347  72.188 0.0000000000
121389  -16.731  -21.906  72.275 0.0000000000
121532  -17.971  -13.942  59.640 0.0000000000
121533  -17.901  -13.208  59.463 0.0000000000
121534  -17.617  -13.522  59.847 0.0000000000
121535  -17.328  -13.102  60.094 0.0000000000
121536  -17.074  -12.705  60.343 0.0000000000
121537  -16.668  -13.834  60.762 0.0000000000
121538  -16.763  -13.074  60.661 0.0000000000
121539  -16.856  -12.341  60.586 0.0000000000
121540  -16.695  -11.868  60.903 0.0000000000
121541  -16.559  -11.440  61.233 0.0000000000
121542  -16.428  -11.017  61.600 0.0000000000
121543  -16.350  -10.586  61.999 0.0000000000
121544  -16.104  -11.332  61.903 0.0000000000
121545  -15.737  -11.705  62.238 0.0000000000
121546  -15.371  -12.047  62.571 0.0000000000
121547  -15.300  -13.279  62.360 0.0000000000
121548  -15.168  -12.863  62.673 0.0000000000
121549  -15.056  -12.453  63.028 0.0000000000
121550  -14.699  -12.805  63.477 0.0000000000
121551  -14.364  -13.168  63.981 0.0000000000
123854  -5.916  -16.591  59.742 0.0000000000
123855  -5.873  -16.687  59.183 0.0000000000
123856  -5.621  -17.211  59.463 0.0000000000
123857  -5.494  -17.899  59.153 0.0000000000
123917  -11.705  -16.416  69.063 0.0000000000
123918  -11.449  -16.069  69.409 0.0000000000
123919  -11.406  -16.651  69.705 0.0000000000
123920  -11.042  -16.914  70.313 0.0000000000
123921  -10.690  -17.134  70.955 0.0000000000
123922  -11.074  -17.993  71.151 0.0000000000
123923  -10.689  -17.643  71.388 0.0000000000
123924  -10.330  -17.327  71.591 0.0000000000
123925  -9.992  -17.652  72.152 0.0000000000
123926  -9.568  -18.033  72.604 0.0000000000
123927  -9.183  -18.479  72.934 0.0000000000
129468  -9.706  -9.726  64.974 0.0000000000
129469  -9.393  -10.335  64.773 0.0000000000
129470  -9.404  -10.248  65.232 0.0000000000
129471  -9.042  -10.799  65.506 0.0000000000
129472  -8.697  -11.293  65.781 0.0000000000
129473  -9.184  -10.612  66.440 0.0000000000
129474  -8.734  -11.197  66.246 0.0000000000
129475  -8.360  -11.752  66.133 0.0000000000
129476  -8.014  -12.248  66.457 0.0000000000
129477  -7.669  -12.782  66.860 0.0000000000
129478  -7.376  -13.255  67.238 0.0000000000
129479  -9.827  -10.524  68.205 0.0000000000
129480  -9.357  -11.036  68.036 0.0000000000
129481  -8.871  -11.564  67.908 0.0000000000
129482  -8.829  -12.068  68.667 0.0000000000
129483  -8.605  -12.056  68.260 0.0000000000
129484  -8.407  -12.076  67.830 0.0000000000
129485  -7.967  -12.611  67.778 0.0000000000
129486  -7.524  -13.149  67.692 0.0000000000
129487  -7.129  -13.702  67.695 0.0000000000
129488  -6.891  -14.189  68.124 0.0000000000
129489  -6.677  -14.665  68.496 0.0000000000
129490  -6.501  -15.186  68.871 0.0000000000
129491  -7.073  -14.501  69.449 0.0000000000
129492  -6.693  -15.085  69.341 0.0000000000
129493  -6.386  -15.655  69.258 0.0000000000
129636  -9.953  -9.103  65.120 0.0000000000
131178  -16.117  -16.543  62.633 0.0000000000
131179  -15.903  -16.839  63.115 0.0000000000
131180  -16.363  -17.089  63.101 0.0000000000
131181  -16.674  -17.564  63.645 0.0000000000
131182  -17.052  -17.928  64.245 0.0000000000
131183  -17.779  -17.829  63.853 0.0000000000
131184  -17.612  -18.017  64.368 0.0000000000
131185  -17.414  -18.266  64.930 0.0000000000
131186  -17.810  -18.524  65.622 0.0000000000
131187  -18.137  -18.725  66.340 0.0000000000
131188  -18.493  -18.873  67.035 0.0000000000
131189  -19.942  -17.870  64.402 0.0000000000
131190  -19.878  -18.024  65.032 0.0000000000
131191  -19.694  -18.190  65.583 0.0000000000
131192  -20.512  -18.301  66.436 0.0000000000
131193  -19.968  -18.355  66.260 0.0000000000
131194  -19.425  -18.420  66.128 0.0000000000
131195  -19.235  -18.616  66.679 0.0000000000
131196  -19.021  -18.797  67.226 0.0000000000
131197  -18.776  -18.976  67.763 0.0000000000
131198  -19.074  -19.137  68.547 0.0000000000
131199  -19.257  -19.347  69.218 0.0000000000
131200  -19.514  -19.567  69.843 0.0000000000
131201  -20.273  -19.281  69.497 0.0000000000
131202  -19.973  -19.564  69.963 0.0000000000
131203  -19.655  -19.876  70.419 0.0000000000
131204  -19.905  -20.235  70.885 0.0000000000
131205  -20.026  -20.710  71.204 0.0000000000
131322  -19.719  -12.272  57.384 0.0000000000
131323  -19.400  -12.509  57.738 0.0000000000
131324  -19.855  -13.452  57.738 0.0000000000
131325  -19.496  -13.155  57.887 0.0000000000
131326  -19.179  -12.889  58.025 0.0000000000
131327  -18.966  -13.275  58.291 0.0000000000
131328  -18.707  -13.617  58.646 0.0000000000
131329  -18.480  -13.921  59.020 0.0000000000
131330  -20.927  -15.552  59.091 0.0000000000
131331  -20.410  -15.453  59.048 0.0000000000
131332  -19.922  -15.307  59.068 0.0000000000
131333  -19.948  -16.131  60.074 0.0000000000
131334  -19.652  -15.660  59.534 0.0000000000
131335  -19.438  -15.122  59.118 0.0000000000
131336  -19.007  -14.913  59.177 0.0000000000
131337  -18.621  -14.621  59.298 0.0000000000
131338  -18.284  -14.283  59.460 0.0000000000
131339  -17.972  -14.611  59.863 0.0000000000
131340  -17.654  -14.955  60.325 0.0000000000
131341  -17.329  -15.322  60.787 0.0000000000
131342  -17.958  -16.174  61.200 0.0000000000
131343  -17.476  -15.931  61.190 0.0000000000
131344  -17.019  -15.609  61.198 0.0000000000
131345  -16.694  -15.969  61.664 0.0000000000
131346  -16.392  -16.262  62.127 0.0000000000
133412  -6.487  -11.852  54.008 0.0000000000
133487  -12.673  -20.505  72.746 0.0000000000
133488  -12.166  -20.348  72.851 0.0000000000
133489  -12.302  -20.939  73.167 0.0000000000
133490  -11.917  -21.411  73.453 0.0000000000
138010  -24.243  -16.951  65.184 0.0000000000
140155  -9.091  -12.011  57.536 0.0000000000
140156  -9.153  -12.036  57.997 0.0000000000
140157  -8.938  -12.815  58.264 0.0000000000
140158  -8.656  -13.529  58.590 0.0000000000
140159  -8.953  -12.637  59.192 0.0000000000
140160  -8.640  -13.414  59.076 0.0000000000
140161  -8.260  -14.200  58.933 0.0000000000
140162  -7.789  -14.716  59.233 0.0000000000
140163  -7.314  -15.190  59.509 0.0000000000
140164  -6.812  -15.636  59.768 0.0000000000
140165  -8.929  -12.101  61.058 0.0000000000
140166  -8.580  -12.785  60.853 0.0000000000
140167  -8.188  -13.519  60.733 0.0000000000
140168  -7.798  -13.964  61.483 0.0000000000
140169  -7.815  -14.085  61.090 0.0000000000
140170  -7.836  -14.281  60.639 0.0000000000
140171  -7.405  -14.940  60.477 0.0000000000
140172  -6.876  -15.500  60.263 0.0000000000
140173  -6.337  -16.046  60.018 0.0000000000
140174  -5.956  -16.479  60.272 0.0000000000
140175  -5.682  -16.959  60.550 0.0000000000
140176  -5.581  -17.518  60.796 0.0000000000
140177  -5.809  -16.687  61.551 0.0000000000
140178  -5.636  -17.375  61.328 0.0000000000
140179  -5.700  -18.031  61.025 0.0000000000
140183  -9.009  -11.008  64.611 0.0000000000
140184  -8.585  -11.615  64.435 0.0000000000
140185  -8.190  -12.239  64.289 0.0000000000
140186  -7.806  -12.607  65.056 0.0000000000
140187  -7.772  -12.772  64.575 0.0000000000
140188  -7.788  -12.900  64.148 0.0000000000
140189  -7.356  -13.493  64.034 0.0000000000
140190  -6.981  -14.077  63.924 0.0000000000
140191  -6.627  -14.720  63.853 0.0000000000
140192  -6.546  -14.512  66.603 0.0000000000
140193  -6.471  -14.632  66.111 0.0000000000
140194  -6.423  -14.755  65.610 0.0000000000
140195  -6.097  -15.899  65.869 0.0000000000
140196  -6.200  -15.400  65.520 0.0000000000
140197  -6.419  -14.895  65.172 0.0000000000
140198  -6.389  -15.041  64.706 0.0000000000
140199  -6.326  -15.193  64.216 0.0000000000
140200  -6.295  -15.371  63.697 0.0000000000
140201  -6.024  -16.028  63.554 0.0000000000
140202  -5.867  -16.706  63.314 0.0000000000
140203  -5.853  -17.388  63.122 0.0000000000
140204  -6.050  -17.659  63.981 0.0000000000
140205  -6.061  -17.816  63.438 0.0000000000
145095  -12.943  -11.275  67.263 0.0000000000
145096  -12.596  -11.780  67.502 0.0000000000
145097  -12.751  -11.988  67.200 0.0000000000
145098  -12.601  -12.653  67.238 0.0000000000
145099  -12.506  -13.289  67.382 0.0000000000
145100  -12.957  -13.185  66.612 0.0000000000
145101  -12.674  -13.519  67.096 0.0000000000
145102  -12.427  -13.847  67.588 0.0000000000
145103  -12.317  -14.385  67.772 0.0000000000
145104  -12.206  -14.986  67.960 0.0000000000
145105  -12.086  -15.577  68.163 0.0000000000
145106  -13.584  -14.271  65.419 0.0000000000
145107  -13.363  -14.649  65.853 0.0000000000
145108  -13.133  -14.975  66.312 0.0000000000
145109  -13.141  -15.996  66.171 0.0000000000
145110  -12.974  -15.651  66.493 0.0000000000
145111  -12.827  -15.299  66.829 0.0000000000
145112  -12.553  -15.616  67.312 0.0000000000
145113  -12.255  -15.912  67.846 0.0000000000
145114  -11.978  -16.153  68.482 0.0000000000
145115  -11.916  -16.732  68.758 0.0000000000
145116  -11.902  -17.360  69.082 0.0000000000
145117  -11.938  -17.927  69.484 0.0000000000
145118  -12.445  -17.994  68.602 0.0000000000
145119  -12.248  -18.222  69.286 0.0000000000
145120  -12.056  -18.412  69.960 0.0000000000
145121  -12.181  -18.862  70.556 0.0000000000
145122  -12.409  -19.274  71.070 0.0000000000
145123  -12.632  -19.688  71.670 0.0000000000
145124  -15.702  -17.117  63.620 0.0000000000
145125  -15.480  -17.416  64.078 0.0000000000
145126  -15.326  -17.644  64.610 0.0000000000
145127  -16.118  -18.324  65.215 0.0000000000
145128  -15.563  -18.169  65.125 0.0000000000
145129  -15.103  -17.916  65.129 0.0000000000
145130  -14.876  -18.170  65.666 0.0000000000
145131  -14.633  -18.402  66.237 0.0000000000
145132  -14.426  -18.598  66.849 0.0000000000
145133  -17.448  -19.281  68.033 0.0000000000
145134  -16.863  -19.288  67.907 0.0000000000
145135  -16.307  -19.272  67.786 0.0000000000
145136  -16.419  -19.593  69.036 0.0000000000
145137  -16.069  -19.425  68.360 0.0000000000
145138  -15.754  -19.227  67.657 0.0000000000
145139  -15.242  -19.119  67.577 0.0000000000
145140  -14.710  -18.973  67.515 0.0000000000
145141  -14.172  -18.786  67.503 0.0000000000
145142  -13.995  -18.993  68.145 0.0000000000
145143  -13.791  -19.187  68.730 0.0000000000
145144  -13.616  -19.318  69.431 0.0000000000
145145  -14.348  -19.754  70.082 0.0000000000
145146  -13.853  -19.635  70.077 0.0000000000
145147  -13.378  -19.480  70.139 0.0000000000
145148  -13.207  -19.657  70.853 0.0000000000
145149  -13.051  -19.841  71.542 0.0000000000
145150  -12.915  -20.147  72.213 0.0000000000
145151  -13.131  -20.642  72.651 0.0000000000
145152  -13.280  -21.144  73.047 0.0000000000
145153  -13.449  -21.692  73.311 0.0000000000
145154  -14.187  -21.300  72.907 0.0000000000
145155  -13.903  -21.762  73.214 0.0000000000
145156  -13.570  -22.316  73.420 0.0000000000
145160  -15.919  -21.675  72.557 0.0000000000
145161  -15.533  -22.184  72.737 0.0000000000
145162  -15.171  -22.702  72.798 0.0000000000
145178  -24.033  -17.312  65.735 0.0000000000
145179  -23.845  -17.526  66.388 0.0000000000
145180  -23.670  -17.768  66.949 0.0000000000
145182  -23.916  -17.892  67.754 0.0000000000
145183  -23.497  -17.940  67.574 0.0000000000
145184  -23.157  -18.191  68.110 0.0000000000
145185  -23.031  -18.423  68.689 0.0000000000
145186  -22.791  -18.696  69.178 0.0000000000
145191  -24.109  -19.844  70.255 0.0000000000
145192  -23.936  -19.240  69.996 0.0000000000
145193  -23.495  -19.137  69.878 0.0000000000
145194  -23.023  -19.052  69.743 0.0000000000
145195  -22.568  -19.040  69.632 0.0000000000
145196  -22.291  -19.413  70.061 0.0000000000
145197  -21.972  -19.770  70.391 0.0000000000
145198  -21.682  -20.223  70.698 0.0000000000
145200  -21.757  -20.781  70.838 0.0000000000
145201  -21.309  -20.606  70.911 0.0000000000
145532  -19.067  -11.207  58.193 0.0000000000
145538  -17.913  -12.546  59.359 0.0000000000
145539  -18.016  -11.799  59.310 0.0000000000
145541  -17.707  -10.896  60.074 0.0000000000
145558  -17.911  -6.430  63.960 0.0000000000
145559  -17.595  -7.396  63.119 0.0000000000
145560  -17.554  -7.045  63.671 0.0000000000
145561  -17.500  -6.730  64.218 0.0000000000
145562  -17.026  -7.079  64.468 0.0000000000
145563  -16.620  -7.410  64.769 0.0000000000
145564  -16.307  -7.849  65.007 0.0000000000
145565  -16.291  -10.197  62.404 0.0000000000
145566  -16.233  -9.846  62.797 0.0000000000
145567  -16.172  -9.472  63.264 0.0000000000
145568  -15.510  -10.626  63.417 0.0000000000
145569  -15.797  -9.899  63.535 0.0000000000
145570  -16.118  -9.134  63.764 0.0000000000
145571  -16.050  -8.818  64.250 0.0000000000
145572  -15.964  -8.547  64.723 0.0000000000
145573  -15.893  -8.312  65.206 0.0000000000
145574  -15.515  -8.715  65.566 0.0000000000
145575  -15.148  -9.131  65.864 0.0000000000
145576  -14.729  -9.559  66.129 0.0000000000
145577  -14.468  -10.444  65.538 0.0000000000
145578  -14.381  -10.229  65.993 0.0000000000
145579  -14.279  -10.035  66.452 0.0000000000
145580  -13.838  -10.398  66.769 0.0000000000
145581  -13.398  -10.819  67.044 0.0000000000
151526  -8.834  -12.858  57.257 0.0000000000
151527  -8.502  -13.629  57.014 0.0000000000
151528  -8.011  -14.287  56.738 0.0000000000
151529  -7.612  -14.911  57.604 0.0000000000
151530  -7.528  -14.900  57.017 0.0000000000
151531  -7.377  -14.871  56.468 0.0000000000
151532  -6.748  -15.412  56.223 0.0000000000
151533  -6.150  -15.899  55.927 0.0000000000
151534  -5.651  -16.391  55.622 0.0000000000
151535  -5.795  -16.773  58.645 0.0000000000
151536  -5.738  -16.854  58.087 0.0000000000
151537  -5.666  -16.910  57.523 0.0000000000
151538  -5.346  -18.125  57.444 0.0000000000
151539  -5.358  -17.530  57.246 0.0000000000
151540  -5.585  -16.941  56.967 0.0000000000
151541  -5.482  -17.013  56.445 0.0000000000
151542  -5.385  -17.021  55.874 0.0000000000
151543  -5.279  -16.987  55.285 0.0000000000
151544  -5.111  -17.677  54.974 0.0000000000
151688  -12.243  -12.166  67.898 0.0000000000
151689  -11.869  -12.556  68.380 0.0000000000
151690  -11.484  -12.853  68.900 0.0000000000
151691  -11.651  -13.612  68.804 0.0000000000
151692  -11.351  -13.347  69.136 0.0000000000
151693  -11.008  -13.074  69.392 0.0000000000
151694  -10.546  -13.322  69.793 0.0000000000
151695  -9.984  -13.555  70.133 0.0000000000
151696  -9.398  -13.831  70.475 0.0000000000
151697  -11.167  -15.711  69.762 0.0000000000
151698  -10.869  -15.400  70.077 0.0000000000
151699  -10.537  -15.106  70.336 0.0000000000
151700  -10.004  -15.899  71.104 0.0000000000
151701  -10.086  -15.350  70.814 0.0000000000
151702  -10.146  -14.811  70.543 0.0000000000
151703  -9.744  -14.568  70.685 0.0000000000
151704  -9.313  -14.323  70.722 0.0000000000
151705  -8.838  -14.122  70.641 0.0000000000
151706  -8.323  -14.514  70.911 0.0000000000
151707  -7.851  -14.955  71.008 0.0000000000
151708  -7.329  -15.470  71.058 0.0000000000
151709  -7.679  -16.081  71.692 0.0000000000
151710  -7.261  -16.019  71.400 0.0000000000
151711  -6.917  -15.990  71.001 0.0000000000
151712  -6.581  -16.543  70.889 0.0000000000
151713  -6.361  -17.220  70.688 0.0000000000
151715  -11.695  -20.181  72.940 0.0000000000
151716  -11.202  -19.987  73.040 0.0000000000
151717  -10.723  -19.782  73.107 0.0000000000
151718  -10.420  -20.965  73.604 0.0000000000
151719  -10.331  -20.195  73.383 0.0000000000
151720  -10.235  -19.593  73.175 0.0000000000
151721  -9.722  -19.386  73.202 0.0000000000
151722  -9.267  -19.169  73.190 0.0000000000
151723  -8.732  -18.978  73.169 0.0000000000
151729  -8.551  -21.037  73.510 0.0000000000
151730  -8.475  -20.301  73.369 0.0000000000
151731  -8.316  -19.559  73.197 0.0000000000
151732  -8.226  -18.826  73.026 0.0000000000
151733  -7.775  -18.681  72.826 0.0000000000
151734  -7.365  -18.616  72.547 0.0000000000
151735  -6.980  -18.569  72.160 0.0000000000
