#!ascii label  , from subject fsaverage vox2ras=TkReg
526
562  -28.486  -67.019  24.381 0.0000000000
564  -31.525  -73.941  31.211 0.0000000000
565  -32.630  -77.747  17.068 0.0000000000
1243  -25.222  -63.328  29.017 0.0000000000
1250  -32.599  -79.827  28.893 0.0000000000
1251  -32.608  -76.007  23.964 0.0000000000
1252  -34.977  -80.953  23.207 0.0000000000
1253  -34.096  -81.862  16.667 0.0000000000
2333  -30.447  -70.104  27.168 0.0000000000
2334  -31.091  -72.498  19.689 0.0000000000
5170  -27.139  -64.952  26.523 0.0000000000
5192  -30.982  -71.917  29.231 0.0000000000
5193  -32.836  -76.697  20.602 0.0000000000
5194  -32.114  -74.107  21.524 0.0000000000
5195  -31.361  -75.456  17.918 0.0000000000
5200  -34.694  -84.203  16.282 0.0000000000
6847  -26.912  -63.532  29.842 0.0000000000
6848  -28.617  -65.492  27.668 0.0000000000
6858  -32.141  -77.066  29.675 0.0000000000
6859  -31.938  -75.288  27.344 0.0000000000
6860  -32.606  -77.960  26.467 0.0000000000
6861  -33.741  -78.414  23.502 0.0000000000
6862  -34.214  -79.068  19.948 0.0000000000
6863  -33.636  -79.585  16.935 0.0000000000
6864  -35.073  -81.104  19.917 0.0000000000
6865  -35.665  -83.284  19.422 0.0000000000
6866  -36.461  -85.119  18.433 0.0000000000
9558  -29.834  -67.123  29.198 0.0000000000
9559  -29.808  -68.284  25.426 0.0000000000
9560  -31.599  -73.164  25.168 0.0000000000
9561  -31.139  -71.164  23.232 0.0000000000
9562  -30.011  -69.597  21.923 0.0000000000
9577  -37.701  -85.675  16.676 0.0000000000
12850  -27.855  -65.923  25.485 0.0000000000
12852  -27.715  -66.915  24.028 0.0000000000
12854  -28.309  -67.851  22.958 0.0000000000
12872  -31.289  -72.860  30.227 0.0000000000
12873  -32.792  -77.294  18.785 0.0000000000
12874  -32.121  -76.104  19.138 0.0000000000
12875  -31.903  -76.709  17.426 0.0000000000
15252  -27.704  -63.923  30.390 0.0000000000
15253  -27.899  -64.434  28.687 0.0000000000
15254  -28.554  -64.882  29.414 0.0000000000
15266  -32.724  -80.396  30.100 0.0000000000
15268  -32.289  -79.151  30.503 0.0000000000
15270  -32.290  -78.477  29.167 0.0000000000
15271  -32.246  -77.545  28.056 0.0000000000
15272  -32.567  -78.955  27.747 0.0000000000
15273  -34.457  -80.641  24.904 0.0000000000
15274  -33.839  -79.392  24.885 0.0000000000
15275  -34.377  -79.685  23.354 0.0000000000
15276  -34.146  -78.738  21.750 0.0000000000
15277  -34.768  -80.043  21.517 0.0000000000
15278  -34.673  -80.092  19.906 0.0000000000
15279  -35.107  -81.021  21.472 0.0000000000
15281  -35.725  -83.083  21.073 0.0000000000
15283  -35.910  -84.278  19.040 0.0000000000
21272  -24.384  -63.603  28.814 0.0000000000
21333  -30.516  -69.492  29.116 0.0000000000
21334  -30.286  -67.960  30.155 0.0000000000
21335  -30.221  -68.598  28.140 0.0000000000
21336  -29.777  -67.726  27.337 0.0000000000
21337  -30.166  -69.215  26.211 0.0000000000
21338  -32.313  -75.678  25.580 0.0000000000
21339  -31.763  -74.220  26.196 0.0000000000
21340  -32.233  -74.646  24.423 0.0000000000
21341  -31.668  -73.242  20.533 0.0000000000
21342  -31.750  -72.636  22.288 0.0000000000
21343  -31.327  -71.701  21.430 0.0000000000
21344  -30.697  -70.281  22.404 0.0000000000
21345  -30.716  -71.005  20.712 0.0000000000
21346  -29.832  -70.450  20.353 0.0000000000
21347  -30.287  -71.891  19.155 0.0000000000
21360  -33.991  -80.633  16.871 0.0000000000
21361  -32.890  -80.209  15.497 0.0000000000
24138  -33.275  -80.909  28.747 0.0000000000
24139  -33.072  -80.209  27.680 0.0000000000
27738  -26.196  -64.050  27.737 0.0000000000
27739  -25.343  -64.240  27.473 0.0000000000
27740  -26.278  -65.045  26.248 0.0000000000
27777  -30.881  -70.383  30.189 0.0000000000
27778  -30.691  -70.982  28.233 0.0000000000
27779  -32.880  -76.317  22.275 0.0000000000
27780  -32.463  -75.048  22.626 0.0000000000
27781  -32.392  -75.540  20.945 0.0000000000
27782  -31.857  -74.697  19.728 0.0000000000
27783  -31.244  -73.953  18.817 0.0000000000
27784  -30.464  -73.374  18.120 0.0000000000
27792  -34.322  -83.048  16.454 0.0000000000
27793  -33.343  -82.564  15.221 0.0000000000
27794  -33.833  -83.699  15.072 0.0000000000
31337  -26.079  -63.336  29.340 0.0000000000
31338  -27.064  -64.161  28.061 0.0000000000
31339  -27.917  -65.141  26.971 0.0000000000
31340  -28.618  -66.231  26.007 0.0000000000
31362  -31.839  -75.651  30.289 0.0000000000
31363  -31.651  -74.687  29.175 0.0000000000
31364  -32.058  -76.239  28.503 0.0000000000
31365  -32.275  -76.659  26.828 0.0000000000
31366  -32.693  -76.945  25.189 0.0000000000
31367  -33.077  -79.197  26.407 0.0000000000
31368  -33.226  -78.143  25.037 0.0000000000
31369  -33.143  -77.100  23.690 0.0000000000
31370  -33.427  -77.456  22.050 0.0000000000
31371  -33.519  -77.958  20.170 0.0000000000
31372  -33.485  -78.404  18.446 0.0000000000
31373  -33.162  -78.656  16.967 0.0000000000
31374  -34.011  -79.285  18.415 0.0000000000
31375  -34.491  -80.244  18.403 0.0000000000
31376  -34.832  -81.326  18.255 0.0000000000
31377  -35.470  -82.095  21.344 0.0000000000
31378  -35.420  -82.188  19.716 0.0000000000
31379  -35.064  -82.509  18.029 0.0000000000
31380  -35.234  -83.714  17.821 0.0000000000
31381  -35.514  -84.710  17.421 0.0000000000
38840  -24.577  -64.679  27.465 0.0000000000
38914  -29.288  -65.694  30.153 0.0000000000
38915  -29.314  -66.265  28.302 0.0000000000
38916  -29.281  -66.925  26.520 0.0000000000
38917  -29.233  -67.564  24.771 0.0000000000
38918  -31.452  -73.592  28.246 0.0000000000
38919  -31.142  -72.590  27.166 0.0000000000
38920  -30.852  -71.637  26.140 0.0000000000
38921  -32.033  -73.573  23.320 0.0000000000
38922  -31.388  -72.131  24.165 0.0000000000
38923  -30.695  -70.662  25.105 0.0000000000
38924  -30.311  -69.729  24.373 0.0000000000
38925  -29.929  -68.940  23.619 0.0000000000
38926  -29.169  -68.291  23.171 0.0000000000
38927  -29.105  -69.140  21.664 0.0000000000
38969  -37.373  -85.080  19.466 0.0000000000
38970  -37.125  -85.646  17.652 0.0000000000
43570  -28.186  -66.484  24.927 0.0000000000
43571  -27.801  -66.409  24.728 0.0000000000
43572  -28.124  -66.919  24.177 0.0000000000
43573  -28.018  -67.396  23.488 0.0000000000
43574  -28.408  -67.442  23.646 0.0000000000
43591  -31.289  -72.660  31.178 0.0000000000
43592  -31.419  -73.467  30.657 0.0000000000
43593  -32.747  -77.516  17.919 0.0000000000
43594  -32.361  -76.978  18.097 0.0000000000
43595  -32.276  -77.234  17.221 0.0000000000
43599  -32.395  -77.970  16.309 0.0000000000
45973  -28.144  -64.389  29.909 0.0000000000
45974  -28.440  -64.652  30.317 0.0000000000
45986  -32.639  -80.132  29.504 0.0000000000
45987  -32.471  -79.815  30.291 0.0000000000
45988  -32.428  -79.490  29.663 0.0000000000
45989  -32.287  -78.827  29.820 0.0000000000
45990  -32.422  -79.152  29.013 0.0000000000
45991  -32.420  -78.784  28.417 0.0000000000
45992  -32.581  -79.425  28.311 0.0000000000
45993  -34.737  -80.796  24.063 0.0000000000
45994  -34.447  -80.153  24.125 0.0000000000
45995  -34.678  -80.298  23.271 0.0000000000
45996  -34.593  -79.850  22.452 0.0000000000
45997  -34.889  -80.478  22.342 0.0000000000
45998  -34.916  -80.497  21.455 0.0000000000
45999  -35.079  -81.003  22.352 0.0000000000
51992  -24.803  -63.445  28.875 0.0000000000
52053  -30.468  -69.803  28.165 0.0000000000
52054  -30.384  -69.050  28.624 0.0000000000
52055  -30.308  -69.327  27.671 0.0000000000
52056  -30.159  -68.933  27.172 0.0000000000
52057  -30.310  -69.664  26.663 0.0000000000
52058  -32.470  -75.863  24.779 0.0000000000
52059  -32.288  -75.191  24.978 0.0000000000
52060  -32.442  -75.369  24.186 0.0000000000
52061  -31.403  -72.875  20.043 0.0000000000
52062  -31.531  -72.510  20.945 0.0000000000
52063  -31.246  -72.107  20.535 0.0000000000
52064  -31.037  -71.356  21.012 0.0000000000
52065  -30.928  -71.749  20.183 0.0000000000
52066  -30.566  -71.398  19.920 0.0000000000
52067  -30.718  -72.153  19.393 0.0000000000
52080  -34.074  -81.230  16.800 0.0000000000
52081  -33.576  -80.972  16.137 0.0000000000
52082  -33.571  -81.597  15.998 0.0000000000
61590  -26.669  -64.472  27.114 0.0000000000
61591  -26.249  -64.524  26.961 0.0000000000
61592  -26.700  -64.964  26.364 0.0000000000
61653  -30.992  -71.634  30.167 0.0000000000
61654  -31.008  -70.844  30.686 0.0000000000
61655  -30.894  -71.146  29.738 0.0000000000
61656  -30.751  -70.700  29.233 0.0000000000
61657  -30.845  -71.448  28.769 0.0000000000
61658  -32.896  -76.503  21.445 0.0000000000
61659  -32.651  -75.932  21.595 0.0000000000
61660  -32.602  -76.141  20.774 0.0000000000
61661  -31.753  -75.745  18.539 0.0000000000
61662  -31.970  -75.419  19.417 0.0000000000
61663  -31.633  -75.053  18.844 0.0000000000
61664  -31.541  -74.307  19.218 0.0000000000
61665  -31.282  -74.707  18.369 0.0000000000
61666  -30.915  -74.377  17.997 0.0000000000
61667  -30.961  -75.131  17.546 0.0000000000
61680  -34.504  -83.633  16.372 0.0000000000
61681  -34.055  -83.366  15.743 0.0000000000
61682  -34.269  -83.957  15.669 0.0000000000
68798  -26.592  -63.750  28.715 0.0000000000
68799  -27.054  -63.844  28.970 0.0000000000
68800  -28.281  -64.923  28.143 0.0000000000
68801  -27.939  -64.755  27.798 0.0000000000
68802  -28.274  -65.297  27.310 0.0000000000
68803  -28.279  -65.679  26.481 0.0000000000
68804  -28.621  -65.849  26.841 0.0000000000
68846  -32.132  -77.506  30.250 0.0000000000
68850  -32.073  -76.364  29.988 0.0000000000
68851  -31.979  -75.958  29.394 0.0000000000
68852  -32.123  -76.652  29.126 0.0000000000
68853  -32.395  -77.767  27.262 0.0000000000
68854  -32.251  -77.035  27.432 0.0000000000
68855  -32.430  -77.299  26.610 0.0000000000
68856  -32.470  -76.838  25.979 0.0000000000
68857  -32.670  -77.469  25.822 0.0000000000
68858  -33.358  -80.325  27.075 0.0000000000
68859  -33.028  -79.707  27.066 0.0000000000
68860  -33.373  -79.805  26.394 0.0000000000
68861  -33.826  -78.909  24.180 0.0000000000
68862  -33.497  -78.767  24.980 0.0000000000
68863  -33.525  -78.254  24.264 0.0000000000
68864  -33.223  -77.609  24.350 0.0000000000
68865  -33.438  -77.722  23.598 0.0000000000
68866  -33.309  -77.253  22.921 0.0000000000
68867  -33.606  -77.920  22.803 0.0000000000
68868  -34.204  -78.933  20.840 0.0000000000
68869  -33.881  -78.310  20.975 0.0000000000
68870  -33.877  -78.539  20.048 0.0000000000
68871  -33.513  -78.194  19.284 0.0000000000
68872  -33.860  -78.743  19.150 0.0000000000
68873  -33.747  -78.838  18.409 0.0000000000
68874  -34.123  -79.185  19.167 0.0000000000
68875  -34.850  -80.568  19.926 0.0000000000
68876  -34.585  -80.150  19.195 0.0000000000
68877  -34.788  -80.637  19.150 0.0000000000
68878  -34.709  -80.727  18.334 0.0000000000
68879  -35.022  -81.143  19.093 0.0000000000
68881  -35.464  -82.054  22.164 0.0000000000
68882  -35.578  -82.547  22.017 0.0000000000
68883  -35.735  -83.134  20.267 0.0000000000
68884  -35.604  -82.612  20.422 0.0000000000
68885  -35.558  -82.712  19.585 0.0000000000
68886  -35.314  -82.313  18.858 0.0000000000
68887  -35.405  -82.876  18.741 0.0000000000
68888  -35.153  -83.104  17.939 0.0000000000
68889  -35.488  -83.456  18.609 0.0000000000
68890  -36.144  -84.740  18.751 0.0000000000
68891  -35.733  -84.487  18.204 0.0000000000
68892  -35.987  -84.965  17.919 0.0000000000
68893  -35.852  -85.161  17.162 0.0000000000
68894  -36.324  -85.354  17.616 0.0000000000
86858  -25.447  -64.819  26.772 0.0000000000
86859  -24.950  -64.446  27.436 0.0000000000
86860  -25.060  -64.990  26.791 0.0000000000
87041  -30.055  -67.532  29.656 0.0000000000
87043  -29.895  -66.811  30.184 0.0000000000
87045  -29.630  -66.394  29.698 0.0000000000
87046  -29.322  -65.957  29.253 0.0000000000
87047  -29.594  -66.708  28.738 0.0000000000
87048  -29.776  -68.044  26.361 0.0000000000
87049  -29.540  -67.313  26.917 0.0000000000
87050  -29.531  -67.643  25.975 0.0000000000
87051  -29.261  -67.250  25.643 0.0000000000
87052  -29.529  -67.939  25.058 0.0000000000
87053  -31.806  -75.031  28.272 0.0000000000
87054  -31.593  -74.080  28.777 0.0000000000
87055  -31.680  -74.477  27.724 0.0000000000
87056  -31.684  -73.703  25.703 0.0000000000
87057  -31.447  -73.435  26.662 0.0000000000
87058  -31.343  -72.907  26.133 0.0000000000
87059  -31.020  -72.097  26.657 0.0000000000
87060  -31.227  -72.390  25.628 0.0000000000
87061  -32.303  -74.565  22.065 0.0000000000
87062  -32.274  -74.320  22.954 0.0000000000
87063  -32.123  -73.821  22.412 0.0000000000
87064  -31.501  -71.912  22.734 0.0000000000
87065  -31.616  -72.373  23.232 0.0000000000
87066  -31.279  -71.639  23.681 0.0000000000
87067  -31.051  -71.398  24.612 0.0000000000
87068  -30.917  -70.892  24.178 0.0000000000
87069  -30.532  -70.164  24.693 0.0000000000
87070  -30.744  -70.441  23.723 0.0000000000
87071  -30.384  -69.899  22.149 0.0000000000
87072  -30.310  -69.609  23.018 0.0000000000
87073  -30.007  -69.238  22.771 0.0000000000
87074  -29.573  -68.575  23.373 0.0000000000
87075  -29.602  -68.934  22.568 0.0000000000
87076  -29.157  -68.703  22.397 0.0000000000
87077  -29.579  -69.349  21.758 0.0000000000
87078  -29.606  -70.992  19.658 0.0000000000
87079  -29.336  -70.261  20.302 0.0000000000
87080  -29.124  -70.875  19.667 0.0000000000
87084  -30.020  -73.171  17.899 0.0000000000
87128  -33.082  -82.944  14.590 0.0000000000
87183  -37.972  -85.465  17.509 0.0000000000
87184  -37.639  -85.469  18.077 0.0000000000
87185  -37.446  -85.770  17.143 0.0000000000
87186  -36.963  -85.920  16.797 0.0000000000
96858  -27.507  -65.438  26.004 0.0000000000
96859  -27.101  -65.426  25.780 0.0000000000
96860  -27.463  -65.913  25.259 0.0000000000
96866  -28.264  -68.436  22.282 0.0000000000
96897  -31.152  -72.106  30.709 0.0000000000
96898  -31.130  -72.381  29.713 0.0000000000
96899  -32.838  -77.021  19.684 0.0000000000
96900  -32.486  -76.400  19.856 0.0000000000
96901  -32.409  -76.724  18.972 0.0000000000
96902  -31.990  -76.419  18.313 0.0000000000
96903  -31.546  -76.145  17.715 0.0000000000
96904  -31.105  -75.881  17.231 0.0000000000
96905  -31.368  -76.464  16.878 0.0000000000
96913  -34.542  -84.576  15.558 0.0000000000
101182  -27.316  -63.706  30.093 0.0000000000
101183  -27.464  -63.956  29.276 0.0000000000
101184  -27.827  -64.149  29.539 0.0000000000
101185  -28.237  -64.635  29.020 0.0000000000
101186  -28.613  -65.159  28.521 0.0000000000
101209  -32.320  -79.549  31.110 0.0000000000
101212  -32.193  -78.578  30.719 0.0000000000
101213  -32.186  -78.212  30.034 0.0000000000
101214  -32.190  -77.718  29.355 0.0000000000
101215  -32.161  -77.356  28.860 0.0000000000
101216  -32.271  -78.050  28.606 0.0000000000
101217  -32.380  -78.264  27.897 0.0000000000
101218  -32.565  -78.457  27.168 0.0000000000
101219  -34.099  -80.497  25.661 0.0000000000
101220  -33.764  -79.892  25.680 0.0000000000
101221  -34.140  -80.023  24.930 0.0000000000
101222  -34.151  -79.546  24.181 0.0000000000
101223  -34.068  -79.050  23.418 0.0000000000
101224  -34.016  -78.560  22.644 0.0000000000
101225  -34.289  -79.207  22.553 0.0000000000
101226  -34.459  -79.384  21.644 0.0000000000
101227  -34.579  -79.600  20.769 0.0000000000
101228  -34.469  -79.602  19.941 0.0000000000
101229  -34.750  -80.073  20.693 0.0000000000
101230  -34.905  -80.537  20.666 0.0000000000
101231  -35.140  -81.070  20.699 0.0000000000
101236  -35.846  -83.659  20.152 0.0000000000
101237  -35.759  -83.796  19.276 0.0000000000
101238  -36.010  -84.116  19.934 0.0000000000
101239  -36.241  -84.543  19.655 0.0000000000
101240  -36.569  -84.910  19.328 0.0000000000
112127  -30.640  -69.163  30.170 0.0000000000
112128  -30.517  -68.388  30.691 0.0000000000
112129  -30.438  -68.720  29.657 0.0000000000
112130  -30.242  -68.279  29.142 0.0000000000
112131  -30.027  -67.841  28.656 0.0000000000
112132  -29.810  -67.435  28.254 0.0000000000
112133  -30.015  -68.155  27.717 0.0000000000
112134  -29.983  -68.461  26.775 0.0000000000
112135  -29.996  -68.747  25.807 0.0000000000
112136  -32.145  -75.470  26.454 0.0000000000
112137  -31.848  -74.752  26.741 0.0000000000
112138  -32.087  -74.980  25.827 0.0000000000
112139  -32.026  -74.455  25.292 0.0000000000
112140  -31.953  -73.915  24.796 0.0000000000
112141  -31.900  -73.664  20.992 0.0000000000
112142  -31.953  -73.376  21.884 0.0000000000
112143  -31.766  -72.930  21.402 0.0000000000
112144  -31.584  -72.185  21.800 0.0000000000
112145  -31.306  -71.426  22.314 0.0000000000
112146  -30.949  -70.699  22.765 0.0000000000
112147  -31.051  -70.983  21.900 0.0000000000
112148  -30.755  -70.605  21.520 0.0000000000
112149  -30.403  -70.216  21.295 0.0000000000
112150  -29.981  -70.016  21.065 0.0000000000
112151  -30.314  -70.692  20.502 0.0000000000
112152  -30.092  -71.174  19.734 0.0000000000
112176  -33.841  -80.070  16.880 0.0000000000
112177  -33.346  -79.826  16.166 0.0000000000
112178  -33.467  -80.395  16.167 0.0000000000
112179  -33.016  -80.779  15.470 0.0000000000
112216  -38.149  -85.338  17.030 0.0000000000
117760  -33.080  -80.782  29.928 0.0000000000
117761  -32.947  -80.651  29.363 0.0000000000
117762  -32.863  -80.403  28.793 0.0000000000
117763  -32.792  -80.112  28.219 0.0000000000
117764  -33.178  -80.637  28.235 0.0000000000
117770  -34.421  -81.143  25.622 0.0000000000
117773  -35.203  -81.501  23.166 0.0000000000
126162  -25.714  -63.673  28.370 0.0000000000
126163  -25.283  -63.769  28.233 0.0000000000
126164  -25.792  -64.100  27.588 0.0000000000
126165  -25.837  -64.655  26.838 0.0000000000
126166  -25.891  -65.185  26.165 0.0000000000
126167  -26.705  -65.465  25.688 0.0000000000
126253  -30.844  -69.611  30.675 0.0000000000
126254  -30.711  -69.948  29.665 0.0000000000
126255  -30.612  -70.262  28.693 0.0000000000
126256  -30.592  -70.548  27.683 0.0000000000
126257  -32.713  -76.144  23.084 0.0000000000
126258  -32.570  -75.557  23.347 0.0000000000
126259  -32.583  -75.739  22.411 0.0000000000
126260  -32.421  -75.287  21.732 0.0000000000
126261  -32.241  -74.801  21.214 0.0000000000
126262  -32.274  -75.834  20.035 0.0000000000
126263  -32.129  -75.124  20.318 0.0000000000
126264  -31.990  -74.356  20.596 0.0000000000
126265  -31.729  -73.954  20.079 0.0000000000
126266  -31.464  -73.571  19.621 0.0000000000
126267  -31.187  -73.226  19.203 0.0000000000
126268  -30.867  -72.918  18.831 0.0000000000
126269  -30.877  -73.636  18.432 0.0000000000
126288  -34.205  -82.467  16.557 0.0000000000
126289  -33.683  -82.207  15.914 0.0000000000
126290  -33.815  -82.805  15.810 0.0000000000
126291  -33.583  -83.145  15.135 0.0000000000
135518  -25.153  -62.946  29.798 0.0000000000
135527  -25.642  -63.303  29.166 0.0000000000
135528  -26.131  -63.676  28.525 0.0000000000
135529  -26.607  -64.073  27.893 0.0000000000
135530  -27.093  -64.535  27.278 0.0000000000
135531  -27.515  -64.275  28.373 0.0000000000
135532  -27.517  -64.632  27.497 0.0000000000
135533  -27.558  -65.030  26.702 0.0000000000
135534  -27.903  -65.533  26.225 0.0000000000
135535  -28.258  -66.073  25.706 0.0000000000
135536  -28.569  -66.615  25.166 0.0000000000
135594  -31.673  -74.802  30.697 0.0000000000
135595  -31.578  -74.278  30.195 0.0000000000
135596  -31.730  -75.172  29.746 0.0000000000
135597  -31.898  -75.525  28.820 0.0000000000
135598  -32.023  -75.797  27.969 0.0000000000
135599  -32.139  -76.897  28.255 0.0000000000
135600  -32.137  -76.435  27.678 0.0000000000
135601  -32.146  -75.969  27.101 0.0000000000
135602  -32.305  -76.162  26.200 0.0000000000
135603  -32.497  -76.305  25.360 0.0000000000
135604  -32.665  -76.454  24.579 0.0000000000
135605  -32.765  -79.590  27.676 0.0000000000
135606  -32.800  -79.091  27.079 0.0000000000
135607  -32.831  -78.540  26.434 0.0000000000
135608  -33.433  -79.286  25.695 0.0000000000
135609  -33.132  -78.652  25.766 0.0000000000
135610  -32.890  -78.030  25.771 0.0000000000
135611  -32.961  -77.570  25.105 0.0000000000
135612  -32.937  -77.045  24.437 0.0000000000
135613  -32.822  -76.554  23.731 0.0000000000
135614  -33.019  -76.659  23.020 0.0000000000
135615  -33.130  -76.861  22.168 0.0000000000
135616  -33.147  -77.075  21.275 0.0000000000
135617  -33.811  -78.101  21.912 0.0000000000
135618  -33.508  -77.707  21.122 0.0000000000
135619  -33.167  -77.355  20.344 0.0000000000
135620  -33.170  -77.622  19.458 0.0000000000
135621  -33.144  -77.858  18.583 0.0000000000
135622  -33.081  -78.065  17.761 0.0000000000
135623  -32.910  -78.219  17.000 0.0000000000
135624  -33.350  -78.487  17.710 0.0000000000
135625  -33.605  -78.933  17.687 0.0000000000
135626  -33.860  -79.403  17.678 0.0000000000
135627  -34.390  -79.649  19.188 0.0000000000
135628  -34.257  -79.762  18.439 0.0000000000
135629  -34.082  -79.884  17.646 0.0000000000
135630  -34.307  -80.371  17.602 0.0000000000
135631  -34.436  -80.946  17.550 0.0000000000
135632  -34.532  -81.549  17.463 0.0000000000
135633  -35.292  -81.541  22.312 0.0000000000
135634  -35.323  -81.585  21.439 0.0000000000
135635  -35.312  -81.610  20.650 0.0000000000
135636  -35.568  -82.577  21.237 0.0000000000
135637  -35.443  -82.106  20.564 0.0000000000
135638  -35.270  -81.639  19.866 0.0000000000
135639  -35.164  -81.752  18.985 0.0000000000
135640  -34.979  -81.920  18.144 0.0000000000
135641  -34.624  -82.174  17.329 0.0000000000
135642  -34.737  -82.756  17.216 0.0000000000
135643  -34.805  -83.372  17.131 0.0000000000
135644  -34.941  -83.913  17.031 0.0000000000
135645  -35.597  -83.972  18.464 0.0000000000
135646  -35.336  -84.201  17.639 0.0000000000
135647  -35.116  -84.434  16.884 0.0000000000
157478  -24.864  -63.922  28.133 0.0000000000
157479  -24.469  -64.114  28.102 0.0000000000
157480  -24.093  -64.375  28.147 0.0000000000
157703  -28.916  -65.264  29.789 0.0000000000
157704  -28.984  -65.538  28.871 0.0000000000
157705  -29.002  -65.826  27.972 0.0000000000
157706  -29.565  -67.008  27.804 0.0000000000
157707  -29.296  -66.576  27.425 0.0000000000
157708  -28.985  -66.180  27.109 0.0000000000
157709  -28.983  -66.536  26.266 0.0000000000
157710  -28.972  -66.850  25.394 0.0000000000
157711  -28.884  -67.250  24.549 0.0000000000
157712  -31.471  -73.720  29.706 0.0000000000
157713  -31.345  -73.160  29.250 0.0000000000
157714  -31.177  -72.731  28.710 0.0000000000
157715  -31.555  -73.946  27.155 0.0000000000
157716  -31.285  -73.108  27.694 0.0000000000
157717  -31.020  -72.244  28.242 0.0000000000
157718  -30.863  -71.755  27.735 0.0000000000
157719  -30.735  -71.291  27.194 0.0000000000
157720  -30.628  -70.857  26.654 0.0000000000
157721  -32.382  -74.845  23.561 0.0000000000
157722  -32.147  -74.108  23.890 0.0000000000
157723  -31.859  -73.384  24.280 0.0000000000
157724  -31.896  -73.087  22.789 0.0000000000
157725  -31.747  -72.882  23.709 0.0000000000
157726  -31.486  -72.635  24.673 0.0000000000
157727  -31.109  -71.876  25.144 0.0000000000
157728  -30.784  -71.166  25.612 0.0000000000
157729  -30.515  -70.432  26.128 0.0000000000
157730  -30.397  -69.944  25.648 0.0000000000
157731  -30.220  -69.481  25.251 0.0000000000
157732  -30.052  -69.009  24.878 0.0000000000
157733  -30.546  -70.015  23.337 0.0000000000
157734  -30.169  -69.376  23.937 0.0000000000
157735  -29.843  -68.598  24.509 0.0000000000
157736  -29.544  -68.251  24.169 0.0000000000
157737  -29.201  -67.903  23.929 0.0000000000
157738  -28.815  -67.646  23.752 0.0000000000
157739  -28.761  -68.048  23.030 0.0000000000
157740  -28.715  -68.535  22.322 0.0000000000
157741  -28.658  -69.061  21.611 0.0000000000
157742  -29.509  -69.790  21.010 0.0000000000
157743  -29.033  -69.658  20.960 0.0000000000
157748  -30.424  -72.618  18.613 0.0000000000
157796  -32.736  -79.650  15.499 0.0000000000
157802  -33.176  -82.000  15.302 0.0000000000
157866  -36.953  -84.946  19.849 0.0000000000
157867  -36.930  -85.158  18.954 0.0000000000
157869  -37.294  -85.373  18.572 0.0000000000
157870  -36.775  -85.476  18.064 0.0000000000
157871  -36.633  -85.681  17.230 0.0000000000
157894  -37.892  -85.531  16.179 0.0000000000
