#!ascii label  , from subject fsaverage vox2ras=TkReg
516
272  -37.591  2.836  13.885 0.0000000000
274  -32.213  7.717  12.989 0.0000000000
753  -34.868  5.427  13.990 0.0000000000
1644  -34.830  -1.624  15.639 0.0000000000
1645  -33.222  -0.087  13.185 0.0000000000
1646  -32.885  1.417  10.152 0.0000000000
1648  -30.732  9.599  11.103 0.0000000000
1891  -40.507  1.055  14.139 0.0000000000
3697  -37.672  -0.052  15.934 0.0000000000
3699  -36.095  0.779  15.310 0.0000000000
3700  -33.477  6.552  13.703 0.0000000000
3701  -33.498  2.757  14.060 0.0000000000
3702  -32.615  3.703  13.031 0.0000000000
3703  -32.859  0.681  11.708 0.0000000000
3704  -32.065  4.818  11.809 0.0000000000
3705  -31.738  5.609  10.623 0.0000000000
3706  -31.333  8.690  12.214 0.0000000000
5962  -37.870  6.337  12.870 0.0000000000
5963  -36.215  4.215  13.917 0.0000000000
5964  -36.416  7.599  13.388 0.0000000000
5965  -34.834  9.000  13.626 0.0000000000
7677  -34.692  1.733  14.664 0.0000000000
7678  -33.894  -0.883  14.491 0.0000000000
7679  -34.555  -3.694  12.937 0.0000000000
7680  -34.599  -3.012  11.618 0.0000000000
7681  -34.794  -2.556  10.133 0.0000000000
7684  -33.119  1.792  8.859 0.0000000000
7685  -31.774  6.199  9.349 0.0000000000
7686  -30.374  10.351  9.770 0.0000000000
8289  -39.019  1.916  13.989 0.0000000000
8292  -38.954  5.085  12.205 0.0000000000
11377  -37.678  1.401  14.889 0.0000000000
11378  -36.856  0.352  15.645 0.0000000000
11379  -36.878  1.877  14.644 0.0000000000
11380  -32.785  7.180  13.437 0.0000000000
11381  -32.953  5.117  13.460 0.0000000000
11382  -32.450  5.700  12.998 0.0000000000
11383  -32.294  4.281  12.437 0.0000000000
11384  -32.057  6.298  12.463 0.0000000000
11385  -31.727  6.828  11.949 0.0000000000
11386  -31.763  8.153  12.602 0.0000000000
13778  -37.166  6.988  13.124 0.0000000000
13783  -34.029  9.641  13.653 0.0000000000
16855  -35.417  -2.004  16.138 0.0000000000
16859  -34.537  -3.019  15.108 0.0000000000
16860  -35.527  4.782  13.991 0.0000000000
16861  -35.390  3.016  14.322 0.0000000000
16862  -34.741  3.578  14.201 0.0000000000
16863  -33.054  1.437  13.814 0.0000000000
16864  -33.559  0.941  14.316 0.0000000000
16865  -33.524  -0.461  13.883 0.0000000000
16866  -33.999  -2.275  13.822 0.0000000000
16867  -33.792  -1.865  13.162 0.0000000000
16868  -34.524  -3.312  12.259 0.0000000000
16869  -33.632  -1.573  12.390 0.0000000000
16870  -32.862  1.044  10.917 0.0000000000
16871  -33.607  -0.983  10.891 0.0000000000
16872  -33.695  -0.684  10.108 0.0000000000
16873  -35.017  -2.375  9.368 0.0000000000
16874  -33.796  -0.393  9.350 0.0000000000
16875  -34.003  -0.286  8.681 0.0000000000
16876  -33.003  1.599  9.502 0.0000000000
16877  -31.250  7.561  10.863 0.0000000000
16878  -31.779  5.849  9.994 0.0000000000
16879  -31.125  7.899  10.207 0.0000000000
16880  -31.008  8.348  9.621 0.0000000000
16881  -30.536  9.961  10.442 0.0000000000
18230  -39.120  0.547  15.192 0.0000000000
18231  -39.773  1.483  14.098 0.0000000000
18238  -39.521  4.476  11.808 0.0000000000
25090  -36.111  -0.744  16.126 0.0000000000
25091  -35.388  -0.375  15.701 0.0000000000
25092  -34.145  6.010  13.903 0.0000000000
25093  -34.142  4.125  14.072 0.0000000000
25094  -33.518  4.646  13.807 0.0000000000
25095  -32.948  3.214  13.609 0.0000000000
25096  -32.759  1.816  13.155 0.0000000000
25097  -32.959  0.269  12.485 0.0000000000
25098  -32.546  2.207  12.467 0.0000000000
25099  -32.428  2.687  11.736 0.0000000000
25100  -32.335  3.094  11.005 0.0000000000
25101  -32.364  3.423  10.363 0.0000000000
25102  -31.900  5.185  11.208 0.0000000000
25103  -31.457  7.175  11.435 0.0000000000
25104  -30.994  9.156  11.691 0.0000000000
29272  -37.689  4.610  13.133 0.0000000000
29273  -36.892  3.501  13.844 0.0000000000
29274  -37.047  5.311  13.405 0.0000000000
29275  -36.330  5.966  13.615 0.0000000000
29276  -35.619  6.618  13.755 0.0000000000
29278  -35.620  8.319  13.551 0.0000000000
29279  -34.885  7.272  13.825 0.0000000000
29280  -34.123  7.872  13.826 0.0000000000
29281  -33.343  8.514  13.666 0.0000000000
29282  -32.642  9.125  13.395 0.0000000000
29283  -32.071  9.630  13.107 0.0000000000
33453  -36.137  2.404  14.472 0.0000000000
33454  -35.381  1.267  14.973 0.0000000000
33455  -34.742  0.045  15.224 0.0000000000
33456  -34.063  2.231  14.348 0.0000000000
33457  -34.126  0.471  14.790 0.0000000000
33458  -34.313  -1.253  15.076 0.0000000000
33459  -34.254  -2.603  14.486 0.0000000000
33460  -34.625  -4.043  13.603 0.0000000000
33461  -34.766  -5.694  12.528 0.0000000000
33462  -34.973  -5.326  11.864 0.0000000000
33463  -35.291  -5.062  11.273 0.0000000000
33464  -35.631  -4.734  10.651 0.0000000000
33465  -33.563  -1.202  11.682 0.0000000000
33466  -34.713  -2.808  10.892 0.0000000000
33467  -36.029  -4.536  9.972 0.0000000000
33468  -36.233  -4.253  9.354 0.0000000000
33475  -32.368  3.795  9.765 0.0000000000
33476  -32.468  4.036  9.097 0.0000000000
33477  -32.574  4.264  8.459 0.0000000000
33483  -30.595  11.074  11.913 0.0000000000
33486  -30.239  11.523  11.337 0.0000000000
33487  -29.962  11.933  10.682 0.0000000000
33488  -29.766  12.304  10.007 0.0000000000
33489  -29.670  12.587  9.262 0.0000000000
35161  -38.345  -0.490  16.113 0.0000000000
35162  -38.375  0.974  15.065 0.0000000000
35163  -38.277  2.380  13.904 0.0000000000
35169  -40.293  2.446  12.805 0.0000000000
35170  -39.550  2.838  12.805 0.0000000000
35171  -38.867  3.431  12.747 0.0000000000
35172  -38.277  4.087  12.955 0.0000000000
35173  -38.432  5.709  12.571 0.0000000000
42097  -37.655  2.118  14.334 0.0000000000
42098  -37.273  1.638  14.754 0.0000000000
42099  -37.248  2.378  14.255 0.0000000000
42100  -32.490  7.467  13.211 0.0000000000
42101  -32.587  6.478  13.222 0.0000000000
42102  -32.323  6.739  12.981 0.0000000000
42103  -32.224  5.962  12.729 0.0000000000
42104  -32.087  7.003  12.739 0.0000000000
42105  -31.897  7.314  12.523 0.0000000000
42106  -31.992  7.935  12.821 0.0000000000
47575  -35.117  -1.815  15.903 0.0000000000
47577  -34.895  -2.502  15.706 0.0000000000
47578  -34.737  -3.190  15.400 0.0000000000
47579  -34.644  -2.326  15.424 0.0000000000
47580  -35.178  5.047  14.025 0.0000000000
47581  -35.130  4.173  14.134 0.0000000000
47582  -34.814  4.500  14.086 0.0000000000
47583  -33.097  0.666  13.523 0.0000000000
47584  -33.244  0.481  13.862 0.0000000000
47585  -33.367  -0.254  13.555 0.0000000000
47586  -33.641  -1.137  13.546 0.0000000000
47587  -33.504  -0.992  13.178 0.0000000000
47588  -33.695  -1.738  12.787 0.0000000000
47589  -33.386  -0.874  12.793 0.0000000000
47590  -32.869  1.234  10.528 0.0000000000
47591  -33.222  0.174  10.499 0.0000000000
47592  -33.240  0.352  10.123 0.0000000000
47593  -33.733  -0.535  9.710 0.0000000000
47594  -33.256  0.586  9.753 0.0000000000
47595  -33.336  0.623  9.417 0.0000000000
47596  -32.925  1.572  9.842 0.0000000000
47597  -30.991  8.581  10.970 0.0000000000
47598  -31.176  7.769  10.549 0.0000000000
47599  -30.897  8.789  10.664 0.0000000000
47600  -30.848  8.965  10.365 0.0000000000
47601  -30.625  9.775  10.765 0.0000000000
48951  -40.138  1.270  14.113 0.0000000000
57172  -37.649  -0.770  16.384 0.0000000000
57174  -37.241  -0.593  16.250 0.0000000000
57175  -36.470  0.544  15.507 0.0000000000
57176  -36.483  -0.214  15.959 0.0000000000
57177  -36.082  0.018  15.723 0.0000000000
57178  -35.741  -0.590  15.897 0.0000000000
57179  -35.724  0.225  15.547 0.0000000000
57180  -33.826  6.290  13.834 0.0000000000
57181  -33.828  5.330  13.878 0.0000000000
57182  -33.516  5.602  13.745 0.0000000000
57183  -32.753  4.414  13.262 0.0000000000
57184  -32.959  4.149  13.538 0.0000000000
57185  -32.783  3.460  13.342 0.0000000000
57186  -32.823  2.535  13.420 0.0000000000
57187  -32.679  2.779  13.110 0.0000000000
57188  -32.653  2.048  12.818 0.0000000000
57189  -32.542  2.997  12.775 0.0000000000
57190  -32.192  4.554  12.116 0.0000000000
57191  -32.338  3.512  12.096 0.0000000000
57192  -32.265  3.725  11.755 0.0000000000
57193  -32.360  2.852  11.377 0.0000000000
57194  -32.173  3.910  11.412 0.0000000000
57195  -32.123  4.130  11.104 0.0000000000
57196  -31.974  5.035  11.512 0.0000000000
57197  -31.552  7.762  12.052 0.0000000000
57198  -31.576  7.033  11.713 0.0000000000
57199  -31.392  7.965  11.815 0.0000000000
57200  -31.228  8.174  11.558 0.0000000000
57201  -31.142  8.933  11.986 0.0000000000
64372  -37.781  5.473  12.985 0.0000000000
64373  -37.390  5.004  13.283 0.0000000000
64374  -37.463  5.850  13.118 0.0000000000
64375  -36.799  7.312  13.238 0.0000000000
64376  -36.754  6.488  13.373 0.0000000000
64377  -36.392  6.827  13.491 0.0000000000
64378  -35.980  6.304  13.695 0.0000000000
64379  -36.012  7.144  13.585 0.0000000000
64383  -35.178  9.474  13.444 0.0000000000
64384  -35.572  9.152  13.385 0.0000000000
64385  -35.204  8.652  13.606 0.0000000000
64386  -35.229  7.824  13.710 0.0000000000
64387  -34.859  8.157  13.751 0.0000000000
64388  -34.504  7.576  13.832 0.0000000000
64389  -34.476  8.472  13.746 0.0000000000
64391  -33.683  9.103  13.708 0.0000000000
64392  -33.282  9.409  13.619 0.0000000000
64393  -32.975  8.818  13.537 0.0000000000
64394  -32.912  9.750  13.512 0.0000000000
64395  -32.587  10.005  13.414 0.0000000000
73620  -36.549  3.850  13.871 0.0000000000
73621  -36.509  2.981  14.168 0.0000000000
73622  -36.174  3.272  14.168 0.0000000000
73623  -35.041  2.370  14.525 0.0000000000
73624  -35.404  2.135  14.604 0.0000000000
73625  -35.033  1.508  14.818 0.0000000000
73626  -35.024  0.641  15.183 0.0000000000
73627  -34.701  0.870  14.954 0.0000000000
73628  -33.797  3.443  14.084 0.0000000000
73629  -34.096  3.160  14.201 0.0000000000
73630  -33.780  2.496  14.230 0.0000000000
73631  -33.718  0.027  14.410 0.0000000000
73632  -33.824  0.739  14.558 0.0000000000
73633  -33.960  -0.249  14.695 0.0000000000
73634  -34.215  -0.406  14.965 0.0000000000
73635  -34.100  -1.121  14.814 0.0000000000
73636  -34.234  -1.980  14.847 0.0000000000
73637  -34.075  -1.753  14.520 0.0000000000
73638  -34.243  -2.962  13.391 0.0000000000
73639  -34.327  -3.136  13.726 0.0000000000
73640  -34.575  -3.866  13.277 0.0000000000
73641  -34.805  -4.821  13.137 0.0000000000
73642  -34.788  -4.672  12.774 0.0000000000
73643  -34.930  -5.530  12.206 0.0000000000
73644  -34.857  -4.487  12.443 0.0000000000
73645  -34.541  -3.180  11.940 0.0000000000
73646  -34.965  -4.149  11.814 0.0000000000
73647  -35.088  -3.998  11.510 0.0000000000
73648  -35.492  -4.888  10.957 0.0000000000
73649  -35.196  -3.847  11.163 0.0000000000
73650  -32.896  0.483  12.111 0.0000000000
73651  -33.174  -0.474  12.093 0.0000000000
73652  -33.160  -0.274  11.701 0.0000000000
73653  -34.139  -1.792  10.503 0.0000000000
73654  -34.120  -1.926  10.894 0.0000000000
73655  -34.767  -2.714  10.515 0.0000000000
73656  -35.369  -3.644  10.455 0.0000000000
73657  -35.475  -3.534  10.125 0.0000000000
73658  -36.039  -4.410  9.635 0.0000000000
73659  -35.594  -3.407  9.779 0.0000000000
73660  -35.062  -2.265  8.982 0.0000000000
73661  -35.811  -3.207  9.003 0.0000000000
73667  -33.495  0.753  8.751 0.0000000000
73668  -34.083  -0.166  8.360 0.0000000000
73669  -33.567  0.862  8.435 0.0000000000
73671  -33.163  1.887  8.533 0.0000000000
73672  -32.072  4.496  10.489 0.0000000000
73673  -32.357  3.627  10.066 0.0000000000
73674  -32.045  4.706  10.200 0.0000000000
73675  -31.763  6.012  9.649 0.0000000000
73676  -32.101  4.983  9.542 0.0000000000
73677  -32.121  5.114  9.218 0.0000000000
73678  -32.519  4.119  8.786 0.0000000000
73679  -32.192  5.236  8.938 0.0000000000
73680  -32.215  5.421  8.623 0.0000000000
73681  -31.793  6.397  9.072 0.0000000000
73682  -30.689  9.377  9.685 0.0000000000
73687  -31.985  10.489  13.162 0.0000000000
73688  -31.774  9.797  12.910 0.0000000000
73703  -30.097  11.750  11.011 0.0000000000
73708  -29.704  12.477  9.647 0.0000000000
77732  -39.089  1.221  14.630 0.0000000000
77733  -38.733  0.750  15.139 0.0000000000
77734  -38.727  1.433  14.581 0.0000000000
77735  -38.343  1.664  14.498 0.0000000000
77736  -38.648  2.159  13.910 0.0000000000
77751  -40.562  2.911  12.142 0.0000000000
77752  -40.167  3.169  12.171 0.0000000000
77753  -39.893  2.585  12.846 0.0000000000
77754  -39.804  3.385  12.189 0.0000000000
77755  -39.227  4.788  11.988 0.0000000000
77756  -39.184  3.907  12.302 0.0000000000
77757  -38.879  4.275  12.400 0.0000000000
77758  -38.563  3.774  12.845 0.0000000000
77759  -38.606  4.588  12.576 0.0000000000
77760  -38.329  4.898  12.754 0.0000000000
77761  -38.680  5.359  12.400 0.0000000000
94207  -37.681  0.679  15.436 0.0000000000
94208  -37.258  0.167  15.774 0.0000000000
94209  -37.250  0.905  15.287 0.0000000000
94210  -36.864  1.111  15.149 0.0000000000
94211  -36.485  1.338  15.002 0.0000000000
94212  -33.122  6.826  13.558 0.0000000000
94213  -33.207  5.836  13.581 0.0000000000
94214  -32.891  6.129  13.420 0.0000000000
94215  -32.704  5.376  13.242 0.0000000000
94216  -32.550  4.673  13.010 0.0000000000
94217  -32.451  3.949  12.739 0.0000000000
94218  -32.364  4.988  12.737 0.0000000000
94219  -32.191  5.273  12.447 0.0000000000
94220  -32.032  5.578  12.164 0.0000000000
94221  -31.881  5.844  11.898 0.0000000000
94222  -31.881  6.586  12.217 0.0000000000
94223  -31.715  7.520  12.288 0.0000000000
94224  -31.546  8.395  12.380 0.0000000000
98527  -37.971  7.093  12.720 0.0000000000
98528  -37.526  6.655  12.998 0.0000000000
98529  -37.573  7.462  12.834 0.0000000000
98530  -37.194  7.791  12.963 0.0000000000
98531  -36.807  8.131  13.091 0.0000000000
98536  -34.803  9.848  13.466 0.0000000000
98537  -34.442  9.335  13.628 0.0000000000
98538  -34.394  10.171  13.519 0.0000000000
104076  -35.860  4.495  13.951 0.0000000000
104077  -35.801  3.601  14.148 0.0000000000
104078  -35.457  3.879  14.137 0.0000000000
104079  -35.076  3.261  14.299 0.0000000000
104080  -34.724  2.647  14.390 0.0000000000
104081  -33.224  2.109  13.982 0.0000000000
104082  -33.460  1.841  14.214 0.0000000000
104083  -33.259  1.186  14.097 0.0000000000
104084  -33.481  0.232  14.131 0.0000000000
104085  -33.708  -0.648  14.190 0.0000000000
104086  -33.916  -1.539  14.182 0.0000000000
104087  -33.803  -1.367  13.879 0.0000000000
104088  -33.921  -2.051  13.483 0.0000000000
104089  -34.145  -2.754  13.068 0.0000000000
104090  -34.493  -3.499  12.612 0.0000000000
104091  -34.072  -2.592  12.732 0.0000000000
104092  -34.053  -2.441  12.348 0.0000000000
104093  -34.061  -2.279  12.000 0.0000000000
104094  -32.846  0.910  11.346 0.0000000000
104095  -33.122  -0.104  11.290 0.0000000000
104096  -33.199  0.011  10.894 0.0000000000
104097  -33.649  -0.853  10.491 0.0000000000
104098  -34.212  -1.642  10.116 0.0000000000
104099  -34.965  -2.473  9.777 0.0000000000
104100  -34.269  -1.522  9.716 0.0000000000
104101  -34.350  -1.409  9.347 0.0000000000
104102  -34.396  -1.297  8.975 0.0000000000
104103  -34.536  -1.257  8.633 0.0000000000
104104  -33.901  -0.369  9.013 0.0000000000
104105  -33.452  0.596  9.067 0.0000000000
104106  -33.063  1.623  9.159 0.0000000000
104107  -31.503  6.565  10.753 0.0000000000
104108  -31.747  5.746  10.327 0.0000000000
104109  -31.473  6.744  10.450 0.0000000000
104110  -31.444  6.854  10.084 0.0000000000
104111  -31.424  7.048  9.766 0.0000000000
104112  -31.412  7.277  9.487 0.0000000000
104113  -31.090  8.113  9.920 0.0000000000
104114  -30.765  9.159  10.035 0.0000000000
104115  -30.432  10.156  10.115 0.0000000000
106544  -39.483  1.015  14.686 0.0000000000
106545  -39.395  1.707  14.064 0.0000000000
106556  -39.812  4.186  11.721 0.0000000000
106557  -39.882  5.007  11.429 0.0000000000
106558  -39.605  5.327  11.622 0.0000000000
106559  -39.342  5.650  11.825 0.0000000000
106560  -39.096  5.889  12.025 0.0000000000
119982  -36.859  -0.398  16.101 0.0000000000
119983  -36.457  -0.992  16.340 0.0000000000
119984  -36.086  -1.511  16.414 0.0000000000
119985  -35.745  -1.370  16.176 0.0000000000
119986  -35.408  -1.224  15.971 0.0000000000
119987  -35.078  -0.966  15.745 0.0000000000
119988  -34.511  5.724  13.955 0.0000000000
119989  -34.504  4.798  14.037 0.0000000000
119990  -34.143  5.050  13.973 0.0000000000
119991  -33.810  4.372  13.957 0.0000000000
119992  -33.496  3.672  13.908 0.0000000000
119993  -33.238  4.902  13.640 0.0000000000
119994  -33.216  3.922  13.721 0.0000000000
119995  -33.223  3.003  13.844 0.0000000000
119996  -33.000  2.373  13.721 0.0000000000
119997  -32.914  1.603  13.477 0.0000000000
119998  -32.960  0.856  13.182 0.0000000000
119999  -33.074  0.084  12.846 0.0000000000
120000  -32.819  1.067  12.849 0.0000000000
120001  -32.718  1.254  12.502 0.0000000000
120002  -32.664  1.446  12.098 0.0000000000
120003  -32.414  3.245  12.433 0.0000000000
120004  -32.486  2.456  12.093 0.0000000000
120005  -32.619  1.671  11.724 0.0000000000
120006  -32.584  1.879  11.363 0.0000000000
120007  -32.562  2.077  10.947 0.0000000000
120008  -32.585  2.267  10.574 0.0000000000
120009  -32.621  2.393  10.248 0.0000000000
120010  -32.336  3.260  10.684 0.0000000000
120011  -32.100  4.293  10.788 0.0000000000
120012  -31.829  5.334  10.897 0.0000000000
120013  -31.757  6.071  11.620 0.0000000000
120014  -31.657  6.231  11.325 0.0000000000
120015  -31.571  6.333  11.021 0.0000000000
120016  -31.328  7.316  11.148 0.0000000000
120017  -31.094  8.352  11.264 0.0000000000
120018  -30.859  9.356  11.399 0.0000000000
121908  -40.885  0.875  14.082 0.0000000000
129922  -37.608  3.752  13.400 0.0000000000
129923  -37.247  3.186  13.829 0.0000000000
129924  -37.297  4.055  13.509 0.0000000000
129925  -36.975  4.424  13.594 0.0000000000
129926  -36.634  4.719  13.659 0.0000000000
129927  -37.106  6.165  13.256 0.0000000000
129928  -36.675  5.639  13.533 0.0000000000
129929  -36.267  5.092  13.748 0.0000000000
129930  -35.932  5.385  13.809 0.0000000000
129931  -35.583  5.706  13.867 0.0000000000
129932  -35.252  6.016  13.889 0.0000000000
129935  -36.431  8.443  13.208 0.0000000000
129937  -36.013  8.791  13.312 0.0000000000
129938  -36.027  7.962  13.464 0.0000000000
129939  -35.633  7.495  13.647 0.0000000000
129940  -35.249  6.951  13.792 0.0000000000
129941  -34.891  6.354  13.903 0.0000000000
129942  -34.517  6.660  13.890 0.0000000000
129943  -34.151  6.971  13.858 0.0000000000
129944  -33.775  7.262  13.799 0.0000000000
129945  -34.084  8.791  13.717 0.0000000000
129946  -33.729  8.209  13.761 0.0000000000
129947  -33.398  7.525  13.669 0.0000000000
129948  -33.043  7.832  13.549 0.0000000000
129949  -32.714  8.152  13.390 0.0000000000
129950  -32.400  8.463  13.213 0.0000000000
129951  -32.152  8.714  13.062 0.0000000000
129952  -32.358  9.420  13.254 0.0000000000
129953  -32.279  10.260  13.288 0.0000000000
141501  -36.872  2.659  14.170 0.0000000000
141502  -36.500  2.140  14.545 0.0000000000
141503  -36.122  1.566  14.888 0.0000000000
141504  -35.774  2.723  14.400 0.0000000000
141505  -35.762  1.852  14.730 0.0000000000
141506  -35.736  1.012  15.144 0.0000000000
141507  -35.372  0.443  15.355 0.0000000000
141508  -35.041  -0.146  15.482 0.0000000000
141509  -34.792  -0.784  15.455 0.0000000000
141510  -34.440  3.855  14.142 0.0000000000
141511  -34.398  2.913  14.290 0.0000000000
141512  -34.381  1.998  14.497 0.0000000000
141513  -33.774  1.578  14.384 0.0000000000
141514  -34.070  1.355  14.570 0.0000000000
141515  -34.372  1.095  14.764 0.0000000000
141516  -34.427  0.248  15.013 0.0000000000
141517  -34.503  -0.584  15.194 0.0000000000
141518  -34.568  -1.463  15.346 0.0000000000
141519  -34.415  -2.182  15.175 0.0000000000
141520  -34.391  -2.858  14.810 0.0000000000
141522  -34.141  -2.409  14.144 0.0000000000
141523  -34.386  -3.280  14.068 0.0000000000
141531  -34.874  -4.287  12.104 0.0000000000
141532  -35.178  -5.185  11.587 0.0000000000
141537  -33.263  -0.673  12.442 0.0000000000
141538  -33.607  -1.398  12.039 0.0000000000
141539  -34.075  -2.123  11.646 0.0000000000
141540  -33.542  -1.057  11.281 0.0000000000
141541  -34.073  -1.969  11.283 0.0000000000
141542  -34.664  -2.880  11.262 0.0000000000
141543  -35.266  -3.713  10.825 0.0000000000
141544  -35.750  -4.631  10.287 0.0000000000
141549  -35.733  -3.314  9.394 0.0000000000
141550  -36.295  -4.153  8.949 0.0000000000
141559  -34.649  -1.154  8.303 0.0000000000
141565  -32.649  2.559  9.943 0.0000000000
141566  -32.677  2.699  9.631 0.0000000000
141567  -32.755  2.774  9.313 0.0000000000
141568  -32.094  4.819  9.894 0.0000000000
141569  -32.437  3.906  9.431 0.0000000000
141570  -32.793  2.885  8.982 0.0000000000
141571  -32.827  3.007  8.647 0.0000000000
141574  -32.621  4.411  8.143 0.0000000000
141583  -31.901  8.858  12.907 0.0000000000
141584  -31.641  9.093  12.684 0.0000000000
141585  -31.400  9.354  12.517 0.0000000000
141588  -31.147  9.627  12.340 0.0000000000
141589  -30.968  9.861  12.068 0.0000000000
141590  -30.786  10.069  11.807 0.0000000000
141591  -30.630  10.336  11.515 0.0000000000
141599  -30.413  11.318  11.629 0.0000000000
141600  -30.475  10.570  11.201 0.0000000000
141601  -30.354  10.771  10.871 0.0000000000
141602  -30.231  10.957  10.560 0.0000000000
141603  -30.092  11.114  10.252 0.0000000000
141605  -29.835  12.101  10.354 0.0000000000
141606  -30.058  11.323  9.885 0.0000000000
141607  -30.006  11.498  9.544 0.0000000000
141608  -29.957  11.629  9.176 0.0000000000
146499  -38.006  -0.270  16.019 0.0000000000
146500  -38.732  0.049  15.663 0.0000000000
146501  -38.369  0.254  15.605 0.0000000000
146502  -38.027  0.466  15.522 0.0000000000
146503  -38.029  1.196  14.986 0.0000000000
146504  -37.992  1.879  14.414 0.0000000000
146505  -37.929  2.623  13.872 0.0000000000
146514  -40.802  1.545  13.475 0.0000000000
146521  -40.975  2.661  12.157 0.0000000000
146522  -40.705  2.222  12.809 0.0000000000
146523  -40.424  1.744  13.473 0.0000000000
146524  -40.049  1.939  13.491 0.0000000000
146525  -39.662  2.134  13.462 0.0000000000
146526  -39.306  2.366  13.376 0.0000000000
146527  -39.486  3.631  12.209 0.0000000000
146528  -39.217  3.078  12.780 0.0000000000
146529  -38.935  2.649  13.322 0.0000000000
146530  -38.575  2.944  13.289 0.0000000000
146531  -38.211  3.182  13.321 0.0000000000
146532  -37.924  3.472  13.395 0.0000000000
146533  -37.981  4.357  13.045 0.0000000000
146534  -38.050  5.178  12.869 0.0000000000
146535  -38.161  6.032  12.711 0.0000000000
146536  -38.866  6.160  12.206 0.0000000000
146537  -38.550  6.509  12.383 0.0000000000
146538  -38.252  6.810  12.543 0.0000000000
