#!ascii label  , from subject fsaverage vox2ras=TkReg
207
1404  41.601  -76.090  -3.278 0.0000000000
1993  44.503  -78.997  -0.698 0.0000000000
3324  42.363  -76.229  -5.990 0.0000000000
3325  41.472  -72.783  -4.499 0.0000000000
3326  42.735  -72.925  -6.582 0.0000000000
4370  45.256  -80.578  0.617 0.0000000000
4372  43.679  -79.530  -3.359 0.0000000000
7134  42.159  -75.272  -1.122 0.0000000000
8559  46.737  -79.447  2.829 0.0000000000
8560  46.003  -77.736  1.284 0.0000000000
8561  43.876  -76.542  0.249 0.0000000000
8562  42.871  -77.543  -1.946 0.0000000000
8563  42.688  -78.138  -4.707 0.0000000000
11005  42.540  -74.612  -6.401 0.0000000000
11006  43.277  -74.595  -7.308 0.0000000000
15729  41.793  -75.718  -2.089 0.0000000000
15731  41.395  -74.500  -2.699 0.0000000000
18866  45.839  -80.765  2.809 0.0000000000
18867  45.114  -79.833  -0.142 0.0000000000
18868  45.804  -79.291  1.100 0.0000000000
18869  45.128  -78.550  0.442 0.0000000000
18870  44.945  -77.139  0.727 0.0000000000
18871  44.176  -77.806  -0.052 0.0000000000
18872  43.244  -77.039  -0.603 0.0000000000
18873  43.700  -78.193  -1.269 0.0000000000
18875  43.210  -78.832  -4.038 0.0000000000
22728  43.860  -71.201  -7.579 0.0000000000
24414  41.796  -76.241  -4.550 0.0000000000
24415  41.480  -74.609  -3.774 0.0000000000
24416  41.900  -74.690  -5.090 0.0000000000
24417  42.049  -72.887  -5.569 0.0000000000
26294  47.269  -77.310  3.709 0.0000000000
26296  45.052  -81.390  1.553 0.0000000000
26300  44.043  -79.265  -2.035 0.0000000000
26301  43.682  -80.266  -2.541 0.0000000000
35938  47.210  -78.671  3.715 0.0000000000
35939  47.031  -77.947  2.963 0.0000000000
35940  46.030  -80.040  1.941 0.0000000000
35941  46.570  -78.548  2.079 0.0000000000
35942  46.540  -76.914  2.283 0.0000000000
35943  45.697  -76.148  1.538 0.0000000000
35944  44.523  -75.714  1.001 0.0000000000
35946  42.972  -75.961  -0.491 0.0000000000
35947  42.416  -76.400  -1.315 0.0000000000
35948  42.055  -76.863  -2.581 0.0000000000
35949  43.346  -78.548  -2.697 0.0000000000
35950  42.545  -77.907  -3.274 0.0000000000
35951  41.898  -77.121  -3.915 0.0000000000
35952  42.365  -77.270  -5.395 0.0000000000
40585  43.508  -73.002  -7.439 0.0000000000
41725  43.177  -75.388  -7.246 0.0000000000
46449  41.646  -75.907  -2.652 0.0000000000
46450  41.566  -75.183  -2.422 0.0000000000
46451  41.515  -75.339  -2.962 0.0000000000
49585  45.614  -81.011  3.190 0.0000000000
49586  45.226  -81.337  2.670 0.0000000000
49587  44.847  -79.403  -0.423 0.0000000000
49588  45.190  -79.213  0.220 0.0000000000
49589  44.800  -78.823  -0.076 0.0000000000
49590  44.669  -78.199  0.180 0.0000000000
49591  44.359  -78.422  -0.351 0.0000000000
49592  43.900  -78.011  -0.596 0.0000000000
49593  44.100  -78.597  -0.967 0.0000000000
49595  43.473  -79.359  -5.136 0.0000000000
56049  42.091  -76.234  -5.267 0.0000000000
56050  41.738  -75.556  -4.793 0.0000000000
56051  42.106  -75.474  -5.544 0.0000000000
56052  42.634  -73.746  -6.500 0.0000000000
56053  42.309  -73.761  -5.962 0.0000000000
56054  42.410  -72.904  -6.125 0.0000000000
59183  47.418  -77.604  4.202 0.0000000000
59192  44.058  -80.150  -1.948 0.0000000000
70224  42.366  -74.944  -0.693 0.0000000000
70232  41.533  -73.693  -4.111 0.0000000000
70233  41.448  -73.656  -3.518 0.0000000000
79632  46.669  -79.754  3.284 0.0000000000
79633  46.965  -79.351  3.708 0.0000000000
79634  46.997  -79.030  3.309 0.0000000000
79635  47.150  -78.312  3.335 0.0000000000
79636  46.974  -78.661  2.925 0.0000000000
79637  45.194  -80.974  1.071 0.0000000000
79638  45.594  -80.683  1.813 0.0000000000
79639  45.633  -80.293  1.338 0.0000000000
79640  45.963  -78.544  1.193 0.0000000000
79641  46.238  -78.932  1.594 0.0000000000
79642  46.363  -78.042  1.693 0.0000000000
79643  46.629  -77.703  2.195 0.0000000000
79644  46.329  -77.228  1.813 0.0000000000
79645  46.167  -76.493  1.904 0.0000000000
79646  45.869  -76.958  1.370 0.0000000000
79647  44.393  -76.861  0.529 0.0000000000
79648  44.762  -76.404  0.864 0.0000000000
79649  44.235  -76.134  0.604 0.0000000000
79651  43.760  -75.831  0.358 0.0000000000
79653  43.416  -76.215  -0.071 0.0000000000
79654  43.042  -77.312  -1.258 0.0000000000
79655  42.818  -76.722  -0.984 0.0000000000
79656  42.615  -76.981  -1.599 0.0000000000
79657  42.157  -76.678  -1.890 0.0000000000
79658  42.429  -77.185  -2.260 0.0000000000
79659  43.823  -79.401  -2.685 0.0000000000
79660  43.712  -78.889  -2.359 0.0000000000
79661  43.505  -79.055  -3.015 0.0000000000
79662  42.897  -78.487  -4.376 0.0000000000
79663  42.857  -78.395  -3.668 0.0000000000
79664  42.492  -78.036  -3.971 0.0000000000
79665  42.176  -77.537  -3.590 0.0000000000
79666  42.260  -77.640  -4.293 0.0000000000
79667  42.096  -77.220  -4.638 0.0000000000
79668  42.518  -77.719  -5.043 0.0000000000
79670  43.111  -77.835  -6.446 0.0000000000
91218  43.758  -73.771  -7.750 0.0000000000
91219  43.861  -73.058  -7.848 0.0000000000
91221  43.501  -71.123  -7.199 0.0000000000
93534  42.699  -76.199  -6.660 0.0000000000
93535  42.431  -75.432  -6.237 0.0000000000
93536  42.836  -75.430  -6.841 0.0000000000
93537  42.923  -74.602  -6.912 0.0000000000
93538  42.996  -73.742  -6.969 0.0000000000
102039  41.948  -75.540  -1.601 0.0000000000
102040  41.768  -74.769  -1.404 0.0000000000
102041  41.661  -75.003  -1.922 0.0000000000
102042  41.450  -74.347  -2.205 0.0000000000
107685  46.163  -80.422  3.228 0.0000000000
107686  46.341  -80.109  2.889 0.0000000000
107687  45.230  -80.211  0.200 0.0000000000
107688  45.569  -79.948  0.902 0.0000000000
107689  45.409  -79.597  0.541 0.0000000000
107690  45.523  -78.921  0.737 0.0000000000
107691  45.567  -78.183  0.866 0.0000000000
107692  45.499  -77.435  0.974 0.0000000000
107693  45.084  -77.845  0.603 0.0000000000
107694  44.514  -77.555  0.391 0.0000000000
107695  43.999  -77.188  0.146 0.0000000000
107696  43.509  -76.849  -0.160 0.0000000000
107697  43.691  -77.410  -0.291 0.0000000000
107698  43.447  -77.658  -0.918 0.0000000000
107699  43.279  -77.857  -1.615 0.0000000000
107700  43.573  -79.652  -4.066 0.0000000000
107701  43.480  -79.177  -3.695 0.0000000000
107702  43.478  -79.263  -4.405 0.0000000000
107703  43.297  -78.881  -4.740 0.0000000000
107704  43.118  -78.507  -5.123 0.0000000000
107705  42.944  -78.154  -5.466 0.0000000000
114636  43.981  -72.260  -7.948 0.0000000000
118404  41.620  -76.133  -3.867 0.0000000000
118405  41.492  -75.401  -3.529 0.0000000000
118406  41.584  -75.440  -4.149 0.0000000000
118407  41.650  -74.614  -4.405 0.0000000000
118408  41.718  -73.750  -4.740 0.0000000000
118409  42.194  -74.667  -5.782 0.0000000000
118410  42.018  -73.797  -5.332 0.0000000000
118411  41.734  -72.872  -5.020 0.0000000000
118412  41.833  -71.977  -5.285 0.0000000000
122797  44.873  -81.196  0.341 0.0000000000
122800  44.968  -80.786  -0.104 0.0000000000
122803  44.566  -79.536  -1.058 0.0000000000
122804  44.282  -79.132  -1.359 0.0000000000
122805  44.286  -79.655  -1.718 0.0000000000
122806  43.970  -79.758  -2.335 0.0000000000
122807  43.708  -79.877  -2.984 0.0000000000
122810  43.559  -80.038  -3.678 0.0000000000
137345  41.432  -74.557  -3.194 0.0000000000
137346  41.349  -73.601  -2.983 0.0000000000
148797  47.314  -77.962  3.732 0.0000000000
148798  47.146  -77.626  3.347 0.0000000000
148799  46.918  -77.215  3.013 0.0000000000
148800  45.454  -81.054  2.241 0.0000000000
148801  45.970  -80.409  2.386 0.0000000000
148802  46.397  -79.735  2.430 0.0000000000
148803  46.027  -79.636  1.488 0.0000000000
148804  46.384  -79.321  1.998 0.0000000000
148805  46.709  -79.001  2.457 0.0000000000
148806  46.843  -78.230  2.563 0.0000000000
148807  46.857  -77.401  2.657 0.0000000000
148811  45.351  -75.486  1.669 0.0000000000
148812  45.317  -76.669  1.099 0.0000000000
148813  45.090  -75.919  1.265 0.0000000000
148819  42.823  -75.284  -0.418 0.0000000000
148820  42.563  -75.622  -0.804 0.0000000000
148821  43.032  -76.518  -0.531 0.0000000000
148822  42.658  -76.183  -0.832 0.0000000000
148823  42.302  -75.862  -1.199 0.0000000000
148824  42.064  -76.081  -1.689 0.0000000000
148825  41.840  -76.304  -2.267 0.0000000000
148826  41.749  -76.489  -2.905 0.0000000000
148827  43.902  -78.727  -1.669 0.0000000000
148828  43.511  -78.361  -1.992 0.0000000000
148829  43.095  -78.041  -2.341 0.0000000000
148830  43.196  -78.732  -3.353 0.0000000000
148831  42.949  -78.241  -2.971 0.0000000000
148832  42.668  -77.756  -2.621 0.0000000000
148833  42.281  -77.397  -2.929 0.0000000000
148834  41.961  -77.031  -3.239 0.0000000000
148835  41.707  -76.576  -3.519 0.0000000000
148836  41.821  -76.708  -4.231 0.0000000000
148837  42.050  -76.796  -4.972 0.0000000000
148838  42.329  -76.822  -5.706 0.0000000000
148839  42.831  -77.756  -5.788 0.0000000000
148840  42.700  -77.313  -6.059 0.0000000000
148841  42.661  -76.799  -6.367 0.0000000000
162709  43.673  -74.505  -7.666 0.0000000000
162710  43.429  -73.717  -7.379 0.0000000000
162711  43.112  -72.940  -7.050 0.0000000000
162712  43.645  -72.156  -7.491 0.0000000000
162713  43.244  -72.112  -7.087 0.0000000000
162714  42.922  -72.030  -6.663 0.0000000000
