#!ascii label  , from subject fsaverage vox2ras=TkReg
546
296  22.119  -71.116  40.593 0.0000000000
564  22.557  -62.844  35.037 0.0000000000
1249  21.916  -67.229  37.562 0.0000000000
1250  26.109  -68.865  31.265 0.0000000000
1251  26.995  -64.047  28.566 0.0000000000
1686  24.647  -78.087  39.106 0.0000000000
2333  25.578  -60.062  33.733 0.0000000000
3169  26.065  -71.739  32.992 0.0000000000
3170  25.433  -73.662  29.887 0.0000000000
3171  26.402  -70.481  28.251 0.0000000000
5183  19.901  -70.379  43.221 0.0000000000
5185  20.199  -68.781  42.203 0.0000000000
5186  22.100  -65.098  36.224 0.0000000000
5187  20.772  -65.118  39.953 0.0000000000
5188  21.124  -63.113  38.920 0.0000000000
5192  23.695  -61.004  34.146 0.0000000000
5193  28.020  -65.706  25.639 0.0000000000
5194  28.357  -62.818  27.860 0.0000000000
5195  29.761  -64.845  25.267 0.0000000000
6854  24.299  -72.469  37.935 0.0000000000
6855  21.884  -69.342  38.945 0.0000000000
6856  24.128  -70.355  36.069 0.0000000000
6857  23.904  -67.888  34.417 0.0000000000
6858  24.084  -65.310  33.020 0.0000000000
6859  24.654  -63.088  31.644 0.0000000000
6860  26.300  -66.083  29.873 0.0000000000
6861  26.980  -67.598  26.823 0.0000000000
7771  22.054  -72.419  42.476 0.0000000000
7774  24.284  -74.068  39.938 0.0000000000
7775  25.333  -76.355  36.997 0.0000000000
9551  20.506  -67.072  41.069 0.0000000000
9559  27.763  -60.315  33.858 0.0000000000
9560  26.057  -61.469  30.706 0.0000000000
9561  28.053  -60.843  30.605 0.0000000000
12863  21.140  -70.643  42.062 0.0000000000
12864  20.070  -69.553  42.783 0.0000000000
12865  21.059  -69.886  41.283 0.0000000000
12866  22.268  -63.972  35.622 0.0000000000
12867  21.512  -64.010  37.460 0.0000000000
12868  21.757  -62.995  36.894 0.0000000000
12869  21.452  -62.199  38.388 0.0000000000
12870  22.147  -61.974  36.416 0.0000000000
12871  22.768  -61.093  35.932 0.0000000000
12872  23.025  -61.826  34.549 0.0000000000
12873  28.441  -66.650  24.161 0.0000000000
12874  28.784  -65.200  25.334 0.0000000000
12875  29.332  -66.143  23.991 0.0000000000
15263  25.271  -73.389  36.390 0.0000000000
15264  24.194  -71.423  37.042 0.0000000000
15265  25.238  -72.252  35.411 0.0000000000
15266  26.112  -70.316  32.123 0.0000000000
15267  25.065  -69.734  33.646 0.0000000000
15268  24.992  -68.278  32.875 0.0000000000
15269  23.959  -66.610  33.691 0.0000000000
15270  25.065  -66.860  32.081 0.0000000000
15271  25.199  -65.593  31.430 0.0000000000
15272  26.189  -67.444  30.521 0.0000000000
15274  26.713  -68.879  27.521 0.0000000000
15275  26.719  -69.708  25.968 0.0000000000
15276  27.168  -68.449  25.227 0.0000000000
17066  24.273  -78.621  40.158 0.0000000000
17068  24.411  -76.703  40.756 0.0000000000
17069  24.097  -74.755  40.988 0.0000000000
17070  24.730  -76.006  39.614 0.0000000000
17071  24.922  -75.234  38.516 0.0000000000
21316  21.861  -68.297  38.259 0.0000000000
21317  21.043  -68.070  39.886 0.0000000000
21318  21.144  -67.072  39.223 0.0000000000
21319  20.327  -64.180  41.274 0.0000000000
21320  20.164  -65.125  41.767 0.0000000000
21337  26.660  -60.061  33.739 0.0000000000
21338  25.847  -63.374  30.119 0.0000000000
21339  25.210  -62.144  31.183 0.0000000000
21340  26.466  -62.611  29.649 0.0000000000
21341  29.223  -62.522  27.841 0.0000000000
21342  28.216  -61.631  29.157 0.0000000000
21343  29.303  -61.651  29.216 0.0000000000
24135  26.006  -73.022  33.928 0.0000000000
24136  25.791  -74.146  32.385 0.0000000000
24137  26.176  -72.714  31.496 0.0000000000
24138  26.497  -71.262  30.584 0.0000000000
24139  26.724  -69.632  29.763 0.0000000000
24140  25.939  -72.077  29.070 0.0000000000
27764  19.232  -68.704  43.668 0.0000000000
27765  19.604  -67.865  43.263 0.0000000000
27766  21.987  -66.148  36.893 0.0000000000
27767  21.243  -66.085  38.726 0.0000000000
27768  21.374  -65.008  38.047 0.0000000000
27769  20.878  -64.095  39.423 0.0000000000
27770  20.531  -63.200  40.828 0.0000000000
27777  23.542  -60.374  35.622 0.0000000000
27778  24.560  -60.367  33.896 0.0000000000
27779  27.642  -64.845  27.086 0.0000000000
27780  27.572  -63.305  28.135 0.0000000000
27781  28.285  -64.213  26.698 0.0000000000
27782  29.107  -63.792  26.547 0.0000000000
31352  23.316  -71.584  39.271 0.0000000000
31353  22.004  -70.296  39.723 0.0000000000
31354  23.176  -70.606  38.415 0.0000000000
31355  23.053  -69.664  37.534 0.0000000000
31356  22.918  -68.647  36.695 0.0000000000
31357  25.139  -71.010  34.538 0.0000000000
31358  24.003  -69.196  35.197 0.0000000000
31359  22.847  -67.534  35.906 0.0000000000
31360  22.852  -66.392  35.214 0.0000000000
31361  23.003  -65.198  34.603 0.0000000000
31362  23.221  -63.997  33.916 0.0000000000
31363  23.527  -62.845  33.345 0.0000000000
31364  24.279  -64.129  32.314 0.0000000000
31365  25.444  -64.377  30.695 0.0000000000
31366  26.534  -64.946  29.202 0.0000000000
31367  26.828  -68.108  29.002 0.0000000000
31368  26.923  -66.776  28.340 0.0000000000
31369  27.156  -65.712  27.651 0.0000000000
31370  27.357  -66.487  26.202 0.0000000000
31371  27.715  -67.370  24.649 0.0000000000
31372  28.202  -68.371  23.121 0.0000000000
33708  21.002  -71.313  42.909 0.0000000000
33709  22.215  -71.833  41.595 0.0000000000
33715  22.511  -74.356  43.099 0.0000000000
33716  23.124  -73.763  42.210 0.0000000000
33717  23.304  -73.138  41.226 0.0000000000
33718  23.333  -72.400  40.249 0.0000000000
33719  24.329  -73.287  38.923 0.0000000000
33720  25.183  -74.331  37.448 0.0000000000
33721  25.645  -75.317  35.943 0.0000000000
38891  20.996  -69.039  40.571 0.0000000000
38892  20.349  -67.947  41.650 0.0000000000
38893  19.849  -67.013  42.781 0.0000000000
38894  20.638  -66.097  40.556 0.0000000000
38895  19.983  -66.082  42.330 0.0000000000
38918  24.059  -61.913  32.788 0.0000000000
38919  24.726  -61.071  32.518 0.0000000000
38920  25.719  -60.541  32.230 0.0000000000
38921  27.308  -61.987  29.278 0.0000000000
38922  27.012  -60.983  30.634 0.0000000000
38923  26.792  -60.345  32.135 0.0000000000
38924  27.880  -60.422  32.159 0.0000000000
43583  21.605  -70.869  41.308 0.0000000000
43584  21.111  -70.250  41.677 0.0000000000
43585  21.497  -70.464  40.911 0.0000000000
43586  22.403  -63.430  35.298 0.0000000000
43587  21.994  -63.475  36.185 0.0000000000
43588  22.126  -62.898  35.927 0.0000000000
43589  21.933  -62.458  36.608 0.0000000000
43590  22.319  -62.379  35.677 0.0000000000
43591  22.554  -61.903  35.451 0.0000000000
43592  22.743  -62.323  34.789 0.0000000000
43593  28.723  -67.145  23.421 0.0000000000
43594  28.884  -66.386  24.013 0.0000000000
43595  29.173  -66.869  23.353 0.0000000000
43596  29.631  -66.695  23.322 0.0000000000
45983  25.651  -73.790  35.639 0.0000000000
45984  25.268  -72.822  35.900 0.0000000000
45985  25.680  -73.216  35.146 0.0000000000
45986  26.115  -69.604  31.710 0.0000000000
45987  25.570  -69.269  32.483 0.0000000000
45988  25.559  -68.558  32.070 0.0000000000
45989  25.012  -67.601  32.445 0.0000000000
45990  25.577  -67.847  31.632 0.0000000000
45991  25.640  -67.125  31.287 0.0000000000
45992  26.146  -68.142  30.878 0.0000000000
47786  24.461  -78.405  39.662 0.0000000000
47787  24.359  -77.682  40.457 0.0000000000
47788  24.551  -77.407  39.957 0.0000000000
47789  24.581  -76.371  40.196 0.0000000000
47790  24.719  -77.055  39.359 0.0000000000
47791  24.909  -76.653  38.813 0.0000000000
52036  21.890  -67.754  37.915 0.0000000000
52037  21.431  -67.657  38.766 0.0000000000
52038  21.531  -67.137  38.405 0.0000000000
52057  26.112  -60.031  33.719 0.0000000000
52058  26.452  -63.669  29.336 0.0000000000
52059  26.129  -62.961  29.848 0.0000000000
52060  26.745  -63.280  29.094 0.0000000000
52061  29.707  -62.557  27.898 0.0000000000
52062  29.250  -62.054  28.523 0.0000000000
55586  25.214  -74.430  30.343 0.0000000000
55587  25.632  -73.947  31.154 0.0000000000
55588  25.833  -73.205  30.688 0.0000000000
55589  26.324  -71.995  31.033 0.0000000000
55590  26.047  -72.454  30.240 0.0000000000
55591  26.269  -71.690  29.827 0.0000000000
55592  25.697  -72.863  29.503 0.0000000000
61631  20.137  -69.154  42.503 0.0000000000
61632  19.607  -69.075  43.189 0.0000000000
61633  19.754  -68.695  42.964 0.0000000000
61634  19.451  -68.299  43.466 0.0000000000
61635  19.905  -68.265  42.749 0.0000000000
61636  22.015  -65.624  36.557 0.0000000000
61637  21.662  -65.533  37.451 0.0000000000
61638  21.710  -65.024  37.129 0.0000000000
61639  21.293  -63.592  38.207 0.0000000000
61640  21.172  -64.067  38.470 0.0000000000
61641  20.994  -63.600  39.190 0.0000000000
61642  20.717  -63.586  40.133 0.0000000000
61643  20.848  -63.116  39.870 0.0000000000
61645  20.994  -62.664  39.617 0.0000000000
61646  21.679  -61.772  38.114 0.0000000000
61653  23.214  -61.008  35.005 0.0000000000
61654  23.128  -60.711  35.784 0.0000000000
61655  23.589  -60.659  34.854 0.0000000000
61656  24.021  -60.342  34.753 0.0000000000
61657  24.099  -60.664  34.005 0.0000000000
61658  27.833  -65.283  26.345 0.0000000000
61659  27.937  -64.494  26.866 0.0000000000
61660  28.165  -64.954  26.150 0.0000000000
61661  29.270  -64.971  25.310 0.0000000000
61662  28.962  -64.478  25.946 0.0000000000
61663  29.455  -64.325  25.917 0.0000000000
61664  29.605  -63.669  26.556 0.0000000000
61665  29.935  -64.249  25.954 0.0000000000
68828  23.823  -71.967  38.625 0.0000000000
68829  23.232  -71.095  38.842 0.0000000000
68830  23.768  -71.476  38.178 0.0000000000
68831  24.197  -70.933  36.515 0.0000000000
68832  23.662  -70.517  37.280 0.0000000000
68833  23.616  -70.002  36.809 0.0000000000
68834  22.959  -69.136  37.112 0.0000000000
68835  23.516  -69.434  36.376 0.0000000000
68836  26.029  -72.394  33.452 0.0000000000
68837  25.681  -71.958  34.232 0.0000000000
68838  25.632  -71.357  33.753 0.0000000000
68839  24.493  -68.811  34.047 0.0000000000
68840  24.544  -69.508  34.418 0.0000000000
68841  23.957  -68.579  34.793 0.0000000000
68842  23.421  -68.341  35.548 0.0000000000
68843  23.365  -67.699  35.167 0.0000000000
68844  22.819  -66.957  35.563 0.0000000000
68845  23.371  -67.108  34.773 0.0000000000
68846  24.020  -65.942  33.352 0.0000000000
68847  23.464  -65.878  34.133 0.0000000000
68848  23.544  -65.239  33.810 0.0000000000
68849  23.104  -64.603  34.262 0.0000000000
68850  23.619  -64.620  33.481 0.0000000000
68851  23.745  -64.038  33.105 0.0000000000
68852  24.155  -64.713  32.693 0.0000000000
68853  25.778  -65.836  30.641 0.0000000000
68854  25.333  -65.000  31.058 0.0000000000
68855  25.884  -65.198  30.289 0.0000000000
68856  26.018  -64.620  29.942 0.0000000000
68857  26.387  -65.469  29.545 0.0000000000
68858  26.590  -70.069  29.004 0.0000000000
68859  26.770  -68.847  29.382 0.0000000000
68860  26.726  -69.247  28.643 0.0000000000
68861  26.834  -68.210  27.159 0.0000000000
68862  26.872  -67.803  27.913 0.0000000000
68863  26.975  -67.158  27.571 0.0000000000
68864  27.002  -66.196  27.999 0.0000000000
68865  27.073  -66.598  27.236 0.0000000000
68866  27.291  -66.116  26.916 0.0000000000
68867  27.152  -67.023  26.508 0.0000000000
68868  27.326  -68.893  24.426 0.0000000000
68869  27.456  -67.842  24.870 0.0000000000
68870  27.627  -68.337  24.139 0.0000000000
68871  27.944  -67.858  23.890 0.0000000000
68872  27.822  -68.836  23.390 0.0000000000
68873  28.117  -69.117  22.721 0.0000000000
74225  21.524  -71.808  42.683 0.0000000000
74226  21.620  -71.521  42.274 0.0000000000
74227  22.156  -72.115  42.069 0.0000000000
74242  22.858  -75.207  42.935 0.0000000000
74243  23.228  -74.896  42.557 0.0000000000
74244  22.914  -74.083  42.652 0.0000000000
74245  23.506  -74.585  42.136 0.0000000000
74246  24.217  -74.432  40.446 0.0000000000
74247  23.758  -73.943  41.082 0.0000000000
74248  23.838  -73.576  40.596 0.0000000000
74249  23.339  -72.711  40.777 0.0000000000
74250  23.855  -73.168  40.123 0.0000000000
74251  23.855  -72.773  39.612 0.0000000000
74252  24.281  -73.622  39.463 0.0000000000
74253  25.180  -75.800  37.740 0.0000000000
74254  25.070  -74.808  37.963 0.0000000000
74255  25.344  -75.342  37.199 0.0000000000
74256  25.504  -74.809  36.699 0.0000000000
74257  25.502  -75.856  36.472 0.0000000000
86986  21.943  -69.833  39.331 0.0000000000
86987  21.428  -69.661  40.089 0.0000000000
86988  21.401  -69.163  39.715 0.0000000000
86989  20.748  -67.576  40.482 0.0000000000
86990  20.686  -68.008  40.783 0.0000000000
86991  20.407  -67.517  41.364 0.0000000000
86992  20.077  -67.443  42.208 0.0000000000
86993  20.172  -67.011  41.937 0.0000000000
86994  20.997  -65.614  39.309 0.0000000000
86995  20.927  -66.121  39.621 0.0000000000
86996  20.720  -65.634  40.242 0.0000000000
86998  20.088  -65.599  42.031 0.0000000000
87000  19.663  -66.157  43.169 0.0000000000
87053  24.075  -62.959  32.508 0.0000000000
87054  23.757  -62.376  33.073 0.0000000000
87055  24.337  -62.492  32.163 0.0000000000
87056  25.559  -61.746  30.990 0.0000000000
87057  24.928  -61.578  31.820 0.0000000000
87058  25.368  -61.252  31.599 0.0000000000
87059  25.206  -60.791  32.280 0.0000000000
87060  25.853  -60.980  31.454 0.0000000000
87061  27.935  -63.035  27.985 0.0000000000
87062  27.441  -62.647  28.688 0.0000000000
87063  27.853  -62.355  28.568 0.0000000000
87064  28.114  -61.188  29.863 0.0000000000
87065  27.640  -61.228  29.904 0.0000000000
87066  27.541  -60.871  30.596 0.0000000000
87067  26.920  -60.621  31.334 0.0000000000
87068  27.430  -60.546  31.365 0.0000000000
87069  27.329  -60.342  32.139 0.0000000000
87070  28.004  -60.601  31.348 0.0000000000
96881  20.548  -70.486  42.709 0.0000000000
96882  19.984  -69.972  43.029 0.0000000000
96883  20.598  -70.074  42.423 0.0000000000
96884  20.607  -69.671  42.089 0.0000000000
96885  20.597  -69.314  41.712 0.0000000000
96886  22.169  -64.520  35.941 0.0000000000
96887  21.774  -64.502  36.829 0.0000000000
96888  21.861  -63.959  36.515 0.0000000000
96889  21.624  -63.525  37.161 0.0000000000
96890  21.418  -63.076  37.906 0.0000000000
96891  21.270  -62.641  38.646 0.0000000000
96892  21.573  -62.591  37.631 0.0000000000
96893  21.774  -62.116  37.381 0.0000000000
96894  22.042  -61.653  37.091 0.0000000000
96895  22.352  -61.215  36.875 0.0000000000
96896  22.427  -61.519  36.102 0.0000000000
96897  22.854  -61.440  35.212 0.0000000000
96898  23.338  -61.392  34.328 0.0000000000
96899  28.197  -66.146  24.898 0.0000000000
96900  28.378  -65.430  25.453 0.0000000000
96901  28.616  -65.916  24.692 0.0000000000
96902  29.065  -65.664  24.651 0.0000000000
96903  29.546  -65.526  24.605 0.0000000000
96904  30.030  -65.455  24.619 0.0000000000
96905  29.810  -66.051  23.958 0.0000000000
101201  24.750  -73.009  37.205 0.0000000000
101202  24.253  -71.968  37.474 0.0000000000
101203  24.716  -72.429  36.744 0.0000000000
101204  24.701  -71.866  36.238 0.0000000000
101205  24.684  -71.321  35.742 0.0000000000
101206  26.118  -71.038  32.549 0.0000000000
101207  25.645  -70.683  33.295 0.0000000000
101208  25.602  -69.987  32.880 0.0000000000
101209  24.991  -69.016  33.264 0.0000000000
101210  24.463  -68.093  33.663 0.0000000000
101211  23.928  -67.281  33.999 0.0000000000
101212  24.477  -67.396  33.278 0.0000000000
101213  24.514  -66.703  32.922 0.0000000000
101214  24.570  -66.031  32.558 0.0000000000
101215  24.618  -65.446  32.247 0.0000000000
101216  25.123  -66.197  31.762 0.0000000000
101217  25.687  -66.484  30.977 0.0000000000
101218  26.230  -66.772  30.188 0.0000000000
101220  26.589  -69.630  27.906 0.0000000000
101221  26.466  -70.060  27.125 0.0000000000
101222  26.679  -69.312  26.761 0.0000000000
101223  26.872  -68.613  26.394 0.0000000000
101224  27.055  -68.008  26.038 0.0000000000
101225  26.947  -69.055  25.595 0.0000000000
101226  27.044  -69.506  24.778 0.0000000000
104446  24.050  -78.937  40.678 0.0000000000
104447  23.885  -78.320  41.383 0.0000000000
104448  24.141  -78.003  40.937 0.0000000000
104449  24.189  -77.048  41.236 0.0000000000
104450  24.137  -76.002  41.405 0.0000000000
104451  23.948  -75.089  41.529 0.0000000000
104452  24.337  -75.615  40.897 0.0000000000
104453  24.491  -75.325  40.345 0.0000000000
104454  24.580  -74.964  39.767 0.0000000000
104455  24.630  -74.596  39.251 0.0000000000
104456  24.870  -75.609  39.046 0.0000000000
104457  25.043  -76.240  38.280 0.0000000000
104458  25.148  -76.832  37.543 0.0000000000
112096  21.885  -68.856  38.563 0.0000000000
112097  21.390  -68.682  39.326 0.0000000000
112098  21.395  -68.211  38.989 0.0000000000
112099  21.086  -67.588  39.558 0.0000000000
112100  20.829  -67.104  40.135 0.0000000000
112101  20.552  -64.607  40.625 0.0000000000
112102  20.503  -65.100  40.895 0.0000000000
112135  27.222  -60.156  33.777 0.0000000000
112136  25.235  -63.218  30.859 0.0000000000
112137  24.920  -62.606  31.373 0.0000000000
112138  25.515  -62.724  30.609 0.0000000000
112139  25.844  -62.325  30.402 0.0000000000
112140  26.269  -61.997  30.152 0.0000000000
112141  28.803  -62.645  27.797 0.0000000000
112142  28.309  -62.196  28.456 0.0000000000
112143  28.754  -62.060  28.478 0.0000000000
112144  28.708  -61.567  29.181 0.0000000000
112145  28.671  -61.223  29.894 0.0000000000
112146  28.645  -60.925  30.618 0.0000000000
117753  25.939  -73.661  34.418 0.0000000000
117756  26.224  -72.934  32.697 0.0000000000
117757  25.409  -74.693  31.580 0.0000000000
117758  25.980  -73.450  31.937 0.0000000000
117759  26.403  -72.228  32.262 0.0000000000
117760  26.494  -71.498  31.847 0.0000000000
117761  26.573  -70.754  31.392 0.0000000000
117762  26.636  -69.984  30.931 0.0000000000
117763  26.666  -69.211  30.525 0.0000000000
117764  26.652  -70.446  30.154 0.0000000000
117765  26.472  -70.878  29.395 0.0000000000
117766  26.177  -71.295  28.644 0.0000000000
117767  25.415  -73.245  28.686 0.0000000000
126220  19.420  -69.519  43.358 0.0000000000
126223  18.827  -68.386  44.170 0.0000000000
126226  21.927  -66.685  37.222 0.0000000000
126227  21.547  -66.608  38.093 0.0000000000
126228  21.604  -66.056  37.792 0.0000000000
126229  21.316  -65.533  38.381 0.0000000000
126230  21.046  -65.088  39.015 0.0000000000
126231  21.422  -64.479  37.793 0.0000000000
126232  21.093  -64.567  38.741 0.0000000000
126233  20.806  -64.612  39.694 0.0000000000
126234  20.623  -64.105  40.376 0.0000000000
126235  20.434  -63.660  41.033 0.0000000000
126241  21.185  -62.205  39.397 0.0000000000
126251  22.714  -60.806  36.745 0.0000000000
126255  24.516  -60.107  34.651 0.0000000000
126256  25.067  -60.156  33.790 0.0000000000
126257  27.400  -64.470  27.847 0.0000000000
126258  27.275  -63.630  28.334 0.0000000000
126259  27.680  -64.043  27.631 0.0000000000
126260  28.003  -63.713  27.408 0.0000000000
126261  28.370  -63.498  27.258 0.0000000000
126262  28.520  -64.701  25.996 0.0000000000
126263  28.674  -63.981  26.592 0.0000000000
126264  28.802  -63.259  27.188 0.0000000000
126265  29.202  -63.103  27.210 0.0000000000
126266  29.661  -63.063  27.242 0.0000000000
135566  22.749  -71.388  39.880 0.0000000000
135567  22.071  -70.724  40.143 0.0000000000
135568  22.632  -70.937  39.476 0.0000000000
135569  22.568  -70.465  39.048 0.0000000000
135570  22.496  -70.004  38.632 0.0000000000
135571  23.709  -71.004  37.739 0.0000000000
135572  23.116  -70.172  37.972 0.0000000000
135573  22.454  -69.512  38.248 0.0000000000
135574  22.433  -68.979  37.866 0.0000000000
135575  22.354  -68.414  37.471 0.0000000000
135576  22.360  -67.901  37.088 0.0000000000
135577  25.684  -72.603  34.684 0.0000000000
135578  25.193  -71.621  34.993 0.0000000000
135579  24.640  -70.731  35.324 0.0000000000
135580  25.101  -70.393  34.072 0.0000000000
135581  24.569  -70.099  34.832 0.0000000000
135582  24.058  -69.771  35.626 0.0000000000
135583  23.470  -68.914  35.958 0.0000000000
135584  22.892  -68.123  36.288 0.0000000000
135585  22.330  -67.358  36.739 0.0000000000
135586  22.354  -66.822  36.379 0.0000000000
135587  22.386  -66.278  36.029 0.0000000000
135588  22.440  -65.720  35.700 0.0000000000
135589  23.408  -66.521  34.430 0.0000000000
135590  22.916  -65.799  34.912 0.0000000000
135591  22.533  -65.151  35.382 0.0000000000
135592  22.592  -64.538  35.127 0.0000000000
135593  22.714  -63.995  34.751 0.0000000000
135594  22.859  -63.399  34.454 0.0000000000
135595  23.028  -62.835  34.174 0.0000000000
135596  23.355  -63.415  33.618 0.0000000000
135597  23.886  -63.476  32.807 0.0000000000
135598  24.408  -63.569  32.027 0.0000000000
135599  24.715  -64.850  31.903 0.0000000000
135600  24.832  -64.250  31.546 0.0000000000
135601  24.994  -63.693  31.191 0.0000000000
135602  25.621  -63.843  30.406 0.0000000000
135603  26.200  -64.123  29.646 0.0000000000
135604  26.738  -64.479  28.872 0.0000000000
135605  26.698  -68.437  30.138 0.0000000000
135606  26.681  -67.708  29.733 0.0000000000
135607  26.718  -67.053  29.398 0.0000000000
135608  26.803  -68.500  28.276 0.0000000000
135609  26.848  -67.437  28.658 0.0000000000
135610  26.765  -66.429  29.114 0.0000000000
135611  26.815  -65.822  28.822 0.0000000000
135612  26.949  -65.306  28.426 0.0000000000
135613  27.157  -64.926  28.080 0.0000000000
135614  27.404  -65.296  27.326 0.0000000000
135615  27.546  -65.671  26.605 0.0000000000
135616  27.658  -66.069  25.862 0.0000000000
135617  27.291  -67.426  25.681 0.0000000000
135618  27.533  -66.921  25.393 0.0000000000
135619  27.821  -66.495  25.147 0.0000000000
135620  28.048  -66.964  24.391 0.0000000000
135621  28.294  -67.446  23.626 0.0000000000
135622  28.611  -67.980  22.877 0.0000000000
142240  20.447  -70.852  43.024 0.0000000000
142241  21.095  -71.021  42.490 0.0000000000
142242  21.654  -71.227  41.790 0.0000000000
142243  22.145  -71.469  41.071 0.0000000000
142263  22.459  -73.394  42.716 0.0000000000
142264  22.612  -73.049  42.330 0.0000000000
142265  23.647  -74.257  41.628 0.0000000000
142266  23.233  -73.456  41.732 0.0000000000
142267  22.703  -72.784  41.865 0.0000000000
142268  22.754  -72.457  41.400 0.0000000000
142269  22.735  -72.096  40.902 0.0000000000
142270  22.711  -71.742  40.375 0.0000000000
142271  23.356  -72.018  39.732 0.0000000000
142272  23.877  -72.428  39.071 0.0000000000
142273  24.327  -72.898  38.413 0.0000000000
142274  24.689  -74.224  38.742 0.0000000000
142275  24.766  -73.842  38.209 0.0000000000
142276  24.761  -73.463  37.693 0.0000000000
142277  25.249  -73.857  36.925 0.0000000000
142278  25.583  -74.301  36.151 0.0000000000
142279  25.765  -74.774  35.417 0.0000000000
142286  25.437  -76.416  35.737 0.0000000000
157631  21.492  -70.100  40.433 0.0000000000
157632  21.024  -69.513  40.885 0.0000000000
157633  20.599  -68.941  41.370 0.0000000000
157634  20.994  -68.473  40.157 0.0000000000
157635  20.636  -68.478  41.063 0.0000000000
157636  20.273  -68.391  41.905 0.0000000000
157637  20.001  -67.850  42.494 0.0000000000
157638  19.690  -67.446  42.995 0.0000000000
157640  21.196  -66.576  38.959 0.0000000000
157641  20.870  -66.575  39.905 0.0000000000
157642  20.575  -66.580  40.815 0.0000000000
157643  20.454  -65.615  41.175 0.0000000000
157644  20.338  -66.061  41.447 0.0000000000
157645  20.263  -66.548  41.744 0.0000000000
157646  19.903  -66.562  42.601 0.0000000000
157647  19.560  -66.634  43.364 0.0000000000
157712  23.248  -62.300  33.914 0.0000000000
157713  23.530  -61.822  33.670 0.0000000000
157714  23.832  -61.413  33.440 0.0000000000
157715  24.621  -62.018  31.950 0.0000000000
157716  24.372  -61.464  32.620 0.0000000000
157717  24.203  -61.023  33.305 0.0000000000
157718  24.648  -60.712  33.159 0.0000000000
157719  25.134  -60.453  33.036 0.0000000000
157720  25.637  -60.268  32.958 0.0000000000
157721  27.076  -62.949  28.871 0.0000000000
157722  26.887  -62.322  29.391 0.0000000000
157723  26.704  -61.697  29.983 0.0000000000
157724  27.756  -61.764  29.193 0.0000000000
157725  27.114  -61.417  29.954 0.0000000000
157726  26.490  -61.178  30.691 0.0000000000
157727  26.359  -60.740  31.424 0.0000000000
157728  26.251  -60.411  32.168 0.0000000000
157729  26.157  -60.188  32.919 0.0000000000
157730  26.694  -60.175  32.952 0.0000000000
157731  27.250  -60.227  32.947 0.0000000000
157732  27.803  -60.371  33.027 0.0000000000
157733  28.528  -60.731  31.451 0.0000000000
