#!ascii label  , from subject fsaverage vox2ras=TkReg
468
423  42.550  -21.889  19.485 0.0000000000
424  50.365  -21.614  17.766 0.0000000000
1947  43.419  -17.667  20.748 0.0000000000
1948  46.836  -17.816  19.294 0.0000000000
1949  46.364  -21.629  18.777 0.0000000000
2410  38.235  -22.913  20.647 0.0000000000
4277  50.536  -19.469  17.829 0.0000000000
4278  48.422  -19.519  18.253 0.0000000000
4279  48.274  -21.734  18.184 0.0000000000
4280  46.547  -23.306  20.130 0.0000000000
4281  48.431  -23.024  19.808 0.0000000000
5377  42.743  -19.824  19.046 0.0000000000
5378  40.761  -20.028  20.443 0.0000000000
5379  40.268  -22.395  19.910 0.0000000000
6970  42.786  -23.510  21.108 0.0000000000
6971  40.418  -24.101  21.432 0.0000000000
6972  40.456  -26.393  21.977 0.0000000000
8441  45.077  -17.743  19.787 0.0000000000
8442  44.500  -19.717  18.498 0.0000000000
8443  48.699  -17.696  19.520 0.0000000000
8444  46.409  -19.541  18.377 0.0000000000
8445  44.450  -21.632  19.195 0.0000000000
8446  44.701  -23.425  20.679 0.0000000000
8451  52.667  -21.569  17.794 0.0000000000
9784  41.290  -17.696  21.849 0.0000000000
9785  38.791  -20.366  21.491 0.0000000000
9786  36.253  -23.396  21.060 0.0000000000
9787  38.133  -25.028  21.675 0.0000000000
11957  50.433  -20.665  17.377 0.0000000000
11958  49.379  -20.647  17.606 0.0000000000
11959  49.295  -21.697  17.959 0.0000000000
11960  48.377  -22.423  18.907 0.0000000000
11961  49.408  -22.316  18.767 0.0000000000
13057  42.505  -20.933  18.879 0.0000000000
13058  41.414  -21.076  19.267 0.0000000000
13059  41.412  -22.111  19.673 0.0000000000
15457  42.785  -24.654  21.529 0.0000000000
15458  41.663  -24.880  21.725 0.0000000000
15459  41.675  -26.020  21.736 0.0000000000
18589  45.978  -17.791  19.456 0.0000000000
18590  44.754  -18.775  19.044 0.0000000000
18591  45.627  -18.769  18.866 0.0000000000
18594  49.709  -17.515  19.623 0.0000000000
18595  47.263  -20.688  18.141 0.0000000000
18596  47.335  -19.558  18.288 0.0000000000
18597  46.317  -20.615  18.301 0.0000000000
18598  45.353  -20.663  18.373 0.0000000000
18599  45.445  -21.588  19.005 0.0000000000
18600  44.647  -22.436  19.961 0.0000000000
18601  45.540  -22.465  19.754 0.0000000000
18603  45.674  -24.369  20.825 0.0000000000
18613  53.778  -20.598  17.057 0.0000000000
18614  53.640  -21.295  17.996 0.0000000000
21892  43.628  -16.495  21.340 0.0000000000
21893  42.562  -16.406  21.750 0.0000000000
21894  42.362  -17.684  21.368 0.0000000000
21895  39.406  -21.335  20.334 0.0000000000
21896  39.793  -20.186  21.088 0.0000000000
21897  38.506  -21.606  20.895 0.0000000000
21898  37.495  -21.823  21.267 0.0000000000
21899  37.261  -23.144  20.928 0.0000000000
21900  39.305  -25.616  22.036 0.0000000000
21901  39.247  -24.574  21.575 0.0000000000
21902  38.150  -26.115  22.140 0.0000000000
26130  48.008  -16.644  19.566 0.0000000000
26131  50.628  -18.463  18.789 0.0000000000
26132  49.607  -18.518  18.943 0.0000000000
26133  49.487  -19.538  18.112 0.0000000000
26134  48.330  -20.655  17.914 0.0000000000
26135  47.330  -21.623  18.546 0.0000000000
26136  46.423  -22.480  19.467 0.0000000000
26137  47.375  -22.441  19.140 0.0000000000
26138  47.445  -23.218  19.946 0.0000000000
28111  43.091  -18.756  19.965 0.0000000000
28112  42.116  -18.825  20.632 0.0000000000
28113  41.734  -19.899  19.702 0.0000000000
28114  40.390  -21.144  19.702 0.0000000000
28115  39.246  -22.613  20.242 0.0000000000
30088  51.697  -18.474  18.544 0.0000000000
30089  51.593  -19.494  17.526 0.0000000000
30090  51.471  -20.589  17.190 0.0000000000
31624  42.689  -22.648  20.358 0.0000000000
31625  41.522  -22.903  20.484 0.0000000000
31626  41.608  -23.794  21.283 0.0000000000
31627  40.501  -25.174  21.918 0.0000000000
31628  39.314  -26.772  22.142 0.0000000000
31629  40.505  -27.445  21.774 0.0000000000
31630  39.385  -27.927  21.992 0.0000000000
35600  45.376  -16.576  20.427 0.0000000000
35601  44.237  -17.690  20.266 0.0000000000
35602  43.935  -18.761  19.480 0.0000000000
35603  43.555  -19.744  18.692 0.0000000000
35604  43.427  -20.818  18.672 0.0000000000
35607  47.781  -17.792  19.404 0.0000000000
35608  48.587  -18.579  18.983 0.0000000000
35609  47.618  -18.662  18.900 0.0000000000
35610  46.579  -18.720  18.872 0.0000000000
35611  45.441  -19.649  18.411 0.0000000000
35612  44.346  -20.733  18.547 0.0000000000
35613  43.450  -21.715  19.414 0.0000000000
35614  43.652  -22.500  20.213 0.0000000000
35615  43.750  -23.457  20.923 0.0000000000
35616  43.755  -24.565  21.294 0.0000000000
35617  45.626  -23.374  20.401 0.0000000000
35618  44.736  -24.448  21.040 0.0000000000
35630  52.608  -20.661  17.067 0.0000000000
35631  51.556  -21.627  17.675 0.0000000000
35640  50.506  -22.222  18.727 0.0000000000
35641  49.484  -22.871  19.734 0.0000000000
39589  41.080  -18.949  21.276 0.0000000000
39590  40.074  -19.011  21.767 0.0000000000
39592  37.713  -20.532  21.682 0.0000000000
39593  36.465  -22.048  21.316 0.0000000000
39595  40.361  -23.222  20.565 0.0000000000
39596  39.195  -23.690  20.795 0.0000000000
39597  38.145  -24.110  21.001 0.0000000000
39599  37.018  -25.556  21.697 0.0000000000
39600  37.107  -24.420  21.156 0.0000000000
39601  36.077  -24.721  21.175 0.0000000000
42677  50.358  -21.192  17.494 0.0000000000
42678  49.813  -21.223  17.532 0.0000000000
42679  49.769  -21.687  17.844 0.0000000000
42680  49.327  -22.042  18.330 0.0000000000
42681  49.896  -22.005  18.230 0.0000000000
43777  42.514  -21.457  19.112 0.0000000000
43778  41.938  -21.545  19.232 0.0000000000
43779  41.978  -21.985  19.586 0.0000000000
46177  42.836  -25.194  21.523 0.0000000000
46178  42.260  -25.314  21.653 0.0000000000
46179  42.268  -25.857  21.610 0.0000000000
49307  46.914  -17.348  19.469 0.0000000000
49308  46.529  -17.279  19.571 0.0000000000
49309  46.415  -17.797  19.363 0.0000000000
49310  45.798  -18.294  19.192 0.0000000000
49311  46.247  -18.280  19.111 0.0000000000
49314  50.193  -17.477  19.639 0.0000000000
49315  46.794  -21.173  18.393 0.0000000000
49316  46.803  -20.646  18.208 0.0000000000
49317  46.341  -21.136  18.492 0.0000000000
49318  45.862  -21.148  18.594 0.0000000000
49319  45.918  -21.601  18.903 0.0000000000
49320  45.509  -22.026  19.375 0.0000000000
49321  45.936  -22.050  19.289 0.0000000000
49333  54.294  -20.925  17.598 0.0000000000
52612  43.548  -17.082  21.144 0.0000000000
52613  42.997  -17.070  21.362 0.0000000000
52614  42.895  -17.666  21.071 0.0000000000
52615  38.821  -22.093  20.450 0.0000000000
52616  38.969  -21.455  20.659 0.0000000000
52617  38.348  -22.242  20.697 0.0000000000
52618  37.878  -22.380  20.899 0.0000000000
52619  37.755  -23.026  20.817 0.0000000000
52620  38.739  -26.408  22.220 0.0000000000
52621  38.703  -25.881  22.137 0.0000000000
52622  38.181  -26.670  22.231 0.0000000000
58912  50.578  -18.963  18.298 0.0000000000
58913  50.061  -18.963  18.423 0.0000000000
58914  50.006  -19.516  17.977 0.0000000000
58915  48.801  -21.220  17.842 0.0000000000
58916  48.829  -20.662  17.788 0.0000000000
58917  48.289  -21.242  18.024 0.0000000000
58918  47.796  -21.194  18.185 0.0000000000
58919  47.798  -21.688  18.389 0.0000000000
58920  47.339  -22.079  18.832 0.0000000000
58921  47.812  -22.117  18.635 0.0000000000
58922  48.421  -22.701  19.358 0.0000000000
58923  47.919  -22.777  19.437 0.0000000000
58924  47.949  -23.132  19.864 0.0000000000
58925  47.510  -23.627  20.323 0.0000000000
62212  42.926  -19.283  19.516 0.0000000000
62213  42.417  -19.331  19.837 0.0000000000
62214  42.237  -19.861  19.395 0.0000000000
62215  40.799  -21.711  19.513 0.0000000000
62216  40.902  -21.087  19.451 0.0000000000
62217  40.298  -21.819  19.711 0.0000000000
62218  39.805  -21.865  19.911 0.0000000000
62219  39.753  -22.520  20.030 0.0000000000
66123  52.172  -18.997  17.837 0.0000000000
66125  51.528  -20.017  17.235 0.0000000000
69412  42.739  -23.051  20.760 0.0000000000
69413  42.147  -23.192  20.842 0.0000000000
69414  42.199  -23.627  21.231 0.0000000000
69415  41.075  -25.616  21.881 0.0000000000
69416  41.089  -25.015  21.827 0.0000000000
69417  40.506  -25.757  21.972 0.0000000000
69418  39.914  -25.953  22.055 0.0000000000
69419  39.892  -26.577  22.042 0.0000000000
69421  41.063  -27.263  21.648 0.0000000000
69424  39.421  -28.479  21.921 0.0000000000
78807  45.231  -17.179  20.138 0.0000000000
78808  44.825  -17.139  20.394 0.0000000000
78809  44.660  -17.712  20.037 0.0000000000
78810  44.077  -18.229  19.881 0.0000000000
78811  44.507  -18.250  19.630 0.0000000000
78812  44.612  -19.246  18.730 0.0000000000
78813  44.176  -19.239  18.833 0.0000000000
78814  44.034  -19.730  18.583 0.0000000000
78815  43.455  -20.281  18.579 0.0000000000
78816  43.958  -20.252  18.437 0.0000000000
78820  49.270  -17.077  19.742 0.0000000000
78823  48.353  -17.199  19.591 0.0000000000
78824  48.234  -17.755  19.473 0.0000000000
78825  49.020  -19.047  18.585 0.0000000000
78826  49.090  -18.538  18.972 0.0000000000
78827  48.486  -19.059  18.577 0.0000000000
78828  46.882  -19.547  18.359 0.0000000000
78829  47.450  -19.081  18.552 0.0000000000
78830  46.989  -19.090  18.616 0.0000000000
78831  47.096  -18.687  18.904 0.0000000000
78832  46.488  -19.123  18.632 0.0000000000
78833  46.013  -19.172  18.593 0.0000000000
78834  45.924  -19.611  18.384 0.0000000000
78835  44.927  -21.123  18.695 0.0000000000
78836  44.871  -20.683  18.450 0.0000000000
78837  44.396  -21.204  18.825 0.0000000000
78838  43.893  -21.244  18.928 0.0000000000
78839  43.947  -21.685  19.308 0.0000000000
78840  43.567  -22.103  19.812 0.0000000000
78841  44.047  -22.073  19.695 0.0000000000
78842  44.704  -22.910  20.334 0.0000000000
78843  44.225  -22.912  20.472 0.0000000000
78844  44.235  -23.434  20.803 0.0000000000
78845  43.749  -23.974  21.168 0.0000000000
78846  44.247  -23.976  21.038 0.0000000000
78847  46.486  -22.891  19.814 0.0000000000
78848  46.012  -22.903  19.957 0.0000000000
78849  46.086  -23.366  20.293 0.0000000000
78851  45.202  -24.361  20.955 0.0000000000
78853  44.237  -25.053  21.219 0.0000000000
78880  53.210  -21.097  17.369 0.0000000000
78881  53.217  -20.631  17.057 0.0000000000
78882  52.623  -21.234  17.330 0.0000000000
78883  52.074  -21.205  17.326 0.0000000000
78884  52.097  -21.585  17.749 0.0000000000
78908  49.975  -22.495  19.242 0.0000000000
88720  41.931  -17.050  21.801 0.0000000000
88725  41.442  -19.424  20.529 0.0000000000
88726  41.626  -18.854  20.997 0.0000000000
88727  40.924  -19.507  20.886 0.0000000000
88728  39.283  -20.274  21.352 0.0000000000
88729  39.948  -19.611  21.459 0.0000000000
88730  39.421  -19.715  21.666 0.0000000000
88731  39.555  -19.047  21.927 0.0000000000
88732  38.912  -19.705  21.803 0.0000000000
88733  38.362  -19.750  21.892 0.0000000000
88734  38.258  -20.443  21.616 0.0000000000
88735  36.873  -22.598  21.125 0.0000000000
88736  36.966  -21.946  21.316 0.0000000000
88737  36.324  -22.756  21.146 0.0000000000
88738  35.848  -22.847  21.122 0.0000000000
88739  35.734  -23.541  21.058 0.0000000000
88740  40.963  -23.488  20.998 0.0000000000
88741  40.934  -23.057  20.555 0.0000000000
88742  40.367  -23.649  21.045 0.0000000000
88743  38.660  -24.806  21.636 0.0000000000
88744  39.227  -24.071  21.196 0.0000000000
88745  38.661  -24.341  21.248 0.0000000000
88746  38.667  -23.902  20.889 0.0000000000
88747  38.163  -24.568  21.346 0.0000000000
88754  37.049  -24.995  21.419 0.0000000000
88755  36.520  -25.149  21.423 0.0000000000
88756  36.601  -24.540  21.159 0.0000000000
95251  50.504  -20.035  17.470 0.0000000000
95252  49.975  -20.077  17.639 0.0000000000
95253  49.924  -20.648  17.475 0.0000000000
95254  49.327  -21.238  17.697 0.0000000000
95255  48.798  -21.745  18.057 0.0000000000
95256  48.318  -22.117  18.497 0.0000000000
95257  48.810  -22.099  18.402 0.0000000000
95258  48.870  -22.369  18.852 0.0000000000
95259  48.914  -22.634  19.298 0.0000000000
97231  42.560  -20.348  18.841 0.0000000000
97232  42.068  -20.433  19.112 0.0000000000
97233  41.946  -21.023  19.065 0.0000000000
97234  41.378  -21.635  19.397 0.0000000000
97235  40.840  -22.272  19.765 0.0000000000
101551  42.819  -24.035  21.364 0.0000000000
101552  42.225  -24.169  21.458 0.0000000000
101553  42.242  -24.744  21.606 0.0000000000
101554  41.665  -25.461  21.779 0.0000000000
101555  41.057  -26.198  21.852 0.0000000000
107189  45.503  -17.762  19.574 0.0000000000
107190  44.922  -18.268  19.411 0.0000000000
107191  45.341  -18.299  19.278 0.0000000000
107192  45.184  -18.802  18.965 0.0000000000
107193  45.056  -19.235  18.612 0.0000000000
107197  49.749  -17.032  19.788 0.0000000000
107198  49.209  -17.596  19.562 0.0000000000
107199  47.833  -20.047  18.085 0.0000000000
107200  47.871  -19.552  18.275 0.0000000000
107201  47.290  -20.121  18.140 0.0000000000
107202  46.807  -20.070  18.205 0.0000000000
107203  46.321  -20.071  18.239 0.0000000000
107204  45.844  -20.120  18.274 0.0000000000
107205  45.814  -20.656  18.335 0.0000000000
107206  45.381  -21.139  18.659 0.0000000000
107207  44.939  -21.580  19.065 0.0000000000
107208  44.551  -22.022  19.577 0.0000000000
107209  45.049  -22.010  19.470 0.0000000000
107210  45.116  -22.454  19.824 0.0000000000
107211  45.162  -22.910  20.183 0.0000000000
107212  46.574  -23.737  20.407 0.0000000000
107213  46.157  -23.833  20.533 0.0000000000
107214  46.100  -24.310  20.734 0.0000000000
107233  53.772  -21.038  17.410 0.0000000000
107234  53.159  -21.414  17.849 0.0000000000
113136  43.104  -16.440  21.558 0.0000000000
113137  42.467  -17.062  21.603 0.0000000000
113138  41.840  -17.691  21.605 0.0000000000
113139  40.073  -20.666  20.367 0.0000000000
113140  40.276  -20.111  20.777 0.0000000000
113141  39.615  -20.758  20.693 0.0000000000
113142  39.145  -20.851  20.999 0.0000000000
113143  38.655  -20.980  21.173 0.0000000000
113144  38.138  -21.078  21.349 0.0000000000
113145  38.016  -21.728  21.086 0.0000000000
113146  37.411  -22.485  21.021 0.0000000000
113147  36.774  -23.253  21.011 0.0000000000
113148  39.869  -24.821  21.787 0.0000000000
113149  39.829  -24.334  21.481 0.0000000000
113150  39.272  -25.082  21.845 0.0000000000
113151  38.678  -25.323  21.971 0.0000000000
113152  38.125  -25.582  21.963 0.0000000000
122412  47.395  -17.283  19.458 0.0000000000
122414  50.147  -18.009  19.296 0.0000000000
122415  50.135  -18.468  18.883 0.0000000000
122416  49.558  -19.011  18.525 0.0000000000
122417  48.978  -19.541  18.192 0.0000000000
122418  49.414  -20.092  17.776 0.0000000000
122419  48.897  -20.100  17.904 0.0000000000
122420  48.370  -20.045  18.021 0.0000000000
122421  47.804  -20.640  18.045 0.0000000000
122422  47.259  -21.195  18.287 0.0000000000
122423  46.826  -21.647  18.673 0.0000000000
122424  46.380  -22.100  19.131 0.0000000000
122425  46.859  -22.078  18.988 0.0000000000
122426  46.897  -22.475  19.315 0.0000000000
122427  46.953  -22.853  19.652 0.0000000000
122428  47.877  -22.458  18.989 0.0000000000
122429  47.409  -22.814  19.522 0.0000000000
122430  46.992  -23.251  20.014 0.0000000000
122431  47.018  -23.684  20.335 0.0000000000
127033  43.258  -18.219  20.373 0.0000000000
127034  42.786  -18.242  20.696 0.0000000000
127035  42.598  -18.802  20.306 0.0000000000
127036  41.923  -19.377  20.176 0.0000000000
127037  41.246  -19.943  20.042 0.0000000000
127038  41.557  -20.447  19.321 0.0000000000
127039  41.058  -20.495  19.650 0.0000000000
127040  40.553  -20.577  19.997 0.0000000000
127041  39.908  -21.245  20.051 0.0000000000
127042  39.309  -21.981  20.179 0.0000000000
127043  38.728  -22.772  20.449 0.0000000000
132137  51.152  -18.465  18.666 0.0000000000
132138  51.107  -18.948  18.147 0.0000000000
132139  52.229  -18.484  18.370 0.0000000000
132140  51.665  -18.987  17.995 0.0000000000
132141  51.067  -19.466  17.682 0.0000000000
132142  51.019  -20.043  17.359 0.0000000000
132143  50.955  -20.661  17.259 0.0000000000
132144  50.878  -21.165  17.390 0.0000000000
136306  42.603  -22.283  19.950 0.0000000000
136307  42.048  -22.386  19.983 0.0000000000
136308  42.107  -22.779  20.408 0.0000000000
136309  41.566  -23.350  20.917 0.0000000000
136310  41.030  -23.964  21.372 0.0000000000
136311  41.642  -24.301  21.559 0.0000000000
136312  41.054  -24.433  21.651 0.0000000000
136313  40.468  -24.611  21.732 0.0000000000
136314  39.912  -25.374  21.993 0.0000000000
136315  39.327  -26.172  22.140 0.0000000000
136316  38.741  -27.014  22.211 0.0000000000
136317  41.650  -26.561  21.646 0.0000000000
136318  41.069  -26.745  21.778 0.0000000000
136319  40.478  -26.933  21.886 0.0000000000
136320  39.956  -28.219  21.797 0.0000000000
136321  39.934  -27.688  21.890 0.0000000000
136322  39.883  -27.177  21.983 0.0000000000
136323  39.329  -27.392  22.061 0.0000000000
136324  38.787  -27.590  22.151 0.0000000000
147792  43.979  -17.084  20.860 0.0000000000
147800  44.405  -17.117  20.626 0.0000000000
147801  43.840  -17.683  20.513 0.0000000000
147802  43.657  -18.219  20.123 0.0000000000
147803  43.518  -18.755  19.724 0.0000000000
147804  43.337  -19.274  19.261 0.0000000000
147805  44.340  -18.753  19.201 0.0000000000
147806  43.735  -19.253  18.994 0.0000000000
147807  43.145  -19.783  18.879 0.0000000000
147808  42.989  -20.310  18.685 0.0000000000
147809  42.951  -20.885  18.739 0.0000000000
147810  42.984  -21.376  19.024 0.0000000000
147818  47.876  -17.241  19.545 0.0000000000
147819  47.301  -17.798  19.335 0.0000000000
147820  49.651  -18.023  19.321 0.0000000000
147821  49.155  -18.064  19.302 0.0000000000
147822  48.658  -18.173  19.272 0.0000000000
147823  47.968  -19.070  18.601 0.0000000000
147824  48.080  -18.640  18.931 0.0000000000
147825  48.173  -18.221  19.227 0.0000000000
147826  47.709  -18.261  19.181 0.0000000000
147827  47.184  -18.285  19.150 0.0000000000
147828  46.706  -18.283  19.095 0.0000000000
147829  46.063  -18.767  18.816 0.0000000000
147830  45.518  -19.210  18.594 0.0000000000
147831  44.934  -19.666  18.410 0.0000000000
147832  45.353  -20.153  18.300 0.0000000000
147833  44.848  -20.202  18.354 0.0000000000
147834  44.408  -20.217  18.417 0.0000000000
147835  43.899  -20.758  18.610 0.0000000000
147836  43.441  -21.309  18.959 0.0000000000
147837  43.011  -21.794  19.451 0.0000000000
147838  43.077  -22.174  19.888 0.0000000000
147839  43.175  -22.557  20.289 0.0000000000
147840  43.226  -22.977  20.698 0.0000000000
147841  44.157  -22.439  20.089 0.0000000000
147842  43.712  -22.948  20.592 0.0000000000
147843  43.273  -23.479  21.019 0.0000000000
147844  43.278  -24.020  21.253 0.0000000000
147845  43.280  -24.590  21.390 0.0000000000
147846  43.299  -25.156  21.427 0.0000000000
147847  45.962  -22.473  19.633 0.0000000000
147848  45.576  -22.902  20.081 0.0000000000
147849  45.192  -23.376  20.513 0.0000000000
147850  45.674  -23.861  20.650 0.0000000000
147851  45.205  -23.856  20.776 0.0000000000
147852  44.748  -23.929  20.890 0.0000000000
147853  44.279  -24.521  21.166 0.0000000000
147854  43.774  -25.111  21.297 0.0000000000
147887  53.234  -20.046  16.958 0.0000000000
147889  52.037  -20.618  17.104 0.0000000000
147890  51.488  -21.161  17.352 0.0000000000
147891  50.979  -21.586  17.683 0.0000000000
147915  52.086  -21.837  18.274 0.0000000000
147916  51.559  -21.885  18.219 0.0000000000
147917  51.025  -21.920  18.180 0.0000000000
147918  50.478  -21.950  18.163 0.0000000000
147919  49.967  -22.247  18.715 0.0000000000
147920  49.458  -22.553  19.252 0.0000000000
147921  48.966  -22.942  19.745 0.0000000000
159721  42.273  -18.252  21.035 0.0000000000
159722  41.751  -18.290  21.341 0.0000000000
159723  41.231  -18.325  21.592 0.0000000000
159724  40.437  -19.575  21.203 0.0000000000
159725  40.598  -18.970  21.548 0.0000000000
159732  37.205  -20.622  21.740 0.0000000000
159733  37.600  -21.171  21.462 0.0000000000
159734  37.072  -21.266  21.528 0.0000000000
159735  36.600  -21.351  21.511 0.0000000000
159736  36.004  -22.121  21.264 0.0000000000
159739  41.472  -22.515  20.055 0.0000000000
159740  40.906  -22.671  20.121 0.0000000000
159741  40.294  -22.851  20.218 0.0000000000
159742  39.805  -23.864  21.099 0.0000000000
159743  39.767  -23.443  20.702 0.0000000000
159744  39.726  -23.046  20.342 0.0000000000
159745  39.207  -23.199  20.465 0.0000000000
159746  38.654  -23.430  20.613 0.0000000000
159747  38.167  -23.550  20.751 0.0000000000
159749  37.567  -26.401  22.136 0.0000000000
159750  37.586  -25.831  21.953 0.0000000000
159753  37.600  -25.304  21.700 0.0000000000
159754  37.601  -24.805  21.394 0.0000000000
159755  37.613  -24.286  21.073 0.0000000000
159756  37.664  -23.695  20.856 0.0000000000
159757  37.174  -23.801  20.975 0.0000000000
159758  36.667  -23.921  21.015 0.0000000000
159759  36.159  -24.073  21.071 0.0000000000
