#!ascii label  , from subject fsaverage vox2ras=TkReg
990
99  8.502  -26.269  49.716 0.0000000000
100  10.397  -1.421  53.776 0.0000000000
469  6.898  -14.748  50.972 0.0000000000
1018  9.488  -30.940  50.715 0.0000000000
1022  12.678  -24.633  47.512 0.0000000000
1027  6.114  -9.559  55.261 0.0000000000
1028  7.650  -7.966  52.672 0.0000000000
1029  10.442  -12.909  49.660 0.0000000000
1550  6.063  -27.901  52.851 0.0000000000
2054  6.897  -22.348  54.115 0.0000000000
2056  5.403  -16.618  54.121 0.0000000000
2057  8.196  -20.525  50.473 0.0000000000
2058  11.268  -18.935  48.133 0.0000000000
2059  13.624  -16.793  45.198 0.0000000000
2938  8.843  -28.679  50.005 0.0000000000
2940  11.165  -27.747  48.946 0.0000000000
2942  10.726  -25.426  48.778 0.0000000000
2946  9.722  -2.045  55.516 0.0000000000
2947  8.391  -5.245  55.012 0.0000000000
2948  9.497  -4.808  53.648 0.0000000000
2949  8.703  -7.227  51.412 0.0000000000
2950  10.353  -4.260  52.243 0.0000000000
2952  10.878  -1.207  52.006 0.0000000000
3541  5.776  -30.437  52.958 0.0000000000
4514  5.653  -12.234  53.085 0.0000000000
4515  5.362  -13.157  54.551 0.0000000000
4516  5.571  -15.705  52.215 0.0000000000
4517  6.274  -18.809  51.960 0.0000000000
4518  7.274  -17.878  50.371 0.0000000000
4519  9.727  -19.711  49.321 0.0000000000
4520  8.926  -16.934  49.349 0.0000000000
4522  11.980  -14.890  47.324 0.0000000000
4523  13.087  -13.634  46.140 0.0000000000
4524  14.262  -15.424  43.736 0.0000000000
6454  7.393  -6.149  56.362 0.0000000000
6455  6.528  -8.651  53.897 0.0000000000
6456  7.187  -11.443  51.950 0.0000000000
6457  8.714  -13.896  50.320 0.0000000000
6458  8.749  -10.622  51.189 0.0000000000
7452  7.385  -32.032  51.896 0.0000000000
7453  6.806  -29.612  51.133 0.0000000000
7454  6.688  -27.104  50.949 0.0000000000
7466  9.574  1.247  52.994 0.0000000000
8731  6.146  -25.169  53.321 0.0000000000
8732  6.800  -24.312  51.586 0.0000000000
8736  6.733  -10.630  56.413 0.0000000000
8738  6.058  -17.437  56.242 0.0000000000
8739  6.410  -19.449  54.134 0.0000000000
8740  7.237  -21.424  52.136 0.0000000000
8741  8.428  -23.473  50.214 0.0000000000
8742  10.393  -22.521  49.229 0.0000000000
8743  12.162  -21.692  48.054 0.0000000000
8744  13.518  -20.782  46.569 0.0000000000
8745  10.562  -16.006  48.353 0.0000000000
8746  12.612  -18.021  46.687 0.0000000000
8747  14.529  -19.796  44.822 0.0000000000
8748  15.103  -18.569  43.100 0.0000000000
8749  15.171  -17.316  41.439 0.0000000000
8750  14.562  -16.001  40.030 0.0000000000
10618  8.638  -27.482  49.773 0.0000000000
10619  10.024  -28.183  49.492 0.0000000000
10620  9.853  -27.021  49.326 0.0000000000
10621  10.905  -26.603  48.778 0.0000000000
10622  9.625  -25.844  49.234 0.0000000000
10626  10.072  -1.724  54.664 0.0000000000
10627  9.809  -3.453  54.679 0.0000000000
10628  10.208  -3.104  53.947 0.0000000000
10629  9.926  -4.544  53.013 0.0000000000
10630  10.508  -2.806  53.131 0.0000000000
10631  10.790  -2.729  52.253 0.0000000000
10632  10.631  -1.294  52.941 0.0000000000
12194  6.171  -13.508  52.010 0.0000000000
12195  5.523  -13.951  52.653 0.0000000000
12196  6.146  -15.229  51.551 0.0000000000
12197  6.280  -16.849  51.178 0.0000000000
12198  7.040  -16.348  50.616 0.0000000000
12199  8.121  -17.393  49.846 0.0000000000
12200  7.861  -15.878  50.168 0.0000000000
14568  9.901  -32.031  51.118 0.0000000000
14578  12.798  -25.799  47.387 0.0000000000
14582  13.420  -24.145  46.815 0.0000000000
14594  7.885  -6.549  53.824 0.0000000000
14595  7.343  -6.849  54.461 0.0000000000
14596  7.066  -8.272  53.248 0.0000000000
14597  6.586  -10.237  52.796 0.0000000000
14598  7.349  -9.776  52.276 0.0000000000
14599  8.012  -11.035  51.597 0.0000000000
14600  8.081  -9.381  51.739 0.0000000000
16377  6.507  -32.571  52.558 0.0000000000
16378  5.939  -29.149  52.830 0.0000000000
16379  6.079  -30.005  51.945 0.0000000000
16380  6.103  -28.774  51.811 0.0000000000
16381  6.700  -28.394  50.989 0.0000000000
16382  6.178  -27.541  51.825 0.0000000000
19262  15.699  -19.914  40.008 0.0000000000
19281  6.881  -22.778  54.985 0.0000000000
19283  6.414  -23.824  53.739 0.0000000000
19284  6.336  -24.754  52.425 0.0000000000
19285  6.613  -23.430  52.821 0.0000000000
19294  6.827  -8.371  56.242 0.0000000000
19295  7.105  -8.952  56.754 0.0000000000
19296  6.325  -10.083  55.857 0.0000000000
19297  5.290  -14.908  54.278 0.0000000000
19298  5.591  -13.618  55.333 0.0000000000
19299  5.487  -15.399  55.172 0.0000000000
19301  5.701  -17.002  55.104 0.0000000000
19302  6.249  -18.461  55.160 0.0000000000
19303  5.774  -18.121  54.056 0.0000000000
19304  7.150  -19.655  51.096 0.0000000000
19305  6.830  -20.010  52.024 0.0000000000
19306  7.658  -20.947  51.239 0.0000000000
19307  7.717  -22.470  51.217 0.0000000000
19308  8.474  -22.000  50.490 0.0000000000
19309  9.355  -23.028  49.697 0.0000000000
19310  9.221  -21.503  49.946 0.0000000000
19311  10.544  -19.325  48.748 0.0000000000
19312  11.004  -20.649  48.807 0.0000000000
19313  11.766  -20.294  48.114 0.0000000000
19314  12.842  -21.246  47.373 0.0000000000
19315  12.462  -19.910  47.397 0.0000000000
19316  9.633  -13.430  50.030 0.0000000000
19317  9.612  -14.952  49.341 0.0000000000
19318  10.463  -14.439  48.969 0.0000000000
19319  12.779  -15.863  46.215 0.0000000000
19320  12.205  -16.486  46.828 0.0000000000
19321  13.176  -17.460  45.881 0.0000000000
19322  13.599  -18.922  45.856 0.0000000000
19323  14.052  -18.388  44.955 0.0000000000
19324  14.892  -19.252  43.936 0.0000000000
19325  14.404  -17.721  44.144 0.0000000000
19326  14.422  -14.790  43.033 0.0000000000
19327  14.752  -16.340  42.588 0.0000000000
19328  14.723  -15.685  41.850 0.0000000000
19329  14.965  -16.703  40.688 0.0000000000
19330  14.534  -14.992  41.094 0.0000000000
19354  9.801  1.394  52.005 0.0000000000
23718  9.167  -29.800  50.292 0.0000000000
23719  10.637  -30.487  49.966 0.0000000000
23720  10.277  -29.340  49.712 0.0000000000
23721  11.370  -28.870  49.055 0.0000000000
23724  12.120  -27.298  48.238 0.0000000000
23725  11.911  -26.153  48.165 0.0000000000
23726  11.730  -24.992  48.194 0.0000000000
23734  9.365  -3.778  55.337 0.0000000000
23735  9.035  -4.962  54.346 0.0000000000
23736  8.452  -6.306  53.174 0.0000000000
23737  8.210  -7.609  52.012 0.0000000000
23738  8.997  -6.083  52.579 0.0000000000
23739  9.525  -5.729  51.973 0.0000000000
23742  10.720  -4.050  51.436 0.0000000000
23743  11.136  -2.590  51.344 0.0000000000
24802  5.577  -32.221  54.214 0.0000000000
24803  5.702  -31.728  53.172 0.0000000000
24804  5.945  -30.886  54.026 0.0000000000
24805  6.274  -29.564  53.871 0.0000000000
24806  6.342  -28.305  53.798 0.0000000000
26548  7.233  -21.227  55.282 0.0000000000
26554  5.636  -10.906  54.222 0.0000000000
26555  5.622  -11.351  54.932 0.0000000000
26556  5.363  -12.659  53.833 0.0000000000
26557  5.249  -14.421  53.441 0.0000000000
26558  5.380  -16.181  53.158 0.0000000000
26559  5.620  -17.784  53.056 0.0000000000
26560  5.812  -17.367  52.029 0.0000000000
26561  6.627  -18.353  51.065 0.0000000000
26562  7.761  -19.190  50.375 0.0000000000
26563  8.946  -20.082  49.867 0.0000000000
26564  8.491  -18.784  49.816 0.0000000000
26565  9.255  -18.358  49.281 0.0000000000
26566  10.074  -17.925  48.746 0.0000000000
26568  11.219  -13.935  48.507 0.0000000000
26569  11.902  -13.328  47.946 0.0000000000
26570  12.610  -14.284  46.737 0.0000000000
26571  13.287  -15.181  45.610 0.0000000000
26572  13.977  -16.112  44.466 0.0000000000
26573  13.681  -14.543  44.934 0.0000000000
26574  13.967  -13.890  44.217 0.0000000000
30413  7.239  -6.640  56.884 0.0000000000
30414  6.710  -7.709  55.766 0.0000000000
30415  7.808  -5.684  55.649 0.0000000000
30416  6.867  -7.326  55.194 0.0000000000
30417  6.203  -9.142  54.599 0.0000000000
30418  5.985  -10.577  53.451 0.0000000000
30419  6.310  -11.858  52.424 0.0000000000
30420  6.997  -13.118  51.522 0.0000000000
30421  7.792  -14.295  50.624 0.0000000000
30422  7.910  -12.740  51.253 0.0000000000
30423  8.758  -12.268  50.933 0.0000000000
30424  9.611  -11.811  50.552 0.0000000000
30425  8.638  -8.996  51.191 0.0000000000
30426  9.474  -10.201  50.687 0.0000000000
32839  8.880  -32.590  51.736 0.0000000000
32840  8.490  -31.475  51.335 0.0000000000
32841  6.171  -31.321  52.180 0.0000000000
32842  7.069  -30.826  51.461 0.0000000000
32843  8.078  -30.272  50.871 0.0000000000
32844  7.807  -29.153  50.518 0.0000000000
32845  7.508  -27.909  50.312 0.0000000000
32846  7.453  -26.696  50.278 0.0000000000
32874  9.659  -0.402  55.297 0.0000000000
32875  9.932  -0.153  54.349 0.0000000000
32876  10.110  -0.029  53.472 0.0000000000
32877  9.456  1.086  53.933 0.0000000000
36440  6.332  -26.892  54.025 0.0000000000
36443  6.115  -26.495  53.058 0.0000000000
36444  6.186  -26.109  52.039 0.0000000000
36445  6.608  -25.708  51.194 0.0000000000
36446  7.375  -25.271  50.515 0.0000000000
36457  7.604  -9.463  57.307 0.0000000000
36459  5.879  -11.876  55.590 0.0000000000
36466  6.916  -19.771  55.250 0.0000000000
36467  6.936  -20.833  54.186 0.0000000000
36468  6.147  -19.135  53.007 0.0000000000
36469  6.770  -20.402  53.081 0.0000000000
36470  6.942  -21.896  53.068 0.0000000000
36471  7.083  -22.930  51.914 0.0000000000
36472  7.545  -23.907  50.846 0.0000000000
36473  8.317  -24.834  49.877 0.0000000000
36474  9.437  -24.438  49.421 0.0000000000
36475  10.536  -24.001  48.988 0.0000000000
36476  11.476  -23.532  48.453 0.0000000000
36477  10.128  -21.100  49.355 0.0000000000
36478  11.332  -22.105  48.722 0.0000000000
36479  12.400  -23.111  47.835 0.0000000000
36480  13.185  -22.696  47.135 0.0000000000
36481  13.869  -22.202  46.363 0.0000000000
36482  14.466  -21.742  45.487 0.0000000000
36483  8.728  -15.468  49.686 0.0000000000
36484  9.734  -16.492  48.879 0.0000000000
36485  10.880  -17.554  48.108 0.0000000000
36486  11.301  -15.467  47.872 0.0000000000
36487  11.558  -17.052  47.484 0.0000000000
36488  11.997  -18.508  47.387 0.0000000000
36489  13.079  -19.446  46.644 0.0000000000
36490  14.064  -20.302  45.720 0.0000000000
36492  15.305  -20.716  43.728 0.0000000000
36493  15.554  -20.110  42.803 0.0000000000
36494  15.656  -19.506  41.988 0.0000000000
36495  14.619  -17.008  43.343 0.0000000000
36496  15.213  -17.942  42.262 0.0000000000
36497  15.586  -18.919  41.084 0.0000000000
36498  15.360  -18.297  40.381 0.0000000000
36499  14.934  -17.617  39.690 0.0000000000
36500  14.347  -17.032  39.115 0.0000000000
36501  14.060  -15.612  39.463 0.0000000000
36528  10.363  0.088  52.470 0.0000000000
36529  10.605  0.186  51.511 0.0000000000
41338  8.601  -26.883  49.726 0.0000000000
41339  9.259  -27.254  49.544 0.0000000000
41340  9.193  -26.676  49.505 0.0000000000
41341  9.718  -26.445  49.267 0.0000000000
41342  9.056  -26.053  49.477 0.0000000000
41346  10.240  -1.551  54.218 0.0000000000
41347  10.172  -2.447  54.304 0.0000000000
41348  10.348  -2.264  53.887 0.0000000000
41349  10.342  -2.954  53.537 0.0000000000
41350  10.481  -2.114  53.471 0.0000000000
41351  10.605  -2.061  53.065 0.0000000000
41352  10.500  -1.378  53.375 0.0000000000
42914  6.520  -14.138  51.498 0.0000000000
42915  6.157  -14.352  51.768 0.0000000000
42916  6.526  -15.017  51.251 0.0000000000
42917  6.539  -15.793  51.029 0.0000000000
42918  7.005  -15.552  50.790 0.0000000000
42919  7.469  -16.092  50.421 0.0000000000
42920  7.395  -15.323  50.570 0.0000000000
45288  9.673  -31.500  50.951 0.0000000000
45298  12.735  -25.232  47.405 0.0000000000
45302  13.045  -24.372  47.183 0.0000000000
45314  7.696  -7.222  53.251 0.0000000000
45315  7.410  -7.348  53.569 0.0000000000
45316  7.356  -8.112  52.963 0.0000000000
45317  7.147  -9.032  52.681 0.0000000000
45318  7.470  -8.868  52.437 0.0000000000
45319  7.740  -9.558  51.987 0.0000000000
45320  7.792  -8.662  52.162 0.0000000000
47097  6.093  -32.877  52.932 0.0000000000
47098  6.029  -28.521  52.833 0.0000000000
47099  5.948  -28.961  52.319 0.0000000000
47100  5.965  -28.354  52.286 0.0000000000
47101  6.161  -28.161  51.841 0.0000000000
47102  6.067  -27.696  52.354 0.0000000000
49980  15.976  -20.888  40.254 0.0000000000
49981  15.827  -20.578  39.884 0.0000000000
49982  15.856  -20.190  40.398 0.0000000000
50001  6.854  -22.594  54.557 0.0000000000
50002  6.618  -23.300  54.362 0.0000000000
50003  6.601  -23.164  53.936 0.0000000000
50004  6.469  -23.653  53.257 0.0000000000
50005  6.692  -22.921  53.486 0.0000000000
50014  6.446  -8.939  55.769 0.0000000000
50015  6.560  -9.215  56.044 0.0000000000
50016  6.193  -9.827  55.561 0.0000000000
50017  5.325  -15.801  54.174 0.0000000000
50018  5.376  -15.152  54.723 0.0000000000
50019  5.422  -16.035  54.653 0.0000000000
50020  5.557  -16.248  55.155 0.0000000000
50021  5.514  -16.797  54.639 0.0000000000
50022  5.717  -17.560  54.597 0.0000000000
50023  5.543  -17.371  54.105 0.0000000000
50024  7.662  -20.081  50.782 0.0000000000
50025  7.465  -20.304  51.223 0.0000000000
50026  7.930  -20.753  50.854 0.0000000000
50027  8.072  -21.478  50.862 0.0000000000
50028  8.418  -21.247  50.526 0.0000000000
50029  8.830  -21.766  50.201 0.0000000000
50030  8.716  -21.015  50.226 0.0000000000
50031  10.894  -19.119  48.472 0.0000000000
50032  11.157  -19.814  48.459 0.0000000000
50033  11.510  -19.618  48.126 0.0000000000
50034  12.116  -20.098  47.760 0.0000000000
50035  11.860  -19.419  47.779 0.0000000000
50036  9.999  -13.174  49.890 0.0000000000
50037  10.046  -13.982  49.488 0.0000000000
50038  10.429  -13.703  49.318 0.0000000000
50039  13.198  -16.366  45.694 0.0000000000
50040  12.939  -16.706  46.036 0.0000000000
50041  13.404  -17.179  45.541 0.0000000000
50042  13.627  -17.944  45.432 0.0000000000
50043  13.849  -17.630  45.013 0.0000000000
50044  14.251  -18.049  44.524 0.0000000000
50045  14.027  -17.257  44.648 0.0000000000
50046  14.428  -14.446  42.650 0.0000000000
50047  14.578  -15.223  42.439 0.0000000000
50048  14.547  -14.895  42.040 0.0000000000
50049  14.664  -15.366  41.450 0.0000000000
50050  14.473  -14.546  41.696 0.0000000000
50051  14.383  -14.321  41.338 0.0000000000
54888  9.008  -29.249  50.131 0.0000000000
54889  9.743  -29.578  49.985 0.0000000000
54890  9.554  -29.000  49.881 0.0000000000
54891  10.611  -27.975  49.235 0.0000000000
54892  10.701  -28.520  49.304 0.0000000000
54893  11.297  -28.321  48.995 0.0000000000
54894  11.859  -28.668  48.710 0.0000000000
54895  11.765  -28.090  48.668 0.0000000000
54897  11.661  -27.514  48.603 0.0000000000
54898  10.798  -26.036  48.754 0.0000000000
54899  11.420  -26.393  48.468 0.0000000000
54900  11.325  -25.808  48.476 0.0000000000
54901  11.806  -25.606  48.158 0.0000000000
54902  11.247  -25.209  48.523 0.0000000000
54912  9.391  -3.118  55.807 0.0000000000
54913  9.634  -2.954  55.470 0.0000000000
54914  9.713  -4.064  54.228 0.0000000000
54915  9.517  -4.231  54.526 0.0000000000
54916  9.293  -4.856  53.990 0.0000000000
54917  8.736  -5.619  53.792 0.0000000000
54918  8.984  -5.565  53.410 0.0000000000
54919  8.716  -6.206  52.848 0.0000000000
54920  9.229  -5.502  53.090 0.0000000000
54921  10.151  -4.444  52.665 0.0000000000
54922  9.735  -5.155  52.502 0.0000000000
54923  9.990  -4.997  52.139 0.0000000000
54924  9.789  -5.558  51.602 0.0000000000
54925  10.246  -4.809  51.766 0.0000000000
54927  10.526  -4.194  51.831 0.0000000000
54928  10.876  -1.945  52.160 0.0000000000
54929  10.957  -2.662  51.797 0.0000000000
54930  11.024  -1.863  51.713 0.0000000000
56693  5.956  -32.111  55.130 0.0000000000
56694  5.661  -32.531  54.729 0.0000000000
56695  5.862  -31.821  54.605 0.0000000000
56696  5.777  -31.560  54.149 0.0000000000
56697  6.103  -31.169  54.528 0.0000000000
56699  6.457  -29.829  54.310 0.0000000000
56700  6.606  -29.141  54.310 0.0000000000
56701  6.333  -28.945  53.811 0.0000000000
59614  5.585  -11.619  53.626 0.0000000000
59615  5.482  -11.796  54.037 0.0000000000
59616  5.492  -12.399  53.493 0.0000000000
59617  5.549  -14.820  52.476 0.0000000000
59618  5.337  -14.187  53.037 0.0000000000
59619  5.384  -15.049  52.867 0.0000000000
59620  5.299  -15.266  53.303 0.0000000000
59621  5.428  -15.902  52.695 0.0000000000
59622  5.516  -16.769  52.577 0.0000000000
59623  5.596  -16.524  52.104 0.0000000000
59624  6.757  -17.390  50.739 0.0000000000
59625  6.441  -17.670  51.111 0.0000000000
59626  6.938  -18.113  50.721 0.0000000000
59627  7.180  -18.765  50.678 0.0000000000
59628  7.530  -18.527  50.418 0.0000000000
59629  8.137  -18.997  50.098 0.0000000000
59630  7.869  -18.318  50.082 0.0000000000
59631  8.549  -17.183  49.594 0.0000000000
59632  8.670  -17.866  49.545 0.0000000000
59633  9.068  -17.666  49.295 0.0000000000
59634  9.639  -18.150  49.031 0.0000000000
59635  9.491  -17.437  49.018 0.0000000000
59637  11.538  -12.823  48.562 0.0000000000
59638  11.854  -12.544  48.255 0.0000000000
59640  12.522  -13.515  47.043 0.0000000000
59641  12.865  -13.959  46.448 0.0000000000
59642  12.964  -14.749  46.173 0.0000000000
59643  13.206  -14.425  45.880 0.0000000000
59644  13.504  -14.891  45.266 0.0000000000
59645  13.397  -14.086  45.542 0.0000000000
59649  14.040  -13.575  43.841 0.0000000000
66811  7.272  -6.376  56.634 0.0000000000
66812  6.975  -7.187  56.331 0.0000000000
66813  7.003  -6.954  56.078 0.0000000000
66814  8.554  -4.699  55.532 0.0000000000
66815  8.243  -4.917  55.914 0.0000000000
66816  8.089  -5.479  55.344 0.0000000000
66817  6.865  -7.724  54.174 0.0000000000
66818  7.095  -7.070  54.804 0.0000000000
66819  6.655  -7.970  54.520 0.0000000000
66820  6.492  -8.194  54.852 0.0000000000
66821  6.335  -8.904  54.236 0.0000000000
66822  6.060  -9.888  53.996 0.0000000000
66823  6.250  -9.647  53.646 0.0000000000
66824  6.825  -10.846  52.384 0.0000000000
66825  6.400  -11.009  52.659 0.0000000000
66826  6.719  -11.630  52.211 0.0000000000
66827  6.660  -12.491  51.963 0.0000000000
66828  7.084  -12.256  51.787 0.0000000000
66829  7.452  -12.910  51.407 0.0000000000
66830  7.541  -12.105  51.645 0.0000000000
66831  8.378  -10.850  51.398 0.0000000000
66832  8.350  -11.695  51.287 0.0000000000
66833  8.794  -11.430  51.077 0.0000000000
66834  9.200  -12.021  50.746 0.0000000000
66835  9.179  -11.205  50.886 0.0000000000
66836  8.471  -7.446  51.713 0.0000000000
66837  8.335  -8.299  51.543 0.0000000000
66838  8.623  -8.117  51.255 0.0000000000
66842  9.936  -10.780  50.447 0.0000000000
72165  8.115  -32.331  51.823 0.0000000000
72166  8.664  -32.044  51.571 0.0000000000
72167  7.958  -31.765  51.606 0.0000000000
72168  5.686  -31.042  53.046 0.0000000000
72169  5.882  -31.524  52.652 0.0000000000
72170  5.872  -30.876  52.533 0.0000000000
72171  6.431  -29.800  51.526 0.0000000000
72172  6.510  -30.429  51.656 0.0000000000
72173  6.930  -30.206  51.286 0.0000000000
72174  7.482  -30.552  51.166 0.0000000000
72175  7.417  -29.939  50.970 0.0000000000
72176  7.943  -29.718  50.676 0.0000000000
72177  7.306  -29.390  50.814 0.0000000000
72178  6.669  -27.759  50.935 0.0000000000
72179  7.124  -28.175  50.617 0.0000000000
72180  7.045  -27.520  50.578 0.0000000000
72181  7.462  -27.318  50.245 0.0000000000
72182  7.037  -26.881  50.591 0.0000000000
72249  9.812  -0.246  54.821 0.0000000000
72250  9.624  0.423  54.587 0.0000000000
72251  9.691  0.487  54.134 0.0000000000
72252  9.330  1.015  54.368 0.0000000000
80879  6.270  -24.714  53.967 0.0000000000
80881  6.178  -25.394  53.802 0.0000000000
80882  6.210  -26.024  53.682 0.0000000000
80883  6.101  -25.874  53.148 0.0000000000
80884  6.104  -26.326  52.519 0.0000000000
80885  6.107  -25.624  52.699 0.0000000000
80886  6.524  -24.525  51.969 0.0000000000
80887  6.421  -25.226  51.785 0.0000000000
80888  6.681  -25.015  51.365 0.0000000000
80889  6.957  -25.468  50.831 0.0000000000
80890  7.020  -24.798  51.024 0.0000000000
80917  6.932  -9.781  56.559 0.0000000000
80918  7.334  -9.206  56.989 0.0000000000
80919  7.181  -10.041  56.842 0.0000000000
80920  7.413  -10.297  57.113 0.0000000000
80921  7.008  -10.907  56.724 0.0000000000
80922  5.442  -12.278  54.729 0.0000000000
80923  5.716  -11.629  55.235 0.0000000000
80924  5.562  -12.514  55.093 0.0000000000
80925  5.742  -13.876  55.714 0.0000000000
80926  5.878  -12.992  55.841 0.0000000000
80932  5.876  -16.692  56.127 0.0000000000
80939  6.324  -18.971  54.666 0.0000000000
80940  6.541  -19.170  55.186 0.0000000000
80941  6.643  -19.606  54.683 0.0000000000
80942  6.944  -20.283  54.702 0.0000000000
80943  6.765  -20.100  54.178 0.0000000000
80944  5.895  -18.317  52.501 0.0000000000
80945  5.859  -18.502  53.021 0.0000000000
80946  6.176  -18.972  52.477 0.0000000000
80947  7.097  -20.700  52.087 0.0000000000
80948  6.769  -20.182  52.552 0.0000000000
80949  7.012  -20.917  52.584 0.0000000000
80950  6.980  -21.099  53.149 0.0000000000
80951  7.069  -21.631  52.606 0.0000000000
80952  6.965  -22.409  52.458 0.0000000000
80953  7.225  -22.161  52.088 0.0000000000
80954  8.078  -22.991  50.713 0.0000000000
80955  7.654  -23.217  51.066 0.0000000000
80956  7.936  -23.666  50.532 0.0000000000
80957  7.843  -24.355  50.350 0.0000000000
80958  8.323  -24.160  50.032 0.0000000000
80959  8.862  -24.641  49.641 0.0000000000
80960  8.846  -23.973  49.773 0.0000000000
80961  9.877  -22.767  49.464 0.0000000000
80962  9.912  -23.511  49.350 0.0000000000
80963  10.385  -23.238  49.138 0.0000000000
80964  11.011  -23.731  48.754 0.0000000000
80965  10.895  -23.019  48.882 0.0000000000
80966  9.374  -19.903  49.606 0.0000000000
80967  9.575  -20.591  49.615 0.0000000000
80968  10.001  -20.396  49.341 0.0000000000
80969  11.578  -21.130  48.492 0.0000000000
80970  11.169  -21.388  48.813 0.0000000000
80971  11.763  -21.881  48.437 0.0000000000
80972  11.877  -22.589  48.286 0.0000000000
80973  12.298  -22.382  47.999 0.0000000000
80974  12.802  -22.909  47.506 0.0000000000
80975  12.682  -22.190  47.630 0.0000000000
80976  13.212  -21.008  46.977 0.0000000000
80977  13.371  -21.705  46.895 0.0000000000
80978  13.706  -21.471  46.473 0.0000000000
80979  14.198  -21.978  45.903 0.0000000000
80980  14.006  -21.271  46.051 0.0000000000
80981  8.247  -14.110  50.488 0.0000000000
80982  8.255  -14.928  50.156 0.0000000000
80983  8.713  -14.720  49.978 0.0000000000
80984  10.097  -15.469  48.857 0.0000000000
80985  9.684  -15.763  49.052 0.0000000000
80986  10.146  -16.246  48.627 0.0000000000
80987  10.324  -17.040  48.476 0.0000000000
80988  10.653  -16.772  48.219 0.0000000000
80989  11.603  -14.403  47.891 0.0000000000
80990  11.265  -14.686  48.146 0.0000000000
80991  11.652  -15.177  47.597 0.0000000000
80992  12.383  -17.290  46.735 0.0000000000
80993  11.893  -16.789  47.167 0.0000000000
80994  12.076  -17.557  47.081 0.0000000000
80995  11.752  -17.809  47.401 0.0000000000
80996  12.320  -18.295  47.025 0.0000000000
80997  12.542  -18.982  47.031 0.0000000000
80998  12.853  -18.759  46.662 0.0000000000
80999  14.107  -19.361  45.325 0.0000000000
81000  13.880  -19.622  45.763 0.0000000000
81001  14.297  -20.038  45.283 0.0000000000
81002  14.513  -20.741  45.198 0.0000000000
81003  14.718  -20.475  44.763 0.0000000000
81005  14.940  -20.250  44.305 0.0000000000
81006  15.014  -18.929  43.501 0.0000000000
81007  15.230  -19.665  43.422 0.0000000000
81008  15.349  -19.357  42.922 0.0000000000
81009  15.620  -19.824  42.373 0.0000000000
81010  15.406  -19.027  42.536 0.0000000000
81011  14.147  -15.760  44.093 0.0000000000
81012  14.321  -16.567  43.903 0.0000000000
81013  14.452  -16.229  43.514 0.0000000000
81014  14.978  -16.830  41.992 0.0000000000
81015  14.985  -17.180  42.340 0.0000000000
81016  15.218  -17.658  41.800 0.0000000000
81017  15.436  -18.436  41.657 0.0000000000
81018  15.387  -18.122  41.232 0.0000000000
81019  15.496  -18.605  40.690 0.0000000000
81020  15.299  -17.781  40.898 0.0000000000
81021  14.775  -16.343  40.336 0.0000000000
81022  14.969  -17.150  40.174 0.0000000000
81023  14.751  -16.800  39.843 0.0000000000
81024  14.671  -17.317  39.395 0.0000000000
81025  14.490  -16.510  39.578 0.0000000000
81026  14.217  -16.316  39.310 0.0000000000
81027  14.338  -15.812  39.750 0.0000000000
81093  9.876  0.621  53.238 0.0000000000
81094  10.229  0.001  52.991 0.0000000000
81095  9.990  0.669  52.751 0.0000000000
81096  9.944  1.413  51.524 0.0000000000
81097  10.220  0.820  51.736 0.0000000000
81098  10.361  0.859  51.266 0.0000000000
81099  10.697  0.254  51.102 0.0000000000
92838  8.712  -28.090  49.876 0.0000000000
92839  9.421  -28.421  49.752 0.0000000000
92840  9.334  -27.846  49.637 0.0000000000
92841  9.914  -27.606  49.405 0.0000000000
92842  10.505  -27.362  49.152 0.0000000000
92843  11.039  -27.154  48.857 0.0000000000
92844  10.390  -26.800  49.074 0.0000000000
92845  10.273  -26.265  49.028 0.0000000000
92846  10.173  -25.647  49.027 0.0000000000
92852  9.900  -1.850  55.093 0.0000000000
92853  9.854  -2.753  55.106 0.0000000000
92854  10.009  -2.583  54.710 0.0000000000
92855  10.009  -3.267  54.312 0.0000000000
92856  9.908  -3.997  53.827 0.0000000000
92857  9.727  -4.717  53.312 0.0000000000
92858  10.101  -3.832  53.484 0.0000000000
92859  10.261  -3.697  53.104 0.0000000000
92860  10.440  -3.560  52.709 0.0000000000
92861  10.602  -3.530  52.279 0.0000000000
92862  10.645  -2.759  52.715 0.0000000000
92863  10.738  -1.980  52.631 0.0000000000
92864  10.754  -1.223  52.463 0.0000000000
95674  5.923  -12.875  52.533 0.0000000000
95675  5.596  -13.084  52.887 0.0000000000
95676  5.815  -13.703  52.322 0.0000000000
95677  5.810  -14.575  52.114 0.0000000000
95678  5.838  -15.472  51.867 0.0000000000
95679  5.886  -16.296  51.681 0.0000000000
95680  6.187  -16.045  51.330 0.0000000000
95681  6.621  -16.613  50.837 0.0000000000
95682  7.151  -17.145  50.431 0.0000000000
95683  7.700  -17.630  50.089 0.0000000000
95684  7.565  -16.905  50.196 0.0000000000
95685  7.985  -16.645  50.004 0.0000000000
95686  8.367  -16.449  49.746 0.0000000000
95692  13.281  -13.287  45.821 0.0000000000
99966  12.911  -26.360  47.390 0.0000000000
99974  13.783  -23.904  46.443 0.0000000000
99993  7.758  -5.339  56.639 0.0000000000
99994  8.164  -5.877  54.426 0.0000000000
99995  7.874  -6.035  54.749 0.0000000000
99996  7.596  -6.638  54.145 0.0000000000
99997  7.148  -7.540  53.854 0.0000000000
99998  6.770  -8.457  53.584 0.0000000000
99999  6.482  -9.432  53.327 0.0000000000
100000  6.793  -9.256  52.993 0.0000000000
100001  6.940  -10.035  52.518 0.0000000000
100002  7.247  -10.677  52.167 0.0000000000
100003  7.615  -11.252  51.810 0.0000000000
100004  7.700  -10.408  51.918 0.0000000000
100005  8.075  -10.208  51.692 0.0000000000
100006  8.436  -10.030  51.445 0.0000000000
103205  6.897  -32.299  52.194 0.0000000000
103206  5.899  -29.787  52.915 0.0000000000
103207  5.906  -30.215  52.470 0.0000000000
103208  5.913  -29.585  52.368 0.0000000000
103209  6.051  -29.369  51.848 0.0000000000
103210  6.369  -29.192  51.424 0.0000000000
103211  6.749  -29.029  51.030 0.0000000000
103212  6.381  -28.597  51.393 0.0000000000
103213  6.348  -27.964  51.374 0.0000000000
103214  6.380  -27.321  51.351 0.0000000000
108398  15.503  -19.581  39.687 0.0000000000
108433  6.661  -23.484  54.796 0.0000000000
108434  6.422  -24.009  54.154 0.0000000000
108435  6.275  -24.507  53.522 0.0000000000
108436  6.210  -24.949  52.889 0.0000000000
108437  6.342  -24.314  53.088 0.0000000000
108438  6.457  -24.077  52.578 0.0000000000
108439  6.682  -23.850  52.173 0.0000000000
108454  7.207  -7.830  56.760 0.0000000000
108455  7.367  -8.132  56.993 0.0000000000
108456  6.910  -8.645  56.511 0.0000000000
108457  6.714  -9.514  56.285 0.0000000000
108458  6.489  -10.381  56.125 0.0000000000
108459  5.293  -14.053  54.371 0.0000000000
108460  5.459  -13.393  54.929 0.0000000000
108461  5.393  -14.288  54.789 0.0000000000
108462  5.514  -14.514  55.268 0.0000000000
108463  5.642  -14.748  55.730 0.0000000000
108466  5.713  -16.443  55.663 0.0000000000
108467  5.912  -17.240  55.664 0.0000000000
108468  6.139  -17.981  55.683 0.0000000000
108469  5.931  -17.779  55.133 0.0000000000
108470  5.979  -18.315  54.579 0.0000000000
108471  6.083  -18.825  54.085 0.0000000000
108472  6.672  -19.256  51.478 0.0000000000
108473  6.559  -19.416  51.947 0.0000000000
108474  6.970  -19.848  51.513 0.0000000000
108475  7.231  -20.508  51.608 0.0000000000
108476  7.461  -21.193  51.676 0.0000000000
108477  7.448  -21.950  51.654 0.0000000000
108478  7.724  -21.686  51.227 0.0000000000
108479  8.067  -22.212  50.843 0.0000000000
108480  8.488  -22.751  50.394 0.0000000000
108481  8.926  -23.277  49.939 0.0000000000
108482  8.883  -22.514  50.119 0.0000000000
108483  9.372  -22.271  49.837 0.0000000000
108484  9.789  -22.012  49.621 0.0000000000
108485  10.120  -19.484  49.056 0.0000000000
108486  10.383  -20.162  49.073 0.0000000000
108487  10.738  -19.942  48.775 0.0000000000
108488  11.378  -20.464  48.477 0.0000000000
108489  11.932  -20.929  48.122 0.0000000000
108490  12.502  -21.465  47.703 0.0000000000
108491  12.316  -20.751  47.754 0.0000000000
108492  12.689  -20.562  47.399 0.0000000000
108493  13.014  -20.336  46.998 0.0000000000
108494  9.226  -13.662  50.197 0.0000000000
108495  9.130  -14.463  49.819 0.0000000000
108496  9.591  -14.221  49.690 0.0000000000
108497  10.032  -14.686  49.188 0.0000000000
108498  10.490  -15.202  48.644 0.0000000000
108499  12.371  -15.332  46.785 0.0000000000
108500  12.052  -15.642  47.067 0.0000000000
108501  12.496  -16.153  46.557 0.0000000000
108502  12.701  -16.964  46.346 0.0000000000
108503  12.903  -17.729  46.287 0.0000000000
108504  13.121  -18.476  46.308 0.0000000000
108505  13.375  -18.211  45.861 0.0000000000
108506  13.814  -18.655  45.420 0.0000000000
108507  14.290  -19.101  44.893 0.0000000000
108508  14.737  -19.540  44.377 0.0000000000
108509  14.489  -18.806  44.450 0.0000000000
108510  14.644  -18.468  44.014 0.0000000000
108511  14.769  -18.149  43.632 0.0000000000
108512  14.349  -15.106  43.396 0.0000000000
108513  14.521  -15.891  43.166 0.0000000000
108514  14.564  -15.588  42.819 0.0000000000
108515  14.752  -15.991  42.221 0.0000000000
108516  14.941  -16.493  41.621 0.0000000000
108517  15.094  -16.973  41.083 0.0000000000
108518  14.880  -16.202  41.257 0.0000000000
108519  14.751  -15.889  40.856 0.0000000000
108520  14.567  -15.500  40.544 0.0000000000
108521  14.389  -15.283  40.219 0.0000000000
108522  14.397  -14.803  40.744 0.0000000000
108562  9.688  1.321  52.479 0.0000000000
116778  9.327  -30.377  50.512 0.0000000000
116780  9.904  -30.126  50.142 0.0000000000
116781  10.448  -29.901  49.800 0.0000000000
116783  10.124  -28.762  49.605 0.0000000000
116784  10.809  -29.100  49.387 0.0000000000
116792  12.602  -27.116  47.824 0.0000000000
116793  11.525  -26.943  48.520 0.0000000000
116794  12.071  -26.757  48.162 0.0000000000
116795  12.483  -26.540  47.795 0.0000000000
116796  12.361  -25.980  47.783 0.0000000000
116797  12.269  -25.404  47.789 0.0000000000
116798  12.195  -24.804  47.867 0.0000000000
116813  9.039  -3.964  55.687 0.0000000000
116814  8.874  -4.506  55.184 0.0000000000
116815  9.603  -3.622  55.018 0.0000000000
116816  9.224  -4.349  54.846 0.0000000000
116817  8.708  -5.055  54.685 0.0000000000
116818  8.430  -5.732  54.103 0.0000000000
116819  8.158  -6.412  53.503 0.0000000000
116820  7.957  -7.063  52.922 0.0000000000
116821  7.941  -7.782  52.366 0.0000000000
116822  8.286  -6.944  52.608 0.0000000000
116823  8.501  -6.809  52.298 0.0000000000
116824  8.777  -6.636  52.007 0.0000000000
116825  9.509  -5.344  52.794 0.0000000000
116826  9.276  -5.902  52.287 0.0000000000
116827  9.019  -6.433  51.743 0.0000000000
116835  10.779  -3.463  51.851 0.0000000000
116836  10.970  -3.370  51.417 0.0000000000
119307  5.526  -32.950  54.316 0.0000000000
119308  5.594  -32.675  53.775 0.0000000000
119309  5.766  -32.421  53.278 0.0000000000
119310  5.659  -31.979  53.696 0.0000000000
119311  5.733  -31.292  53.595 0.0000000000
119312  5.847  -30.657  53.508 0.0000000000
119313  6.311  -30.533  54.425 0.0000000000
119314  6.109  -30.260  53.915 0.0000000000
119315  5.958  -29.997  53.431 0.0000000000
119316  6.045  -29.361  53.358 0.0000000000
119317  6.112  -28.710  53.326 0.0000000000
119318  6.167  -28.084  53.348 0.0000000000
123381  7.130  -22.044  55.169 0.0000000000
123382  7.048  -21.805  54.695 0.0000000000
123394  5.827  -10.207  54.772 0.0000000000
123395  5.830  -10.522  55.090 0.0000000000
123396  5.591  -11.152  54.606 0.0000000000
123397  5.408  -11.980  54.426 0.0000000000
123398  5.317  -12.909  54.202 0.0000000000
123399  5.394  -13.316  53.238 0.0000000000
123400  5.272  -13.551  53.638 0.0000000000
123401  5.250  -13.806  54.013 0.0000000000
123402  5.237  -14.667  53.867 0.0000000000
123403  5.287  -15.518  53.734 0.0000000000
123404  5.379  -16.433  53.628 0.0000000000
123405  5.504  -17.257  53.548 0.0000000000
123406  5.460  -17.017  53.058 0.0000000000
123407  5.678  -17.593  52.516 0.0000000000
123408  6.013  -18.149  51.966 0.0000000000
123409  5.995  -17.117  51.571 0.0000000000
123410  6.166  -17.911  51.514 0.0000000000
123411  6.420  -18.615  51.479 0.0000000000
123412  6.895  -19.012  51.073 0.0000000000
123413  7.421  -19.406  50.735 0.0000000000
123414  7.963  -19.825  50.419 0.0000000000
123415  8.545  -20.291  50.126 0.0000000000
123416  8.329  -19.606  50.109 0.0000000000
123417  8.753  -19.450  49.837 0.0000000000
123418  9.130  -19.247  49.563 0.0000000000
123419  8.243  -18.079  49.793 0.0000000000
123420  8.852  -18.552  49.546 0.0000000000
123421  9.507  -18.999  49.331 0.0000000000
123422  9.908  -18.835  49.033 0.0000000000
123423  10.295  -18.630  48.767 0.0000000000
123424  10.711  -18.455  48.419 0.0000000000
123425  10.838  -12.637  49.394 0.0000000000
123426  10.810  -13.438  49.114 0.0000000000
123427  11.184  -13.141  48.827 0.0000000000
123428  11.570  -13.632  48.220 0.0000000000
123429  11.938  -14.106  47.604 0.0000000000
123430  12.193  -13.035  47.623 0.0000000000
123431  12.246  -13.845  47.341 0.0000000000
123432  12.310  -14.589  47.017 0.0000000000
123433  12.681  -15.062  46.473 0.0000000000
123434  13.054  -15.546  45.912 0.0000000000
123435  13.423  -15.999  45.370 0.0000000000
123436  13.810  -16.437  44.819 0.0000000000
123437  13.637  -15.673  45.027 0.0000000000
123438  13.829  -15.352  44.665 0.0000000000
123439  13.985  -14.985  44.334 0.0000000000
123440  13.580  -13.747  45.206 0.0000000000
123441  13.852  -14.203  44.612 0.0000000000
123442  14.103  -14.649  43.976 0.0000000000
123443  14.198  -14.322  43.605 0.0000000000
123444  14.261  -13.992  43.211 0.0000000000
133011  7.344  -6.950  57.135 0.0000000000
133012  7.022  -7.487  56.552 0.0000000000
133013  6.719  -8.031  56.031 0.0000000000
133014  6.372  -8.650  55.515 0.0000000000
133016  7.969  -5.119  56.261 0.0000000000
133017  7.590  -5.897  56.047 0.0000000000
133018  7.619  -6.248  55.049 0.0000000000
133019  7.378  -6.467  55.421 0.0000000000
133020  7.151  -6.681  55.809 0.0000000000
133021  6.725  -7.542  55.506 0.0000000000
133022  6.384  -8.377  55.233 0.0000000000
133023  6.121  -9.318  54.936 0.0000000000
133024  5.902  -10.014  54.392 0.0000000000
133025  5.778  -10.734  53.830 0.0000000000
133026  5.764  -11.468  53.262 0.0000000000
133027  6.242  -10.430  53.095 0.0000000000
133028  6.055  -11.226  52.909 0.0000000000
133029  5.934  -12.061  52.714 0.0000000000
133030  6.260  -12.701  52.223 0.0000000000
133031  6.593  -13.340  51.753 0.0000000000
133032  6.950  -13.947  51.257 0.0000000000
133033  7.362  -14.512  50.803 0.0000000000
133034  7.371  -13.701  51.075 0.0000000000
133035  7.830  -13.509  50.944 0.0000000000
133036  8.294  -13.329  50.790 0.0000000000
133037  7.966  -11.913  51.485 0.0000000000
133038  8.347  -12.518  51.088 0.0000000000
133039  8.786  -13.089  50.667 0.0000000000
133040  9.209  -12.847  50.518 0.0000000000
133041  9.645  -12.599  50.351 0.0000000000
133042  10.067  -12.366  50.160 0.0000000000
133043  8.077  -8.500  51.862 0.0000000000
133044  8.359  -9.235  51.456 0.0000000000
133045  8.734  -9.822  51.217 0.0000000000
133047  9.049  -9.616  50.937 0.0000000000
133048  9.121  -10.404  50.949 0.0000000000
133049  9.582  -10.972  50.690 0.0000000000
133050  10.004  -11.557  50.356 0.0000000000
133051  10.430  -12.101  49.935 0.0000000000
139718  9.843  -33.376  51.767 0.0000000000
139721  9.606  -32.832  51.624 0.0000000000
139722  9.392  -32.282  51.445 0.0000000000
139723  9.182  -31.759  51.268 0.0000000000
139724  8.973  -31.199  51.031 0.0000000000
139725  5.985  -32.176  52.801 0.0000000000
139726  6.302  -31.932  52.374 0.0000000000
139727  6.710  -31.701  51.970 0.0000000000
139728  6.109  -30.655  52.060 0.0000000000
139729  6.621  -31.088  51.788 0.0000000000
139730  7.275  -31.454  51.653 0.0000000000
139731  7.772  -31.192  51.356 0.0000000000
139732  8.229  -30.890  51.100 0.0000000000
139733  8.779  -30.613  50.800 0.0000000000
139734  8.636  -30.034  50.586 0.0000000000
139735  8.468  -29.480  50.398 0.0000000000
139736  8.313  -28.916  50.248 0.0000000000
139737  7.223  -28.786  50.718 0.0000000000
139738  7.690  -28.553  50.378 0.0000000000
139739  8.176  -28.326  50.135 0.0000000000
139740  8.054  -27.713  50.027 0.0000000000
139741  8.039  -27.105  49.984 0.0000000000
139742  7.981  -26.468  49.994 0.0000000000
139822  9.735  -1.198  55.426 0.0000000000
139823  9.920  -1.055  55.004 0.0000000000
139824  10.052  -0.917  54.517 0.0000000000
139825  10.193  -0.796  54.053 0.0000000000
139826  10.292  -0.719  53.670 0.0000000000
139827  10.015  -0.102  53.921 0.0000000000
139828  9.788  0.565  53.688 0.0000000000
139829  9.491  1.162  53.479 0.0000000000
150289  6.354  -27.589  53.905 0.0000000000
150290  6.177  -27.384  53.451 0.0000000000
150298  6.213  -26.700  53.558 0.0000000000
150299  6.089  -27.184  52.955 0.0000000000
150300  6.107  -27.029  52.411 0.0000000000
150301  6.188  -26.815  51.914 0.0000000000
150302  6.401  -26.598  51.475 0.0000000000
150303  6.221  -25.419  52.258 0.0000000000
150304  6.406  -25.898  51.611 0.0000000000
150305  6.675  -26.385  51.059 0.0000000000
150306  6.940  -26.177  50.700 0.0000000000
150307  7.359  -25.957  50.387 0.0000000000
150308  7.827  -25.780  50.080 0.0000000000
150339  7.558  -8.371  57.274 0.0000000000
150340  7.796  -8.582  57.538 0.0000000000
150345  5.946  -10.733  55.410 0.0000000000
150346  6.094  -10.995  55.709 0.0000000000
150347  6.283  -11.243  56.016 0.0000000000
150348  5.705  -12.767  55.449 0.0000000000
150349  6.070  -12.120  55.935 0.0000000000
150350  6.509  -11.513  56.306 0.0000000000
150366  6.473  -18.640  55.716 0.0000000000
150367  6.848  -19.300  55.737 0.0000000000
150370  7.080  -21.015  54.756 0.0000000000
150371  6.989  -21.599  54.167 0.0000000000
150372  5.621  -17.971  53.583 0.0000000000
150373  5.924  -18.670  53.556 0.0000000000
150374  6.218  -19.321  53.582 0.0000000000
150375  6.464  -19.565  52.474 0.0000000000
150376  6.460  -19.741  53.042 0.0000000000
150377  6.577  -19.926  53.623 0.0000000000
150378  6.835  -20.624  53.636 0.0000000000
150379  6.951  -21.366  53.657 0.0000000000
150380  6.902  -22.169  53.558 0.0000000000
150381  6.811  -22.685  52.976 0.0000000000
150382  6.834  -23.166  52.386 0.0000000000
150383  6.959  -23.656  51.749 0.0000000000
150384  7.408  -22.700  51.572 0.0000000000
150385  7.281  -23.445  51.374 0.0000000000
150386  7.155  -24.132  51.209 0.0000000000
150387  7.427  -24.591  50.684 0.0000000000
150388  7.854  -25.054  50.176 0.0000000000
150389  8.366  -25.549  49.745 0.0000000000
150390  8.922  -25.328  49.532 0.0000000000
150391  9.499  -25.115  49.329 0.0000000000
150392  10.086  -24.920  49.086 0.0000000000
150393  9.400  -23.776  49.547 0.0000000000
150394  10.019  -24.264  49.206 0.0000000000
150395  10.649  -24.732  48.863 0.0000000000
150396  11.159  -24.488  48.608 0.0000000000
150397  11.611  -24.274  48.330 0.0000000000
150398  12.084  -24.088  47.992 0.0000000000
150399  9.113  -20.776  49.908 0.0000000000
150400  9.660  -21.269  49.651 0.0000000000
150401  10.269  -21.806  49.376 0.0000000000
150402  10.570  -20.900  49.101 0.0000000000
150403  10.745  -21.599  49.097 0.0000000000
150404  10.894  -22.341  48.994 0.0000000000
150405  11.410  -22.834  48.585 0.0000000000
150406  11.959  -23.355  48.143 0.0000000000
150407  12.539  -23.892  47.671 0.0000000000
150408  12.919  -23.630  47.325 0.0000000000
150409  13.293  -23.413  46.991 0.0000000000
150410  13.645  -23.145  46.631 0.0000000000
150411  13.036  -21.952  47.281 0.0000000000
150412  13.530  -22.422  46.767 0.0000000000
150413  14.009  -22.934  46.202 0.0000000000
150414  14.328  -22.717  45.798 0.0000000000
150417  7.848  -15.132  50.336 0.0000000000
150418  8.290  -15.710  49.907 0.0000000000
150419  8.779  -16.187  49.506 0.0000000000
150420  9.190  -15.235  49.509 0.0000000000
150421  9.217  -15.972  49.281 0.0000000000
150422  9.341  -16.702  49.098 0.0000000000
150423  9.914  -17.214  48.761 0.0000000000
150424  10.498  -17.763  48.444 0.0000000000
150425  11.081  -18.253  48.110 0.0000000000
150426  10.858  -14.177  48.752 0.0000000000
150427  10.901  -14.937  48.406 0.0000000000
150428  10.929  -15.731  48.126 0.0000000000
150429  11.744  -15.962  47.345 0.0000000000
150430  11.402  -16.264  47.618 0.0000000000
150431  11.039  -16.540  47.940 0.0000000000
150432  11.211  -17.308  47.793 0.0000000000
150433  11.428  -18.026  47.770 0.0000000000
150434  11.641  -18.736  47.775 0.0000000000
150435  12.230  -19.205  47.379 0.0000000000
150436  12.775  -19.685  47.005 0.0000000000
150437  13.310  -20.102  46.593 0.0000000000
150438  13.386  -19.201  46.255 0.0000000000
150439  13.654  -19.888  46.195 0.0000000000
150440  13.762  -20.524  46.156 0.0000000000
150441  14.274  -21.019  45.624 0.0000000000
150447  15.106  -19.975  43.856 0.0000000000
150448  15.432  -20.426  43.272 0.0000000000
150453  14.183  -16.889  44.245 0.0000000000
150454  14.536  -17.384  43.745 0.0000000000
150455  14.838  -17.805  43.210 0.0000000000
150456  14.713  -16.678  42.955 0.0000000000
150457  14.916  -17.474  42.800 0.0000000000
150458  15.159  -18.247  42.686 0.0000000000
150459  15.438  -18.703  42.134 0.0000000000
150460  15.636  -19.216  41.540 0.0000000000
150461  15.774  -19.682  40.951 0.0000000000
150462  15.687  -19.385  40.517 0.0000000000
150463  15.518  -19.077  40.159 0.0000000000
150464  15.337  -18.763  39.846 0.0000000000
150465  15.156  -17.486  40.523 0.0000000000
150466  15.162  -17.967  40.012 0.0000000000
150472  13.905  -16.134  39.058 0.0000000000
150473  13.730  -15.433  39.192 0.0000000000
150474  14.186  -15.120  39.907 0.0000000000
150475  13.897  -14.934  39.630 0.0000000000
150476  13.581  -14.780  39.403 0.0000000000
150552  10.431  -0.635  53.216 0.0000000000
150553  10.532  -0.555  52.721 0.0000000000
150554  10.644  -0.521  52.219 0.0000000000
150555  10.082  0.763  52.237 0.0000000000
150556  10.479  0.152  51.984 0.0000000000
150557  10.789  -0.519  51.761 0.0000000000
150558  10.906  -0.441  51.327 0.0000000000
