#!ascii label  , from subject fsaverage vox2ras=TkReg
410
26  8.331  37.044  -3.900 0.0000000000
399  7.036  38.848  5.746 0.0000000000
752  6.921  32.594  -0.545 0.0000000000
754  5.429  32.031  -6.125 0.0000000000
1893  7.304  39.016  0.570 0.0000000000
2214  12.265  39.694  8.177 0.0000000000
2215  12.629  40.062  3.477 0.0000000000
2672  6.402  35.789  -2.516 0.0000000000
2673  6.691  32.465  -3.460 0.0000000000
2674  6.325  35.193  -5.404 0.0000000000
2675  7.714  33.817  -6.951 0.0000000000
2676  9.711  35.771  -5.755 0.0000000000
4159  8.308  35.252  4.588 0.0000000000
4160  7.834  35.632  2.206 0.0000000000
4161  7.196  38.965  2.961 0.0000000000
4898  12.229  38.503  10.280 0.0000000000
4901  15.027  41.026  4.932 0.0000000000
4902  14.987  41.397  2.452 0.0000000000
5966  5.732  28.649  -6.019 0.0000000000
5967  5.279  27.895  -7.924 0.0000000000
5968  6.002  31.054  -7.817 0.0000000000
8294  7.168  35.881  -0.155 0.0000000000
8295  7.571  38.257  -1.856 0.0000000000
9206  8.993  40.556  7.141 0.0000000000
9208  12.517  39.907  5.777 0.0000000000
9209  9.278  40.349  4.502 0.0000000000
9210  9.730  39.876  2.082 0.0000000000
10352  6.602  37.000  -3.415 0.0000000000
10353  6.030  35.602  -4.005 0.0000000000
10354  7.184  36.312  -4.812 0.0000000000
10355  7.840  35.566  -5.647 0.0000000000
11840  7.506  37.247  3.861 0.0000000000
11841  7.048  39.030  4.302 0.0000000000
13780  5.974  32.425  -4.796 0.0000000000
13781  6.390  30.891  -3.543 0.0000000000
13782  6.150  30.668  -4.882 0.0000000000
13783  5.940  28.977  -4.707 0.0000000000
13784  5.676  30.345  -6.130 0.0000000000
13785  5.320  29.953  -7.093 0.0000000000
13786  5.605  31.580  -7.035 0.0000000000
16882  6.011  29.019  -8.751 0.0000000000
16883  5.534  27.423  -8.805 0.0000000000
18242  7.188  37.528  1.410 0.0000000000
18243  7.516  35.803  0.997 0.0000000000
18244  6.915  37.578  0.171 0.0000000000
18245  6.686  37.523  -1.081 0.0000000000
18246  7.406  38.697  -0.696 0.0000000000
20455  12.141  39.182  9.281 0.0000000000
20457  10.559  39.631  8.877 0.0000000000
20458  8.870  40.231  8.512 0.0000000000
20459  10.704  40.182  7.692 0.0000000000
20463  13.859  40.376  4.168 0.0000000000
20464  13.907  40.224  5.343 0.0000000000
20465  12.592  39.975  4.646 0.0000000000
20466  10.991  40.074  5.173 0.0000000000
20467  11.064  39.989  3.932 0.0000000000
20468  9.449  40.142  3.220 0.0000000000
20469  11.183  39.941  2.809 0.0000000000
23242  7.247  34.048  -1.597 0.0000000000
23243  6.994  32.490  -1.983 0.0000000000
23244  6.477  34.160  -3.007 0.0000000000
23245  5.819  34.047  -4.460 0.0000000000
23246  5.713  33.727  -5.902 0.0000000000
23247  6.157  33.231  -6.776 0.0000000000
23248  6.870  34.544  -6.324 0.0000000000
23249  8.641  34.814  -6.379 0.0000000000
25920  7.861  33.901  3.108 0.0000000000
25921  8.026  35.517  3.413 0.0000000000
25922  7.363  37.447  2.610 0.0000000000
25923  7.249  39.045  1.766 0.0000000000
27254  15.665  42.142  4.440 0.0000000000
27255  14.976  41.214  3.692 0.0000000000
27256  13.962  40.568  2.984 0.0000000000
27257  12.739  40.121  2.317 0.0000000000
29277  6.118  31.087  -2.146 0.0000000000
29278  4.859  29.795  -2.282 0.0000000000
29281  5.450  27.356  -4.522 0.0000000000
29282  5.673  26.977  -5.807 0.0000000000
29283  5.536  26.665  -6.854 0.0000000000
29284  5.465  28.263  -7.000 0.0000000000
29285  5.529  29.477  -7.980 0.0000000000
35177  7.692  34.045  0.725 0.0000000000
35178  7.548  34.054  -0.451 0.0000000000
35179  6.819  35.822  -1.312 0.0000000000
35180  6.653  37.286  -2.290 0.0000000000
35181  7.844  37.754  -2.970 0.0000000000
37861  7.417  40.013  7.925 0.0000000000
37862  7.430  40.223  6.515 0.0000000000
37867  13.841  40.075  6.477 0.0000000000
37868  12.389  39.871  7.002 0.0000000000
37869  10.856  40.155  6.441 0.0000000000
37870  9.134  40.522  5.730 0.0000000000
37871  7.460  40.371  5.050 0.0000000000
37872  7.758  40.255  3.661 0.0000000000
37873  8.141  39.892  2.456 0.0000000000
37874  8.389  39.675  1.297 0.0000000000
37875  11.432  39.839  1.617 0.0000000000
37876  10.002  39.624  0.917 0.0000000000
37877  8.641  39.326  0.117 0.0000000000
37878  8.950  38.824  -1.043 0.0000000000
41072  7.332  37.113  -3.783 0.0000000000
41073  6.849  36.630  -4.147 0.0000000000
41074  7.736  36.714  -4.364 0.0000000000
41075  8.061  36.389  -4.820 0.0000000000
41076  8.663  36.748  -4.393 0.0000000000
42559  7.331  37.924  5.465 0.0000000000
42560  7.235  38.069  4.770 0.0000000000
42561  7.058  38.920  5.024 0.0000000000
44499  6.345  31.956  -0.604 0.0000000000
44500  5.718  32.229  -5.453 0.0000000000
44501  6.105  31.532  -4.871 0.0000000000
44502  5.775  31.396  -5.505 0.0000000000
44503  5.879  30.539  -5.499 0.0000000000
44504  5.550  31.186  -6.145 0.0000000000
44505  5.409  30.965  -6.658 0.0000000000
44506  5.488  31.821  -6.598 0.0000000000
47603  6.378  28.810  -9.077 0.0000000000
48962  7.006  38.413  0.933 0.0000000000
48963  7.078  37.571  0.781 0.0000000000
48964  7.049  38.339  0.353 0.0000000000
48965  6.939  38.333  -0.291 0.0000000000
48966  7.325  38.918  -0.076 0.0000000000
51175  12.172  39.482  8.759 0.0000000000
51176  11.393  39.362  9.074 0.0000000000
51177  11.444  39.683  8.519 0.0000000000
51178  10.615  39.958  8.298 0.0000000000
51179  11.519  39.889  7.922 0.0000000000
51183  13.284  40.186  3.808 0.0000000000
51184  13.223  40.135  4.402 0.0000000000
51185  12.609  40.013  4.044 0.0000000000
51186  11.864  39.941  4.276 0.0000000000
51187  11.897  39.973  3.702 0.0000000000
51188  11.100  39.997  3.369 0.0000000000
51189  11.913  40.007  3.144 0.0000000000
54097  6.750  35.008  -2.050 0.0000000000
54098  6.843  34.142  -2.299 0.0000000000
54099  6.430  34.967  -2.749 0.0000000000
54100  6.048  35.507  -4.749 0.0000000000
54101  5.867  34.881  -4.240 0.0000000000
54102  5.862  34.711  -4.977 0.0000000000
54103  5.687  33.925  -5.203 0.0000000000
54104  5.874  34.529  -5.729 0.0000000000
54105  6.155  34.222  -6.189 0.0000000000
54106  6.578  34.882  -5.899 0.0000000000
54107  8.790  35.638  -5.673 0.0000000000
54108  8.207  35.177  -6.023 0.0000000000
54109  9.192  35.249  -6.071 0.0000000000
54110  9.489  34.974  -6.505 0.0000000000
54111  9.984  35.487  -6.239 0.0000000000
58559  8.234  34.487  4.445 0.0000000000
58560  8.266  34.536  3.845 0.0000000000
58561  8.142  35.384  4.015 0.0000000000
58562  7.224  38.166  3.418 0.0000000000
58563  7.421  37.346  3.241 0.0000000000
58564  7.187  38.221  2.768 0.0000000000
58565  7.211  38.282  2.166 0.0000000000
58566  7.252  38.989  2.353 0.0000000000
60783  15.346  41.803  2.814 0.0000000000
60784  15.336  41.736  3.422 0.0000000000
60785  14.974  41.302  3.075 0.0000000000
60786  14.496  40.853  3.339 0.0000000000
60787  14.538  40.922  2.727 0.0000000000
60788  14.021  40.620  2.382 0.0000000000
64380  6.865  32.476  -2.725 0.0000000000
64381  6.707  31.703  -2.065 0.0000000000
64382  6.689  31.679  -2.806 0.0000000000
64384  5.819  30.255  -2.855 0.0000000000
64389  5.103  28.604  -3.454 0.0000000000
64390  5.980  28.808  -5.413 0.0000000000
64391  5.701  28.184  -4.593 0.0000000000
64392  5.786  27.991  -5.304 0.0000000000
64393  5.608  27.150  -5.171 0.0000000000
64394  5.764  27.812  -5.954 0.0000000000
64395  5.629  27.613  -6.430 0.0000000000
64396  5.557  28.464  -6.507 0.0000000000
64397  5.540  30.513  -7.529 0.0000000000
64398  5.412  29.704  -7.525 0.0000000000
64399  5.654  30.275  -7.974 0.0000000000
64400  5.978  30.038  -8.293 0.0000000000
64401  6.267  30.817  -8.155 0.0000000000
64402  6.884  33.602  -6.926 0.0000000000
64403  6.460  32.912  -7.135 0.0000000000
64404  7.243  33.243  -7.249 0.0000000000
73687  5.417  27.309  -7.421 0.0000000000
73689  5.347  27.039  -7.870 0.0000000000
73690  5.750  27.210  -9.219 0.0000000000
73691  5.450  26.577  -8.733 0.0000000000
77767  8.075  34.706  2.632 0.0000000000
77768  7.762  33.963  2.538 0.0000000000
77769  7.987  34.744  2.019 0.0000000000
77770  7.364  35.850  0.414 0.0000000000
77771  7.731  34.899  0.806 0.0000000000
77772  7.562  34.912  0.241 0.0000000000
77773  7.669  34.015  0.116 0.0000000000
77774  7.369  34.962  -0.314 0.0000000000
77775  7.249  34.967  -0.901 0.0000000000
77776  7.012  35.868  -0.736 0.0000000000
77777  6.946  38.028  -1.507 0.0000000000
77778  6.592  37.454  -1.694 0.0000000000
77779  6.937  37.874  -2.111 0.0000000000
77780  7.067  37.658  -2.686 0.0000000000
77781  7.685  38.011  -2.412 0.0000000000
84415  8.884  40.534  7.850 0.0000000000
84416  8.008  40.421  8.300 0.0000000000
84417  8.093  40.453  7.552 0.0000000000
84418  7.405  40.158  7.216 0.0000000000
84419  8.139  40.559  6.840 0.0000000000
84428  15.420  41.431  5.302 0.0000000000
84429  15.497  41.312  5.892 0.0000000000
84430  15.056  40.920  5.517 0.0000000000
84431  13.210  39.984  5.573 0.0000000000
84432  13.889  40.161  5.915 0.0000000000
84433  13.183  39.962  6.134 0.0000000000
84434  13.140  39.887  6.717 0.0000000000
84435  12.444  39.885  6.382 0.0000000000
84436  11.639  39.974  6.732 0.0000000000
84437  11.693  39.984  6.104 0.0000000000
84438  10.205  40.218  4.845 0.0000000000
84439  10.112  40.280  5.466 0.0000000000
84440  9.212  40.443  5.111 0.0000000000
84441  8.238  40.534  5.433 0.0000000000
84442  8.328  40.543  4.764 0.0000000000
84443  7.636  40.304  4.350 0.0000000000
84444  8.462  40.400  4.085 0.0000000000
84445  9.593  39.980  2.662 0.0000000000
84446  8.753  40.074  2.841 0.0000000000
84447  8.905  39.935  2.268 0.0000000000
84448  8.266  39.817  1.863 0.0000000000
84449  9.031  39.854  1.688 0.0000000000
84450  12.860  40.105  1.722 0.0000000000
84451  12.087  39.970  1.978 0.0000000000
84452  12.211  39.921  1.371 0.0000000000
84455  10.167  39.436  0.354 0.0000000000
84456  9.329  39.497  0.546 0.0000000000
84457  9.465  39.245  -0.018 0.0000000000
84458  8.786  39.066  -0.471 0.0000000000
92362  6.321  36.479  -2.980 0.0000000000
92363  6.089  35.700  -3.231 0.0000000000
92364  6.197  36.335  -3.754 0.0000000000
92365  6.391  36.089  -4.473 0.0000000000
92366  6.738  35.794  -5.127 0.0000000000
92367  7.027  35.488  -5.598 0.0000000000
92368  7.528  35.960  -5.250 0.0000000000
92369  8.407  36.032  -5.266 0.0000000000
95040  7.928  36.259  4.252 0.0000000000
95041  7.592  37.155  4.506 0.0000000000
95042  7.172  38.179  4.080 0.0000000000
95043  7.044  39.075  3.625 0.0000000000
98532  6.320  32.486  -4.125 0.0000000000
98533  6.644  31.676  -3.552 0.0000000000
98534  6.442  31.647  -4.232 0.0000000000
98535  6.407  30.812  -4.246 0.0000000000
98536  6.126  29.973  -4.176 0.0000000000
98537  5.865  29.153  -4.069 0.0000000000
98538  6.179  29.790  -4.827 0.0000000000
98539  5.964  29.660  -5.448 0.0000000000
98540  5.712  29.505  -6.071 0.0000000000
98541  5.525  29.312  -6.556 0.0000000000
98542  5.472  30.151  -6.609 0.0000000000
98543  5.441  30.751  -7.091 0.0000000000
98544  5.725  31.330  -7.472 0.0000000000
104116  5.513  28.433  -8.425 0.0000000000
104117  5.400  27.638  -8.374 0.0000000000
104118  5.684  28.218  -8.837 0.0000000000
104119  6.062  27.998  -9.149 0.0000000000
106564  7.479  36.597  1.810 0.0000000000
106565  7.661  35.702  1.597 0.0000000000
106566  7.315  36.719  1.189 0.0000000000
106567  7.174  36.759  0.587 0.0000000000
106568  7.008  36.758  -0.014 0.0000000000
106569  6.846  36.747  -0.597 0.0000000000
106570  6.790  37.577  -0.468 0.0000000000
106571  6.859  38.228  -0.911 0.0000000000
106572  7.492  38.555  -1.291 0.0000000000
110547  12.154  38.852  9.792 0.0000000000
110548  11.429  38.625  10.105 0.0000000000
110549  11.402  39.004  9.597 0.0000000000
110550  10.616  39.238  9.420 0.0000000000
110553  9.713  39.980  8.688 0.0000000000
110554  9.747  40.299  8.082 0.0000000000
110555  9.868  40.400  7.433 0.0000000000
110561  14.510  40.662  4.555 0.0000000000
110562  14.522  40.574  5.138 0.0000000000
110563  13.888  40.290  4.751 0.0000000000
110564  13.236  40.069  4.994 0.0000000000
110565  12.529  39.963  5.227 0.0000000000
110566  11.750  39.968  5.478 0.0000000000
110567  11.810  39.956  4.874 0.0000000000
110568  11.063  39.995  4.536 0.0000000000
110569  10.196  40.139  4.215 0.0000000000
110570  9.366  40.253  3.830 0.0000000000
110571  10.238  40.060  3.600 0.0000000000
110572  10.304  40.016  3.034 0.0000000000
110573  10.448  39.903  2.453 0.0000000000
115672  7.353  33.222  -1.130 0.0000000000
115673  7.066  32.521  -1.273 0.0000000000
115674  7.125  33.299  -1.825 0.0000000000
115675  6.923  33.317  -2.562 0.0000000000
115676  6.563  33.330  -3.264 0.0000000000
115677  6.097  34.924  -3.488 0.0000000000
115678  6.126  34.156  -3.746 0.0000000000
115679  6.204  33.313  -3.950 0.0000000000
115680  5.902  33.242  -4.656 0.0000000000
115681  5.633  33.111  -5.368 0.0000000000
115682  5.572  32.912  -6.011 0.0000000000
115683  5.655  32.696  -6.503 0.0000000000
115684  5.814  33.577  -6.418 0.0000000000
115685  6.534  33.937  -6.576 0.0000000000
115686  7.319  34.171  -6.632 0.0000000000
115687  7.353  35.078  -5.981 0.0000000000
115688  7.739  34.695  -6.316 0.0000000000
115689  8.158  34.332  -6.658 0.0000000000
121921  7.793  33.884  3.744 0.0000000000
121922  8.083  34.657  3.240 0.0000000000
121923  7.959  35.584  2.809 0.0000000000
121924  7.799  36.377  3.631 0.0000000000
121925  7.658  36.524  3.038 0.0000000000
121926  7.572  36.565  2.416 0.0000000000
121927  7.288  37.459  2.014 0.0000000000
121928  7.135  38.340  1.567 0.0000000000
121929  7.300  39.019  1.160 0.0000000000
125024  12.851  38.811  10.035 0.0000000000
125031  15.708  42.009  5.097 0.0000000000
125032  15.379  41.543  4.680 0.0000000000
125033  15.671  42.252  3.741 0.0000000000
125034  15.354  41.669  4.024 0.0000000000
125035  14.980  41.132  4.308 0.0000000000
125036  14.499  40.723  3.950 0.0000000000
125037  13.924  40.481  3.585 0.0000000000
125038  13.321  40.268  3.233 0.0000000000
125039  12.653  40.070  2.925 0.0000000000
125040  13.382  40.298  2.632 0.0000000000
125041  13.474  40.328  2.043 0.0000000000
129933  6.484  31.862  -1.349 0.0000000000
129934  5.841  31.242  -1.445 0.0000000000
129935  5.131  30.681  -1.577 0.0000000000
129936  6.430  30.918  -2.833 0.0000000000
129937  5.501  30.448  -2.197 0.0000000000
129945  5.484  28.367  -3.986 0.0000000000
129946  5.045  27.634  -3.969 0.0000000000
129948  5.076  26.548  -4.480 0.0000000000
129949  5.411  26.329  -5.009 0.0000000000
129950  5.517  26.126  -5.654 0.0000000000
129952  5.651  26.833  -6.367 0.0000000000
129953  5.512  27.473  -6.949 0.0000000000
129954  5.375  28.099  -7.490 0.0000000000
129955  5.402  29.108  -7.030 0.0000000000
129956  5.327  28.922  -7.545 0.0000000000
129957  5.415  28.691  -7.983 0.0000000000
129958  5.699  29.242  -8.397 0.0000000000
129959  6.346  29.816  -8.648 0.0000000000
129961  5.795  32.466  -6.948 0.0000000000
129962  6.085  32.127  -7.309 0.0000000000
129963  6.376  31.836  -7.668 0.0000000000
131688  7.125  38.731  6.425 0.0000000000
141586  5.314  26.792  -8.316 0.0000000000
146545  7.805  34.823  1.441 0.0000000000
146546  7.816  33.952  1.359 0.0000000000
146550  7.412  33.256  -0.528 0.0000000000
146551  7.371  34.075  -1.022 0.0000000000
146552  7.025  34.958  -1.465 0.0000000000
146553  6.619  35.830  -1.915 0.0000000000
146554  6.725  36.697  -1.192 0.0000000000
146555  6.591  36.651  -1.812 0.0000000000
146556  6.408  36.605  -2.411 0.0000000000
146557  6.588  37.175  -2.865 0.0000000000
146558  7.213  37.395  -3.221 0.0000000000
146559  8.097  37.387  -3.466 0.0000000000
154545  8.086  39.986  8.920 0.0000000000
154546  7.461  39.761  8.605 0.0000000000
154548  7.187  39.339  7.481 0.0000000000
154549  7.081  39.548  6.808 0.0000000000
154550  7.023  39.653  6.140 0.0000000000
154559  13.047  39.767  7.891 0.0000000000
154563  14.590  40.461  5.702 0.0000000000
154567  13.105  39.831  7.321 0.0000000000
154568  12.354  39.811  7.557 0.0000000000
154569  11.573  39.978  7.336 0.0000000000
154570  10.790  40.198  7.060 0.0000000000
154571  10.009  40.392  6.738 0.0000000000
154572  10.913  40.104  5.822 0.0000000000
154573  10.060  40.320  6.093 0.0000000000
154574  9.118  40.507  6.422 0.0000000000
154575  8.144  40.557  6.154 0.0000000000
154576  7.362  40.392  5.787 0.0000000000
154577  7.038  39.755  5.392 0.0000000000
154578  7.002  39.848  4.624 0.0000000000
154579  7.213  39.769  3.960 0.0000000000
154580  7.356  39.698  3.274 0.0000000000
154581  8.597  40.254  3.425 0.0000000000
154582  7.952  40.018  3.024 0.0000000000
154583  7.459  39.619  2.663 0.0000000000
154584  7.635  39.519  2.091 0.0000000000
154585  7.679  39.513  1.477 0.0000000000
154586  7.775  39.434  0.910 0.0000000000
154587  11.967  39.996  2.577 0.0000000000
154588  11.291  39.898  2.225 0.0000000000
154589  10.578  39.793  1.877 0.0000000000
154591  10.705  39.709  1.283 0.0000000000
154592  9.852  39.777  1.483 0.0000000000
154593  9.185  39.687  1.119 0.0000000000
154594  8.515  39.531  0.715 0.0000000000
154595  7.896  39.273  0.323 0.0000000000
154596  7.969  39.084  -0.338 0.0000000000
154597  8.122  38.835  -0.909 0.0000000000
154598  8.292  38.550  -1.452 0.0000000000
154601  8.400  38.303  -2.007 0.0000000000
154602  8.537  38.029  -2.529 0.0000000000
154603  8.794  37.676  -3.074 0.0000000000
154604  9.062  37.348  -3.570 0.0000000000
