#!ascii label  , from subject fsaverage vox2ras=TkReg
525
18  17.179  -59.429  63.443 0.0000000000
294  19.270  -60.093  54.118 0.0000000000
772  21.232  -58.472  64.075 0.0000000000
773  21.683  -58.602  58.480 0.0000000000
774  19.050  -61.145  60.074 0.0000000000
1681  21.759  -58.089  52.512 0.0000000000
1682  21.824  -60.466  50.472 0.0000000000
1915  13.611  -60.559  63.268 0.0000000000
1916  15.101  -63.321  60.872 0.0000000000
2327  16.134  -62.762  55.843 0.0000000000
2692  19.053  -59.029  63.832 0.0000000000
2693  20.301  -60.412  62.511 0.0000000000
2694  18.375  -60.952  62.657 0.0000000000
3759  24.799  -56.921  60.069 0.0000000000
3760  20.212  -59.305  56.181 0.0000000000
3761  21.361  -58.139  55.367 0.0000000000
3762  20.495  -59.099  53.268 0.0000000000
3763  21.409  -59.192  50.968 0.0000000000
3764  20.172  -60.192  51.751 0.0000000000
5176  15.810  -63.363  58.632 0.0000000000
5999  23.475  -58.188  60.967 0.0000000000
6000  21.994  -59.374  61.770 0.0000000000
6001  20.434  -60.017  59.284 0.0000000000
6002  19.106  -60.400  57.148 0.0000000000
7761  22.754  -57.297  57.595 0.0000000000
8353  15.316  -60.019  63.465 0.0000000000
8354  16.163  -61.495  62.691 0.0000000000
8355  14.257  -62.241  62.760 0.0000000000
8832  16.243  -57.769  62.044 0.0000000000
8833  14.649  -58.243  61.943 0.0000000000
9539  17.066  -62.150  60.577 0.0000000000
9540  17.434  -61.775  57.922 0.0000000000
9541  17.689  -61.354  55.082 0.0000000000
9544  18.741  -61.450  52.613 0.0000000000
10372  18.112  -59.169  63.603 0.0000000000
10373  18.687  -60.169  63.513 0.0000000000
10374  17.817  -60.255  63.313 0.0000000000
11440  19.686  -59.675  55.132 0.0000000000
11441  20.288  -59.145  54.651 0.0000000000
11442  19.872  -59.539  53.745 0.0000000000
11443  20.236  -59.567  52.437 0.0000000000
11444  19.632  -60.055  52.875 0.0000000000
13839  21.750  -59.240  63.253 0.0000000000
13840  19.653  -60.860  61.268 0.0000000000
13841  20.510  -60.391  60.921 0.0000000000
13842  19.754  -60.598  59.739 0.0000000000
13843  19.668  -60.211  58.163 0.0000000000
13844  19.082  -60.745  58.599 0.0000000000
17040  22.538  -58.372  59.703 0.0000000000
17041  23.139  -57.664  59.278 0.0000000000
17042  22.245  -57.888  58.064 0.0000000000
17043  21.481  -58.090  53.878 0.0000000000
17044  21.847  -57.564  54.951 0.0000000000
17045  21.992  -57.468  53.599 0.0000000000
17049  22.205  -58.169  51.317 0.0000000000
17050  21.567  -59.861  50.597 0.0000000000
17051  22.199  -59.380  50.211 0.0000000000
18382  14.460  -60.341  63.369 0.0000000000
18383  14.833  -61.210  63.326 0.0000000000
18384  13.905  -61.472  63.265 0.0000000000
19463  19.348  -56.816  62.454 0.0000000000
19533  15.396  -58.045  62.000 0.0000000000
21285  15.587  -62.412  61.766 0.0000000000
21286  16.681  -61.961  61.764 0.0000000000
21287  16.060  -62.691  60.772 0.0000000000
21288  16.026  -63.012  57.301 0.0000000000
21289  16.615  -62.506  58.256 0.0000000000
21290  16.748  -62.202  56.975 0.0000000000
21291  17.605  -61.527  56.548 0.0000000000
21292  16.905  -62.043  55.590 0.0000000000
23278  20.068  -58.687  64.066 0.0000000000
23279  20.783  -59.593  63.556 0.0000000000
23280  19.708  -59.887  63.603 0.0000000000
23281  19.316  -60.737  62.659 0.0000000000
23282  18.878  -61.335  61.459 0.0000000000
25199  24.332  -56.497  58.320 0.0000000000
25200  20.958  -58.958  57.330 0.0000000000
25201  21.466  -58.268  56.859 0.0000000000
25202  20.841  -58.756  55.705 0.0000000000
25203  20.910  -58.655  54.244 0.0000000000
25204  21.176  -58.595  52.876 0.0000000000
25205  21.517  -58.659  51.633 0.0000000000
25206  20.890  -59.087  51.998 0.0000000000
25207  20.829  -59.739  51.321 0.0000000000
25208  20.956  -60.318  50.967 0.0000000000
27747  14.660  -64.257  59.998 0.0000000000
27748  15.523  -63.522  59.831 0.0000000000
27749  15.084  -64.295  58.916 0.0000000000
27750  15.278  -63.985  57.556 0.0000000000
29357  24.443  -57.954  62.203 0.0000000000
29359  22.729  -58.874  61.363 0.0000000000
29360  21.864  -59.075  60.089 0.0000000000
29361  21.212  -59.953  62.202 0.0000000000
29362  21.232  -59.768  60.487 0.0000000000
29363  21.116  -59.322  58.908 0.0000000000
29364  20.284  -59.593  57.755 0.0000000000
29365  19.645  -59.900  56.655 0.0000000000
29366  19.181  -60.220  55.584 0.0000000000
33681  24.131  -57.599  60.508 0.0000000000
33682  23.740  -57.059  58.816 0.0000000000
33683  23.383  -56.679  57.132 0.0000000000
33684  21.980  -57.604  56.467 0.0000000000
33685  22.542  -57.053  56.024 0.0000000000
33686  23.159  -56.506  55.591 0.0000000000
33693  22.089  -58.814  50.590 0.0000000000
35347  16.261  -59.705  63.502 0.0000000000
35348  16.657  -60.505  63.312 0.0000000000
35349  15.766  -60.810  63.327 0.0000000000
35350  15.197  -61.915  62.653 0.0000000000
35351  14.714  -62.774  61.926 0.0000000000
36660  20.672  -57.393  63.595 0.0000000000
36661  19.628  -57.704  63.450 0.0000000000
36662  18.696  -58.041  63.251 0.0000000000
36663  17.779  -58.268  63.111 0.0000000000
36743  17.299  -57.511  62.140 0.0000000000
36744  16.680  -58.594  63.017 0.0000000000
36745  15.756  -58.891  62.945 0.0000000000
36746  14.905  -59.183  62.867 0.0000000000
36748  14.398  -57.216  60.886 0.0000000000
38855  17.313  -61.179  62.665 0.0000000000
38856  17.777  -61.629  61.691 0.0000000000
38857  18.150  -61.694  60.346 0.0000000000
38858  16.398  -62.726  59.528 0.0000000000
38859  17.350  -62.026  59.224 0.0000000000
38860  18.246  -61.426  58.933 0.0000000000
38861  18.315  -61.138  57.564 0.0000000000
38862  18.427  -60.851  56.123 0.0000000000
38863  18.505  -60.734  54.608 0.0000000000
38866  15.855  -63.665  54.623 0.0000000000
38870  17.294  -62.081  54.102 0.0000000000
38871  18.131  -61.373  53.675 0.0000000000
38872  18.889  -60.730  53.255 0.0000000000
38873  19.477  -60.812  52.217 0.0000000000
38875  21.111  -60.988  50.901 0.0000000000
41092  17.672  -59.247  63.496 0.0000000000
41093  17.965  -59.721  63.482 0.0000000000
41094  17.506  -59.818  63.444 0.0000000000
42159  25.224  -57.544  62.540 0.0000000000
42160  19.470  -59.873  54.613 0.0000000000
42161  19.749  -59.596  54.404 0.0000000000
42162  19.570  -59.817  53.925 0.0000000000
42163  19.756  -59.758  53.277 0.0000000000
42164  19.429  -60.062  53.481 0.0000000000
44560  19.364  -61.043  60.643 0.0000000000
44561  19.733  -60.777  60.505 0.0000000000
44562  19.393  -60.887  59.877 0.0000000000
44563  19.405  -60.671  59.130 0.0000000000
44564  19.061  -60.941  59.298 0.0000000000
47760  22.065  -58.455  59.045 0.0000000000
47761  22.394  -58.050  58.915 0.0000000000
47762  21.973  -58.230  58.265 0.0000000000
47763  21.623  -58.074  53.206 0.0000000000
47764  21.742  -57.773  53.777 0.0000000000
47765  21.886  -57.770  53.074 0.0000000000
47767  22.041  -57.788  52.431 0.0000000000
47768  22.209  -57.821  51.770 0.0000000000
47769  21.912  -58.124  51.877 0.0000000000
47770  21.667  -60.179  50.549 0.0000000000
47771  21.991  -59.933  50.362 0.0000000000
47772  22.161  -60.221  50.297 0.0000000000
47773  22.658  -60.262  50.017 0.0000000000
47774  22.337  -60.510  50.225 0.0000000000
49102  14.024  -60.475  63.304 0.0000000000
49103  14.187  -60.966  63.378 0.0000000000
49104  13.742  -60.995  63.341 0.0000000000
52005  15.352  -62.841  61.322 0.0000000000
52006  15.837  -62.585  61.333 0.0000000000
52007  15.592  -63.014  60.852 0.0000000000
52008  16.070  -62.823  56.586 0.0000000000
52009  16.371  -62.585  57.122 0.0000000000
52010  16.400  -62.430  56.455 0.0000000000
52011  16.815  -62.123  56.303 0.0000000000
52012  16.496  -62.397  55.713 0.0000000000
54157  19.538  -58.839  63.977 0.0000000000
54158  19.871  -59.307  63.917 0.0000000000
54159  19.377  -59.463  63.826 0.0000000000
54160  18.543  -60.610  63.149 0.0000000000
54161  19.037  -60.510  63.196 0.0000000000
54162  18.847  -60.846  62.682 0.0000000000
54163  19.101  -61.039  62.072 0.0000000000
54164  18.653  -61.158  62.136 0.0000000000
57357  25.157  -56.628  59.852 0.0000000000
57358  24.920  -56.424  58.974 0.0000000000
57359  24.559  -56.724  59.217 0.0000000000
57360  20.561  -59.137  56.739 0.0000000000
57361  20.871  -58.839  56.507 0.0000000000
57362  20.521  -59.019  55.915 0.0000000000
57363  20.379  -59.119  53.974 0.0000000000
57364  20.604  -58.907  54.437 0.0000000000
57365  20.694  -58.885  53.736 0.0000000000
57366  21.035  -58.614  53.554 0.0000000000
57367  20.837  -58.836  53.064 0.0000000000
57368  20.983  -58.800  52.409 0.0000000000
57369  20.683  -59.050  52.596 0.0000000000
57370  20.161  -59.914  52.036 0.0000000000
57371  20.487  -59.649  51.821 0.0000000000
57372  20.498  -59.971  51.524 0.0000000000
57373  20.870  -60.031  51.127 0.0000000000
57374  20.545  -60.253  51.313 0.0000000000
61606  14.893  -64.336  59.477 0.0000000000
61607  14.684  -64.718  59.014 0.0000000000
64555  22.414  -59.164  62.401 0.0000000000
64557  22.349  -59.143  61.538 0.0000000000
64558  22.287  -58.967  60.706 0.0000000000
64559  21.927  -59.284  60.927 0.0000000000
64560  20.566  -60.048  63.094 0.0000000000
64561  21.071  -59.885  62.968 0.0000000000
64562  20.771  -60.198  62.395 0.0000000000
64563  20.482  -60.237  60.075 0.0000000000
64564  20.881  -60.096  60.692 0.0000000000
64565  20.830  -59.907  59.854 0.0000000000
64566  21.171  -59.549  59.675 0.0000000000
64567  20.772  -59.679  59.081 0.0000000000
64568  20.707  -59.469  58.324 0.0000000000
64569  20.372  -59.789  58.530 0.0000000000
64570  19.376  -60.307  57.654 0.0000000000
64571  19.648  -60.045  57.423 0.0000000000
64572  19.396  -60.176  56.912 0.0000000000
64573  19.444  -60.067  56.128 0.0000000000
64574  19.156  -60.352  56.362 0.0000000000
74160  23.970  -58.128  61.567 0.0000000000
74161  24.344  -57.806  61.360 0.0000000000
74162  23.788  -57.915  60.709 0.0000000000
74163  22.974  -57.430  58.429 0.0000000000
74164  23.472  -57.358  59.070 0.0000000000
74165  23.251  -57.138  58.210 0.0000000000
74166  23.524  -56.845  57.971 0.0000000000
74167  23.055  -56.978  57.384 0.0000000000
74168  21.400  -58.177  56.129 0.0000000000
74169  21.719  -57.919  56.648 0.0000000000
74170  21.636  -57.871  55.931 0.0000000000
74171  22.125  -57.247  54.754 0.0000000000
74172  22.188  -57.301  55.446 0.0000000000
74173  22.434  -56.990  55.256 0.0000000000
74174  22.831  -56.774  55.797 0.0000000000
74190  21.448  -58.914  51.266 0.0000000000
74191  21.781  -58.719  51.096 0.0000000000
74192  21.729  -58.996  50.736 0.0000000000
78187  15.797  -59.884  63.492 0.0000000000
78188  16.010  -60.274  63.472 0.0000000000
78189  15.528  -60.439  63.455 0.0000000000
78190  14.531  -61.751  63.076 0.0000000000
78191  15.022  -61.601  63.077 0.0000000000
78192  14.718  -62.084  62.740 0.0000000000
78193  14.927  -62.359  62.296 0.0000000000
78194  14.476  -62.534  62.383 0.0000000000
81423  20.136  -57.556  63.530 0.0000000000
81424  19.944  -57.146  63.063 0.0000000000
81426  19.007  -57.396  62.868 0.0000000000
81427  18.534  -57.602  62.806 0.0000000000
81428  18.230  -58.153  63.225 0.0000000000
81429  18.059  -57.751  62.776 0.0000000000
81628  16.538  -57.206  61.555 0.0000000000
81629  17.049  -57.075  61.609 0.0000000000
81630  16.780  -57.661  62.091 0.0000000000
81631  16.982  -58.080  62.604 0.0000000000
81632  16.475  -58.197  62.575 0.0000000000
81633  16.210  -58.725  62.977 0.0000000000
81634  15.984  -58.292  62.547 0.0000000000
81635  15.033  -58.164  61.992 0.0000000000
81636  15.153  -58.626  62.489 0.0000000000
81637  14.774  -58.708  62.444 0.0000000000
86895  16.426  -61.037  63.023 0.0000000000
86896  16.982  -60.872  63.036 0.0000000000
86897  16.716  -61.326  62.665 0.0000000000
86898  16.882  -62.091  61.208 0.0000000000
86899  17.202  -61.781  61.744 0.0000000000
86900  17.397  -61.862  61.135 0.0000000000
86901  18.010  -61.705  61.043 0.0000000000
86902  17.603  -61.902  60.460 0.0000000000
86903  15.674  -63.486  59.245 0.0000000000
86904  15.948  -63.119  59.696 0.0000000000
86905  16.081  -63.021  59.104 0.0000000000
86906  17.027  -62.146  58.098 0.0000000000
86907  16.972  -62.247  58.724 0.0000000000
86908  17.409  -61.919  58.579 0.0000000000
86909  17.816  -61.741  59.094 0.0000000000
86910  17.852  -61.593  58.427 0.0000000000
86911  18.289  -61.289  58.266 0.0000000000
86912  17.918  -61.466  57.778 0.0000000000
86913  17.638  -61.433  55.808 0.0000000000
86914  18.026  -61.197  56.334 0.0000000000
86915  18.040  -61.093  55.612 0.0000000000
86916  18.462  -60.797  55.383 0.0000000000
86917  18.122  -61.008  54.914 0.0000000000
86937  17.998  -61.734  53.273 0.0000000000
86938  18.408  -61.380  53.089 0.0000000000
86939  18.515  -61.027  53.496 0.0000000000
86940  18.784  -61.070  52.892 0.0000000000
86941  19.131  -60.759  52.655 0.0000000000
86942  19.102  -61.139  52.397 0.0000000000
92398  18.591  -59.162  63.690 0.0000000000
92399  18.877  -59.618  63.721 0.0000000000
92400  18.410  -59.691  63.590 0.0000000000
92401  18.253  -60.180  63.357 0.0000000000
92402  18.071  -60.638  63.062 0.0000000000
94320  19.933  -59.529  55.650 0.0000000000
94321  20.217  -59.220  55.362 0.0000000000
94322  19.973  -59.420  54.886 0.0000000000
94323  20.065  -59.351  54.199 0.0000000000
94324  20.180  -59.300  53.539 0.0000000000
94325  20.355  -59.281  52.849 0.0000000000
94326  20.039  -59.508  53.092 0.0000000000
94327  19.939  -59.794  52.667 0.0000000000
94328  19.841  -60.113  52.333 0.0000000000
98639  21.967  -59.422  62.554 0.0000000000
98640  19.991  -60.660  61.908 0.0000000000
98641  20.458  -60.478  61.783 0.0000000000
98642  20.102  -60.640  61.129 0.0000000000
98643  20.122  -60.500  60.322 0.0000000000
98644  20.099  -60.321  59.522 0.0000000000
98645  20.050  -60.114  58.738 0.0000000000
98646  19.735  -60.404  58.973 0.0000000000
98647  19.391  -60.494  58.395 0.0000000000
98648  19.081  -60.575  57.868 0.0000000000
104400  22.994  -58.288  60.341 0.0000000000
104401  23.306  -57.952  60.127 0.0000000000
104402  22.848  -58.001  59.526 0.0000000000
104403  22.692  -57.720  58.672 0.0000000000
104404  22.500  -57.602  57.810 0.0000000000
104405  21.386  -58.111  54.600 0.0000000000
104406  21.613  -57.840  55.164 0.0000000000
104407  21.619  -57.819  54.444 0.0000000000
104408  21.867  -57.516  54.275 0.0000000000
104415  22.531  -57.573  51.551 0.0000000000
104416  22.513  -57.905  51.110 0.0000000000
104418  21.479  -59.520  50.757 0.0000000000
104419  21.782  -59.281  50.576 0.0000000000
104420  21.871  -59.608  50.422 0.0000000000
106816  14.904  -60.163  63.440 0.0000000000
106817  15.073  -60.608  63.441 0.0000000000
106818  14.657  -60.782  63.429 0.0000000000
106819  14.365  -61.368  63.302 0.0000000000
106820  14.068  -61.852  63.043 0.0000000000
108885  15.802  -57.894  62.018 0.0000000000
108888  14.900  -57.669  61.451 0.0000000000
112041  15.883  -61.958  62.285 0.0000000000
112042  16.421  -61.747  62.258 0.0000000000
112043  16.140  -62.166  61.767 0.0000000000
112044  16.353  -62.269  61.265 0.0000000000
112045  16.556  -62.392  60.676 0.0000000000
112046  15.941  -63.180  58.009 0.0000000000
112047  16.192  -62.902  58.453 0.0000000000
112048  16.312  -62.763  57.782 0.0000000000
112049  16.700  -62.339  57.626 0.0000000000
112050  17.089  -61.998  57.456 0.0000000000
112051  17.552  -61.651  57.257 0.0000000000
112052  17.168  -61.888  56.789 0.0000000000
112053  17.221  -61.776  56.070 0.0000000000
112054  17.309  -61.693  55.358 0.0000000000
115756  20.645  -58.594  64.081 0.0000000000
115757  20.999  -59.049  63.885 0.0000000000
115758  20.449  -59.202  63.929 0.0000000000
115759  20.244  -59.749  63.608 0.0000000000
115760  20.058  -60.253  63.150 0.0000000000
115761  19.206  -60.016  63.569 0.0000000000
115762  19.542  -60.377  63.187 0.0000000000
115763  19.811  -60.579  62.596 0.0000000000
115764  19.544  -60.871  61.992 0.0000000000
115765  19.297  -61.166  61.303 0.0000000000
115766  19.001  -61.287  60.764 0.0000000000
120237  25.295  -56.115  58.662 0.0000000000
120240  21.317  -58.771  57.911 0.0000000000
120241  21.588  -58.411  57.662 0.0000000000
120242  21.219  -58.616  57.097 0.0000000000
120243  21.156  -58.542  56.292 0.0000000000
120244  21.114  -58.452  55.535 0.0000000000
120245  20.526  -58.921  55.119 0.0000000000
120246  20.849  -58.684  54.936 0.0000000000
120247  21.112  -58.413  54.779 0.0000000000
120248  21.205  -58.385  54.056 0.0000000000
120249  21.350  -58.363  53.355 0.0000000000
120250  21.496  -58.371  52.681 0.0000000000
120251  21.613  -58.401  52.018 0.0000000000
120252  21.297  -58.630  52.213 0.0000000000
120253  21.205  -58.870  51.813 0.0000000000
120254  21.148  -59.149  51.450 0.0000000000
120255  20.572  -59.320  52.197 0.0000000000
120256  20.820  -59.388  51.631 0.0000000000
120257  21.117  -59.437  51.181 0.0000000000
120258  21.175  -59.784  50.947 0.0000000000
120259  21.236  -60.095  50.818 0.0000000000
120260  21.353  -60.422  50.715 0.0000000000
126183  14.847  -63.804  60.422 0.0000000000
126184  15.354  -63.476  60.391 0.0000000000
126185  15.107  -63.899  59.928 0.0000000000
126186  15.303  -63.905  59.380 0.0000000000
126187  15.455  -63.837  58.773 0.0000000000
126188  14.844  -64.609  58.376 0.0000000000
126189  15.196  -64.134  58.269 0.0000000000
126190  15.547  -63.699  58.096 0.0000000000
126191  15.656  -63.487  57.441 0.0000000000
126192  15.746  -63.281  56.754 0.0000000000
126193  15.790  -63.188  56.006 0.0000000000
130151  24.822  -57.758  62.810 0.0000000000
130153  23.991  -58.263  62.373 0.0000000000
130154  23.578  -58.444  61.773 0.0000000000
130156  23.188  -58.743  61.985 0.0000000000
130157  23.112  -58.545  61.207 0.0000000000
130158  22.665  -58.637  60.545 0.0000000000
130159  22.207  -58.721  59.889 0.0000000000
130160  21.759  -58.830  59.293 0.0000000000
130161  21.295  -59.413  63.439 0.0000000000
130162  21.514  -59.681  62.736 0.0000000000
130163  21.663  -59.705  61.953 0.0000000000
130164  20.867  -60.191  61.578 0.0000000000
130165  21.281  -59.905  61.348 0.0000000000
130166  21.617  -59.598  61.134 0.0000000000
130167  21.536  -59.455  60.312 0.0000000000
130168  21.482  -59.187  59.504 0.0000000000
130169  21.393  -58.973  58.719 0.0000000000
130170  21.024  -59.132  58.127 0.0000000000
130171  20.620  -59.329  57.528 0.0000000000
130172  20.236  -59.443  56.963 0.0000000000
130173  19.965  -59.898  57.959 0.0000000000
130174  19.920  -59.742  57.185 0.0000000000
130175  19.909  -59.599  56.408 0.0000000000
130176  19.648  -59.730  55.910 0.0000000000
130177  19.427  -59.929  55.365 0.0000000000
130178  19.186  -60.111  54.839 0.0000000000
142161  24.826  -57.667  61.977 0.0000000000
142162  24.674  -57.487  61.136 0.0000000000
142163  24.460  -57.254  60.292 0.0000000000
142164  23.632  -57.625  59.907 0.0000000000
142165  23.975  -57.311  59.686 0.0000000000
142166  24.225  -56.998  59.416 0.0000000000
142167  24.011  -56.777  58.568 0.0000000000
142170  21.841  -58.061  57.445 0.0000000000
142171  22.093  -57.750  57.231 0.0000000000
142172  22.363  -57.447  57.035 0.0000000000
142173  21.905  -57.589  55.686 0.0000000000
142174  22.286  -57.335  56.286 0.0000000000
142175  22.648  -57.149  56.828 0.0000000000
142176  22.928  -56.848  56.560 0.0000000000
142177  23.260  -56.578  56.335 0.0000000000
142178  23.601  -56.319  56.113 0.0000000000
142197  21.852  -58.445  51.451 0.0000000000
142198  22.135  -58.499  50.927 0.0000000000
142200  22.154  -59.087  50.335 0.0000000000
147049  16.707  -59.583  63.462 0.0000000000
147050  16.910  -59.979  63.434 0.0000000000
147051  16.443  -60.110  63.463 0.0000000000
147052  16.205  -60.650  63.318 0.0000000000
147053  15.985  -61.143  63.051 0.0000000000
147054  15.262  -61.024  63.309 0.0000000000
147055  15.512  -61.381  63.062 0.0000000000
147056  15.697  -61.682  62.687 0.0000000000
147057  15.392  -62.181  62.222 0.0000000000
147058  15.159  -62.604  61.808 0.0000000000
147059  14.911  -63.090  61.360 0.0000000000
147060  13.454  -61.578  63.192 0.0000000000
147061  13.635  -62.045  63.026 0.0000000000
147068  14.662  -63.587  60.891 0.0000000000
150948  20.937  -57.895  63.917 0.0000000000
150949  20.371  -58.030  63.892 0.0000000000
150950  19.820  -58.147  63.827 0.0000000000
150951  19.306  -58.336  63.738 0.0000000000
150952  19.475  -57.249  62.969 0.0000000000
150953  19.140  -57.845  63.355 0.0000000000
150954  18.849  -58.513  63.626 0.0000000000
150955  18.398  -58.622  63.551 0.0000000000
150956  17.950  -58.680  63.475 0.0000000000
150957  17.512  -58.783  63.340 0.0000000000
151197  17.828  -57.366  62.218 0.0000000000
151198  17.515  -57.913  62.630 0.0000000000
151199  17.238  -58.436  63.039 0.0000000000
151200  16.935  -59.000  63.356 0.0000000000
151201  16.441  -59.106  63.321 0.0000000000
151202  15.981  -59.314  63.297 0.0000000000
151203  15.551  -59.449  63.261 0.0000000000
151204  15.549  -58.509  62.510 0.0000000000
151205  15.341  -59.050  62.909 0.0000000000
151206  15.114  -59.591  63.218 0.0000000000
151207  14.663  -59.748  63.167 0.0000000000
151208  14.221  -59.873  63.110 0.0000000000
151212  14.524  -57.733  61.412 0.0000000000
151214  14.146  -57.830  61.400 0.0000000000
151215  14.255  -58.312  61.888 0.0000000000
157523  17.247  -60.358  63.315 0.0000000000
157524  17.592  -60.747  63.031 0.0000000000
157525  17.864  -61.063  62.666 0.0000000000
157526  17.000  -61.580  62.230 0.0000000000
157527  17.576  -61.436  62.242 0.0000000000
157528  18.111  -61.328  62.177 0.0000000000
157529  18.349  -61.515  61.595 0.0000000000
157530  18.514  -61.531  60.913 0.0000000000
157531  18.603  -61.459  60.205 0.0000000000
157532  15.792  -63.139  60.299 0.0000000000
157533  16.263  -62.762  60.120 0.0000000000
157534  16.730  -62.442  60.060 0.0000000000
157535  16.505  -62.632  58.865 0.0000000000
157536  16.863  -62.365  59.356 0.0000000000
157537  17.235  -62.145  59.867 0.0000000000
157538  17.739  -61.866  59.777 0.0000000000
157539  18.210  -61.606  59.631 0.0000000000
157540  18.642  -61.283  59.526 0.0000000000
157541  18.682  -61.117  58.808 0.0000000000
157542  18.692  -60.934  58.083 0.0000000000
157543  18.708  -60.765  57.351 0.0000000000
157544  17.983  -61.319  57.076 0.0000000000
157545  18.399  -60.974  56.846 0.0000000000
157546  18.787  -60.652  56.603 0.0000000000
157547  18.833  -60.598  55.852 0.0000000000
157548  18.859  -60.478  55.097 0.0000000000
157549  18.890  -60.390  54.372 0.0000000000
157557  15.619  -63.609  55.341 0.0000000000
157558  15.966  -63.182  55.268 0.0000000000
157566  16.181  -63.252  54.554 0.0000000000
157567  16.280  -62.773  55.108 0.0000000000
157568  16.679  -62.417  54.994 0.0000000000
157569  17.073  -62.049  54.825 0.0000000000
157570  17.469  -61.693  54.603 0.0000000000
157572  17.711  -61.721  53.911 0.0000000000
157573  17.886  -61.353  54.377 0.0000000000
157574  18.290  -61.024  54.150 0.0000000000
157575  18.673  -60.705  53.915 0.0000000000
157576  19.056  -60.394  53.689 0.0000000000
157577  19.259  -60.397  53.073 0.0000000000
157578  19.503  -60.437  52.501 0.0000000000
157579  19.825  -60.484  52.006 0.0000000000
157581  19.843  -60.849  51.815 0.0000000000
157582  20.126  -60.544  51.546 0.0000000000
157583  20.512  -60.610  51.193 0.0000000000
157584  21.019  -60.707  50.915 0.0000000000
157585  21.474  -60.771  50.659 0.0000000000
