#!ascii label  , from subject fsaverage vox2ras=TkReg
716
603  32.691  -1.149  -40.911 0.0000000000
604  41.198  -6.602  -40.092 0.0000000000
1343  30.447  2.638  -38.669 0.0000000000
1346  41.488  -2.864  -42.337 0.0000000000
1347  45.572  -6.123  -41.001 0.0000000000
1348  44.440  -10.616  -37.855 0.0000000000
2447  33.620  -5.313  -37.855 0.0000000000
2448  36.842  0.028  -42.384 0.0000000000
2449  36.825  -3.660  -41.993 0.0000000000
2450  37.540  -4.783  -35.443 0.0000000000
3266  45.120  -4.559  -39.417 0.0000000000
3267  47.177  -6.389  -39.171 0.0000000000
3268  47.634  -8.188  -40.368 0.0000000000
5470  31.904  0.826  -39.803 0.0000000000
5471  31.464  0.342  -37.006 0.0000000000
5472  32.434  -1.619  -38.395 0.0000000000
5473  32.605  -3.895  -36.877 0.0000000000
5474  33.007  -3.725  -39.716 0.0000000000
5477  38.737  0.023  -39.544 0.0000000000
5478  41.158  -5.307  -42.732 0.0000000000
5479  39.006  -3.679  -43.365 0.0000000000
5480  39.094  -5.042  -41.301 0.0000000000
5481  37.445  -4.005  -38.922 0.0000000000
5482  39.504  -5.246  -37.796 0.0000000000
7024  27.504  4.998  -38.163 0.0000000000
7025  28.211  2.988  -37.711 0.0000000000
7027  31.086  3.405  -40.821 0.0000000000
7028  32.725  1.708  -41.790 0.0000000000
7029  42.111  -1.058  -36.981 0.0000000000
7030  40.893  -1.222  -39.845 0.0000000000
7031  43.032  -2.783  -39.850 0.0000000000
7032  43.642  -4.577  -41.794 0.0000000000
7033  43.077  -6.896  -41.363 0.0000000000
7034  42.955  -8.384  -38.896 0.0000000000
7035  44.954  -8.914  -40.380 0.0000000000
7036  46.954  -10.630  -39.322 0.0000000000
9894  28.966  0.786  -36.323 0.0000000000
9898  32.828  -6.261  -35.958 0.0000000000
9899  34.456  -7.115  -36.613 0.0000000000
9902  34.547  -0.250  -42.658 0.0000000000
9903  39.145  -1.455  -42.513 0.0000000000
9904  36.702  -2.009  -43.528 0.0000000000
9905  34.364  -2.488  -41.707 0.0000000000
9906  35.014  -3.735  -39.551 0.0000000000
9907  35.660  -4.755  -36.693 0.0000000000
9908  35.832  -6.680  -34.472 0.0000000000
10947  47.665  -6.736  -37.894 0.0000000000
10948  48.258  -7.226  -38.793 0.0000000000
13150  32.305  -0.203  -40.408 0.0000000000
13151  32.315  -0.509  -39.006 0.0000000000
13152  32.445  -1.642  -39.720 0.0000000000
13153  32.559  -2.838  -39.098 0.0000000000
13154  32.778  -2.521  -40.320 0.0000000000
13156  38.525  0.851  -37.811 0.0000000000
13157  39.578  0.228  -38.063 0.0000000000
13158  41.038  -6.186  -41.712 0.0000000000
13159  40.059  -5.378  -42.237 0.0000000000
13160  40.164  -5.853  -40.778 0.0000000000
13161  39.367  -5.150  -39.533 0.0000000000
13162  40.388  -5.921  -38.878 0.0000000000
13164  41.265  -6.769  -38.343 0.0000000000
15548  28.226  5.054  -38.999 0.0000000000
15553  31.854  2.519  -41.419 0.0000000000
15555  42.933  -2.166  -36.802 0.0000000000
15556  42.594  -2.110  -38.487 0.0000000000
15557  43.462  -3.032  -38.159 0.0000000000
15558  45.600  -5.209  -40.562 0.0000000000
15559  44.503  -4.370  -40.761 0.0000000000
15560  44.649  -5.315  -41.384 0.0000000000
15561  43.389  -5.697  -41.872 0.0000000000
15562  44.442  -6.486  -41.493 0.0000000000
15563  43.983  -7.828  -40.841 0.0000000000
15564  45.212  -7.565  -41.026 0.0000000000
15565  48.752  -9.273  -39.837 0.0000000000
15566  47.340  -9.442  -40.028 0.0000000000
22170  29.357  3.021  -38.122 0.0000000000
22171  28.684  1.899  -37.009 0.0000000000
22172  29.914  1.968  -37.240 0.0000000000
22173  31.575  -0.840  -36.215 0.0000000000
22180  32.946  -4.834  -37.580 0.0000000000
22181  32.702  -5.031  -36.290 0.0000000000
22182  33.246  -5.899  -37.087 0.0000000000
22183  33.457  -6.941  -36.826 0.0000000000
22184  34.044  -6.059  -37.105 0.0000000000
22188  36.739  0.781  -40.793 0.0000000000
22190  35.776  0.936  -41.923 0.0000000000
22191  34.668  0.840  -42.298 0.0000000000
22192  35.624  -0.022  -42.930 0.0000000000
22193  41.267  -1.978  -41.213 0.0000000000
22194  40.177  -1.422  -41.201 0.0000000000
22195  40.365  -2.154  -42.481 0.0000000000
22196  37.767  -3.884  -42.965 0.0000000000
22197  37.856  -2.943  -43.413 0.0000000000
22198  36.719  -3.123  -43.084 0.0000000000
22199  35.498  -2.299  -42.912 0.0000000000
22200  35.587  -3.052  -42.058 0.0000000000
22201  34.727  -3.209  -40.677 0.0000000000
22202  35.930  -3.392  -40.746 0.0000000000
22203  37.625  -4.313  -37.126 0.0000000000
22204  36.466  -4.094  -37.686 0.0000000000
22205  36.580  -4.568  -36.040 0.0000000000
22206  35.762  -5.519  -35.515 0.0000000000
22207  36.546  -5.473  -34.667 0.0000000000
22215  43.811  -9.581  -38.176 0.0000000000
22217  43.686  -9.842  -36.736 0.0000000000
24310  44.367  -3.906  -37.993 0.0000000000
24311  45.474  -4.931  -38.058 0.0000000000
24312  46.136  -5.467  -39.332 0.0000000000
24313  46.459  -6.130  -40.332 0.0000000000
24314  46.483  -7.159  -40.693 0.0000000000
24315  47.504  -7.228  -40.019 0.0000000000
24316  48.737  -8.161  -39.598 0.0000000000
28278  31.294  1.794  -39.246 0.0000000000
28279  31.138  1.510  -37.741 0.0000000000
28280  31.915  0.619  -38.364 0.0000000000
28281  32.173  -0.523  -37.689 0.0000000000
28282  32.197  -1.722  -36.914 0.0000000000
28283  32.269  -2.862  -36.143 0.0000000000
28284  32.408  -2.757  -37.648 0.0000000000
28285  32.698  -3.858  -38.283 0.0000000000
28286  33.321  -4.625  -38.776 0.0000000000
28290  37.716  0.664  -39.357 0.0000000000
28291  37.827  -0.087  -41.146 0.0000000000
28292  41.378  -4.170  -42.889 0.0000000000
28293  40.269  -3.242  -43.157 0.0000000000
28294  40.109  -4.432  -43.161 0.0000000000
28295  38.869  -4.626  -42.721 0.0000000000
28296  37.992  -4.352  -41.715 0.0000000000
28297  37.204  -3.856  -40.599 0.0000000000
28298  38.308  -4.479  -40.051 0.0000000000
28299  38.498  -4.590  -38.443 0.0000000000
28300  38.568  -4.813  -36.485 0.0000000000
28305  45.265  -11.525  -37.415 0.0000000000
28306  44.346  -11.114  -36.257 0.0000000000
31750  27.125  3.690  -37.218 0.0000000000
31751  27.311  2.651  -37.096 0.0000000000
31752  27.738  4.028  -38.198 0.0000000000
31753  28.718  4.065  -38.848 0.0000000000
31754  29.720  3.652  -39.456 0.0000000000
31757  30.677  3.004  -39.935 0.0000000000
31758  31.362  2.117  -40.500 0.0000000000
31759  31.970  1.272  -40.982 0.0000000000
31760  32.613  0.314  -41.558 0.0000000000
31762  40.536  -0.375  -38.148 0.0000000000
31763  41.601  -1.192  -38.549 0.0000000000
31764  42.063  -1.979  -40.001 0.0000000000
31765  42.368  -2.782  -41.257 0.0000000000
31766  44.103  -3.629  -39.549 0.0000000000
31767  43.448  -3.517  -41.011 0.0000000000
31768  42.580  -3.778  -42.059 0.0000000000
31769  42.401  -4.872  -42.314 0.0000000000
31770  42.109  -6.176  -42.079 0.0000000000
31771  42.058  -7.063  -40.953 0.0000000000
31772  42.083  -7.416  -39.522 0.0000000000
31773  42.864  -7.876  -40.403 0.0000000000
31774  43.785  -8.909  -39.810 0.0000000000
31775  44.680  -9.843  -39.256 0.0000000000
31776  46.255  -8.578  -40.438 0.0000000000
31777  45.907  -9.693  -39.830 0.0000000000
31778  45.503  -10.679  -38.698 0.0000000000
31779  46.528  -11.687  -38.160 0.0000000000
39918  27.490  1.640  -36.699 0.0000000000
39921  30.281  0.780  -36.521 0.0000000000
39930  32.389  -4.075  -35.436 0.0000000000
39934  33.773  -8.101  -36.337 0.0000000000
39943  33.598  0.703  -42.185 0.0000000000
39944  33.391  -0.465  -41.986 0.0000000000
39945  39.854  -0.605  -39.613 0.0000000000
39946  38.962  -0.737  -41.108 0.0000000000
39947  38.025  -0.856  -42.552 0.0000000000
39948  39.091  -2.502  -43.245 0.0000000000
39949  37.911  -1.710  -43.298 0.0000000000
39950  36.749  -0.910  -43.247 0.0000000000
39951  35.629  -1.210  -43.239 0.0000000000
39952  34.432  -1.387  -42.462 0.0000000000
39953  33.364  -1.827  -41.330 0.0000000000
39954  33.476  -2.998  -40.622 0.0000000000
39955  33.892  -3.922  -39.816 0.0000000000
39956  34.322  -4.537  -38.651 0.0000000000
39957  36.345  -3.707  -39.271 0.0000000000
39958  35.398  -4.221  -38.213 0.0000000000
39959  34.697  -5.107  -37.347 0.0000000000
39960  34.978  -5.886  -36.383 0.0000000000
39961  35.190  -6.878  -35.614 0.0000000000
43870  32.468  -0.708  -40.673 0.0000000000
43871  32.421  -0.931  -40.066 0.0000000000
43872  32.507  -1.514  -40.375 0.0000000000
43873  32.576  -2.160  -40.063 0.0000000000
43874  32.717  -1.890  -40.637 0.0000000000
43878  41.055  -6.431  -40.977 0.0000000000
43879  40.627  -6.038  -41.294 0.0000000000
43880  40.713  -6.146  -40.457 0.0000000000
43881  40.337  -5.890  -39.770 0.0000000000
43882  40.751  -6.292  -39.570 0.0000000000
43883  40.924  -6.281  -38.648 0.0000000000
43884  41.222  -6.683  -39.301 0.0000000000
46275  43.283  -2.681  -36.745 0.0000000000
46276  43.166  -2.629  -37.482 0.0000000000
46277  43.533  -3.176  -37.415 0.0000000000
46278  45.623  -5.585  -40.856 0.0000000000
46279  45.212  -5.209  -41.046 0.0000000000
46280  45.205  -5.777  -41.281 0.0000000000
46281  44.544  -5.917  -41.521 0.0000000000
46282  44.967  -6.433  -41.303 0.0000000000
46283  44.850  -7.068  -41.238 0.0000000000
46284  45.416  -6.842  -41.046 0.0000000000
52890  29.947  2.860  -38.347 0.0000000000
52891  29.666  2.502  -37.714 0.0000000000
52892  30.260  2.339  -37.910 0.0000000000
52900  33.254  -5.201  -37.824 0.0000000000
52901  33.051  -5.331  -37.273 0.0000000000
52902  33.417  -5.596  -37.441 0.0000000000
52903  33.617  -6.021  -37.200 0.0000000000
52904  33.858  -5.725  -37.451 0.0000000000
52908  36.835  0.409  -41.700 0.0000000000
52909  36.278  0.868  -41.480 0.0000000000
52910  36.232  0.457  -42.210 0.0000000000
52911  35.722  0.516  -42.492 0.0000000000
52912  36.194  -0.015  -42.703 0.0000000000
52913  41.386  -2.315  -41.836 0.0000000000
52914  40.882  -2.092  -41.876 0.0000000000
52915  40.966  -2.548  -42.428 0.0000000000
52916  37.361  -3.767  -42.586 0.0000000000
52917  37.220  -3.413  -43.083 0.0000000000
52918  36.723  -3.488  -42.603 0.0000000000
52919  36.093  -3.121  -42.593 0.0000000000
52920  36.113  -3.290  -42.127 0.0000000000
52921  35.784  -3.278  -41.449 0.0000000000
52922  36.404  -3.491  -41.431 0.0000000000
52923  37.580  -4.494  -36.220 0.0000000000
52924  36.999  -4.406  -36.596 0.0000000000
52925  37.052  -4.641  -35.769 0.0000000000
52926  36.611  -4.980  -35.360 0.0000000000
52927  37.031  -5.011  -35.011 0.0000000000
52928  36.994  -5.493  -34.300 0.0000000000
52935  44.070  -10.097  -38.096 0.0000000000
52936  43.710  -9.720  -37.528 0.0000000000
52937  44.044  -10.338  -37.244 0.0000000000
55876  45.091  -4.573  -37.334 0.0000000000
55877  45.699  -5.095  -37.328 0.0000000000
55878  46.943  -6.099  -38.634 0.0000000000
55879  46.387  -5.657  -38.675 0.0000000000
55880  46.572  -5.924  -39.189 0.0000000000
55881  46.332  -5.779  -39.890 0.0000000000
55882  46.798  -6.347  -39.709 0.0000000000
55883  47.000  -6.763  -40.145 0.0000000000
55884  47.357  -6.754  -39.638 0.0000000000
55886  48.543  -7.656  -39.231 0.0000000000
62490  31.631  1.344  -39.506 0.0000000000
62491  31.634  1.255  -38.751 0.0000000000
62492  31.947  0.691  -39.068 0.0000000000
62493  32.405  -1.122  -38.717 0.0000000000
62494  32.318  -0.527  -38.330 0.0000000000
62495  32.330  -1.042  -38.062 0.0000000000
62496  32.205  -1.107  -37.348 0.0000000000
62497  32.363  -1.623  -37.664 0.0000000000
62498  32.322  -2.218  -37.288 0.0000000000
62499  32.487  -2.243  -38.012 0.0000000000
62500  32.721  -3.318  -39.419 0.0000000000
62501  32.577  -3.406  -38.764 0.0000000000
62502  32.807  -3.880  -39.088 0.0000000000
62503  32.914  -4.318  -38.559 0.0000000000
62504  33.193  -4.186  -39.300 0.0000000000
62508  38.641  0.402  -38.735 0.0000000000
62509  38.076  0.769  -38.552 0.0000000000
62510  38.195  0.300  -39.436 0.0000000000
62511  37.813  0.291  -40.263 0.0000000000
62512  38.325  -0.134  -40.306 0.0000000000
62513  41.233  -4.805  -42.886 0.0000000000
62514  40.732  -4.352  -43.083 0.0000000000
62515  40.608  -4.821  -42.929 0.0000000000
62516  39.498  -5.237  -41.971 0.0000000000
62517  39.472  -4.958  -42.557 0.0000000000
62518  38.901  -4.889  -42.104 0.0000000000
62519  38.399  -4.608  -42.265 0.0000000000
62520  38.541  -4.704  -41.539 0.0000000000
62521  38.156  -4.458  -40.963 0.0000000000
62522  38.627  -4.747  -40.771 0.0000000000
62523  39.473  -5.205  -38.625 0.0000000000
62524  38.910  -4.826  -39.035 0.0000000000
62525  39.057  -4.899  -38.100 0.0000000000
62526  38.568  -4.668  -37.476 0.0000000000
62527  39.029  -4.963  -37.166 0.0000000000
69680  27.252  4.810  -37.543 0.0000000000
69681  27.134  4.140  -37.052 0.0000000000
69682  27.290  4.322  -37.778 0.0000000000
69683  27.396  3.878  -37.743 0.0000000000
69684  27.588  4.490  -38.227 0.0000000000
69685  28.667  4.963  -39.442 0.0000000000
69686  28.422  4.550  -39.035 0.0000000000
69687  28.876  4.456  -39.359 0.0000000000
69688  29.208  3.930  -39.148 0.0000000000
69697  30.761  3.080  -40.475 0.0000000000
69698  30.968  2.544  -40.254 0.0000000000
69699  31.244  2.686  -40.761 0.0000000000
69700  32.281  2.116  -41.618 0.0000000000
69701  31.873  1.956  -41.282 0.0000000000
69702  32.198  1.542  -41.515 0.0000000000
69703  32.279  0.824  -41.286 0.0000000000
69704  32.617  0.986  -41.721 0.0000000000
69705  41.711  -0.597  -37.098 0.0000000000
69707  41.863  -1.120  -37.794 0.0000000000
69708  42.816  -2.418  -39.212 0.0000000000
69709  42.323  -1.979  -39.304 0.0000000000
69710  42.583  -2.336  -40.003 0.0000000000
69711  42.225  -2.322  -40.603 0.0000000000
69712  42.805  -2.725  -40.599 0.0000000000
69713  44.795  -4.251  -38.769 0.0000000000
69714  44.263  -3.775  -38.797 0.0000000000
69715  44.587  -4.109  -39.485 0.0000000000
69716  44.120  -4.357  -41.324 0.0000000000
69717  43.974  -3.919  -40.871 0.0000000000
69718  43.548  -4.014  -41.489 0.0000000000
69719  43.086  -3.652  -41.643 0.0000000000
69720  43.147  -4.066  -42.000 0.0000000000
69721  42.551  -4.351  -42.300 0.0000000000
69722  43.051  -4.739  -42.146 0.0000000000
69723  43.285  -6.284  -41.682 0.0000000000
69724  42.808  -5.909  -42.002 0.0000000000
69725  42.634  -6.532  -41.699 0.0000000000
69726  42.105  -6.713  -41.419 0.0000000000
69727  42.509  -7.041  -41.291 0.0000000000
69728  42.474  -7.482  -40.599 0.0000000000
69729  42.961  -7.371  -41.088 0.0000000000
69730  44.503  -8.295  -40.719 0.0000000000
69731  43.822  -8.439  -40.390 0.0000000000
69732  44.300  -8.921  -40.146 0.0000000000
69733  44.232  -9.394  -39.499 0.0000000000
69734  44.820  -9.340  -39.903 0.0000000000
69735  46.994  -7.795  -40.488 0.0000000000
69736  46.382  -7.828  -40.642 0.0000000000
69737  46.965  -8.402  -40.451 0.0000000000
69738  47.178  -10.089  -39.701 0.0000000000
69739  46.591  -9.593  -39.967 0.0000000000
69740  46.366  -10.246  -39.439 0.0000000000
69741  45.714  -10.174  -39.336 0.0000000000
69742  46.180  -10.727  -38.990 0.0000000000
69743  46.036  -11.139  -38.500 0.0000000000
69744  46.752  -11.197  -38.748 0.0000000000
89550  27.748  2.826  -37.492 0.0000000000
89551  27.362  2.133  -36.965 0.0000000000
89552  27.893  2.290  -37.191 0.0000000000
89553  28.810  1.310  -36.699 0.0000000000
89558  31.276  0.956  -37.346 0.0000000000
89559  30.742  1.232  -37.092 0.0000000000
89560  30.939  0.634  -36.728 0.0000000000
89580  32.433  -3.332  -36.493 0.0000000000
89581  32.385  -3.555  -35.806 0.0000000000
89582  32.532  -3.924  -36.137 0.0000000000
89583  32.802  -5.597  -36.083 0.0000000000
89590  33.958  -7.086  -36.832 0.0000000000
89591  33.606  -7.534  -36.655 0.0000000000
89592  34.136  -7.657  -36.650 0.0000000000
89593  34.304  -8.202  -36.402 0.0000000000
89594  34.608  -7.640  -36.336 0.0000000000
89613  34.579  0.377  -42.546 0.0000000000
89614  34.154  0.838  -42.277 0.0000000000
89615  33.978  0.243  -42.422 0.0000000000
89616  33.470  0.141  -42.156 0.0000000000
89617  33.982  -0.311  -42.355 0.0000000000
89618  40.634  -0.800  -38.942 0.0000000000
89619  40.148  -0.410  -38.863 0.0000000000
89620  40.258  -0.858  -39.635 0.0000000000
89621  39.676  -1.346  -41.856 0.0000000000
89622  39.574  -1.016  -41.110 0.0000000000
89623  39.093  -1.076  -41.887 0.0000000000
89624  38.468  -0.743  -41.945 0.0000000000
89625  38.484  -1.101  -42.514 0.0000000000
89626  39.567  -3.447  -43.314 0.0000000000
89627  39.650  -2.892  -43.230 0.0000000000
89628  39.092  -3.045  -43.407 0.0000000000
89629  37.307  -2.486  -43.488 0.0000000000
89630  37.888  -2.309  -43.383 0.0000000000
89631  37.206  -1.977  -43.483 0.0000000000
89632  37.299  -1.310  -43.338 0.0000000000
89633  36.653  -1.487  -43.514 0.0000000000
89634  36.059  -1.036  -43.381 0.0000000000
89635  36.149  -1.680  -43.451 0.0000000000
89636  35.010  -2.367  -42.341 0.0000000000
89637  34.945  -1.865  -42.687 0.0000000000
89638  34.376  -1.964  -42.167 0.0000000000
89639  33.893  -1.585  -41.940 0.0000000000
89640  33.879  -2.147  -41.581 0.0000000000
89641  33.356  -2.461  -40.992 0.0000000000
89642  33.914  -2.630  -41.093 0.0000000000
89643  34.830  -3.506  -40.158 0.0000000000
89644  34.179  -3.533  -40.199 0.0000000000
89645  34.428  -3.815  -39.721 0.0000000000
89646  34.126  -4.258  -39.331 0.0000000000
89647  34.679  -4.114  -39.119 0.0000000000
89648  37.369  -3.920  -39.795 0.0000000000
89649  36.766  -3.668  -39.925 0.0000000000
89650  36.878  -3.818  -39.141 0.0000000000
89651  36.025  -4.307  -37.170 0.0000000000
89652  35.952  -4.114  -37.929 0.0000000000
89653  35.537  -4.406  -37.489 0.0000000000
89654  35.034  -4.558  -37.783 0.0000000000
89655  35.206  -4.899  -37.018 0.0000000000
89656  34.807  -5.434  -36.828 0.0000000000
89657  35.286  -5.230  -36.444 0.0000000000
89658  35.787  -6.118  -34.992 0.0000000000
89659  35.450  -6.193  -35.522 0.0000000000
89660  35.514  -6.749  -35.053 0.0000000000
89685  42.477  -7.974  -39.264 0.0000000000
93433  47.455  -6.563  -38.439 0.0000000000
93434  47.711  -6.848  -38.983 0.0000000000
93435  47.947  -6.925  -38.321 0.0000000000
97398  32.122  0.278  -40.131 0.0000000000
97399  32.125  0.210  -39.417 0.0000000000
97400  32.266  -0.308  -39.749 0.0000000000
97401  32.392  -1.055  -39.370 0.0000000000
97402  32.462  -1.676  -39.057 0.0000000000
97403  32.481  -2.230  -38.771 0.0000000000
97404  32.495  -2.199  -39.420 0.0000000000
97405  32.595  -2.717  -39.772 0.0000000000
97406  32.848  -3.133  -40.058 0.0000000000
97410  39.075  0.478  -37.970 0.0000000000
97411  39.238  0.066  -38.780 0.0000000000
97412  41.015  -5.848  -42.141 0.0000000000
97413  40.511  -5.427  -42.581 0.0000000000
97414  40.515  -5.821  -42.016 0.0000000000
97415  40.090  -5.602  -41.622 0.0000000000
97416  39.613  -5.411  -41.072 0.0000000000
97417  39.202  -5.088  -40.423 0.0000000000
97418  39.777  -5.480  -40.141 0.0000000000
97419  39.927  -5.546  -39.170 0.0000000000
97420  39.949  -5.563  -38.311 0.0000000000
97422  40.425  -5.975  -38.089 0.0000000000
97423  40.862  -6.372  -37.717 0.0000000000
101714  27.814  5.097  -38.583 0.0000000000
101722  31.427  3.550  -41.017 0.0000000000
101723  31.450  3.025  -41.161 0.0000000000
101724  31.923  3.095  -41.375 0.0000000000
101725  32.339  2.756  -41.616 0.0000000000
101726  32.805  2.251  -41.823 0.0000000000
101727  42.505  -1.582  -36.880 0.0000000000
101728  42.335  -1.664  -37.744 0.0000000000
101729  42.767  -2.108  -37.582 0.0000000000
101730  43.045  -2.562  -38.296 0.0000000000
101731  43.261  -2.897  -38.956 0.0000000000
101732  45.467  -4.887  -40.059 0.0000000000
101733  44.839  -4.370  -40.074 0.0000000000
101734  45.080  -4.746  -40.636 0.0000000000
101735  44.633  -4.818  -41.219 0.0000000000
101736  44.187  -4.957  -41.680 0.0000000000
101737  43.575  -5.188  -41.884 0.0000000000
101738  44.074  -5.491  -41.674 0.0000000000
101739  43.848  -6.173  -41.558 0.0000000000
101740  43.725  -6.723  -41.520 0.0000000000
101741  43.572  -7.419  -41.131 0.0000000000
101742  44.168  -7.265  -41.257 0.0000000000
101743  44.732  -7.667  -41.074 0.0000000000
101744  45.085  -8.233  -40.781 0.0000000000
101745  48.138  -8.813  -40.084 0.0000000000
101746  47.484  -8.774  -40.258 0.0000000000
101747  48.044  -9.383  -40.034 0.0000000000
101749  47.701  -10.627  -39.423 0.0000000000
101750  47.497  -11.270  -38.914 0.0000000000
113634  28.761  3.091  -37.891 0.0000000000
113635  28.462  2.452  -37.372 0.0000000000
113636  29.045  2.539  -37.528 0.0000000000
113637  29.305  1.971  -37.099 0.0000000000
113638  29.528  1.355  -36.732 0.0000000000
113639  31.518  -0.237  -36.706 0.0000000000
113652  32.732  -4.379  -37.248 0.0000000000
113653  32.657  -4.367  -36.537 0.0000000000
113654  32.821  -4.878  -36.941 0.0000000000
113655  32.931  -5.494  -36.720 0.0000000000
113656  32.969  -6.094  -36.567 0.0000000000
113657  33.047  -6.634  -36.442 0.0000000000
113658  33.288  -6.362  -36.877 0.0000000000
113659  33.746  -6.556  -37.014 0.0000000000
113660  34.253  -6.613  -36.859 0.0000000000
113668  36.186  1.176  -40.605 0.0000000000
113669  35.752  1.429  -41.223 0.0000000000
113670  35.313  1.329  -41.761 0.0000000000
113671  34.765  1.399  -41.928 0.0000000000
113672  35.232  0.873  -42.285 0.0000000000
113673  35.193  0.328  -42.695 0.0000000000
113674  35.121  -0.182  -42.923 0.0000000000
113675  41.064  -1.631  -40.527 0.0000000000
113676  40.462  -1.322  -40.466 0.0000000000
113677  40.668  -1.681  -41.205 0.0000000000
113678  40.316  -1.724  -41.861 0.0000000000
113679  39.808  -1.766  -42.489 0.0000000000
113680  38.377  -3.836  -43.209 0.0000000000
113681  38.432  -3.336  -43.374 0.0000000000
113682  37.833  -3.487  -43.329 0.0000000000
113683  37.215  -2.977  -43.431 0.0000000000
113684  36.609  -2.619  -43.410 0.0000000000
113685  36.084  -2.272  -43.342 0.0000000000
113686  36.095  -2.744  -43.026 0.0000000000
113687  35.515  -2.741  -42.528 0.0000000000
113688  34.997  -2.739  -41.890 0.0000000000
113689  34.473  -2.888  -41.199 0.0000000000
113690  35.084  -3.055  -41.358 0.0000000000
113691  35.344  -3.285  -40.694 0.0000000000
113692  35.548  -3.530  -40.093 0.0000000000
113693  37.539  -4.181  -38.062 0.0000000000
113694  37.039  -3.966  -38.243 0.0000000000
113695  37.034  -4.135  -37.463 0.0000000000
113696  36.595  -4.295  -36.843 0.0000000000
113697  36.086  -4.645  -36.368 0.0000000000
113698  35.717  -5.070  -36.093 0.0000000000
113699  36.176  -4.993  -35.709 0.0000000000
113700  36.141  -5.457  -35.107 0.0000000000
113701  36.170  -6.052  -34.500 0.0000000000
113702  36.143  -6.644  -34.023 0.0000000000
113703  36.549  -6.020  -34.061 0.0000000000
113715  43.249  -8.933  -38.713 0.0000000000
113717  43.251  -9.073  -37.938 0.0000000000
113718  43.291  -9.258  -36.938 0.0000000000
118162  44.047  -3.536  -37.315 0.0000000000
118163  44.557  -4.103  -37.403 0.0000000000
118164  44.951  -4.436  -38.093 0.0000000000
118165  45.316  -4.725  -38.768 0.0000000000
118166  46.068  -5.410  -38.030 0.0000000000
118167  45.889  -5.192  -38.759 0.0000000000
118168  45.644  -5.051  -39.433 0.0000000000
118169  45.886  -5.325  -40.000 0.0000000000
118170  46.067  -5.698  -40.405 0.0000000000
118171  46.040  -6.185  -40.765 0.0000000000
118172  45.967  -6.745  -40.920 0.0000000000
118173  46.496  -6.634  -40.538 0.0000000000
118174  47.048  -7.226  -40.427 0.0000000000
118175  47.635  -7.736  -40.299 0.0000000000
118176  47.957  -7.159  -39.495 0.0000000000
118177  48.118  -7.502  -39.840 0.0000000000
118178  48.159  -8.115  -40.021 0.0000000000
118179  48.807  -8.689  -39.785 0.0000000000
127422  30.914  2.256  -38.977 0.0000000000
127423  30.787  2.092  -38.152 0.0000000000
127424  31.245  1.706  -38.452 0.0000000000
127425  31.608  1.086  -38.079 0.0000000000
127426  31.747  0.518  -37.659 0.0000000000
127427  32.141  0.073  -38.711 0.0000000000
127428  32.081  0.012  -38.003 0.0000000000
127429  31.854  -0.064  -37.329 0.0000000000
127430  31.921  -0.636  -37.007 0.0000000000
127431  31.986  -1.267  -36.559 0.0000000000
127434  32.258  -2.323  -36.566 0.0000000000
127435  32.421  -2.822  -36.918 0.0000000000
127436  32.528  -3.347  -37.248 0.0000000000
127437  32.533  -2.845  -38.405 0.0000000000
127438  32.554  -3.352  -38.013 0.0000000000
127439  32.661  -3.903  -37.594 0.0000000000
127440  32.835  -4.365  -37.902 0.0000000000
127441  33.155  -4.739  -38.126 0.0000000000
127442  33.557  -4.925  -38.240 0.0000000000
127451  37.232  0.688  -40.142 0.0000000000
127452  37.327  0.268  -41.056 0.0000000000
127453  37.428  -0.083  -41.805 0.0000000000
127454  41.542  -3.556  -42.664 0.0000000000
127455  40.928  -3.080  -42.800 0.0000000000
127456  40.838  -3.704  -43.008 0.0000000000
127457  40.159  -3.813  -43.254 0.0000000000
127458  39.559  -4.083  -43.275 0.0000000000
127459  40.012  -4.992  -42.759 0.0000000000
127460  39.483  -4.626  -43.033 0.0000000000
127461  38.942  -4.188  -43.112 0.0000000000
127462  38.325  -4.306  -42.802 0.0000000000
127463  37.933  -4.227  -42.406 0.0000000000
127464  37.433  -3.947  -41.892 0.0000000000
127465  36.991  -3.711  -41.351 0.0000000000
127466  37.634  -4.112  -41.104 0.0000000000
127467  37.756  -4.142  -40.404 0.0000000000
127468  37.932  -4.226  -39.543 0.0000000000
127469  38.895  -4.869  -39.827 0.0000000000
127470  38.463  -4.512  -39.304 0.0000000000
127471  38.041  -4.321  -38.700 0.0000000000
127472  38.062  -4.378  -37.795 0.0000000000
127473  38.104  -4.520  -36.856 0.0000000000
127474  38.126  -4.690  -35.922 0.0000000000
127485  44.821  -11.194  -37.528 0.0000000000
127486  44.421  -10.873  -37.081 0.0000000000
127487  44.764  -11.434  -36.809 0.0000000000
136650  27.194  3.170  -37.136 0.0000000000
136651  27.562  3.353  -37.636 0.0000000000
136652  27.999  3.511  -37.951 0.0000000000
136653  28.000  4.537  -38.653 0.0000000000
136654  28.208  4.093  -38.531 0.0000000000
136655  28.487  3.586  -38.239 0.0000000000
136656  29.044  3.553  -38.532 0.0000000000
136657  29.590  3.426  -38.804 0.0000000000
136658  30.086  3.171  -39.059 0.0000000000
136666  30.225  3.357  -39.677 0.0000000000
136667  30.569  2.829  -39.328 0.0000000000
136668  30.994  2.421  -39.573 0.0000000000
136669  31.336  1.942  -39.854 0.0000000000
136670  31.595  1.473  -40.153 0.0000000000
136671  31.551  2.347  -41.012 0.0000000000
136672  31.672  1.714  -40.766 0.0000000000
136673  31.883  0.992  -40.450 0.0000000000
136674  32.146  0.497  -40.688 0.0000000000
136675  32.378  0.017  -40.917 0.0000000000
136676  32.650  -0.456  -41.227 0.0000000000
136680  41.010  -0.656  -38.298 0.0000000000
136681  41.252  -1.210  -39.224 0.0000000000
136682  42.139  -1.590  -38.589 0.0000000000
136683  41.852  -1.551  -39.308 0.0000000000
136684  41.492  -1.558  -39.892 0.0000000000
136685  41.738  -1.943  -40.608 0.0000000000
136686  41.877  -2.373  -41.236 0.0000000000
136687  41.939  -2.816  -41.771 0.0000000000
136688  43.905  -3.460  -38.103 0.0000000000
136689  43.808  -3.402  -38.902 0.0000000000
136690  43.494  -3.222  -39.657 0.0000000000
136691  44.375  -3.956  -40.201 0.0000000000
136692  43.811  -3.588  -40.311 0.0000000000
136693  43.297  -3.123  -40.493 0.0000000000
136694  42.961  -3.151  -41.119 0.0000000000
136695  42.461  -3.139  -41.710 0.0000000000
136696  41.932  -3.241  -42.245 0.0000000000
136697  42.027  -3.806  -42.549 0.0000000000
136698  41.856  -4.463  -42.613 0.0000000000
136699  41.678  -5.147  -42.629 0.0000000000
136700  42.971  -5.271  -42.106 0.0000000000
136701  42.241  -5.610  -42.236 0.0000000000
136702  41.622  -5.725  -42.364 0.0000000000
136703  41.579  -6.230  -41.892 0.0000000000
136704  41.522  -6.646  -41.189 0.0000000000
136705  41.581  -6.872  -40.558 0.0000000000
136706  41.631  -6.963  -39.793 0.0000000000
136707  42.093  -7.298  -40.340 0.0000000000
136708  42.466  -7.718  -40.033 0.0000000000
136709  42.882  -8.103  -39.778 0.0000000000
136710  43.448  -7.927  -40.642 0.0000000000
136711  43.347  -8.322  -40.205 0.0000000000
136712  43.268  -8.734  -39.325 0.0000000000
136713  43.775  -9.260  -39.158 0.0000000000
136714  44.178  -9.707  -38.859 0.0000000000
136715  44.533  -10.274  -38.562 0.0000000000
136716  45.854  -7.357  -40.891 0.0000000000
136717  45.722  -7.991  -40.767 0.0000000000
136718  45.591  -8.711  -40.541 0.0000000000
136719  46.826  -8.978  -40.295 0.0000000000
136720  46.101  -9.113  -40.194 0.0000000000
136721  45.408  -9.332  -40.082 0.0000000000
136722  45.223  -9.837  -39.581 0.0000000000
136723  45.096  -10.203  -39.051 0.0000000000
136724  45.022  -10.689  -38.264 0.0000000000
136725  45.438  -11.076  -38.096 0.0000000000
136726  45.812  -11.641  -37.899 0.0000000000
136727  46.195  -12.129  -37.529 0.0000000000
136728  47.276  -11.686  -38.375 0.0000000000
136729  46.956  -12.190  -37.885 0.0000000000
136730  46.669  -12.663  -37.356 0.0000000000
143345  41.975  -0.437  -36.315 0.0000000000
143348  42.353  -1.054  -36.262 0.0000000000
143349  42.662  -1.612  -36.074 0.0000000000
143350  43.107  -2.144  -36.116 0.0000000000
160713  28.038  1.765  -36.923 0.0000000000
160719  30.565  1.823  -37.408 0.0000000000
160720  30.169  1.364  -36.896 0.0000000000
160721  29.641  0.805  -36.401 0.0000000000
160749  32.578  -4.560  -35.834 0.0000000000
160761  34.020  -8.696  -36.113 0.0000000000
160784  33.299  1.791  -41.933 0.0000000000
160785  34.260  1.305  -42.076 0.0000000000
160786  33.713  1.244  -42.061 0.0000000000
160787  33.199  1.238  -42.034 0.0000000000
160788  33.022  0.632  -41.950 0.0000000000
160789  32.973  -0.080  -41.784 0.0000000000
160790  33.019  -0.814  -41.506 0.0000000000
160791  40.022  -0.067  -38.077 0.0000000000
160792  39.678  -0.222  -38.792 0.0000000000
160793  39.312  -0.289  -39.551 0.0000000000
160794  39.976  -1.024  -40.431 0.0000000000
160795  39.446  -0.647  -40.341 0.0000000000
160796  38.893  -0.354  -40.290 0.0000000000
160797  38.390  -0.420  -41.132 0.0000000000
160798  37.955  -0.443  -41.903 0.0000000000
160799  37.406  -0.409  -42.520 0.0000000000
160800  40.328  -2.640  -42.876 0.0000000000
160801  39.763  -2.252  -42.933 0.0000000000
160802  39.107  -1.958  -42.945 0.0000000000
160803  38.450  -2.723  -43.401 0.0000000000
160804  38.566  -2.107  -43.306 0.0000000000
160805  38.446  -1.589  -43.036 0.0000000000
160806  37.969  -1.259  -43.099 0.0000000000
160807  37.401  -0.841  -43.001 0.0000000000
160808  36.794  -0.432  -42.903 0.0000000000
160809  36.148  -0.471  -43.146 0.0000000000
160810  35.630  -0.620  -43.179 0.0000000000
160811  35.097  -0.744  -42.947 0.0000000000
160812  35.557  -1.791  -43.152 0.0000000000
160813  35.018  -1.292  -42.923 0.0000000000
160814  34.440  -0.796  -42.578 0.0000000000
160815  33.891  -0.947  -42.251 0.0000000000
160816  33.466  -1.155  -41.706 0.0000000000
160817  33.023  -1.456  -41.140 0.0000000000
160818  32.993  -2.187  -40.849 0.0000000000
160819  33.074  -2.731  -40.524 0.0000000000
160820  33.218  -3.407  -40.206 0.0000000000
160821  34.031  -3.141  -40.688 0.0000000000
160822  33.669  -3.465  -40.242 0.0000000000
160823  33.402  -3.867  -39.863 0.0000000000
160824  33.642  -4.284  -39.391 0.0000000000
160825  33.795  -4.638  -38.774 0.0000000000
160826  34.032  -4.897  -38.197 0.0000000000
160827  36.573  -3.580  -40.648 0.0000000000
160828  36.124  -3.548  -40.043 0.0000000000
160829  35.658  -3.674  -39.407 0.0000000000
160830  36.419  -3.855  -38.498 0.0000000000
160831  35.809  -3.846  -38.673 0.0000000000
160832  35.236  -3.974  -38.886 0.0000000000
160833  34.854  -4.425  -38.412 0.0000000000
160834  34.562  -4.759  -37.977 0.0000000000
160835  34.140  -5.291  -37.673 0.0000000000
160836  34.344  -5.647  -37.168 0.0000000000
160837  34.507  -6.016  -36.818 0.0000000000
160838  34.699  -6.492  -36.470 0.0000000000
160839  35.388  -5.659  -35.922 0.0000000000
160840  35.078  -6.357  -36.001 0.0000000000
160841  34.836  -7.027  -36.149 0.0000000000
160881  44.077  -10.550  -36.402 0.0000000000
