#!ascii label  , from subject fsaverage vox2ras=TkReg
361
21  37.501  6.228  23.710 0.0000000000
250  41.264  13.929  20.957 0.0000000000
730  38.862  10.410  22.072 0.0000000000
1862  34.753  11.452  24.198 0.0000000000
2133  33.220  7.646  26.891 0.0000000000
2141  34.840  3.916  30.739 0.0000000000
2142  38.537  3.206  26.769 0.0000000000
2650  37.807  8.333  22.704 0.0000000000
2652  40.108  5.724  22.367 0.0000000000
2654  39.828  4.488  23.592 0.0000000000
4701  32.566  10.701  27.263 0.0000000000
4702  32.401  8.960  28.983 0.0000000000
4724  36.374  3.190  28.558 0.0000000000
5922  39.917  12.345  21.571 0.0000000000
8210  35.758  8.589  23.899 0.0000000000
8965  33.405  12.602  25.730 0.0000000000
8966  33.750  9.567  25.403 0.0000000000
8967  35.089  6.756  25.152 0.0000000000
8990  34.251  5.148  33.014 0.0000000000
8991  32.942  6.849  30.916 0.0000000000
8992  33.666  5.535  28.744 0.0000000000
8993  35.363  4.718  26.657 0.0000000000
8994  37.667  4.404  24.957 0.0000000000
10330  37.600  7.289  23.191 0.0000000000
10331  38.908  6.931  22.516 0.0000000000
10332  38.829  6.000  23.014 0.0000000000
10334  38.602  5.250  23.591 0.0000000000
12381  32.349  10.486  29.133 0.0000000000
12382  32.439  9.706  30.048 0.0000000000
13710  39.379  11.442  21.858 0.0000000000
13711  40.611  10.885  21.401 0.0000000000
18043  36.120  9.750  23.418 0.0000000000
18044  35.180  9.967  24.001 0.0000000000
19862  33.076  13.144  26.578 0.0000000000
19863  32.731  9.114  27.075 0.0000000000
19864  33.026  10.121  26.281 0.0000000000
19865  33.358  8.619  26.101 0.0000000000
19866  34.257  8.147  25.238 0.0000000000
19867  34.023  7.174  25.956 0.0000000000
19924  35.739  3.197  31.766 0.0000000000
19925  35.307  3.672  32.795 0.0000000000
19926  34.442  4.411  31.884 0.0000000000
19927  33.543  5.975  31.978 0.0000000000
19928  33.672  5.227  30.856 0.0000000000
19929  33.158  6.090  29.830 0.0000000000
19930  34.137  4.612  29.752 0.0000000000
19931  37.357  3.148  27.609 0.0000000000
19932  35.778  3.887  27.535 0.0000000000
19933  36.848  3.728  26.641 0.0000000000
19934  36.441  4.510  25.765 0.0000000000
19935  37.996  3.721  25.829 0.0000000000
19936  38.986  3.842  25.035 0.0000000000
19937  39.447  3.430  25.914 0.0000000000
23202  38.228  9.353  22.273 0.0000000000
23203  39.539  8.938  21.747 0.0000000000
23204  39.087  7.911  22.041 0.0000000000
26893  32.687  12.228  27.440 0.0000000000
26894  32.394  11.369  28.294 0.0000000000
26895  32.372  9.799  28.096 0.0000000000
26896  32.660  8.226  27.915 0.0000000000
26933  36.305  2.878  30.694 0.0000000000
26934  35.473  3.497  29.610 0.0000000000
26935  37.157  2.685  29.611 0.0000000000
26936  38.185  2.682  28.622 0.0000000000
26937  39.222  2.877  27.683 0.0000000000
26938  40.086  3.112  26.864 0.0000000000
29178  40.525  13.157  21.284 0.0000000000
34927  38.832  12.678  21.942 0.0000000000
34928  38.335  11.685  22.287 0.0000000000
34931  37.748  10.601  22.523 0.0000000000
34932  37.150  9.506  22.846 0.0000000000
34933  36.769  8.458  23.309 0.0000000000
34934  36.537  7.363  23.796 0.0000000000
37143  34.002  12.086  24.929 0.0000000000
37144  32.931  11.675  26.468 0.0000000000
37145  33.467  11.084  25.589 0.0000000000
37146  34.213  10.508  24.779 0.0000000000
37147  34.674  9.076  24.599 0.0000000000
37148  35.344  7.712  24.503 0.0000000000
37149  36.240  6.472  24.377 0.0000000000
37222  32.565  7.826  29.939 0.0000000000
37223  32.815  7.097  28.882 0.0000000000
37224  33.353  6.528  27.758 0.0000000000
37225  34.824  4.169  28.622 0.0000000000
37226  34.389  5.050  27.628 0.0000000000
37227  34.147  5.998  26.748 0.0000000000
37228  35.149  5.681  25.872 0.0000000000
37229  36.257  5.427  25.040 0.0000000000
37230  37.510  5.215  24.294 0.0000000000
37231  38.726  4.454  24.231 0.0000000000
41050  37.550  6.747  23.440 0.0000000000
41051  38.174  6.606  23.122 0.0000000000
41052  38.141  6.116  23.369 0.0000000000
41053  38.700  5.631  23.292 0.0000000000
41054  38.025  5.726  23.649 0.0000000000
44430  39.127  10.935  21.975 0.0000000000
44431  39.748  10.683  21.717 0.0000000000
44432  39.444  10.194  21.817 0.0000000000
48762  35.178  11.302  23.877 0.0000000000
48763  35.362  10.560  23.810 0.0000000000
48764  34.900  10.675  24.128 0.0000000000
50583  32.957  8.363  26.970 0.0000000000
50584  33.039  8.840  26.574 0.0000000000
50585  33.267  8.130  26.478 0.0000000000
50586  33.640  7.905  26.009 0.0000000000
50587  33.568  7.403  26.404 0.0000000000
50644  35.278  3.562  31.246 0.0000000000
50645  35.052  3.788  31.807 0.0000000000
50646  34.631  4.118  31.304 0.0000000000
50647  34.031  4.798  31.371 0.0000000000
50648  34.221  4.498  30.821 0.0000000000
50649  33.887  4.886  30.293 0.0000000000
50650  34.474  4.223  30.266 0.0000000000
50651  37.970  3.159  27.173 0.0000000000
50652  37.119  3.422  27.108 0.0000000000
50653  37.655  3.415  26.704 0.0000000000
50654  37.396  3.710  26.232 0.0000000000
50655  38.224  3.458  26.308 0.0000000000
50656  38.695  3.548  25.883 0.0000000000
50657  38.986  3.338  26.350 0.0000000000
54030  38.015  8.821  22.483 0.0000000000
54031  38.640  8.609  22.202 0.0000000000
54032  38.452  8.124  22.394 0.0000000000
54033  39.480  6.311  22.433 0.0000000000
54034  39.555  6.781  22.139 0.0000000000
54035  40.106  6.169  22.097 0.0000000000
54040  39.906  4.766  23.255 0.0000000000
60183  32.352  9.733  29.049 0.0000000000
60184  32.334  10.144  28.632 0.0000000000
60185  32.370  9.376  28.524 0.0000000000
60186  32.452  8.996  28.017 0.0000000000
60187  32.458  8.574  28.471 0.0000000000
60247  36.762  2.592  31.163 0.0000000000
60248  37.139  2.483  30.619 0.0000000000
60249  36.702  2.772  30.139 0.0000000000
60250  37.603  2.446  30.147 0.0000000000
60254  38.688  2.785  28.150 0.0000000000
60255  39.611  2.746  28.251 0.0000000000
60256  40.008  2.877  27.798 0.0000000000
60257  40.404  2.753  28.347 0.0000000000
64170  40.202  12.766  21.400 0.0000000000
64171  40.817  12.455  21.279 0.0000000000
64172  40.503  12.044  21.407 0.0000000000
77167  37.171  10.721  22.740 0.0000000000
77168  37.412  10.045  22.662 0.0000000000
77169  36.866  10.158  22.918 0.0000000000
77170  35.936  9.167  23.639 0.0000000000
77171  36.443  9.099  23.348 0.0000000000
77172  36.268  8.536  23.600 0.0000000000
77173  36.634  7.921  23.548 0.0000000000
77174  36.136  7.976  23.840 0.0000000000
82625  33.678  13.064  25.344 0.0000000000
82627  33.700  12.332  25.286 0.0000000000
82628  32.593  11.480  27.361 0.0000000000
82629  32.770  11.948  26.942 0.0000000000
82630  32.736  11.172  26.862 0.0000000000
82631  33.358  9.813  25.836 0.0000000000
82632  33.223  10.619  25.935 0.0000000000
82633  33.573  10.323  25.508 0.0000000000
82634  33.819  10.797  25.172 0.0000000000
82635  33.961  10.078  25.112 0.0000000000
82636  34.422  9.790  24.673 0.0000000000
82637  34.184  9.355  24.985 0.0000000000
82638  34.656  7.419  25.179 0.0000000000
82639  34.792  7.919  24.866 0.0000000000
82640  35.192  7.263  24.812 0.0000000000
82641  35.776  7.080  24.423 0.0000000000
82642  35.636  6.615  24.743 0.0000000000
82812  34.733  4.358  32.932 0.0000000000
82813  35.141  3.981  33.308 0.0000000000
82814  34.625  4.758  33.428 0.0000000000
82816  34.200  5.582  33.523 0.0000000000
82818  33.904  5.979  33.050 0.0000000000
82819  33.216  6.395  31.407 0.0000000000
82824  32.575  8.273  30.464 0.0000000000
82825  32.726  7.294  30.449 0.0000000000
82826  33.365  5.762  29.293 0.0000000000
82827  32.932  6.606  29.365 0.0000000000
82828  33.198  6.287  28.784 0.0000000000
82829  33.039  6.797  28.318 0.0000000000
82830  33.498  6.022  28.231 0.0000000000
82831  35.874  3.344  29.089 0.0000000000
82832  35.105  3.800  29.150 0.0000000000
82833  35.571  3.634  28.559 0.0000000000
82834  35.551  4.288  27.076 0.0000000000
82835  35.032  4.422  27.548 0.0000000000
82836  34.856  4.891  27.116 0.0000000000
82837  34.259  5.492  27.183 0.0000000000
82838  34.718  5.356  26.688 0.0000000000
82839  34.619  5.860  26.277 0.0000000000
82840  35.220  5.180  26.252 0.0000000000
82841  37.046  4.453  25.327 0.0000000000
82842  36.329  4.961  25.376 0.0000000000
82843  36.950  4.862  24.935 0.0000000000
82844  36.867  5.301  24.664 0.0000000000
82845  37.578  4.794  24.602 0.0000000000
82846  38.112  4.801  24.243 0.0000000000
82847  38.211  4.418  24.571 0.0000000000
82848  39.721  3.689  25.098 0.0000000000
82849  39.542  3.883  24.662 0.0000000000
82853  40.830  3.151  26.982 0.0000000000
82854  40.507  3.250  26.442 0.0000000000
92322  37.684  7.821  22.940 0.0000000000
92323  38.334  7.624  22.621 0.0000000000
92324  38.239  7.129  22.877 0.0000000000
92325  38.850  6.450  22.807 0.0000000000
92326  39.515  5.847  22.679 0.0000000000
92328  39.359  5.527  22.963 0.0000000000
92329  39.258  5.171  23.253 0.0000000000
92330  39.201  4.834  23.569 0.0000000000
96013  32.406  11.254  29.214 0.0000000000
96014  32.404  10.885  29.672 0.0000000000
96015  32.367  10.085  29.600 0.0000000000
96016  32.381  9.336  29.526 0.0000000000
98406  39.648  11.899  21.710 0.0000000000
98407  40.272  11.608  21.496 0.0000000000
98408  40.006  11.163  21.610 0.0000000000
106205  36.332  10.277  23.206 0.0000000000
106206  35.825  10.435  23.510 0.0000000000
106207  35.620  9.852  23.717 0.0000000000
106208  35.435  9.242  23.953 0.0000000000
109480  33.222  12.848  26.169 0.0000000000
109481  32.620  9.904  27.148 0.0000000000
109482  32.771  10.385  26.742 0.0000000000
109483  32.874  9.586  26.657 0.0000000000
109484  33.174  9.331  26.181 0.0000000000
109485  33.545  9.093  25.736 0.0000000000
109486  33.981  8.852  25.299 0.0000000000
109487  33.793  8.388  25.650 0.0000000000
109488  34.129  7.662  25.586 0.0000000000
109489  34.543  6.962  25.540 0.0000000000
109591  35.925  3.037  32.660 0.0000000000
109592  35.513  3.423  32.307 0.0000000000
109593  34.871  4.050  32.391 0.0000000000
109594  34.284  4.755  32.479 0.0000000000
109595  33.829  5.597  32.511 0.0000000000
109596  33.917  5.158  31.953 0.0000000000
109597  33.577  5.568  31.440 0.0000000000
109598  33.264  6.004  30.889 0.0000000000
109599  32.989  6.428  30.362 0.0000000000
109600  33.410  5.640  30.331 0.0000000000
109601  33.622  5.320  29.778 0.0000000000
109602  33.875  5.062  29.233 0.0000000000
109603  36.884  3.152  28.065 0.0000000000
109604  36.072  3.517  28.034 0.0000000000
109605  36.598  3.439  27.517 0.0000000000
109606  36.318  3.789  27.075 0.0000000000
109607  36.082  4.172  26.629 0.0000000000
109608  35.885  4.589  26.228 0.0000000000
109609  36.622  4.104  26.196 0.0000000000
109610  37.185  4.066  25.756 0.0000000000
109611  37.799  4.052  25.372 0.0000000000
109612  38.292  4.092  24.978 0.0000000000
109613  38.468  3.788  25.420 0.0000000000
109614  39.192  3.605  25.485 0.0000000000
109615  39.964  3.525  25.512 0.0000000000
115578  38.538  9.874  22.163 0.0000000000
115579  39.126  9.661  21.894 0.0000000000
115580  38.858  9.138  22.007 0.0000000000
115581  39.290  8.421  21.856 0.0000000000
115583  38.997  7.425  22.260 0.0000000000
115584  39.642  7.279  21.878 0.0000000000
124190  32.634  12.528  27.965 0.0000000000
124191  32.501  11.775  27.862 0.0000000000
124192  32.424  11.043  27.791 0.0000000000
124193  32.358  10.921  28.714 0.0000000000
124194  32.351  10.587  28.221 0.0000000000
124195  32.435  10.249  27.687 0.0000000000
124196  32.510  9.446  27.580 0.0000000000
124197  32.654  8.670  27.493 0.0000000000
124198  32.927  7.897  27.381 0.0000000000
124282  35.995  3.038  31.219 0.0000000000
124283  35.535  3.367  30.712 0.0000000000
124284  35.148  3.690  30.191 0.0000000000
124285  35.883  3.192  30.144 0.0000000000
124286  36.271  3.044  29.618 0.0000000000
124287  36.741  2.947  29.091 0.0000000000
124288  38.089  2.434  29.676 0.0000000000
124289  37.671  2.654  29.124 0.0000000000
124290  37.255  2.894  28.595 0.0000000000
124291  37.756  2.916  28.118 0.0000000000
124292  38.266  2.952  27.648 0.0000000000
124293  38.892  2.997  27.224 0.0000000000
124294  39.341  3.114  26.809 0.0000000000
124295  39.662  2.974  27.281 0.0000000000
124296  40.412  3.001  27.373 0.0000000000
129666  40.872  13.548  21.149 0.0000000000
129668  41.150  12.835  21.178 0.0000000000
129671  40.841  11.319  21.337 0.0000000000
145799  40.658  14.155  21.014 0.0000000000
145800  40.297  13.763  21.226 0.0000000000
145802  39.664  12.959  21.604 0.0000000000
145804  39.108  13.152  21.787 0.0000000000
145805  39.366  12.500  21.766 0.0000000000
145806  39.107  12.037  21.913 0.0000000000
145807  38.856  11.554  22.081 0.0000000000
145808  38.601  11.035  22.217 0.0000000000
145815  37.789  11.835  22.505 0.0000000000
145816  38.063  11.153  22.431 0.0000000000
145817  38.313  10.498  22.307 0.0000000000
145818  37.970  9.956  22.409 0.0000000000
145819  37.700  9.411  22.566 0.0000000000
145820  37.483  8.880  22.764 0.0000000000
145821  36.610  9.621  23.131 0.0000000000
145822  36.938  8.977  23.059 0.0000000000
145823  37.282  8.397  22.998 0.0000000000
145824  37.135  7.862  23.249 0.0000000000
145825  37.066  7.324  23.495 0.0000000000
145826  37.032  6.763  23.740 0.0000000000
152397  34.348  11.758  24.573 0.0000000000
152398  32.874  12.680  27.004 0.0000000000
152399  32.970  12.403  26.515 0.0000000000
152400  33.158  12.128  26.101 0.0000000000
152401  32.948  10.918  26.388 0.0000000000
152402  33.163  11.363  26.035 0.0000000000
152403  33.417  11.832  25.664 0.0000000000
152404  33.748  11.579  25.221 0.0000000000
152405  34.070  11.253  24.883 0.0000000000
152406  34.471  10.969  24.494 0.0000000000
152407  34.663  10.217  24.378 0.0000000000
152408  34.916  9.515  24.282 0.0000000000
152409  35.173  8.827  24.264 0.0000000000
152410  34.452  8.603  24.904 0.0000000000
152411  34.972  8.381  24.555 0.0000000000
152412  35.533  8.158  24.195 0.0000000000
152413  35.945  7.532  24.126 0.0000000000
152414  36.389  6.935  24.078 0.0000000000
152415  36.870  6.365  24.035 0.0000000000
152626  33.588  6.405  32.562 0.0000000000
152633  32.456  8.784  29.989 0.0000000000
152634  32.414  8.374  29.471 0.0000000000
152635  32.799  6.919  29.890 0.0000000000
152636  32.626  7.429  29.383 0.0000000000
152637  32.547  8.001  28.943 0.0000000000
152638  32.730  7.641  28.397 0.0000000000
152639  32.954  7.359  27.829 0.0000000000
152640  33.255  7.056  27.318 0.0000000000
152641  34.782  3.999  29.715 0.0000000000
152642  34.426  4.388  29.207 0.0000000000
152643  34.187  4.830  28.683 0.0000000000
152644  35.281  4.005  28.061 0.0000000000
152645  34.579  4.609  28.113 0.0000000000
152646  33.988  5.284  28.209 0.0000000000
152647  33.829  5.742  27.714 0.0000000000
152648  33.699  6.224  27.246 0.0000000000
152649  33.624  6.767  26.818 0.0000000000
152650  34.064  6.534  26.342 0.0000000000
152651  34.555  6.414  25.908 0.0000000000
152652  35.106  6.217  25.500 0.0000000000
152653  35.753  5.058  25.808 0.0000000000
152654  35.707  5.544  25.439 0.0000000000
152655  35.677  6.052  25.070 0.0000000000
152656  36.225  5.897  24.692 0.0000000000
152657  36.848  5.809  24.338 0.0000000000
152658  37.492  5.718  23.980 0.0000000000
152659  38.044  5.212  23.941 0.0000000000
152660  38.646  4.815  23.886 0.0000000000
152661  39.233  4.490  23.892 0.0000000000
152662  38.852  4.097  24.619 0.0000000000
152663  39.377  4.163  24.261 0.0000000000
152668  39.787  3.237  26.385 0.0000000000
