#!ascii label  , from subject fsaverage vox2ras=TkReg
894
143  58.413  -40.097  14.157 0.0000000000
585  56.642  -44.022  20.651 0.0000000000
586  50.228  -44.287  17.734 0.0000000000
1301  51.315  -46.055  21.018 0.0000000000
1303  45.638  -44.891  16.141 0.0000000000
1322  62.144  -38.198  12.717 0.0000000000
1324  58.285  -37.990  10.207 0.0000000000
1326  54.646  -39.788  12.820 0.0000000000
1731  61.671  -40.636  15.980 0.0000000000
2393  57.435  -42.778  16.899 0.0000000000
2395  53.802  -44.050  19.191 0.0000000000
2396  54.052  -42.476  15.742 0.0000000000
2397  49.167  -42.370  14.920 0.0000000000
3242  60.403  -39.090  13.254 0.0000000000
3243  60.148  -37.766  11.326 0.0000000000
3244  58.325  -38.751  12.246 0.0000000000
3245  56.455  -38.746  11.498 0.0000000000
3246  56.680  -39.896  13.389 0.0000000000
3845  63.323  -39.174  15.668 0.0000000000
5337  58.372  -43.182  19.498 0.0000000000
5338  58.938  -42.697  17.440 0.0000000000
5339  57.070  -43.473  18.482 0.0000000000
5343  51.192  -45.489  19.204 0.0000000000
5344  52.370  -45.123  20.178 0.0000000000
5345  52.590  -44.289  18.479 0.0000000000
5346  54.034  -43.418  17.380 0.0000000000
5347  52.113  -43.366  16.722 0.0000000000
5348  51.791  -42.454  15.315 0.0000000000
5349  49.492  -43.193  16.276 0.0000000000
6952  48.626  -45.467  18.503 0.0000000000
6953  47.708  -44.267  17.018 0.0000000000
6955  44.391  -46.474  16.404 0.0000000000
6988  63.853  -37.161  12.384 0.0000000000
6990  61.951  -36.923  10.791 0.0000000000
6991  60.130  -37.074  9.297 0.0000000000
6994  55.878  -37.959  9.307 0.0000000000
6995  54.044  -38.614  10.826 0.0000000000
6996  52.089  -39.640  12.336 0.0000000000
7879  63.860  -38.373  14.151 0.0000000000
7880  62.266  -39.708  14.375 0.0000000000
7881  60.270  -40.743  14.964 0.0000000000
9736  59.650  -41.976  16.230 0.0000000000
9737  57.986  -41.689  15.772 0.0000000000
9740  54.609  -44.656  22.060 0.0000000000
9741  52.250  -45.787  22.022 0.0000000000
9742  53.187  -44.853  20.984 0.0000000000
9743  55.029  -44.133  19.876 0.0000000000
9744  55.530  -43.419  17.950 0.0000000000
9745  55.868  -42.540  16.517 0.0000000000
9746  56.137  -41.239  14.913 0.0000000000
9747  54.329  -41.328  14.290 0.0000000000
9748  51.908  -41.222  13.796 0.0000000000
9749  49.312  -41.234  13.371 0.0000000000
9750  47.205  -43.390  15.635 0.0000000000
9751  46.913  -42.620  14.326 0.0000000000
10922  59.357  -39.536  13.646 0.0000000000
10923  59.383  -38.811  12.728 0.0000000000
10924  58.343  -39.317  13.175 0.0000000000
10925  57.521  -39.259  12.761 0.0000000000
10926  57.493  -39.916  13.720 0.0000000000
13016  58.106  -43.515  20.640 0.0000000000
13017  57.408  -43.574  20.003 0.0000000000
13018  57.689  -43.306  18.891 0.0000000000
13019  56.876  -43.799  19.543 0.0000000000
13023  50.734  -44.943  18.479 0.0000000000
13024  51.891  -44.835  18.979 0.0000000000
13025  51.616  -44.339  18.041 0.0000000000
13026  52.400  -43.857  17.590 0.0000000000
13027  51.080  -43.767  17.230 0.0000000000
13028  50.782  -43.248  16.463 0.0000000000
13029  49.762  -43.676  16.992 0.0000000000
15431  44.578  -46.813  17.225 0.0000000000
15432  43.905  -47.408  16.505 0.0000000000
15433  43.965  -47.150  15.566 0.0000000000
15487  63.010  -37.768  12.501 0.0000000000
15488  62.910  -37.090  11.538 0.0000000000
15489  62.004  -37.513  11.790 0.0000000000
15490  59.251  -37.802  10.677 0.0000000000
15491  60.073  -37.328  10.305 0.0000000000
15492  59.163  -37.575  9.713 0.0000000000
15494  58.106  -37.684  9.144 0.0000000000
15496  57.146  -38.020  9.752 0.0000000000
15497  55.602  -39.211  12.166 0.0000000000
15498  55.266  -38.659  11.163 0.0000000000
15499  54.351  -39.124  11.899 0.0000000000
15500  53.062  -39.015  11.614 0.0000000000
15501  53.369  -39.741  12.580 0.0000000000
17295  64.395  -37.532  14.152 0.0000000000
17297  62.570  -39.965  15.825 0.0000000000
17298  62.929  -39.604  14.923 0.0000000000
17299  62.112  -40.330  15.137 0.0000000000
17300  61.301  -40.302  14.574 0.0000000000
17301  61.162  -40.968  15.410 0.0000000000
21775  58.247  -42.858  17.079 0.0000000000
21776  59.226  -42.370  16.733 0.0000000000
21777  58.528  -42.382  16.529 0.0000000000
21778  58.832  -41.903  16.038 0.0000000000
21779  57.729  -42.286  16.373 0.0000000000
21788  51.418  -46.348  21.939 0.0000000000
21789  51.979  -46.365  22.410 0.0000000000
21790  51.868  -45.916  21.517 0.0000000000
21791  53.061  -44.579  19.758 0.0000000000
21792  52.806  -44.966  20.631 0.0000000000
21793  53.485  -44.471  20.083 0.0000000000
21794  54.006  -44.410  20.526 0.0000000000
21795  54.368  -44.028  19.521 0.0000000000
21796  55.264  -43.742  18.871 0.0000000000
21797  54.619  -43.687  18.575 0.0000000000
21798  54.014  -42.958  16.498 0.0000000000
21799  54.933  -43.012  16.872 0.0000000000
21800  54.980  -42.475  16.138 0.0000000000
21801  55.927  -41.911  15.772 0.0000000000
21802  55.096  -41.898  15.385 0.0000000000
21803  55.247  -41.250  14.590 0.0000000000
21804  54.175  -41.943  15.022 0.0000000000
21805  50.506  -42.356  15.125 0.0000000000
21806  51.795  -41.902  14.553 0.0000000000
21807  50.479  -41.833  14.376 0.0000000000
21808  50.567  -41.218  13.608 0.0000000000
21809  49.201  -41.864  14.170 0.0000000000
21810  46.629  -44.516  16.633 0.0000000000
21811  47.347  -43.802  16.309 0.0000000000
21812  46.365  -44.062  15.953 0.0000000000
21990  63.132  -35.910  9.421 0.0000000000
24268  61.247  -38.597  12.957 0.0000000000
24269  61.155  -37.915  12.018 0.0000000000
24270  60.311  -38.377  12.277 0.0000000000
24271  59.256  -38.231  11.704 0.0000000000
24272  58.298  -38.294  11.238 0.0000000000
24273  57.350  -38.365  10.807 0.0000000000
24274  57.461  -38.794  11.825 0.0000000000
24275  56.616  -39.242  12.487 0.0000000000
24276  55.745  -39.855  13.088 0.0000000000
28040  59.505  -42.281  18.313 0.0000000000
28041  58.651  -42.904  18.440 0.0000000000
28042  57.997  -43.100  17.865 0.0000000000
28043  57.214  -43.175  17.608 0.0000000000
28049  51.325  -45.884  20.074 0.0000000000
28050  51.820  -45.625  20.618 0.0000000000
28051  51.869  -45.254  19.789 0.0000000000
28052  52.539  -44.658  19.344 0.0000000000
28053  53.240  -44.112  18.906 0.0000000000
28054  54.015  -43.732  18.339 0.0000000000
28055  53.304  -43.818  17.953 0.0000000000
28056  53.199  -43.439  17.028 0.0000000000
28057  53.037  -42.906  16.206 0.0000000000
28058  53.013  -42.494  15.492 0.0000000000
28059  51.910  -42.877  15.983 0.0000000000
28060  50.599  -42.786  15.773 0.0000000000
28061  49.304  -42.770  15.586 0.0000000000
31580  50.188  -45.948  19.557 0.0000000000
31581  49.880  -45.482  18.791 0.0000000000
31582  49.394  -44.836  18.126 0.0000000000
31583  48.954  -44.233  17.372 0.0000000000
31584  48.166  -44.870  17.728 0.0000000000
31585  46.918  -45.005  17.403 0.0000000000
31586  45.838  -45.241  16.933 0.0000000000
31588  45.131  -46.018  17.135 0.0000000000
31589  44.952  -45.658  16.298 0.0000000000
31590  44.342  -46.172  15.567 0.0000000000
31666  64.511  -36.377  12.342 0.0000000000
31667  64.604  -35.716  11.334 0.0000000000
31668  63.865  -36.496  11.380 0.0000000000
31669  63.062  -36.464  10.499 0.0000000000
31670  62.042  -36.403  9.657 0.0000000000
31671  60.978  -37.326  11.019 0.0000000000
31672  61.009  -36.869  9.995 0.0000000000
31673  61.161  -36.571  8.885 0.0000000000
31681  56.175  -38.315  10.450 0.0000000000
31682  55.001  -38.290  10.038 0.0000000000
31685  51.816  -39.012  11.397 0.0000000000
34002  64.792  -36.108  13.247 0.0000000000
34003  64.462  -37.032  13.226 0.0000000000
34004  63.852  -37.843  13.263 0.0000000000
34005  63.148  -38.507  13.379 0.0000000000
34006  63.673  -38.763  14.895 0.0000000000
34007  63.154  -39.121  14.183 0.0000000000
34008  62.231  -38.984  13.552 0.0000000000
34009  61.320  -39.445  13.843 0.0000000000
34010  60.356  -39.915  14.164 0.0000000000
34011  59.332  -40.395  14.547 0.0000000000
39445  60.200  -41.764  16.641 0.0000000000
39446  60.749  -41.414  16.035 0.0000000000
39447  59.999  -41.515  15.657 0.0000000000
39448  59.088  -41.181  15.364 0.0000000000
39449  58.208  -40.873  14.956 0.0000000000
39456  55.015  -44.513  23.489 0.0000000000
39457  55.364  -44.474  22.521 0.0000000000
39458  55.682  -44.360  21.440 0.0000000000
39461  52.425  -45.627  22.499 0.0000000000
39462  52.259  -45.421  21.101 0.0000000000
39463  52.620  -45.235  21.531 0.0000000000
39464  52.980  -45.143  22.006 0.0000000000
39465  53.811  -44.761  21.517 0.0000000000
39466  54.819  -44.427  20.973 0.0000000000
39467  55.928  -44.223  20.219 0.0000000000
39468  56.114  -43.879  19.240 0.0000000000
39469  56.271  -43.498  18.226 0.0000000000
39470  56.448  -43.148  17.356 0.0000000000
39471  54.810  -43.401  17.694 0.0000000000
39472  55.732  -43.070  17.151 0.0000000000
39473  56.720  -42.680  16.676 0.0000000000
39474  56.846  -42.072  16.134 0.0000000000
39475  57.085  -41.374  15.381 0.0000000000
39476  57.274  -40.598  14.510 0.0000000000
39477  56.400  -40.543  14.122 0.0000000000
39478  55.497  -40.547  13.843 0.0000000000
39479  54.516  -40.554  13.586 0.0000000000
39480  53.053  -41.992  14.784 0.0000000000
39481  53.184  -41.316  14.059 0.0000000000
39482  53.313  -40.477  13.340 0.0000000000
39483  52.005  -40.421  13.047 0.0000000000
39484  50.747  -40.404  12.814 0.0000000000
39486  48.589  -43.707  16.655 0.0000000000
39487  48.285  -43.240  15.997 0.0000000000
39488  48.067  -42.846  15.352 0.0000000000
39490  47.016  -43.032  14.995 0.0000000000
39491  47.969  -42.474  14.661 0.0000000000
39492  48.066  -41.951  13.872 0.0000000000
41642  58.856  -39.830  13.901 0.0000000000
41643  58.823  -39.380  13.402 0.0000000000
41644  58.341  -39.680  13.657 0.0000000000
41645  57.922  -39.615  13.429 0.0000000000
41646  57.934  -39.985  13.940 0.0000000000
43736  57.294  -43.767  20.595 0.0000000000
43737  57.058  -43.820  20.323 0.0000000000
43738  57.154  -43.646  19.748 0.0000000000
43739  56.798  -43.935  20.095 0.0000000000
43743  50.472  -44.622  18.101 0.0000000000
43744  51.222  -44.652  18.313 0.0000000000
43745  50.934  -44.326  17.889 0.0000000000
43746  51.324  -44.043  17.611 0.0000000000
43747  50.641  -44.011  17.485 0.0000000000
43748  50.412  -43.708  17.128 0.0000000000
43749  49.974  -43.960  17.367 0.0000000000
46151  43.921  -47.531  16.964 0.0000000000
46153  43.718  -47.785  16.132 0.0000000000
46207  62.560  -38.022  12.624 0.0000000000
46208  62.505  -37.662  12.144 0.0000000000
46209  62.067  -37.862  12.265 0.0000000000
46210  58.756  -37.901  10.433 0.0000000000
46211  59.205  -37.690  10.190 0.0000000000
46212  58.721  -37.794  9.937 0.0000000000
46213  58.672  -37.692  9.439 0.0000000000
46214  58.224  -37.857  9.688 0.0000000000
46215  57.626  -37.849  9.425 0.0000000000
46216  57.751  -38.022  9.979 0.0000000000
46217  55.105  -39.507  12.513 0.0000000000
46218  54.985  -39.174  12.057 0.0000000000
46219  54.468  -39.461  12.375 0.0000000000
46220  53.805  -39.416  12.244 0.0000000000
46221  54.001  -39.762  12.689 0.0000000000
48017  62.103  -40.313  15.912 0.0000000000
48018  62.308  -40.132  15.458 0.0000000000
48019  61.832  -40.498  15.555 0.0000000000
48020  61.624  -40.665  15.269 0.0000000000
48021  61.463  -40.863  15.659 0.0000000000
52495  57.837  -42.822  16.997 0.0000000000
52496  58.374  -42.629  16.752 0.0000000000
52497  57.985  -42.596  16.695 0.0000000000
52498  58.142  -42.366  16.475 0.0000000000
52499  57.589  -42.558  16.612 0.0000000000
52508  51.395  -46.110  21.471 0.0000000000
52509  51.663  -46.125  21.710 0.0000000000
52510  51.568  -45.952  21.224 0.0000000000
52511  53.441  -44.296  19.491 0.0000000000
52512  53.317  -44.562  19.926 0.0000000000
52513  53.645  -44.264  19.651 0.0000000000
52514  53.900  -44.230  19.804 0.0000000000
52515  54.057  -44.021  19.367 0.0000000000
52516  54.488  -43.836  19.039 0.0000000000
52517  54.257  -43.852  18.925 0.0000000000
52518  54.040  -42.741  16.107 0.0000000000
52519  54.511  -42.720  16.299 0.0000000000
52520  54.517  -42.460  15.921 0.0000000000
52521  55.022  -42.200  15.781 0.0000000000
52522  54.565  -42.191  15.564 0.0000000000
52523  54.646  -41.911  15.188 0.0000000000
52524  54.112  -42.203  15.379 0.0000000000
52525  49.837  -42.345  15.022 0.0000000000
52526  50.484  -42.110  14.754 0.0000000000
52527  49.818  -42.087  14.669 0.0000000000
52528  49.843  -41.841  14.279 0.0000000000
52529  49.176  -42.120  14.551 0.0000000000
52530  46.120  -44.674  16.394 0.0000000000
52531  46.463  -44.288  16.265 0.0000000000
52532  45.971  -44.455  16.016 0.0000000000
52710  62.669  -35.995  8.935 0.0000000000
52711  63.231  -35.721  8.867 0.0000000000
55807  60.838  -38.844  13.102 0.0000000000
55808  60.794  -38.478  12.621 0.0000000000
55809  60.348  -38.714  12.786 0.0000000000
55810  58.837  -38.773  12.470 0.0000000000
55811  59.299  -38.528  12.222 0.0000000000
55812  58.780  -38.500  11.973 0.0000000000
55813  58.782  -38.210  11.466 0.0000000000
55814  58.315  -38.482  11.763 0.0000000000
55815  57.877  -38.542  11.538 0.0000000000
55816  57.904  -38.779  12.030 0.0000000000
55817  57.110  -39.578  13.074 0.0000000000
55818  57.074  -39.266  12.615 0.0000000000
55819  56.676  -39.573  12.944 0.0000000000
55820  56.197  -39.531  12.794 0.0000000000
55821  56.243  -39.886  13.229 0.0000000000
62088  58.227  -43.364  20.080 0.0000000000
62089  58.581  -43.218  20.424 0.0000000000
62090  58.696  -43.081  19.868 0.0000000000
62091  59.124  -42.716  19.810 0.0000000000
62092  58.840  -42.890  19.351 0.0000000000
62093  58.990  -42.743  18.816 0.0000000000
62094  58.530  -43.035  18.946 0.0000000000
62095  57.402  -43.399  18.683 0.0000000000
62096  57.848  -43.204  18.385 0.0000000000
62097  57.539  -43.291  18.193 0.0000000000
62098  57.630  -43.166  17.745 0.0000000000
62099  57.146  -43.320  18.066 0.0000000000
62108  51.248  -45.701  19.655 0.0000000000
62109  51.587  -45.583  19.957 0.0000000000
62110  51.580  -45.369  19.523 0.0000000000
62111  52.262  -44.564  18.712 0.0000000000
62112  52.236  -44.743  19.148 0.0000000000
62113  52.585  -44.449  18.911 0.0000000000
62114  52.882  -44.363  19.154 0.0000000000
62115  52.901  -44.174  18.737 0.0000000000
62116  53.280  -43.969  18.441 0.0000000000
62117  52.916  -44.034  18.253 0.0000000000
62118  52.254  -43.613  17.152 0.0000000000
62119  52.769  -43.620  17.324 0.0000000000
62120  52.681  -43.413  16.864 0.0000000000
62121  53.100  -43.174  16.598 0.0000000000
62122  52.560  -43.172  16.441 0.0000000000
62123  52.509  -42.922  16.070 0.0000000000
62124  51.990  -43.110  16.320 0.0000000000
62125  50.149  -43.210  16.385 0.0000000000
62126  50.685  -43.007  16.111 0.0000000000
62127  50.051  -42.977  16.022 0.0000000000
62128  49.946  -42.767  15.674 0.0000000000
62129  49.411  -42.962  15.928 0.0000000000
69316  50.343  -46.074  20.009 0.0000000000
69318  48.777  -45.720  18.908 0.0000000000
69319  49.377  -45.701  19.015 0.0000000000
69320  49.275  -45.489  18.677 0.0000000000
69321  49.668  -45.181  18.495 0.0000000000
69322  49.048  -45.179  18.309 0.0000000000
69323  48.794  -44.831  17.910 0.0000000000
69324  48.418  -45.167  18.108 0.0000000000
69326  47.093  -45.205  17.776 0.0000000000
69327  46.529  -45.324  17.571 0.0000000000
69328  46.355  -45.118  17.214 0.0000000000
69329  45.972  -45.447  17.312 0.0000000000
69333  44.481  -46.650  16.823 0.0000000000
69335  44.737  -46.239  16.779 0.0000000000
69336  45.034  -45.843  16.717 0.0000000000
69337  44.662  -46.083  16.327 0.0000000000
69338  44.624  -45.900  15.941 0.0000000000
69339  44.370  -46.339  15.960 0.0000000000
69341  44.035  -47.043  15.103 0.0000000000
69502  64.170  -36.813  12.372 0.0000000000
69503  64.194  -36.456  11.866 0.0000000000
69504  63.822  -36.819  11.905 0.0000000000
69505  62.437  -37.028  11.166 0.0000000000
69506  62.980  -36.779  11.023 0.0000000000
69507  62.497  -36.710  10.648 0.0000000000
69508  62.566  -36.397  10.112 0.0000000000
69509  62.010  -36.649  10.254 0.0000000000
69510  60.631  -37.799  11.644 0.0000000000
69511  61.059  -37.613  11.549 0.0000000000
69512  60.572  -37.535  11.195 0.0000000000
69513  60.061  -37.207  9.837 0.0000000000
69514  60.491  -37.102  10.132 0.0000000000
69515  60.545  -36.974  9.641 0.0000000000
69516  61.069  -36.727  9.426 0.0000000000
69517  60.653  -36.841  9.063 0.0000000000
69519  60.177  -36.905  8.737 0.0000000000
69527  56.304  -37.776  8.945 0.0000000000
69529  55.675  -37.764  8.733 0.0000000000
69531  55.246  -37.948  9.090 0.0000000000
69532  56.916  -38.568  11.138 0.0000000000
69533  56.790  -38.362  10.621 0.0000000000
69534  56.332  -38.535  10.984 0.0000000000
69535  54.661  -38.622  10.981 0.0000000000
69536  55.140  -38.462  10.598 0.0000000000
69537  54.549  -38.426  10.412 0.0000000000
69538  54.328  -38.262  9.856 0.0000000000
69539  53.866  -38.411  10.246 0.0000000000
69541  53.387  -38.585  10.678 0.0000000000
69542  52.589  -39.316  12.000 0.0000000000
69543  52.426  -39.021  11.488 0.0000000000
69544  51.979  -39.317  11.862 0.0000000000
69545  51.336  -39.330  11.749 0.0000000000
69546  51.458  -39.642  12.189 0.0000000000
74925  64.645  -36.564  13.244 0.0000000000
74926  64.643  -36.852  13.654 0.0000000000
74927  64.145  -37.960  14.174 0.0000000000
74928  64.171  -37.739  13.693 0.0000000000
74929  63.872  -38.129  13.734 0.0000000000
74930  63.519  -38.201  13.316 0.0000000000
74931  63.541  -38.502  13.744 0.0000000000
74934  63.516  -38.989  15.269 0.0000000000
74935  62.670  -39.690  14.645 0.0000000000
74936  63.089  -39.386  14.539 0.0000000000
74937  62.730  -39.418  14.273 0.0000000000
74938  62.753  -39.142  13.888 0.0000000000
74939  62.259  -39.375  14.007 0.0000000000
74940  61.785  -39.215  13.709 0.0000000000
74941  61.769  -39.621  14.123 0.0000000000
74942  60.805  -40.515  14.754 0.0000000000
74943  60.851  -40.116  14.389 0.0000000000
74944  60.302  -40.321  14.558 0.0000000000
74945  59.835  -40.138  14.340 0.0000000000
74946  59.802  -40.569  14.779 0.0000000000
88365  59.210  -42.482  17.838 0.0000000000
88366  59.651  -42.144  17.808 0.0000000000
88367  59.347  -42.347  17.324 0.0000000000
88368  59.456  -42.150  16.483 0.0000000000
88369  59.748  -42.072  16.681 0.0000000000
88370  59.990  -41.920  16.407 0.0000000000
88371  60.509  -41.621  16.343 0.0000000000
88372  60.228  -41.778  16.142 0.0000000000
88373  60.432  -41.565  15.859 0.0000000000
88374  59.848  -41.807  15.984 0.0000000000
88375  58.418  -41.844  15.940 0.0000000000
88376  58.974  -41.581  15.719 0.0000000000
88377  58.527  -41.437  15.560 0.0000000000
88378  58.643  -41.020  15.166 0.0000000000
88379  58.094  -41.292  15.369 0.0000000000
88398  54.477  -44.711  22.602 0.0000000000
88399  54.839  -44.593  22.835 0.0000000000
88400  54.977  -44.560  22.317 0.0000000000
88401  55.488  -44.407  21.999 0.0000000000
88402  55.137  -44.517  21.764 0.0000000000
88406  52.131  -46.117  22.175 0.0000000000
88407  52.136  -46.313  22.646 0.0000000000
88408  52.230  -45.983  22.455 0.0000000000
88409  52.313  -45.871  22.715 0.0000000000
88410  52.354  -45.699  22.245 0.0000000000
88411  52.078  -45.359  20.407 0.0000000000
88412  52.073  -45.524  20.835 0.0000000000
88413  52.320  -45.291  20.637 0.0000000000
88414  52.988  -44.879  20.828 0.0000000000
88415  52.708  -45.108  21.071 0.0000000000
88416  52.863  -45.032  21.261 0.0000000000
88417  52.767  -45.195  21.770 0.0000000000
88418  53.074  -44.990  21.478 0.0000000000
88419  53.361  -44.941  21.745 0.0000000000
88420  53.458  -44.808  21.231 0.0000000000
88421  54.492  -44.279  20.245 0.0000000000
88422  54.408  -44.426  20.754 0.0000000000
88423  54.923  -44.302  20.425 0.0000000000
88424  55.388  -44.340  20.617 0.0000000000
88425  55.489  -44.194  20.064 0.0000000000
88426  56.032  -44.073  19.719 0.0000000000
88427  55.595  -44.013  19.583 0.0000000000
88428  55.403  -43.555  18.385 0.0000000000
88429  55.775  -43.641  18.543 0.0000000000
88430  55.886  -43.469  18.075 0.0000000000
88431  56.351  -43.342  17.782 0.0000000000
88432  56.009  -43.301  17.638 0.0000000000
88433  54.021  -43.584  17.864 0.0000000000
88434  54.388  -43.557  17.999 0.0000000000
88435  54.431  -43.401  17.536 0.0000000000
88436  55.424  -42.777  16.699 0.0000000000
88437  55.338  -43.045  17.046 0.0000000000
88438  55.806  -42.827  16.818 0.0000000000
88439  56.207  -42.873  16.894 0.0000000000
88440  56.327  -42.625  16.580 0.0000000000
88441  56.824  -42.380  16.391 0.0000000000
88442  56.379  -42.365  16.272 0.0000000000
88443  56.045  -41.578  15.342 0.0000000000
88444  56.552  -41.626  15.546 0.0000000000
88445  56.609  -41.281  15.139 0.0000000000
88446  57.176  -40.981  14.952 0.0000000000
88447  56.706  -40.901  14.721 0.0000000000
88448  56.830  -40.564  14.307 0.0000000000
88449  56.287  -40.885  14.504 0.0000000000
88450  54.793  -41.301  14.451 0.0000000000
88451  55.355  -40.893  14.221 0.0000000000
88452  54.886  -40.958  14.074 0.0000000000
88453  55.019  -40.597  13.707 0.0000000000
88454  54.404  -40.975  13.926 0.0000000000
88455  52.458  -42.459  15.402 0.0000000000
88456  53.028  -42.251  15.135 0.0000000000
88457  52.385  -42.242  15.044 0.0000000000
88458  51.833  -41.582  14.180 0.0000000000
88459  52.492  -41.649  14.307 0.0000000000
88460  52.564  -41.289  13.932 0.0000000000
88461  53.249  -40.897  13.698 0.0000000000
88462  52.635  -40.852  13.562 0.0000000000
88463  52.663  -40.436  13.195 0.0000000000
88464  51.991  -40.836  13.416 0.0000000000
88465  49.932  -41.210  13.493 0.0000000000
88466  50.650  -40.813  13.192 0.0000000000
88467  49.994  -40.829  13.072 0.0000000000
88469  49.386  -40.860  12.938 0.0000000000
88470  48.325  -44.229  17.170 0.0000000000
88471  48.730  -43.955  16.994 0.0000000000
88472  48.129  -43.957  16.806 0.0000000000
88473  47.264  -43.597  15.975 0.0000000000
88474  47.830  -43.508  16.165 0.0000000000
88475  47.725  -43.299  15.828 0.0000000000
88476  48.173  -43.029  15.668 0.0000000000
88477  47.619  -43.090  15.503 0.0000000000
88483  46.914  -42.826  14.657 0.0000000000
88484  47.467  -42.749  14.853 0.0000000000
88485  47.428  -42.558  14.508 0.0000000000
88486  48.021  -42.215  14.256 0.0000000000
88487  47.470  -42.297  14.127 0.0000000000
89010  64.381  -35.811  10.805 0.0000000000
93388  59.903  -39.310  13.441 0.0000000000
93389  59.887  -38.932  12.967 0.0000000000
93390  59.362  -39.129  13.187 0.0000000000
93391  58.876  -39.047  12.948 0.0000000000
93392  58.362  -39.004  12.718 0.0000000000
93393  57.914  -38.962  12.521 0.0000000000
93394  57.933  -39.277  12.955 0.0000000000
93395  57.529  -39.572  13.200 0.0000000000
93396  57.100  -39.899  13.549 0.0000000000
97158  57.738  -43.582  20.325 0.0000000000
97159  57.863  -43.412  19.764 0.0000000000
97160  58.010  -43.252  19.195 0.0000000000
97161  57.544  -43.431  19.455 0.0000000000
97162  57.277  -43.529  19.210 0.0000000000
97163  56.966  -43.631  19.013 0.0000000000
97169  50.984  -45.214  18.839 0.0000000000
97170  51.586  -45.136  19.112 0.0000000000
97171  51.385  -44.904  18.718 0.0000000000
97172  51.783  -44.610  18.527 0.0000000000
97173  52.156  -44.319  18.228 0.0000000000
97174  52.503  -44.079  18.051 0.0000000000
97175  52.013  -44.087  17.809 0.0000000000
97176  51.764  -43.828  17.422 0.0000000000
97177  51.580  -43.559  16.983 0.0000000000
97178  51.445  -43.297  16.578 0.0000000000
97179  50.880  -43.489  16.800 0.0000000000
97180  50.252  -43.446  16.732 0.0000000000
97181  49.577  -43.394  16.620 0.0000000000
101498  48.002  -45.451  18.260 0.0000000000
101504  44.261  -47.214  17.313 0.0000000000
101505  44.216  -47.077  16.866 0.0000000000
101506  44.169  -46.929  16.437 0.0000000000
101507  44.155  -46.799  15.990 0.0000000000
101508  43.936  -47.278  16.044 0.0000000000
101509  43.744  -47.647  15.651 0.0000000000
101605  63.452  -37.484  12.424 0.0000000000
101606  63.443  -37.147  11.952 0.0000000000
101607  63.006  -37.459  12.006 0.0000000000
101608  62.458  -37.333  11.646 0.0000000000
101609  61.949  -37.213  11.289 0.0000000000
101610  59.685  -37.783  10.984 0.0000000000
101611  60.114  -37.521  10.839 0.0000000000
101612  59.678  -37.565  10.485 0.0000000000
101613  59.630  -37.435  10.006 0.0000000000
101614  59.628  -37.335  9.513 0.0000000000
101615  59.656  -37.170  8.959 0.0000000000
101616  59.139  -37.448  9.192 0.0000000000
101621  56.975  -37.819  9.186 0.0000000000
101622  56.501  -37.980  9.527 0.0000000000
101623  56.053  -38.954  11.826 0.0000000000
101624  55.873  -38.708  11.355 0.0000000000
101625  55.447  -38.911  11.713 0.0000000000
101626  54.825  -38.872  11.533 0.0000000000
101627  54.212  -38.823  11.357 0.0000000000
101628  53.547  -38.809  11.222 0.0000000000
101629  53.735  -39.043  11.746 0.0000000000
101630  53.225  -39.340  12.124 0.0000000000
101631  52.739  -39.677  12.475 0.0000000000
104858  64.657  -36.846  14.513 0.0000000000
104859  64.611  -37.079  14.088 0.0000000000
104860  64.549  -37.319  14.540 0.0000000000
104861  64.393  -37.809  14.526 0.0000000000
104862  64.137  -38.185  14.503 0.0000000000
104863  62.955  -39.569  15.729 0.0000000000
104864  63.128  -39.404  15.271 0.0000000000
104865  62.764  -39.763  15.361 0.0000000000
104866  62.538  -39.963  15.012 0.0000000000
104867  62.190  -40.048  14.734 0.0000000000
104868  61.731  -40.059  14.443 0.0000000000
104869  61.732  -40.388  14.851 0.0000000000
104870  61.268  -40.694  14.995 0.0000000000
104871  60.778  -40.933  15.166 0.0000000000
112923  58.614  -42.823  17.227 0.0000000000
112924  59.043  -42.535  17.053 0.0000000000
112925  58.726  -42.631  16.873 0.0000000000
112926  58.906  -42.389  16.615 0.0000000000
112927  59.081  -42.165  16.381 0.0000000000
112928  59.243  -41.988  16.139 0.0000000000
112929  58.668  -42.141  16.311 0.0000000000
112930  58.272  -42.107  16.222 0.0000000000
112931  57.855  -42.031  16.120 0.0000000000
112945  54.099  -44.837  22.294 0.0000000000
112946  51.482  -46.588  22.377 0.0000000000
112947  51.789  -46.580  22.617 0.0000000000
112948  51.726  -46.348  22.161 0.0000000000
112949  51.931  -46.127  21.968 0.0000000000
112950  52.084  -45.874  21.751 0.0000000000
112951  52.691  -44.861  19.972 0.0000000000
112952  52.594  -45.085  20.437 0.0000000000
112953  52.888  -44.825  20.165 0.0000000000
112954  53.121  -44.717  20.364 0.0000000000
112955  53.310  -44.665  20.529 0.0000000000
112956  53.578  -44.647  20.740 0.0000000000
112957  53.735  -44.430  20.276 0.0000000000
112958  54.196  -44.236  20.004 0.0000000000
112959  54.661  -44.058  19.693 0.0000000000
112960  55.140  -43.908  19.362 0.0000000000
112961  54.776  -43.835  19.175 0.0000000000
112962  54.921  -43.685  18.695 0.0000000000
112963  55.045  -43.536  18.267 0.0000000000
112964  54.010  -43.210  16.926 0.0000000000
112965  54.437  -43.217  17.094 0.0000000000
112966  54.458  -42.972  16.675 0.0000000000
112967  55.001  -42.760  16.497 0.0000000000
112968  55.417  -42.486  16.353 0.0000000000
112969  55.898  -42.257  16.141 0.0000000000
112970  55.421  -42.195  15.972 0.0000000000
112971  55.518  -41.881  15.569 0.0000000000
112972  55.597  -41.544  15.140 0.0000000000
112973  55.718  -41.220  14.730 0.0000000000
112974  55.160  -41.570  14.966 0.0000000000
112975  54.718  -41.614  14.812 0.0000000000
112976  54.264  -41.671  14.665 0.0000000000
112977  51.151  -42.404  15.219 0.0000000000
112978  51.748  -42.216  14.949 0.0000000000
112979  51.135  -42.164  14.851 0.0000000000
112980  51.145  -41.864  14.468 0.0000000000
112981  51.124  -41.551  14.089 0.0000000000
112982  51.218  -41.214  13.707 0.0000000000
112983  50.511  -41.547  13.995 0.0000000000
112984  49.881  -41.574  13.897 0.0000000000
112985  49.257  -41.569  13.780 0.0000000000
112986  47.127  -44.382  16.830 0.0000000000
112987  47.522  -44.023  16.649 0.0000000000
112988  46.938  -44.136  16.460 0.0000000000
112989  46.841  -43.923  16.125 0.0000000000
112990  46.765  -43.707  15.786 0.0000000000
112995  46.432  -42.710  14.154 0.0000000000
112996  46.930  -42.368  14.014 0.0000000000
112997  46.460  -42.490  13.778 0.0000000000
113310  63.593  -35.936  9.854 0.0000000000
118066  61.696  -38.383  12.832 0.0000000000
118067  61.663  -38.051  12.366 0.0000000000
118068  61.222  -38.231  12.487 0.0000000000
118069  60.733  -38.125  12.134 0.0000000000
118070  60.233  -38.023  11.777 0.0000000000
118071  59.854  -38.590  12.500 0.0000000000
118072  59.774  -38.276  11.981 0.0000000000
118073  59.723  -38.006  11.466 0.0000000000
118074  59.233  -37.993  11.196 0.0000000000
118075  58.745  -38.018  10.908 0.0000000000
118076  58.275  -38.115  10.707 0.0000000000
118077  57.792  -38.147  10.494 0.0000000000
118078  57.833  -38.350  11.026 0.0000000000
118079  57.424  -38.546  11.319 0.0000000000
118080  57.001  -38.761  11.640 0.0000000000
118081  57.481  -39.013  12.322 0.0000000000
118082  57.014  -39.008  12.159 0.0000000000
118083  56.573  -38.988  11.974 0.0000000000
118084  56.167  -39.214  12.303 0.0000000000
118085  55.675  -39.520  12.640 0.0000000000
118086  55.220  -39.841  12.972 0.0000000000
120606  61.954  -40.472  16.355 0.0000000000
126868  59.092  -42.610  18.325 0.0000000000
126869  58.812  -42.815  17.916 0.0000000000
126870  58.174  -43.140  18.646 0.0000000000
126871  58.326  -43.028  18.130 0.0000000000
126872  58.495  -42.945  17.621 0.0000000000
126873  58.138  -43.011  17.451 0.0000000000
126874  57.758  -43.052  17.328 0.0000000000
126875  57.310  -43.003  17.214 0.0000000000
126887  51.306  -45.997  20.570 0.0000000000
126888  51.558  -45.862  20.799 0.0000000000
126889  51.557  -45.733  20.378 0.0000000000
126890  51.823  -45.458  20.195 0.0000000000
126891  52.123  -45.181  19.964 0.0000000000
126892  51.903  -45.040  19.359 0.0000000000
126893  52.199  -44.957  19.538 0.0000000000
126894  52.457  -44.895  19.716 0.0000000000
126895  52.822  -44.612  19.582 0.0000000000
126896  53.182  -44.289  19.354 0.0000000000
126897  53.559  -44.076  19.024 0.0000000000
126898  53.993  -43.889  18.751 0.0000000000
126899  53.615  -43.927  18.604 0.0000000000
126900  53.642  -43.774  18.162 0.0000000000
126901  53.637  -43.634  17.709 0.0000000000
126902  52.862  -43.832  17.778 0.0000000000
126903  53.239  -43.632  17.498 0.0000000000
126904  53.620  -43.436  17.216 0.0000000000
126905  53.571  -43.215  16.753 0.0000000000
126906  53.555  -42.933  16.353 0.0000000000
126907  53.551  -42.733  15.961 0.0000000000
126908  53.558  -42.508  15.605 0.0000000000
126909  53.020  -42.723  15.832 0.0000000000
126910  52.469  -42.693  15.740 0.0000000000
126911  51.866  -42.646  15.655 0.0000000000
126912  51.339  -43.055  16.220 0.0000000000
126913  51.263  -42.825  15.887 0.0000000000
126914  51.209  -42.606  15.567 0.0000000000
126915  50.550  -42.572  15.456 0.0000000000
126916  49.878  -42.572  15.359 0.0000000000
126917  49.224  -42.585  15.255 0.0000000000
136163  56.500  -44.066  21.242 0.0000000000
136172  51.142  -46.567  22.182 0.0000000000
136183  50.979  -46.194  20.795 0.0000000000
136184  50.929  -46.065  20.270 0.0000000000
136185  50.869  -45.958  19.788 0.0000000000
136186  50.699  -45.761  19.367 0.0000000000
136187  49.519  -45.913  19.383 0.0000000000
136188  50.037  -45.734  19.168 0.0000000000
136189  50.552  -45.505  18.973 0.0000000000
136190  50.350  -45.236  18.610 0.0000000000
136191  50.048  -44.899  18.302 0.0000000000
136192  49.788  -44.579  17.935 0.0000000000
136193  49.576  -44.247  17.597 0.0000000000
136194  49.182  -44.529  17.758 0.0000000000
136195  48.554  -44.514  17.549 0.0000000000
136196  47.926  -44.553  17.369 0.0000000000
136197  47.754  -45.179  17.919 0.0000000000
136198  47.523  -44.923  17.548 0.0000000000
136199  47.322  -44.656  17.183 0.0000000000
136200  46.763  -44.764  17.004 0.0000000000
136201  46.240  -44.871  16.789 0.0000000000
136202  45.742  -45.059  16.529 0.0000000000
136209  45.469  -45.625  17.051 0.0000000000
136210  45.360  -45.435  16.653 0.0000000000
136211  45.288  -45.275  16.248 0.0000000000
136212  44.913  -45.498  15.905 0.0000000000
136213  44.599  -45.758  15.551 0.0000000000
136215  44.143  -46.667  15.527 0.0000000000
136216  44.206  -46.554  15.115 0.0000000000
136420  64.739  -35.954  12.332 0.0000000000
136421  64.788  -35.618  11.851 0.0000000000
136422  64.545  -36.029  11.841 0.0000000000
136423  64.262  -36.107  11.345 0.0000000000
136424  63.982  -36.165  10.857 0.0000000000
136425  63.394  -36.795  11.462 0.0000000000
136426  63.502  -36.496  10.921 0.0000000000
136427  63.563  -36.214  10.379 0.0000000000
136428  63.093  -36.179  9.961 0.0000000000
136429  62.617  -36.184  9.508 0.0000000000
136430  62.109  -36.230  9.072 0.0000000000
136431  61.575  -37.726  11.912 0.0000000000
136432  61.499  -37.409  11.421 0.0000000000
136433  61.427  -37.125  10.906 0.0000000000
136434  60.516  -37.296  10.650 0.0000000000
136435  60.966  -37.062  10.505 0.0000000000
136436  61.481  -36.830  10.398 0.0000000000
136437  61.516  -36.641  9.826 0.0000000000
136438  61.564  -36.448  9.260 0.0000000000
136459  57.252  -38.186  10.295 0.0000000000
136460  56.666  -38.166  10.103 0.0000000000
136461  56.067  -38.149  9.907 0.0000000000
136462  55.721  -38.499  10.790 0.0000000000
136463  55.617  -38.310  10.237 0.0000000000
136464  55.445  -38.131  9.677 0.0000000000
136465  54.776  -38.113  9.481 0.0000000000
136471  52.896  -38.778  11.094 0.0000000000
136472  52.296  -38.755  10.986 0.0000000000
136474  51.196  -39.024  11.286 0.0000000000
143094  64.840  -35.830  12.795 0.0000000000
143095  64.704  -36.262  12.813 0.0000000000
143096  64.447  -36.721  12.801 0.0000000000
143097  64.156  -37.127  12.809 0.0000000000
143098  64.437  -37.309  13.661 0.0000000000
143099  64.165  -37.452  13.233 0.0000000000
143100  63.811  -37.487  12.839 0.0000000000
143101  63.434  -37.814  12.864 0.0000000000
143102  63.046  -38.118  12.958 0.0000000000
143103  62.633  -38.366  13.041 0.0000000000
143106  63.810  -38.566  14.499 0.0000000000
143107  63.312  -39.210  14.883 0.0000000000
143108  63.457  -38.964  14.514 0.0000000000
143109  63.538  -38.785  14.113 0.0000000000
143110  63.164  -38.849  13.779 0.0000000000
143111  62.676  -38.745  13.420 0.0000000000
143112  62.178  -38.575  13.111 0.0000000000
143113  61.750  -38.801  13.265 0.0000000000
143114  61.313  -39.025  13.406 0.0000000000
143115  60.886  -39.256  13.552 0.0000000000
143116  61.294  -39.879  14.244 0.0000000000
143117  60.867  -39.692  14.001 0.0000000000
143118  60.451  -39.504  13.713 0.0000000000
143119  59.863  -39.711  13.884 0.0000000000
143120  59.347  -39.979  14.116 0.0000000000
143121  58.872  -40.245  14.350 0.0000000000
159287  61.402  -40.818  16.287 0.0000000000
159291  59.533  -42.220  16.989 0.0000000000
159294  60.721  -41.434  16.633 0.0000000000
159295  60.992  -41.219  16.278 0.0000000000
159296  61.203  -41.019  15.980 0.0000000000
159297  60.974  -41.251  15.758 0.0000000000
159298  60.608  -41.254  15.524 0.0000000000
159299  60.157  -41.166  15.321 0.0000000000
159300  59.404  -41.701  15.840 0.0000000000
159301  59.546  -41.381  15.511 0.0000000000
159302  59.680  -40.972  15.161 0.0000000000
159303  59.215  -40.790  14.969 0.0000000000
159304  58.767  -40.621  14.731 0.0000000000
159305  58.317  -40.473  14.544 0.0000000000
159326  55.507  -44.356  23.156 0.0000000000
159328  55.202  -44.496  23.016 0.0000000000
159329  55.714  -44.358  22.692 0.0000000000
159331  56.017  -44.217  21.639 0.0000000000
159332  56.172  -44.195  21.027 0.0000000000
159340  52.383  -45.784  23.031 0.0000000000
159341  52.544  -45.516  22.835 0.0000000000
159342  51.828  -45.769  21.042 0.0000000000
159343  52.065  -45.698  21.285 0.0000000000
159344  52.248  -45.601  21.550 0.0000000000
159345  52.523  -45.211  20.868 0.0000000000
159346  52.453  -45.342  21.328 0.0000000000
159347  52.412  -45.507  21.792 0.0000000000
159348  52.528  -45.443  22.018 0.0000000000
159349  52.654  -45.380  22.293 0.0000000000
159351  53.242  -45.052  22.297 0.0000000000
159352  53.715  -44.906  22.006 0.0000000000
159353  54.222  -44.736  21.777 0.0000000000
159354  53.933  -44.593  21.026 0.0000000000
159355  54.344  -44.580  21.283 0.0000000000
159356  54.749  -44.576  21.511 0.0000000000
159357  55.290  -44.439  21.200 0.0000000000
159358  55.831  -44.309  20.838 0.0000000000
159359  56.307  -44.144  20.396 0.0000000000
159360  56.426  -44.042  19.863 0.0000000000
159361  56.512  -43.880  19.360 0.0000000000
159362  56.592  -43.700  18.850 0.0000000000
159363  55.678  -43.833  19.070 0.0000000000
159364  56.185  -43.691  18.694 0.0000000000
159365  56.668  -43.494  18.377 0.0000000000
159366  56.743  -43.331  17.947 0.0000000000
159367  56.814  -43.179  17.472 0.0000000000
159368  56.916  -42.972  17.082 0.0000000000
159369  54.377  -43.709  18.464 0.0000000000
159370  54.723  -43.541  18.151 0.0000000000
159371  55.150  -43.399  17.854 0.0000000000
159372  54.869  -43.232  17.258 0.0000000000
159373  55.266  -43.245  17.418 0.0000000000
159374  55.686  -43.276  17.499 0.0000000000
159375  56.116  -43.091  17.219 0.0000000000
159376  56.569  -42.916  16.991 0.0000000000
159377  57.057  -42.740  16.786 0.0000000000
159378  57.201  -42.435  16.496 0.0000000000
159379  57.313  -42.156  16.249 0.0000000000
159380  57.419  -41.896  15.979 0.0000000000
159381  56.420  -42.005  15.948 0.0000000000
159382  56.967  -41.752  15.785 0.0000000000
159383  57.539  -41.540  15.606 0.0000000000
159384  57.640  -41.126  15.183 0.0000000000
159385  57.750  -40.720  14.736 0.0000000000
159386  57.848  -40.333  14.327 0.0000000000
159387  57.367  -40.240  14.114 0.0000000000
159388  56.941  -40.218  13.930 0.0000000000
159389  56.530  -40.196  13.754 0.0000000000
159390  55.842  -40.861  14.343 0.0000000000
159391  55.940  -40.514  13.976 0.0000000000
159392  56.096  -40.195  13.600 0.0000000000
159393  55.636  -40.225  13.470 0.0000000000
159394  55.129  -40.207  13.372 0.0000000000
159395  54.590  -40.167  13.235 0.0000000000
159396  53.592  -42.243  15.249 0.0000000000
159397  53.657  -42.002  14.878 0.0000000000
159398  53.724  -41.680  14.528 0.0000000000
159399  52.406  -41.972  14.679 0.0000000000
159400  53.132  -41.695  14.427 0.0000000000
159401  53.817  -41.330  14.153 0.0000000000
159402  53.869  -40.930  13.813 0.0000000000
159403  53.947  -40.509  13.460 0.0000000000
159404  53.977  -40.118  13.085 0.0000000000
159405  53.340  -40.095  12.969 0.0000000000
159406  52.695  -40.059  12.825 0.0000000000
159407  52.027  -40.005  12.706 0.0000000000
159408  51.312  -40.831  13.310 0.0000000000
159409  51.389  -40.395  12.928 0.0000000000
159410  51.410  -40.000  12.581 0.0000000000
159414  49.340  -43.955  17.210 0.0000000000
159415  49.140  -43.684  16.852 0.0000000000
159416  48.987  -43.438  16.486 0.0000000000
159417  47.978  -43.729  16.477 0.0000000000
159418  48.440  -43.473  16.319 0.0000000000
159419  48.839  -43.214  16.157 0.0000000000
159420  48.766  -42.992  15.803 0.0000000000
159421  48.659  -42.801  15.483 0.0000000000
159422  48.578  -42.625  15.160 0.0000000000
159424  46.272  -43.865  15.587 0.0000000000
159425  46.666  -43.528  15.447 0.0000000000
159427  46.587  -43.363  15.109 0.0000000000
159428  47.109  -43.224  15.309 0.0000000000
159429  47.531  -42.915  15.188 0.0000000000
159430  47.998  -42.686  15.026 0.0000000000
159431  48.538  -42.411  14.795 0.0000000000
159432  48.545  -42.164  14.420 0.0000000000
159433  48.613  -41.895  14.020 0.0000000000
159434  48.660  -41.610  13.627 0.0000000000
159435  47.505  -42.026  13.760 0.0000000000
159437  48.729  -41.284  13.195 0.0000000000
