#!ascii label  , from subject fsaverage vox2ras=TkReg
502
259  49.264  32.803  -8.704 0.0000000000
518  44.689  29.269  -13.389 0.0000000000
1136  43.476  31.310  -6.276 0.0000000000
1137  47.402  32.289  -12.329 0.0000000000
1138  42.440  29.876  -8.479 0.0000000000
1139  40.057  27.093  -9.503 0.0000000000
2194  46.740  38.360  -12.350 0.0000000000
2195  42.890  36.139  -12.818 0.0000000000
2196  39.689  32.159  -11.123 0.0000000000
3057  43.040  30.735  -7.430 0.0000000000
4846  48.456  34.373  -8.149 0.0000000000
4848  47.924  34.931  -10.794 0.0000000000
4849  45.991  30.929  -13.151 0.0000000000
4850  45.534  34.108  -13.533 0.0000000000
4851  43.849  32.633  -13.575 0.0000000000
4852  41.266  34.112  -11.063 0.0000000000
4853  42.633  30.460  -12.994 0.0000000000
4854  41.078  29.062  -13.546 0.0000000000
4855  43.216  27.466  -13.537 0.0000000000
6652  47.082  31.864  -8.227 0.0000000000
6653  48.505  32.805  -11.035 0.0000000000
6654  46.655  31.379  -9.967 0.0000000000
6655  45.649  30.541  -10.906 0.0000000000
6656  44.732  29.038  -11.455 0.0000000000
6657  43.518  27.276  -11.778 0.0000000000
6658  41.325  28.507  -9.040 0.0000000000
7614  50.007  32.801  -6.826 0.0000000000
7617  47.345  32.306  -6.120 0.0000000000
7618  44.163  32.276  -5.158 0.0000000000
9145  47.295  35.055  -12.620 0.0000000000
9146  45.279  37.765  -13.585 0.0000000000
9149  38.171  35.332  -8.628 0.0000000000
9150  36.194  33.719  -8.449 0.0000000000
12526  49.199  33.551  -8.516 0.0000000000
12527  48.103  34.615  -9.490 0.0000000000
12528  48.866  33.748  -9.820 0.0000000000
12529  45.284  30.165  -13.335 0.0000000000
12530  45.116  31.739  -13.790 0.0000000000
12531  44.504  30.812  -13.692 0.0000000000
12532  43.271  31.542  -13.230 0.0000000000
12533  43.877  29.816  -13.582 0.0000000000
12534  43.206  28.877  -13.536 0.0000000000
12535  44.002  28.348  -13.371 0.0000000000
14926  45.360  31.626  -7.404 0.0000000000
14927  46.950  31.612  -9.214 0.0000000000
14928  45.191  31.200  -8.188 0.0000000000
14929  42.800  30.504  -7.995 0.0000000000
14930  44.573  30.738  -9.328 0.0000000000
14931  44.174  30.201  -9.803 0.0000000000
14932  45.203  29.819  -11.204 0.0000000000
14933  43.815  29.312  -10.115 0.0000000000
14934  43.328  28.540  -10.209 0.0000000000
14935  41.894  29.210  -8.816 0.0000000000
16725  50.209  32.828  -5.988 0.0000000000
16732  47.622  32.197  -5.112 0.0000000000
16733  46.086  32.325  -4.693 0.0000000000
16734  45.797  32.338  -5.721 0.0000000000
16735  44.467  32.384  -4.247 0.0000000000
20299  46.762  38.061  -11.367 0.0000000000
20304  48.044  32.622  -11.812 0.0000000000
20305  48.040  33.815  -11.931 0.0000000000
20306  47.454  33.549  -12.590 0.0000000000
20307  44.297  35.254  -13.700 0.0000000000
20308  45.361  35.909  -13.554 0.0000000000
20309  44.138  37.052  -13.578 0.0000000000
20311  42.547  37.716  -12.745 0.0000000000
20313  41.521  36.716  -11.400 0.0000000000
20314  40.498  33.115  -10.876 0.0000000000
20315  39.786  34.702  -9.825 0.0000000000
20316  38.890  33.795  -9.602 0.0000000000
20317  37.240  34.496  -8.347 0.0000000000
20318  37.944  32.946  -9.769 0.0000000000
20321  41.509  27.728  -14.216 0.0000000000
20326  42.052  26.871  -10.767 0.0000000000
20327  42.765  26.460  -12.024 0.0000000000
20328  41.221  26.215  -11.012 0.0000000000
23933  43.209  30.895  -6.864 0.0000000000
27157  47.186  36.214  -10.536 0.0000000000
27158  47.306  36.653  -11.664 0.0000000000
27159  46.724  31.647  -12.720 0.0000000000
27160  46.682  33.103  -13.012 0.0000000000
27161  45.883  32.424  -13.478 0.0000000000
27162  44.650  33.482  -13.855 0.0000000000
27163  43.311  34.434  -13.116 0.0000000000
27164  41.979  35.105  -11.695 0.0000000000
27165  42.539  33.344  -12.414 0.0000000000
27166  41.908  32.331  -12.094 0.0000000000
27167  41.212  31.294  -12.148 0.0000000000
27168  40.395  30.558  -12.407 0.0000000000
27169  41.890  29.661  -13.098 0.0000000000
27170  42.364  28.186  -13.781 0.0000000000
27171  42.401  26.885  -13.898 0.0000000000
30880  48.461  32.168  -8.676 0.0000000000
30881  48.931  32.905  -10.020 0.0000000000
30882  48.265  32.105  -9.798 0.0000000000
30883  47.959  32.019  -10.714 0.0000000000
30884  47.473  31.752  -11.329 0.0000000000
30885  44.947  31.009  -8.808 0.0000000000
30886  46.263  31.109  -10.500 0.0000000000
30887  46.828  31.263  -11.808 0.0000000000
30888  46.078  30.577  -12.116 0.0000000000
30889  45.548  29.828  -12.411 0.0000000000
30890  44.948  29.025  -12.612 0.0000000000
30891  44.341  28.078  -12.679 0.0000000000
30892  44.140  28.159  -11.562 0.0000000000
30893  42.786  27.681  -10.506 0.0000000000
33281  49.708  33.607  -7.540 0.0000000000
33282  49.613  32.706  -7.600 0.0000000000
33290  48.886  32.301  -6.495 0.0000000000
33291  48.635  32.238  -7.494 0.0000000000
33292  47.205  32.202  -7.214 0.0000000000
33293  45.556  32.028  -6.658 0.0000000000
33294  43.848  31.851  -5.844 0.0000000000
33295  42.923  32.305  -3.549 0.0000000000
33296  42.484  32.068  -4.199 0.0000000000
33297  42.041  31.605  -4.658 0.0000000000
37675  48.510  33.945  -11.082 0.0000000000
37676  47.803  35.137  -11.769 0.0000000000
37677  47.095  36.705  -12.561 0.0000000000
37678  46.498  34.652  -13.155 0.0000000000
37679  46.363  36.427  -13.150 0.0000000000
37680  46.230  38.227  -13.131 0.0000000000
37687  40.638  35.724  -10.390 0.0000000000
37688  39.128  36.328  -9.181 0.0000000000
37702  43.624  27.192  -12.763 0.0000000000
37703  42.829  26.466  -13.093 0.0000000000
43246  49.394  33.168  -8.631 0.0000000000
43247  49.046  33.648  -9.094 0.0000000000
43248  49.172  33.242  -9.262 0.0000000000
43249  44.984  29.727  -13.391 0.0000000000
43250  44.948  30.465  -13.613 0.0000000000
43251  44.673  30.014  -13.607 0.0000000000
43252  44.193  30.310  -13.635 0.0000000000
43253  44.376  29.513  -13.586 0.0000000000
43254  44.003  29.028  -13.528 0.0000000000
43255  44.379  28.829  -13.399 0.0000000000
45646  44.447  31.477  -6.888 0.0000000000
45647  45.264  31.399  -7.781 0.0000000000
45648  44.359  31.212  -7.201 0.0000000000
45649  42.658  30.281  -8.278 0.0000000000
45650  43.539  30.407  -8.949 0.0000000000
45651  43.369  30.044  -9.175 0.0000000000
45652  44.008  29.779  -9.985 0.0000000000
45653  43.166  29.587  -9.337 0.0000000000
45654  42.904  29.232  -9.471 0.0000000000
45655  42.191  29.547  -8.674 0.0000000000
47454  45.302  32.402  -4.464 0.0000000000
51019  46.840  38.268  -11.942 0.0000000000
51021  46.578  39.117  -12.169 0.0000000000
51023  46.382  39.146  -12.601 0.0000000000
51024  47.722  32.532  -12.095 0.0000000000
51025  47.813  33.090  -12.278 0.0000000000
51026  47.464  32.909  -12.494 0.0000000000
51027  43.582  35.807  -13.406 0.0000000000
51028  44.159  36.168  -13.605 0.0000000000
51029  43.451  36.618  -13.291 0.0000000000
51030  43.323  37.437  -13.294 0.0000000000
51031  42.704  36.939  -12.763 0.0000000000
51032  41.988  37.200  -12.066 0.0000000000
51033  42.200  36.430  -12.098 0.0000000000
51034  40.098  32.624  -10.944 0.0000000000
51035  39.715  33.463  -10.252 0.0000000000
51036  39.264  32.986  -10.307 0.0000000000
51037  38.438  33.337  -9.651 0.0000000000
51038  38.824  32.560  -10.472 0.0000000000
51039  38.238  32.249  -10.637 0.0000000000
51040  39.143  31.836  -11.250 0.0000000000
51041  41.569  27.075  -14.393 0.0000000000
51042  41.069  27.570  -14.550 0.0000000000
51043  41.167  26.916  -14.674 0.0000000000
51046  41.091  26.911  -10.123 0.0000000000
51047  41.675  26.507  -10.891 0.0000000000
51048  40.712  26.594  -10.268 0.0000000000
60618  47.623  34.840  -8.577 0.0000000000
60619  48.035  34.772  -10.172 0.0000000000
60620  47.566  35.304  -9.992 0.0000000000
60621  47.589  35.548  -10.650 0.0000000000
60622  47.251  36.447  -11.117 0.0000000000
60623  47.565  35.763  -11.262 0.0000000000
60624  46.361  31.281  -12.948 0.0000000000
60625  46.383  31.994  -13.113 0.0000000000
60626  46.030  31.637  -13.349 0.0000000000
60627  44.505  32.167  -13.815 0.0000000000
60628  44.884  32.594  -13.889 0.0000000000
60629  44.198  33.090  -13.763 0.0000000000
60630  43.958  33.973  -13.644 0.0000000000
60631  43.549  33.527  -13.321 0.0000000000
60632  42.898  33.900  -12.710 0.0000000000
60633  43.227  33.028  -13.062 0.0000000000
60634  42.951  31.009  -13.055 0.0000000000
60635  42.588  31.930  -12.672 0.0000000000
60636  42.261  31.395  -12.585 0.0000000000
60637  41.548  31.825  -12.074 0.0000000000
60638  41.927  30.861  -12.594 0.0000000000
60639  41.539  30.464  -12.637 0.0000000000
60640  42.283  30.046  -13.053 0.0000000000
60641  43.261  28.183  -13.589 0.0000000000
60642  42.764  28.530  -13.586 0.0000000000
60643  42.845  27.777  -13.712 0.0000000000
60644  42.414  27.510  -13.891 0.0000000000
60645  42.805  27.160  -13.670 0.0000000000
67816  47.829  32.016  -8.499 0.0000000000
67817  48.377  32.129  -9.265 0.0000000000
67818  47.779  31.918  -9.064 0.0000000000
67819  46.837  31.500  -9.631 0.0000000000
67820  47.587  31.778  -10.038 0.0000000000
67821  47.428  31.646  -10.431 0.0000000000
67822  47.726  31.888  -11.040 0.0000000000
67823  47.168  31.520  -10.702 0.0000000000
67824  43.113  30.797  -7.171 0.0000000000
67825  44.062  30.940  -7.809 0.0000000000
67826  43.976  30.862  -8.097 0.0000000000
67827  45.156  30.642  -10.161 0.0000000000
67828  45.471  30.887  -9.967 0.0000000000
67829  45.969  30.871  -10.704 0.0000000000
67830  46.646  31.168  -11.178 0.0000000000
67831  46.287  30.847  -11.378 0.0000000000
67832  46.445  30.926  -11.960 0.0000000000
67833  45.984  30.478  -11.541 0.0000000000
67834  44.950  29.426  -11.345 0.0000000000
67835  45.445  29.766  -11.851 0.0000000000
67836  45.172  29.399  -11.972 0.0000000000
67837  45.254  29.436  -12.521 0.0000000000
67838  44.893  28.985  -12.089 0.0000000000
67839  44.613  28.539  -12.121 0.0000000000
67840  44.436  28.577  -11.479 0.0000000000
67841  42.331  28.482  -9.612 0.0000000000
67842  43.027  28.139  -10.318 0.0000000000
67843  42.115  28.115  -9.772 0.0000000000
67844  41.792  27.696  -9.886 0.0000000000
67845  41.028  28.147  -9.126 0.0000000000
73211  50.120  33.265  -6.820 0.0000000000
73213  49.989  33.185  -7.219 0.0000000000
73214  49.772  33.137  -7.624 0.0000000000
73215  49.792  32.754  -7.197 0.0000000000
73234  47.439  32.299  -5.592 0.0000000000
73235  48.262  32.229  -5.804 0.0000000000
73236  48.119  32.253  -6.291 0.0000000000
73237  48.718  32.275  -6.944 0.0000000000
73238  48.020  32.229  -6.809 0.0000000000
73239  47.951  32.210  -7.382 0.0000000000
73240  47.287  32.257  -6.654 0.0000000000
73241  44.987  32.333  -5.468 0.0000000000
73242  45.657  32.224  -6.201 0.0000000000
73243  44.855  32.181  -5.920 0.0000000000
73244  44.763  31.973  -6.361 0.0000000000
73245  44.036  32.103  -5.576 0.0000000000
73247  43.129  32.323  -3.111 0.0000000000
73248  42.264  32.272  -2.654 0.0000000000
73252  42.273  31.871  -4.460 0.0000000000
73253  41.368  31.726  -3.825 0.0000000000
83949  48.730  32.826  -10.586 0.0000000000
83950  48.811  33.366  -10.600 0.0000000000
83951  48.559  33.352  -11.088 0.0000000000
83952  47.716  34.399  -12.293 0.0000000000
83953  47.942  34.476  -11.884 0.0000000000
83954  47.601  35.118  -12.222 0.0000000000
83955  47.485  35.884  -12.176 0.0000000000
83956  47.228  35.827  -12.578 0.0000000000
83957  46.139  33.568  -13.300 0.0000000000
83958  46.606  33.849  -13.087 0.0000000000
83959  46.021  34.385  -13.362 0.0000000000
83960  45.352  36.831  -13.561 0.0000000000
83961  45.890  36.203  -13.375 0.0000000000
83962  45.830  37.141  -13.400 0.0000000000
83963  46.293  37.361  -13.173 0.0000000000
83964  45.757  38.040  -13.391 0.0000000000
83965  45.682  38.868  -13.293 0.0000000000
83966  45.157  38.627  -13.549 0.0000000000
83974  40.478  37.822  -10.704 0.0000000000
83979  41.612  34.600  -11.325 0.0000000000
83980  41.327  35.440  -11.023 0.0000000000
83981  40.953  34.974  -10.677 0.0000000000
83982  38.979  35.064  -9.203 0.0000000000
83983  39.444  35.506  -9.454 0.0000000000
83984  38.648  35.822  -8.862 0.0000000000
83985  38.363  36.604  -8.618 0.0000000000
83989  36.715  34.082  -8.353 0.0000000000
84001  40.771  29.798  -13.050 0.0000000000
84002  39.951  30.299  -12.696 0.0000000000
84003  40.307  29.605  -13.326 0.0000000000
84016  44.019  27.606  -12.212 0.0000000000
84017  44.003  27.582  -12.710 0.0000000000
84018  43.639  27.186  -12.291 0.0000000000
84019  42.351  26.155  -12.212 0.0000000000
84020  42.864  26.423  -12.583 0.0000000000
84021  42.484  26.125  -12.763 0.0000000000
96274  48.957  33.946  -8.350 0.0000000000
96275  48.202  34.434  -8.779 0.0000000000
96276  48.689  34.050  -8.961 0.0000000000
96277  48.542  34.160  -9.678 0.0000000000
96278  48.413  34.308  -10.350 0.0000000000
96279  45.683  30.561  -13.292 0.0000000000
96280  45.638  31.308  -13.538 0.0000000000
96281  45.289  30.874  -13.652 0.0000000000
96282  44.824  31.260  -13.771 0.0000000000
96283  44.258  31.665  -13.690 0.0000000000
96284  43.610  32.084  -13.405 0.0000000000
96285  43.936  31.146  -13.583 0.0000000000
96286  43.604  30.645  -13.434 0.0000000000
96287  43.319  30.152  -13.375 0.0000000000
96288  42.963  29.656  -13.337 0.0000000000
96289  43.537  29.315  -13.495 0.0000000000
96290  43.636  28.586  -13.538 0.0000000000
96291  43.615  27.919  -13.426 0.0000000000
100594  46.260  31.747  -7.935 0.0000000000
100595  47.029  31.738  -8.787 0.0000000000
100596  46.136  31.552  -8.301 0.0000000000
100597  46.068  31.393  -8.726 0.0000000000
100598  45.972  31.280  -9.122 0.0000000000
100599  42.948  30.642  -7.711 0.0000000000
100600  43.884  30.778  -8.413 0.0000000000
100601  43.731  30.669  -8.696 0.0000000000
100602  44.335  30.528  -9.588 0.0000000000
100603  44.941  30.341  -10.396 0.0000000000
100604  45.401  30.201  -11.082 0.0000000000
100605  44.750  29.982  -10.559 0.0000000000
100606  44.566  29.552  -10.681 0.0000000000
100607  44.392  29.085  -10.806 0.0000000000
100608  44.114  28.714  -10.816 0.0000000000
100609  43.589  28.942  -10.163 0.0000000000
100610  42.610  28.867  -9.540 0.0000000000
103832  50.276  33.282  -6.442 0.0000000000
103833  50.099  32.876  -6.417 0.0000000000
103847  46.696  32.334  -5.410 0.0000000000
103848  46.589  32.358  -5.943 0.0000000000
103849  45.915  32.341  -5.187 0.0000000000
103850  45.123  32.358  -4.985 0.0000000000
103851  44.288  32.350  -4.725 0.0000000000
110265  46.526  37.722  -10.856 0.0000000000
110274  48.311  32.745  -11.436 0.0000000000
110275  48.351  33.290  -11.516 0.0000000000
110276  48.092  33.213  -11.911 0.0000000000
110277  47.779  33.729  -12.311 0.0000000000
110278  47.400  34.285  -12.648 0.0000000000
110279  44.915  34.697  -13.678 0.0000000000
110280  45.412  35.001  -13.540 0.0000000000
110281  44.811  35.605  -13.684 0.0000000000
110282  44.756  36.543  -13.676 0.0000000000
110283  44.744  37.425  -13.611 0.0000000000
110284  44.653  38.312  -13.653 0.0000000000
110285  44.021  37.894  -13.502 0.0000000000
110289  41.789  38.023  -12.083 0.0000000000
110290  41.296  37.521  -11.379 0.0000000000
110291  40.791  37.015  -10.732 0.0000000000
110292  40.918  33.648  -10.916 0.0000000000
110293  40.550  34.421  -10.433 0.0000000000
110294  40.165  33.947  -10.313 0.0000000000
110295  39.351  34.285  -9.656 0.0000000000
110296  38.532  34.586  -9.023 0.0000000000
110298  38.080  34.107  -8.966 0.0000000000
110299  37.589  33.702  -8.981 0.0000000000
110300  37.045  33.294  -9.056 0.0000000000
110305  41.348  28.363  -13.920 0.0000000000
110314  42.873  26.984  -11.310 0.0000000000
110315  43.184  26.831  -11.912 0.0000000000
110316  42.503  26.593  -11.439 0.0000000000
110317  42.070  26.242  -11.556 0.0000000000
110318  41.614  25.989  -11.717 0.0000000000
117280  42.524  31.208  -5.632 0.0000000000
117281  43.332  31.098  -6.551 0.0000000000
117282  42.360  30.956  -5.926 0.0000000000
117283  42.264  30.776  -6.242 0.0000000000
117284  42.178  30.666  -6.552 0.0000000000
117286  41.245  30.574  -5.860 0.0000000000
117287  42.084  30.577  -6.770 0.0000000000
117288  41.976  30.484  -7.032 0.0000000000
124803  47.528  35.061  -9.307 0.0000000000
124806  46.914  37.144  -10.985 0.0000000000
124807  47.040  37.357  -11.533 0.0000000000
124808  47.041  37.544  -12.031 0.0000000000
124809  47.022  32.002  -12.510 0.0000000000
124810  47.109  32.664  -12.695 0.0000000000
124811  46.713  32.361  -12.898 0.0000000000
124812  46.267  32.739  -13.239 0.0000000000
124813  45.686  33.264  -13.542 0.0000000000
124814  45.507  32.105  -13.718 0.0000000000
124815  45.288  32.944  -13.765 0.0000000000
124816  45.102  33.813  -13.731 0.0000000000
124817  44.466  34.350  -13.724 0.0000000000
124818  43.791  34.881  -13.466 0.0000000000
124819  43.113  35.306  -12.932 0.0000000000
124820  42.451  35.639  -12.211 0.0000000000
124821  42.626  34.783  -12.430 0.0000000000
124822  42.233  34.239  -12.031 0.0000000000
124823  41.925  33.723  -11.737 0.0000000000
124824  42.912  32.473  -12.869 0.0000000000
124825  42.240  32.819  -12.192 0.0000000000
124826  41.625  33.199  -11.557 0.0000000000
124827  41.226  32.735  -11.491 0.0000000000
124828  40.860  32.217  -11.522 0.0000000000
124829  40.481  31.731  -11.668 0.0000000000
124830  40.059  31.302  -11.778 0.0000000000
124831  40.805  30.931  -12.202 0.0000000000
124832  41.164  30.114  -12.773 0.0000000000
124833  41.523  29.304  -13.265 0.0000000000
124834  42.568  29.278  -13.387 0.0000000000
124835  42.159  28.918  -13.455 0.0000000000
124836  41.782  28.533  -13.655 0.0000000000
124837  41.928  27.912  -13.966 0.0000000000
124838  41.996  27.269  -14.143 0.0000000000
124839  41.949  26.667  -14.136 0.0000000000
124841  39.703  26.793  -9.688 0.0000000000
134284  48.989  32.482  -8.752 0.0000000000
134285  49.123  32.833  -9.357 0.0000000000
134286  48.815  32.494  -9.362 0.0000000000
134287  48.722  32.460  -9.954 0.0000000000
134288  48.494  32.404  -10.454 0.0000000000
134289  47.718  31.827  -9.574 0.0000000000
134290  48.163  32.024  -10.281 0.0000000000
134291  48.325  32.394  -10.893 0.0000000000
134292  48.095  32.304  -11.285 0.0000000000
134293  47.821  32.198  -11.607 0.0000000000
134294  47.556  32.075  -11.878 0.0000000000
134295  44.184  31.055  -7.509 0.0000000000
134296  45.052  31.100  -8.518 0.0000000000
134297  45.875  31.188  -9.493 0.0000000000
134298  44.831  30.908  -9.097 0.0000000000
134299  45.704  31.066  -9.726 0.0000000000
134300  46.521  31.286  -10.275 0.0000000000
134301  46.976  31.356  -10.987 0.0000000000
134302  47.199  31.586  -11.580 0.0000000000
134303  47.199  31.776  -12.079 0.0000000000
134304  46.887  31.424  -12.301 0.0000000000
134305  46.476  31.079  -12.480 0.0000000000
134306  46.134  30.690  -12.687 0.0000000000
134307  45.688  30.155  -11.692 0.0000000000
134308  45.807  30.201  -12.274 0.0000000000
134309  45.787  30.327  -12.825 0.0000000000
134310  45.488  29.951  -12.911 0.0000000000
134311  45.177  29.546  -13.000 0.0000000000
134312  44.873  29.114  -13.049 0.0000000000
134313  44.606  28.669  -13.145 0.0000000000
134314  44.660  28.519  -12.640 0.0000000000
134315  44.305  28.067  -12.143 0.0000000000
134316  43.837  27.709  -11.640 0.0000000000
134317  43.850  28.279  -10.890 0.0000000000
134318  43.544  27.872  -11.009 0.0000000000
134319  43.238  27.422  -11.173 0.0000000000
134320  42.416  27.285  -10.631 0.0000000000
134321  41.466  27.296  -10.011 0.0000000000
141000  48.688  34.447  -7.590 0.0000000000
141002  49.409  34.112  -7.368 0.0000000000
141003  49.179  33.991  -7.836 0.0000000000
141004  49.509  33.548  -8.014 0.0000000000
141005  49.521  33.104  -8.093 0.0000000000
141006  49.433  32.748  -8.124 0.0000000000
141027  49.677  32.440  -6.283 0.0000000000
141028  48.461  32.140  -5.395 0.0000000000
141029  49.052  32.217  -6.079 0.0000000000
141030  49.548  32.437  -6.693 0.0000000000
141031  49.366  32.443  -7.097 0.0000000000
141032  49.180  32.435  -7.560 0.0000000000
141033  49.098  32.464  -8.144 0.0000000000
141034  48.550  32.275  -8.096 0.0000000000
141035  47.927  32.119  -7.994 0.0000000000
141036  47.130  32.027  -7.703 0.0000000000
141037  46.485  32.297  -6.463 0.0000000000
141038  46.381  32.110  -6.920 0.0000000000
141039  46.298  31.902  -7.377 0.0000000000
141040  45.500  31.832  -7.128 0.0000000000
141041  44.588  31.728  -6.647 0.0000000000
141042  43.661  31.582  -6.083 0.0000000000
141044  43.712  32.349  -3.941 0.0000000000
141045  43.500  32.295  -4.373 0.0000000000
141047  42.690  32.218  -3.909 0.0000000000
141048  43.371  32.182  -4.752 0.0000000000
141049  43.159  31.978  -5.029 0.0000000000
141050  42.941  31.725  -5.278 0.0000000000
141051  42.729  31.454  -5.461 0.0000000000
141052  41.773  31.314  -4.747 0.0000000000
153985  49.015  33.302  -9.992 0.0000000000
153986  48.695  33.863  -10.493 0.0000000000
153987  48.259  34.458  -10.943 0.0000000000
153988  48.272  33.898  -11.516 0.0000000000
153989  48.127  34.554  -11.496 0.0000000000
153990  47.865  35.124  -11.371 0.0000000000
153991  47.559  35.903  -11.772 0.0000000000
153992  47.266  36.769  -12.147 0.0000000000
153993  46.917  37.614  -12.444 0.0000000000
153994  47.088  33.347  -12.805 0.0000000000
153995  47.010  34.064  -12.876 0.0000000000
153996  46.879  34.944  -12.941 0.0000000000
153997  45.941  35.267  -13.385 0.0000000000
153998  46.429  35.549  -13.211 0.0000000000
153999  46.849  35.730  -12.892 0.0000000000
154000  46.784  36.580  -12.847 0.0000000000
154001  46.673  37.507  -12.883 0.0000000000
154002  46.527  38.339  -12.785 0.0000000000
154021  41.769  35.943  -11.453 0.0000000000
154022  41.077  36.219  -10.831 0.0000000000
154023  40.326  36.518  -10.167 0.0000000000
154024  40.223  35.174  -10.060 0.0000000000
154025  39.898  35.988  -9.768 0.0000000000
154026  39.574  36.870  -9.561 0.0000000000
154066  44.241  28.181  -13.102 0.0000000000
154067  43.891  27.701  -13.114 0.0000000000
154068  43.495  27.315  -13.218 0.0000000000
154069  43.281  26.758  -12.402 0.0000000000
154070  43.236  26.810  -12.942 0.0000000000
154071  43.078  26.924  -13.349 0.0000000000
154072  42.685  26.618  -13.502 0.0000000000
