#!ascii label  , from subject fsaverage vox2ras=TkReg
564
77  36.892  6.164  -1.348 0.0000000000
502  34.684  0.483  8.910 0.0000000000
521  32.097  11.409  5.730 0.0000000000
952  36.434  12.581  -3.242 0.0000000000
1146  33.505  5.799  7.480 0.0000000000
1507  38.817  0.812  -0.149 0.0000000000
2202  34.443  15.196  0.055 0.0000000000
2205  34.135  9.014  2.076 0.0000000000
2206  35.645  3.013  3.606 0.0000000000
2872  35.940  9.332  -2.357 0.0000000000
2873  37.373  6.616  -3.676 0.0000000000
4749  36.555  -3.059  9.179 0.0000000000
4866  35.144  17.356  -0.701 0.0000000000
4874  32.714  13.117  2.828 0.0000000000
4875  33.137  10.226  3.853 0.0000000000
4876  34.894  5.905  2.961 0.0000000000
4877  33.873  7.548  4.861 0.0000000000
4878  33.951  2.940  8.161 0.0000000000
4879  35.155  1.762  6.311 0.0000000000
4880  36.251  -0.642  7.061 0.0000000000
6322  36.876  14.446  -4.331 0.0000000000
6324  36.801  9.617  -4.632 0.0000000000
6593  34.206  0.291  10.410 0.0000000000
6670  32.839  8.814  6.685 0.0000000000
7357  37.934  3.332  -0.729 0.0000000000
9166  36.303  16.144  -2.562 0.0000000000
9167  35.719  14.229  -1.669 0.0000000000
9168  34.734  11.127  -0.878 0.0000000000
9175  33.088  15.874  1.983 0.0000000000
9176  33.604  12.132  0.776 0.0000000000
9177  35.432  7.483  0.332 0.0000000000
9178  36.280  4.379  1.036 0.0000000000
9179  37.884  1.728  1.785 0.0000000000
9180  38.337  -0.564  2.558 0.0000000000
9181  34.403  4.622  5.569 0.0000000000
9182  36.907  0.505  4.450 0.0000000000
10552  36.283  7.580  -1.837 0.0000000000
10553  37.143  6.357  -2.526 0.0000000000
10554  37.780  5.066  -2.117 0.0000000000
12427  35.944  -1.247  8.348 0.0000000000
12429  35.550  -1.263  9.059 0.0000000000
12553  31.907  12.688  5.256 0.0000000000
12554  32.294  12.166  4.246 0.0000000000
12555  32.612  10.787  4.777 0.0000000000
12556  33.514  9.021  4.384 0.0000000000
12557  32.963  9.562  5.281 0.0000000000
12558  34.305  1.667  8.522 0.0000000000
12559  34.931  1.086  7.583 0.0000000000
12560  35.351  -0.068  7.960 0.0000000000
12561  36.821  -1.782  7.407 0.0000000000
14377  36.919  13.655  -3.725 0.0000000000
14378  36.845  12.292  -4.431 0.0000000000
14379  36.600  11.079  -3.929 0.0000000000
16177  38.401  2.042  -0.469 0.0000000000
20011  34.968  -1.334  10.595 0.0000000000
20358  34.943  16.423  -0.234 0.0000000000
20359  35.661  15.863  -1.173 0.0000000000
20360  35.123  14.696  -0.799 0.0000000000
20361  35.014  12.783  -1.336 0.0000000000
20362  34.465  13.334  -0.495 0.0000000000
20381  33.274  11.116  2.344 0.0000000000
20382  33.134  12.602  1.806 0.0000000000
20383  33.784  10.542  1.464 0.0000000000
20384  34.276  9.911  0.564 0.0000000000
20385  34.711  8.266  1.182 0.0000000000
20386  35.822  6.082  0.825 0.0000000000
20387  35.154  6.739  1.689 0.0000000000
20388  35.196  4.388  3.279 0.0000000000
20389  36.088  3.437  2.271 0.0000000000
20390  36.721  2.316  2.718 0.0000000000
20391  38.309  0.605  2.243 0.0000000000
20392  37.396  1.158  3.143 0.0000000000
20393  33.176  7.382  7.110 0.0000000000
20394  33.655  6.754  6.202 0.0000000000
20395  33.930  5.316  6.578 0.0000000000
20396  36.527  -0.014  5.785 0.0000000000
20397  35.975  1.163  5.361 0.0000000000
20398  37.313  -0.639  4.855 0.0000000000
23602  36.057  11.088  -2.805 0.0000000000
23603  36.408  9.596  -3.518 0.0000000000
23604  36.505  7.990  -3.013 0.0000000000
23605  37.968  5.256  -3.279 0.0000000000
24682  38.606  -0.431  0.112 0.0000000000
27192  34.394  17.907  0.318 0.0000000000
27193  34.154  16.860  0.706 0.0000000000
27204  32.316  14.904  3.411 0.0000000000
27205  32.290  13.541  3.826 0.0000000000
27206  32.828  11.635  3.292 0.0000000000
27207  33.620  9.602  2.941 0.0000000000
27208  34.523  7.533  2.552 0.0000000000
27209  34.015  8.216  3.459 0.0000000000
27210  34.377  6.782  3.939 0.0000000000
27211  34.621  5.254  4.261 0.0000000000
27212  33.701  4.359  7.828 0.0000000000
27213  34.175  3.826  6.917 0.0000000000
27214  34.475  2.366  7.254 0.0000000000
27215  35.696  0.472  6.671 0.0000000000
27216  37.098  -1.295  6.106 0.0000000000
30117  36.961  8.121  -4.184 0.0000000000
30742  33.761  2.187  9.438 0.0000000000
30743  34.419  0.379  9.627 0.0000000000
30744  33.631  2.039  10.181 0.0000000000
30922  32.482  10.057  6.187 0.0000000000
30925  32.723  7.943  8.030 0.0000000000
30928  33.034  6.393  8.375 0.0000000000
30929  33.296  4.924  8.700 0.0000000000
30930  33.484  3.523  9.099 0.0000000000
32587  37.401  4.782  -1.040 0.0000000000
32588  38.144  3.699  -1.791 0.0000000000
37323  35.234  -1.323  9.800 0.0000000000
37739  36.712  15.403  -3.468 0.0000000000
37740  36.642  14.572  -2.917 0.0000000000
37741  35.798  16.738  -1.663 0.0000000000
37742  36.206  15.274  -2.036 0.0000000000
37743  36.192  13.450  -2.469 0.0000000000
37744  35.575  11.987  -2.116 0.0000000000
37745  35.383  10.195  -1.631 0.0000000000
37746  35.645  8.466  -1.061 0.0000000000
37766  33.356  17.201  1.653 0.0000000000
37767  33.685  15.577  1.004 0.0000000000
37768  32.763  14.447  2.381 0.0000000000
37769  33.259  14.107  1.340 0.0000000000
37770  33.823  13.732  0.385 0.0000000000
37771  34.083  11.707  -0.085 0.0000000000
37772  34.910  9.273  -0.294 0.0000000000
37773  36.136  6.868  -0.506 0.0000000000
37774  36.585  5.344  -0.125 0.0000000000
37775  37.115  3.839  0.117 0.0000000000
37776  37.955  2.500  0.444 0.0000000000
37777  35.554  5.135  2.012 0.0000000000
37778  36.973  2.959  1.364 0.0000000000
37779  38.622  1.293  0.844 0.0000000000
37780  38.699  0.057  1.222 0.0000000000
37781  38.441  -1.103  1.494 0.0000000000
37783  33.382  8.130  5.744 0.0000000000
37784  34.200  5.987  5.217 0.0000000000
37785  34.954  3.814  4.600 0.0000000000
37786  34.725  3.180  5.944 0.0000000000
37787  35.431  2.430  4.999 0.0000000000
37788  36.369  1.729  4.028 0.0000000000
37789  37.869  -0.004  3.568 0.0000000000
37790  38.038  -1.775  2.687 0.0000000000
41272  36.653  6.854  -1.551 0.0000000000
41273  37.056  6.233  -1.954 0.0000000000
41274  37.314  5.591  -1.759 0.0000000000
43147  35.235  -0.401  8.641 0.0000000000
43148  35.722  -1.250  8.674 0.0000000000
43149  35.093  -0.416  8.969 0.0000000000
43273  31.990  12.017  5.484 0.0000000000
43274  32.217  11.693  4.994 0.0000000000
43275  32.334  11.077  5.239 0.0000000000
43276  32.741  10.226  5.010 0.0000000000
43277  32.499  10.488  5.484 0.0000000000
43278  34.455  1.103  8.714 0.0000000000
43279  34.793  0.796  8.232 0.0000000000
43280  35.018  0.190  8.437 0.0000000000
43281  35.661  -0.666  8.159 0.0000000000
45097  36.704  13.108  -3.477 0.0000000000
45098  36.720  12.404  -3.814 0.0000000000
45099  36.523  11.812  -3.578 0.0000000000
46897  38.622  1.452  -0.290 0.0000000000
46898  38.612  0.973  -0.749 0.0000000000
46899  38.565  0.315  -0.614 0.0000000000
51078  34.725  15.834  -0.097 0.0000000000
51079  35.107  15.603  -0.529 0.0000000000
51080  34.818  14.976  -0.399 0.0000000000
51081  34.784  14.037  -0.650 0.0000000000
51082  34.463  14.297  -0.220 0.0000000000
51101  33.692  10.095  2.214 0.0000000000
51102  33.527  10.857  1.903 0.0000000000
51103  33.934  9.792  1.776 0.0000000000
51104  34.185  9.454  1.351 0.0000000000
51105  34.395  8.667  1.632 0.0000000000
51106  34.942  7.533  1.436 0.0000000000
51107  34.624  7.907  1.888 0.0000000000
51108  35.417  3.676  3.439 0.0000000000
51109  35.793  3.260  2.937 0.0000000000
51110  36.144  2.640  3.175 0.0000000000
51111  37.068  1.720  2.944 0.0000000000
51112  36.489  2.072  3.382 0.0000000000
51113  33.356  6.559  7.290 0.0000000000
51114  33.583  6.347  6.845 0.0000000000
51115  33.724  5.592  7.040 0.0000000000
51116  37.188  -0.892  5.511 0.0000000000
51117  36.941  -0.319  5.333 0.0000000000
51118  37.471  -1.193  5.016 0.0000000000
54697  35.950  10.165  -2.601 0.0000000000
54698  36.178  9.488  -2.923 0.0000000000
54699  36.218  8.665  -2.677 0.0000000000
54700  37.907  5.129  -2.694 0.0000000000
54701  37.577  5.840  -2.893 0.0000000000
54702  38.214  4.564  -3.106 0.0000000000
60325  36.737  -3.038  8.816 0.0000000000
60679  33.892  18.613  0.519 0.0000000000
60680  33.966  18.112  0.767 0.0000000000
60681  34.368  17.420  0.517 0.0000000000
60682  33.942  17.577  0.987 0.0000000000
60701  32.679  11.216  4.036 0.0000000000
60702  32.587  11.890  3.768 0.0000000000
60703  32.961  10.915  3.567 0.0000000000
60704  33.197  10.642  3.096 0.0000000000
60705  33.383  9.875  3.372 0.0000000000
60706  33.809  8.900  3.200 0.0000000000
60707  33.586  9.243  3.644 0.0000000000
60708  33.676  8.297  4.632 0.0000000000
60709  33.946  7.913  4.177 0.0000000000
60710  34.116  7.190  4.399 0.0000000000
60711  34.504  6.014  4.113 0.0000000000
60712  34.284  6.429  4.605 0.0000000000
60713  33.823  3.582  7.986 0.0000000000
60714  34.059  3.334  7.554 0.0000000000
60715  34.208  2.625  7.715 0.0000000000
60716  35.551  0.175  7.298 0.0000000000
60717  35.280  0.791  7.116 0.0000000000
60718  35.957  -0.061  6.865 0.0000000000
60719  36.398  -0.398  6.394 0.0000000000
60720  36.684  -0.946  6.591 0.0000000000
60721  37.370  -1.793  6.304 0.0000000000
60722  36.971  -1.489  6.790 0.0000000000
60723  37.120  -2.338  7.584 0.0000000000
66175  36.722  11.004  -4.531 0.0000000000
66176  36.830  11.607  -4.786 0.0000000000
66180  36.742  8.087  -3.585 0.0000000000
66181  36.645  8.856  -3.838 0.0000000000
66182  37.045  7.404  -3.895 0.0000000000
67523  33.700  2.078  9.789 0.0000000000
67911  32.563  8.644  7.837 0.0000000000
67919  32.707  7.452  8.677 0.0000000000
67920  32.864  6.662  8.814 0.0000000000
67921  33.172  5.635  8.529 0.0000000000
67924  33.189  4.533  9.390 0.0000000000
67925  33.282  3.783  9.553 0.0000000000
67926  33.599  2.859  9.278 0.0000000000
71572  37.688  4.029  -0.897 0.0000000000
71573  38.127  3.535  -1.276 0.0000000000
83070  34.291  0.337  10.010 0.0000000000
83071  34.779  -0.477  9.712 0.0000000000
83072  34.638  -0.508  10.089 0.0000000000
83074  35.572  -2.184  10.286 0.0000000000
84109  36.318  16.144  -3.276 0.0000000000
84110  36.507  15.752  -3.019 0.0000000000
84111  36.733  14.982  -3.203 0.0000000000
84112  36.560  15.350  -2.736 0.0000000000
84115  35.512  17.082  -1.206 0.0000000000
84116  35.725  15.050  -1.421 0.0000000000
84117  35.945  15.575  -1.618 0.0000000000
84118  36.026  14.767  -1.839 0.0000000000
84119  36.296  14.464  -2.244 0.0000000000
84120  35.968  13.836  -2.069 0.0000000000
84121  35.842  12.779  -2.301 0.0000000000
84122  35.611  13.156  -1.910 0.0000000000
84123  34.790  11.953  -1.120 0.0000000000
84124  35.078  11.536  -1.524 0.0000000000
84125  35.054  10.671  -1.242 0.0000000000
84126  35.452  9.293  -1.332 0.0000000000
84127  35.112  9.823  -0.984 0.0000000000
84176  32.878  16.720  2.272 0.0000000000
84177  32.970  17.380  2.094 0.0000000000
84178  33.216  16.537  1.798 0.0000000000
84179  33.578  16.414  1.324 0.0000000000
84180  33.364  15.700  1.483 0.0000000000
84181  32.492  14.094  3.107 0.0000000000
84182  32.528  14.688  2.875 0.0000000000
84183  32.706  13.795  2.604 0.0000000000
84184  33.360  12.360  1.249 0.0000000000
84185  33.170  13.356  1.551 0.0000000000
84186  33.404  13.129  1.044 0.0000000000
84187  33.541  13.916  0.860 0.0000000000
84188  33.635  12.975  0.551 0.0000000000
84189  33.924  12.748  0.117 0.0000000000
84190  33.851  11.912  0.349 0.0000000000
84191  34.801  8.734  0.472 0.0000000000
84192  34.595  9.568  0.107 0.0000000000
84193  35.150  8.379  0.024 0.0000000000
84194  35.485  8.052  -0.367 0.0000000000
84195  35.758  7.177  -0.099 0.0000000000
84196  36.371  6.113  -0.302 0.0000000000
84197  35.998  6.381  0.137 0.0000000000
84198  36.000  5.163  0.908 0.0000000000
84199  36.414  4.890  0.444 0.0000000000
84200  36.686  4.103  0.579 0.0000000000
84201  37.517  3.126  0.271 0.0000000000
84202  37.052  3.366  0.708 0.0000000000
84203  34.719  6.721  2.791 0.0000000000
84204  35.041  6.369  2.342 0.0000000000
84205  35.202  5.499  2.485 0.0000000000
84206  36.972  2.520  2.006 0.0000000000
84207  36.561  3.178  1.809 0.0000000000
84208  37.483  2.239  1.533 0.0000000000
84209  37.899  2.122  1.118 0.0000000000
84210  38.288  1.495  1.328 0.0000000000
84211  38.739  0.696  1.065 0.0000000000
84212  38.559  0.915  1.567 0.0000000000
84213  38.360  0.024  2.445 0.0000000000
84214  38.516  -0.241  1.928 0.0000000000
84215  38.390  -0.830  2.027 0.0000000000
84217  38.238  -1.412  2.092 0.0000000000
84218  32.637  9.443  6.459 0.0000000000
84219  32.920  9.124  5.974 0.0000000000
84220  33.087  8.492  6.212 0.0000000000
84221  34.032  5.679  5.898 0.0000000000
84222  33.921  6.399  5.703 0.0000000000
84223  34.288  5.308  5.382 0.0000000000
84224  34.534  4.895  4.900 0.0000000000
84225  34.665  4.206  5.089 0.0000000000
84226  34.587  2.756  6.596 0.0000000000
84227  34.428  3.491  6.430 0.0000000000
84228  34.906  2.474  6.128 0.0000000000
84229  36.435  0.832  4.903 0.0000000000
84230  35.676  1.847  5.173 0.0000000000
84231  36.174  1.393  4.694 0.0000000000
84232  35.853  2.006  4.496 0.0000000000
84233  36.672  1.083  4.244 0.0000000000
84234  37.223  0.802  3.807 0.0000000000
84235  37.380  0.239  4.007 0.0000000000
92722  36.047  8.451  -2.102 0.0000000000
92723  36.372  7.872  -2.426 0.0000000000
92724  36.654  6.997  -2.178 0.0000000000
92725  37.505  5.726  -2.308 0.0000000000
92726  38.140  4.516  -2.494 0.0000000000
96097  36.693  -2.098  8.074 0.0000000000
96099  36.493  -2.132  8.428 0.0000000000
96100  36.276  -2.100  8.808 0.0000000000
96101  36.066  -2.132  9.143 0.0000000000
96324  32.039  13.097  4.525 0.0000000000
96325  32.106  12.413  4.739 0.0000000000
96326  32.433  11.472  4.511 0.0000000000
96327  32.878  10.514  4.322 0.0000000000
96328  33.323  9.604  4.126 0.0000000000
96329  33.041  9.916  4.567 0.0000000000
96330  33.221  9.282  4.820 0.0000000000
96331  33.447  8.597  5.102 0.0000000000
96332  34.127  2.299  8.340 0.0000000000
96333  34.382  1.995  7.874 0.0000000000
96334  34.599  1.403  8.056 0.0000000000
96335  35.143  0.520  7.777 0.0000000000
96336  35.794  -0.356  7.528 0.0000000000
96337  36.526  -1.207  7.254 0.0000000000
96338  36.080  -0.922  7.703 0.0000000000
96339  36.394  -1.513  7.882 0.0000000000
99607  37.002  14.138  -4.015 0.0000000000
99608  36.996  13.463  -4.369 0.0000000000
99609  36.895  12.977  -4.072 0.0000000000
99610  36.709  11.706  -4.173 0.0000000000
99611  36.665  10.333  -4.296 0.0000000000
99612  38.158  5.232  -3.851 0.0000000000
99613  37.765  5.965  -4.022 0.0000000000
102847  38.195  2.600  -0.643 0.0000000000
102848  38.456  2.158  -1.012 0.0000000000
102849  38.539  1.551  -0.888 0.0000000000
109746  34.071  0.280  10.801 0.0000000000
109747  34.549  -0.524  10.509 0.0000000000
109748  34.435  -0.494  10.899 0.0000000000
110372  35.096  16.935  -0.443 0.0000000000
110373  35.455  16.658  -0.935 0.0000000000
110374  35.316  16.163  -0.702 0.0000000000
110375  35.433  15.322  -0.975 0.0000000000
110376  35.427  14.457  -1.241 0.0000000000
110377  35.378  13.600  -1.523 0.0000000000
110378  35.084  13.789  -1.058 0.0000000000
110379  34.728  13.061  -0.924 0.0000000000
110380  34.541  12.281  -0.736 0.0000000000
110413  32.952  12.130  2.566 0.0000000000
110414  32.904  12.862  2.319 0.0000000000
110415  33.163  11.856  2.072 0.0000000000
110416  33.398  11.628  1.587 0.0000000000
110417  33.673  11.314  1.115 0.0000000000
110418  33.897  11.031  0.628 0.0000000000
110419  34.045  10.201  1.038 0.0000000000
110420  34.477  9.099  0.899 0.0000000000
110421  35.081  7.850  0.764 0.0000000000
110422  35.680  6.707  0.600 0.0000000000
110423  35.278  7.153  1.007 0.0000000000
110424  35.476  6.373  1.217 0.0000000000
110425  35.678  5.513  1.409 0.0000000000
110426  35.008  5.127  3.120 0.0000000000
110427  35.376  4.690  2.627 0.0000000000
110428  35.557  3.962  2.778 0.0000000000
110429  36.382  2.893  2.492 0.0000000000
110430  37.298  2.025  2.254 0.0000000000
110431  38.172  1.186  2.020 0.0000000000
110432  37.661  1.426  2.486 0.0000000000
110433  37.942  0.834  2.697 0.0000000000
110434  38.120  0.270  2.906 0.0000000000
110435  33.006  8.134  6.913 0.0000000000
110436  33.255  7.847  6.442 0.0000000000
110437  33.418  7.147  6.679 0.0000000000
110438  33.789  6.050  6.403 0.0000000000
110439  34.143  4.999  6.109 0.0000000000
110440  35.824  0.892  6.060 0.0000000000
110441  35.514  1.505  5.850 0.0000000000
110442  36.259  0.577  5.589 0.0000000000
110443  36.684  0.253  5.115 0.0000000000
110444  37.127  -0.036  4.666 0.0000000000
110445  37.547  -0.289  4.224 0.0000000000
116512  36.207  11.965  -3.014 0.0000000000
116513  36.301  11.176  -3.384 0.0000000000
116514  36.217  10.358  -3.159 0.0000000000
116515  36.418  8.792  -3.274 0.0000000000
116516  36.913  7.267  -3.352 0.0000000000
116517  36.698  7.284  -2.746 0.0000000000
116518  37.180  6.645  -3.083 0.0000000000
116519  37.698  5.929  -3.468 0.0000000000
119032  38.833  0.171  -0.005 0.0000000000
124889  34.707  17.168  0.029 0.0000000000
124890  34.559  16.647  0.219 0.0000000000
124891  34.329  16.072  0.383 0.0000000000
124914  32.107  15.731  3.737 0.0000000000
124915  32.092  15.122  3.932 0.0000000000
124916  32.302  14.258  3.628 0.0000000000
124917  32.548  13.285  3.326 0.0000000000
124918  32.266  12.841  4.013 0.0000000000
124919  32.565  12.555  3.541 0.0000000000
124920  32.758  12.350  3.052 0.0000000000
124921  33.050  11.405  2.827 0.0000000000
124922  33.443  10.387  2.658 0.0000000000
124923  33.873  9.333  2.495 0.0000000000
124924  34.317  8.300  2.293 0.0000000000
124925  34.048  8.600  2.752 0.0000000000
124926  34.248  7.865  3.018 0.0000000000
124927  34.473  7.135  3.247 0.0000000000
124928  33.766  8.586  3.926 0.0000000000
124929  34.214  7.508  3.724 0.0000000000
124930  34.621  6.358  3.448 0.0000000000
124931  34.738  5.549  3.623 0.0000000000
124932  34.876  4.807  3.778 0.0000000000
124933  35.063  4.108  3.917 0.0000000000
124934  33.594  5.099  7.653 0.0000000000
124935  33.841  4.841  7.217 0.0000000000
124936  33.921  4.107  7.370 0.0000000000
124937  34.299  3.097  7.083 0.0000000000
124938  34.803  2.023  6.780 0.0000000000
124939  34.677  1.700  7.401 0.0000000000
124940  35.038  1.397  6.949 0.0000000000
124941  35.422  1.061  6.490 0.0000000000
124942  36.101  0.212  6.213 0.0000000000
124943  36.793  -0.665  5.940 0.0000000000
124944  37.388  -1.501  5.649 0.0000000000
124949  37.249  -2.068  6.935 0.0000000000
132207  36.899  12.759  -4.745 0.0000000000
132213  36.466  10.371  -3.734 0.0000000000
132214  36.634  9.594  -4.075 0.0000000000
132215  36.860  8.881  -4.415 0.0000000000
132216  37.426  6.725  -4.249 0.0000000000
132217  37.260  7.455  -4.526 0.0000000000
133912  34.158  1.410  9.189 0.0000000000
133913  34.559  0.463  9.250 0.0000000000
133914  34.098  1.275  9.532 0.0000000000
133915  33.989  1.203  9.910 0.0000000000
133916  33.925  1.158  10.304 0.0000000000
134397  31.930  11.612  6.228 0.0000000000
134398  32.302  10.722  5.941 0.0000000000
134399  32.093  10.946  6.431 0.0000000000
134404  32.599  9.061  7.163 0.0000000000
134405  32.775  8.407  7.370 0.0000000000
134406  32.947  7.630  7.563 0.0000000000
134407  33.098  6.874  7.746 0.0000000000
134414  32.571  8.176  8.497 0.0000000000
134415  32.883  7.165  8.209 0.0000000000
134416  33.244  6.092  7.921 0.0000000000
134417  33.368  5.379  8.115 0.0000000000
134418  33.485  4.599  8.256 0.0000000000
134419  33.601  3.898  8.431 0.0000000000
134420  33.100  5.243  9.193 0.0000000000
134421  33.386  4.198  8.901 0.0000000000
134422  33.716  3.231  8.625 0.0000000000
134423  33.845  2.589  8.816 0.0000000000
134424  33.972  2.015  9.012 0.0000000000
138997  37.116  5.522  -1.176 0.0000000000
138998  37.543  4.929  -1.572 0.0000000000
138999  37.810  4.264  -1.415 0.0000000000
148110  37.960  4.382  -1.942 0.0000000000
152931  34.906  -0.462  9.340 0.0000000000
152932  35.317  -1.264  9.424 0.0000000000
152933  35.895  -2.138  9.509 0.0000000000
152934  35.117  -1.369  10.195 0.0000000000
152935  35.752  -2.187  9.894 0.0000000000
152936  36.405  -3.026  9.589 0.0000000000
154178  36.460  15.765  -3.708 0.0000000000
154179  36.801  14.968  -3.885 0.0000000000
154180  36.889  14.580  -3.608 0.0000000000
154181  36.803  14.115  -3.334 0.0000000000
154182  36.591  13.652  -3.072 0.0000000000
154186  35.780  16.338  -1.427 0.0000000000
154187  36.048  16.055  -1.841 0.0000000000
154188  36.307  15.743  -2.282 0.0000000000
154189  36.514  14.967  -2.464 0.0000000000
154190  36.459  14.063  -2.668 0.0000000000
154191  36.334  13.036  -2.862 0.0000000000
154192  36.065  12.346  -2.676 0.0000000000
154193  35.845  11.554  -2.481 0.0000000000
154194  35.721  10.666  -2.249 0.0000000000
154195  35.298  12.429  -1.739 0.0000000000
154196  35.420  11.111  -1.891 0.0000000000
154197  35.650  9.750  -1.982 0.0000000000
154198  35.740  8.803  -1.721 0.0000000000
154199  36.010  8.027  -1.423 0.0000000000
154200  36.274  7.284  -1.159 0.0000000000
154260  33.480  17.812  1.479 0.0000000000
154261  33.765  17.005  1.208 0.0000000000
154262  33.917  16.244  0.865 0.0000000000
154263  34.042  15.387  0.530 0.0000000000
154266  32.915  15.147  2.161 0.0000000000
154267  32.922  13.561  2.088 0.0000000000
154268  33.020  14.297  1.852 0.0000000000
154269  33.172  15.006  1.652 0.0000000000
154270  33.450  14.845  1.168 0.0000000000
154271  33.763  14.679  0.690 0.0000000000
154272  34.114  14.466  0.222 0.0000000000
154273  34.124  13.528  -0.071 0.0000000000
154274  34.198  12.527  -0.324 0.0000000000
154275  34.394  11.449  -0.505 0.0000000000
154276  34.146  10.738  0.207 0.0000000000
154277  34.411  10.533  -0.217 0.0000000000
154278  34.708  10.222  -0.624 0.0000000000
154279  35.259  8.920  -0.687 0.0000000000
154280  35.883  7.654  -0.748 0.0000000000
154281  36.511  6.535  -0.920 0.0000000000
154282  36.747  5.835  -0.726 0.0000000000
154283  36.998  5.083  -0.565 0.0000000000
154284  37.224  4.320  -0.404 0.0000000000
154285  36.194  5.629  0.294 0.0000000000
154286  36.796  4.554  -0.016 0.0000000000
154287  37.551  3.541  -0.322 0.0000000000
154288  37.906  2.858  -0.206 0.0000000000
154289  38.214  2.303  0.018 0.0000000000
154290  38.584  1.699  0.180 0.0000000000
154291  34.837  7.156  2.124 0.0000000000
154292  35.356  5.937  1.864 0.0000000000
154293  35.873  4.623  1.506 0.0000000000
154294  35.756  4.283  2.145 0.0000000000
154295  36.145  3.915  1.647 0.0000000000
154296  36.610  3.645  1.190 0.0000000000
154297  37.475  2.758  0.927 0.0000000000
154298  38.328  1.932  0.653 0.0000000000
154299  38.772  1.065  0.349 0.0000000000
154300  38.824  0.455  0.531 0.0000000000
154301  38.732  -0.160  0.679 0.0000000000
154302  38.440  -0.859  0.713 0.0000000000
154303  38.595  0.334  1.764 0.0000000000
154304  38.603  -0.524  1.377 0.0000000000
154309  32.713  9.828  5.725 0.0000000000
154310  33.177  8.854  5.522 0.0000000000
154311  33.634  7.853  5.312 0.0000000000
154312  33.509  7.492  5.978 0.0000000000
154313  33.799  7.109  5.513 0.0000000000
154314  34.047  6.781  5.058 0.0000000000
154315  34.416  5.638  4.739 0.0000000000
154316  34.765  4.522  4.398 0.0000000000
154317  35.282  3.435  4.101 0.0000000000
154318  34.069  4.588  6.767 0.0000000000
154319  34.286  4.240  6.266 0.0000000000
154320  34.545  3.931  5.771 0.0000000000
154321  35.280  2.174  5.650 0.0000000000
154322  35.059  2.854  5.468 0.0000000000
154323  34.847  3.485  5.295 0.0000000000
154324  35.195  3.086  4.800 0.0000000000
154325  35.544  2.740  4.305 0.0000000000
154326  35.922  2.446  3.818 0.0000000000
154327  36.840  1.479  3.593 0.0000000000
154328  37.698  0.562  3.383 0.0000000000
154329  38.185  -0.302  3.088 0.0000000000
154331  38.082  -0.877  3.173 0.0000000000
154332  38.203  -1.155  2.640 0.0000000000
