#!ascii label  , from subject fsaverage vox2ras=TkReg
708
75  42.823  -29.670  22.006 0.0000000000
317  45.852  -34.667  27.292 0.0000000000
798  49.634  -37.862  23.008 0.0000000000
948  53.525  -23.813  22.647 0.0000000000
1312  42.858  -25.719  21.490 0.0000000000
1723  43.644  -31.340  25.504 0.0000000000
1725  44.688  -36.943  23.050 0.0000000000
1950  46.542  -25.218  20.818 0.0000000000
1951  54.567  -20.997  18.343 0.0000000000
1952  50.255  -24.231  20.908 0.0000000000
1953  46.515  -27.584  22.915 0.0000000000
1954  46.891  -29.718  26.970 0.0000000000
3232  42.603  -28.031  20.900 0.0000000000
3233  40.485  -28.569  21.570 0.0000000000
3234  40.735  -30.630  22.228 0.0000000000
3832  44.623  -33.071  26.399 0.0000000000
3833  43.583  -34.604  24.881 0.0000000000
3834  45.042  -35.955  25.298 0.0000000000
4285  51.695  -24.861  23.757 0.0000000000
4286  51.883  -23.886  21.593 0.0000000000
4287  50.049  -25.405  22.317 0.0000000000
4288  48.319  -26.235  21.273 0.0000000000
4289  48.245  -26.656  23.785 0.0000000000
4290  46.493  -28.166  25.165 0.0000000000
4291  48.344  -27.729  26.010 0.0000000000
6044  47.107  -37.072  25.485 0.0000000000
6045  49.528  -37.827  25.544 0.0000000000
6046  52.457  -37.990  22.694 0.0000000000
6314  55.453  -21.917  21.969 0.0000000000
7861  42.974  -30.126  24.056 0.0000000000
7862  41.320  -31.971  23.778 0.0000000000
7863  42.349  -33.241  24.533 0.0000000000
7866  46.996  -37.675  22.934 0.0000000000
8447  44.718  -25.552  21.055 0.0000000000
8448  44.593  -27.495  20.597 0.0000000000
8452  53.847  -21.934  21.024 0.0000000000
8453  52.274  -22.264  20.143 0.0000000000
8454  50.482  -22.728  19.776 0.0000000000
8455  48.379  -24.646  20.799 0.0000000000
8456  46.515  -26.942  20.715 0.0000000000
8457  44.717  -28.637  22.276 0.0000000000
8458  44.686  -28.932  24.565 0.0000000000
8459  45.151  -30.338  26.252 0.0000000000
8460  45.980  -32.226  27.485 0.0000000000
10912  42.662  -29.074  21.062 0.0000000000
10913  41.589  -29.366  21.364 0.0000000000
10914  41.746  -30.138  22.071 0.0000000000
11512  45.202  -33.873  26.820 0.0000000000
11513  44.671  -34.568  26.047 0.0000000000
11514  45.395  -35.289  26.328 0.0000000000
11966  50.831  -25.092  23.052 0.0000000000
11967  49.970  -25.636  23.756 0.0000000000
11968  49.177  -26.061  23.034 0.0000000000
11969  49.099  -26.315  24.441 0.0000000000
11970  48.260  -27.110  24.976 0.0000000000
13915  53.661  -38.332  23.832 0.0000000000
13916  52.237  -38.235  23.998 0.0000000000
13917  53.884  -38.080  22.540 0.0000000000
15460  39.605  -30.174  21.904 0.0000000000
15461  39.459  -29.048  21.861 0.0000000000
17257  43.267  -30.590  24.878 0.0000000000
17258  42.517  -31.610  24.597 0.0000000000
17259  42.943  -32.313  25.055 0.0000000000
17260  43.936  -35.959  24.164 0.0000000000
17261  43.204  -35.292  24.015 0.0000000000
17265  48.259  -37.673  24.271 0.0000000000
17266  46.996  -37.394  24.242 0.0000000000
17267  48.262  -37.763  23.002 0.0000000000
17269  48.530  -37.604  20.365 0.0000000000
18602  46.550  -24.210  20.646 0.0000000000
18604  45.624  -25.369  20.884 0.0000000000
18605  44.594  -26.535  20.787 0.0000000000
18606  45.581  -26.311  20.734 0.0000000000
18615  54.404  -22.926  22.380 0.0000000000
18616  54.669  -21.912  21.514 0.0000000000
18617  53.648  -22.923  21.854 0.0000000000
18618  51.078  -23.977  21.151 0.0000000000
18619  51.981  -23.058  21.007 0.0000000000
18620  51.188  -23.314  20.700 0.0000000000
18621  51.387  -22.539  19.937 0.0000000000
18622  50.351  -23.405  20.584 0.0000000000
18623  49.444  -23.593  20.484 0.0000000000
18624  49.321  -24.390  20.832 0.0000000000
18625  47.469  -26.951  21.970 0.0000000000
18626  47.416  -26.642  20.960 0.0000000000
18627  46.572  -27.473  21.641 0.0000000000
18628  45.648  -27.957  21.342 0.0000000000
18629  45.634  -28.094  22.566 0.0000000000
18630  44.705  -28.643  23.443 0.0000000000
18631  45.553  -28.164  23.675 0.0000000000
18632  46.652  -28.870  26.159 0.0000000000
18633  45.732  -29.137  25.867 0.0000000000
18634  45.994  -29.999  26.638 0.0000000000
18635  45.532  -31.290  26.872 0.0000000000
18636  46.340  -30.933  27.268 0.0000000000
21915  41.144  -33.586  23.652 0.0000000000
23326  53.512  -38.407  25.140 0.0000000000
24250  42.710  -26.856  21.216 0.0000000000
24251  41.605  -27.106  21.529 0.0000000000
24252  41.566  -28.226  21.254 0.0000000000
24253  40.561  -29.744  21.661 0.0000000000
25330  44.039  -32.174  25.978 0.0000000000
25331  43.480  -33.020  25.366 0.0000000000
25332  44.045  -33.857  25.713 0.0000000000
25333  44.270  -35.317  25.167 0.0000000000
25334  44.843  -36.507  24.218 0.0000000000
25335  51.251  -37.717  21.577 0.0000000000
25336  49.737  -37.704  21.711 0.0000000000
25337  51.427  -37.409  20.444 0.0000000000
26139  47.469  -24.029  20.555 0.0000000000
26145  52.652  -24.475  23.074 0.0000000000
26146  52.729  -23.845  22.014 0.0000000000
26147  51.818  -24.569  22.421 0.0000000000
26148  50.954  -24.648  21.771 0.0000000000
26149  50.085  -24.918  21.298 0.0000000000
26150  49.239  -25.222  20.964 0.0000000000
26151  49.188  -25.805  21.713 0.0000000000
26152  48.360  -26.536  22.371 0.0000000000
26153  47.403  -27.056  23.323 0.0000000000
26154  46.424  -27.724  24.090 0.0000000000
26155  47.374  -27.337  24.513 0.0000000000
26156  47.390  -27.944  25.564 0.0000000000
26157  47.557  -28.661  26.550 0.0000000000
29461  46.609  -35.500  27.681 0.0000000000
29462  46.315  -36.031  26.558 0.0000000000
29463  47.282  -36.671  26.699 0.0000000000
29464  48.287  -37.470  25.544 0.0000000000
29465  49.593  -37.864  24.274 0.0000000000
29466  50.816  -38.135  25.439 0.0000000000
29467  50.905  -38.071  24.124 0.0000000000
29468  51.022  -37.930  22.818 0.0000000000
29469  52.680  -37.669  21.465 0.0000000000
33955  42.867  -29.829  23.179 0.0000000000
33956  41.946  -30.606  23.221 0.0000000000
33957  42.134  -31.086  23.986 0.0000000000
33958  41.787  -32.651  24.252 0.0000000000
33960  42.930  -33.915  24.673 0.0000000000
33966  46.014  -36.521  25.423 0.0000000000
33967  45.864  -37.056  24.227 0.0000000000
33968  45.830  -37.409  22.979 0.0000000000
33969  48.374  -37.788  21.679 0.0000000000
33970  47.106  -37.744  21.621 0.0000000000
33971  45.863  -37.551  21.650 0.0000000000
35619  43.776  -25.646  21.235 0.0000000000
35620  43.673  -26.733  20.980 0.0000000000
35621  43.577  -27.767  20.715 0.0000000000
35622  43.637  -28.811  20.975 0.0000000000
35632  55.815  -21.001  20.792 0.0000000000
35633  55.012  -21.055  20.171 0.0000000000
35634  54.217  -21.249  19.709 0.0000000000
35635  52.826  -22.940  21.414 0.0000000000
35636  53.058  -22.089  20.551 0.0000000000
35637  53.394  -21.592  19.267 0.0000000000
35638  52.503  -21.889  18.904 0.0000000000
35639  51.527  -22.136  18.810 0.0000000000
35642  48.475  -23.813  20.502 0.0000000000
35643  47.482  -24.922  20.844 0.0000000000
35644  48.330  -25.487  20.864 0.0000000000
35645  47.422  -25.764  20.755 0.0000000000
35646  46.528  -26.068  20.723 0.0000000000
35647  45.588  -27.206  20.617 0.0000000000
35648  44.671  -28.451  21.072 0.0000000000
35649  43.766  -29.178  22.090 0.0000000000
35650  43.780  -29.221  23.248 0.0000000000
35651  43.824  -29.460  24.268 0.0000000000
35652  44.009  -29.975  25.173 0.0000000000
35653  45.585  -28.477  24.836 0.0000000000
35654  44.881  -29.464  25.524 0.0000000000
35655  44.385  -30.786  25.924 0.0000000000
35656  44.740  -31.686  26.396 0.0000000000
35657  45.276  -32.612  26.953 0.0000000000
35658  45.812  -33.447  27.523 0.0000000000
35664  47.176  -30.595  27.650 0.0000000000
35667  46.426  -34.343  28.106 0.0000000000
39613  40.982  -31.334  23.085 0.0000000000
39614  40.136  -32.099  22.831 0.0000000000
41632  42.722  -29.483  21.476 0.0000000000
41633  42.187  -29.645  21.537 0.0000000000
41634  42.268  -29.902  22.054 0.0000000000
42232  45.506  -34.306  27.064 0.0000000000
42233  45.264  -34.624  26.622 0.0000000000
42234  45.623  -34.989  26.807 0.0000000000
42686  50.392  -25.525  24.132 0.0000000000
42687  49.935  -25.850  24.472 0.0000000000
42688  49.509  -25.968  24.100 0.0000000000
42689  49.510  -26.214  24.729 0.0000000000
42690  49.131  -26.586  25.012 0.0000000000
44636  53.807  -38.223  23.150 0.0000000000
47977  43.449  -30.962  25.229 0.0000000000
47978  43.063  -31.490  25.051 0.0000000000
47979  43.297  -31.836  25.299 0.0000000000
47980  44.245  -36.491  23.643 0.0000000000
47981  43.817  -36.235  23.615 0.0000000000
47982  44.192  -36.766  23.015 0.0000000000
47984  44.703  -37.138  22.403 0.0000000000
47985  48.924  -37.817  23.666 0.0000000000
47986  48.313  -37.761  23.607 0.0000000000
47987  48.939  -37.815  23.040 0.0000000000
49322  46.544  -24.738  20.794 0.0000000000
49323  46.072  -24.801  20.825 0.0000000000
49324  46.077  -25.289  20.837 0.0000000000
49325  45.596  -25.857  20.821 0.0000000000
49326  46.077  -25.763  20.819 0.0000000000
49334  54.120  -21.161  18.169 0.0000000000
49335  53.960  -23.356  22.488 0.0000000000
49336  54.037  -22.932  22.154 0.0000000000
49337  53.581  -23.391  22.214 0.0000000000
49338  50.658  -24.128  21.032 0.0000000000
49339  51.149  -23.612  20.957 0.0000000000
49340  50.728  -23.762  20.859 0.0000000000
49341  50.786  -23.371  20.637 0.0000000000
49342  50.292  -23.827  20.799 0.0000000000
49343  49.840  -23.870  20.764 0.0000000000
49344  49.815  -24.275  20.828 0.0000000000
49345  47.029  -27.263  22.456 0.0000000000
49346  47.015  -27.244  21.783 0.0000000000
49347  46.564  -27.552  22.268 0.0000000000
49348  46.102  -27.827  22.123 0.0000000000
49349  46.086  -27.847  22.700 0.0000000000
49350  45.606  -28.107  23.123 0.0000000000
49351  46.011  -27.878  23.272 0.0000000000
49352  46.771  -29.245  26.583 0.0000000000
49353  46.324  -29.408  26.452 0.0000000000
49354  46.442  -29.841  26.806 0.0000000000
49355  46.166  -30.454  26.952 0.0000000000
49356  46.589  -30.299  27.128 0.0000000000
54238  54.340  -38.385  24.338 0.0000000000
55777  42.621  -27.412  21.074 0.0000000000
55778  42.121  -27.556  21.217 0.0000000000
55779  42.094  -28.122  21.096 0.0000000000
55780  41.134  -30.006  21.748 0.0000000000
55781  41.079  -29.549  21.504 0.0000000000
55782  40.641  -30.215  21.911 0.0000000000
55783  40.164  -30.461  21.997 0.0000000000
55784  40.272  -30.904  22.245 0.0000000000
57577  44.334  -32.665  26.148 0.0000000000
57578  44.009  -33.055  25.867 0.0000000000
57579  44.307  -33.466  26.059 0.0000000000
57580  44.793  -35.259  25.725 0.0000000000
57581  44.418  -34.928  25.607 0.0000000000
57582  44.629  -35.645  25.255 0.0000000000
57583  44.495  -35.936  24.734 0.0000000000
57584  44.926  -36.244  24.780 0.0000000000
57585  52.077  -37.555  20.973 0.0000000000
57586  51.329  -37.576  20.994 0.0000000000
58926  47.969  -23.500  20.226 0.0000000000
58935  52.169  -24.679  23.417 0.0000000000
58936  52.237  -24.533  22.706 0.0000000000
58937  51.753  -24.754  23.059 0.0000000000
58938  50.454  -25.234  22.676 0.0000000000
58939  50.907  -24.903  22.349 0.0000000000
58940  50.513  -25.036  21.980 0.0000000000
58941  50.501  -24.782  21.477 0.0000000000
58942  50.063  -25.192  21.722 0.0000000000
58943  49.627  -25.348  21.463 0.0000000000
58944  49.616  -25.620  21.997 0.0000000000
58945  48.721  -26.369  23.400 0.0000000000
58946  48.775  -26.294  22.681 0.0000000000
58947  48.334  -26.570  23.063 0.0000000000
58948  47.901  -26.785  22.829 0.0000000000
58949  47.843  -26.861  23.514 0.0000000000
58950  47.378  -27.163  23.915 0.0000000000
58951  47.808  -26.993  24.141 0.0000000000
58952  48.296  -27.424  25.510 0.0000000000
58953  47.817  -27.529  25.265 0.0000000000
58954  47.875  -27.835  25.793 0.0000000000
58955  47.458  -28.288  26.095 0.0000000000
58956  47.940  -28.168  26.266 0.0000000000
64777  47.057  -35.886  27.813 0.0000000000
64778  46.905  -36.138  27.201 0.0000000000
64779  47.387  -36.460  27.305 0.0000000000
64780  48.939  -37.580  26.160 0.0000000000
64781  48.335  -37.362  26.187 0.0000000000
64782  48.887  -37.650  25.564 0.0000000000
64783  48.916  -37.714  24.933 0.0000000000
64784  49.551  -37.848  24.915 0.0000000000
64787  51.429  -38.226  25.411 0.0000000000
64788  52.363  -38.142  23.362 0.0000000000
64789  51.577  -38.162  24.051 0.0000000000
64790  51.621  -38.089  23.409 0.0000000000
64791  50.921  -38.015  23.479 0.0000000000
64792  51.732  -37.954  22.754 0.0000000000
64793  51.850  -37.820  22.116 0.0000000000
64794  52.560  -37.828  22.061 0.0000000000
69420  41.004  -27.825  21.537 0.0000000000
69422  40.507  -27.978  21.666 0.0000000000
74812  42.890  -29.966  23.639 0.0000000000
74813  42.444  -30.366  23.665 0.0000000000
74814  42.556  -30.649  24.020 0.0000000000
74815  42.364  -32.449  24.633 0.0000000000
74816  42.136  -32.131  24.436 0.0000000000
74817  42.066  -32.939  24.405 0.0000000000
74818  41.753  -33.419  24.083 0.0000000000
74819  42.064  -33.700  24.176 0.0000000000
74820  43.515  -33.857  25.160 0.0000000000
74821  43.199  -33.467  25.000 0.0000000000
74822  43.255  -34.251  24.757 0.0000000000
74835  46.684  -36.611  26.043 0.0000000000
74836  46.145  -36.264  26.021 0.0000000000
74837  46.535  -36.836  25.426 0.0000000000
74838  46.970  -37.555  23.588 0.0000000000
74839  46.392  -37.257  24.213 0.0000000000
74840  46.380  -37.438  23.591 0.0000000000
74841  45.831  -37.281  23.631 0.0000000000
74842  46.400  -37.552  22.933 0.0000000000
74843  49.780  -37.595  21.109 0.0000000000
74844  49.018  -37.733  21.715 0.0000000000
74845  49.113  -37.655  21.080 0.0000000000
74847  47.806  -37.730  20.991 0.0000000000
74849  46.469  -37.666  21.619 0.0000000000
74850  46.517  -37.666  20.971 0.0000000000
74851  45.908  -37.554  21.010 0.0000000000
78850  45.166  -24.959  21.016 0.0000000000
78852  44.717  -24.993  21.099 0.0000000000
78854  44.259  -25.602  21.144 0.0000000000
78855  43.741  -26.187  21.140 0.0000000000
78856  44.211  -26.127  21.027 0.0000000000
78857  44.575  -27.020  20.659 0.0000000000
78858  44.067  -27.140  20.718 0.0000000000
78859  44.082  -27.641  20.605 0.0000000000
78860  43.600  -28.303  20.745 0.0000000000
78861  44.108  -28.151  20.681 0.0000000000
78887  55.601  -21.457  21.467 0.0000000000
78888  54.247  -21.911  21.243 0.0000000000
78889  54.833  -21.408  20.901 0.0000000000
78890  54.404  -21.475  20.641 0.0000000000
78891  54.593  -21.132  19.963 0.0000000000
78892  53.994  -21.529  20.422 0.0000000000
78893  52.306  -23.829  21.784 0.0000000000
78894  52.776  -23.372  21.697 0.0000000000
78895  52.354  -23.405  21.518 0.0000000000
78896  52.076  -22.649  20.689 0.0000000000
78897  52.516  -22.577  20.823 0.0000000000
78898  52.664  -22.191  20.345 0.0000000000
78899  53.248  -21.768  19.938 0.0000000000
78900  52.849  -21.879  19.739 0.0000000000
78901  52.957  -21.762  19.072 0.0000000000
78902  52.405  -22.034  19.537 0.0000000000
78903  50.978  -22.620  19.849 0.0000000000
78904  51.474  -22.301  19.397 0.0000000000
78905  50.993  -22.399  19.325 0.0000000000
78906  51.020  -22.182  18.762 0.0000000000
78907  50.481  -22.462  19.283 0.0000000000
78909  49.963  -22.790  19.736 0.0000000000
78910  48.939  -24.108  20.700 0.0000000000
78911  48.940  -23.712  20.505 0.0000000000
78912  48.441  -24.236  20.700 0.0000000000
78913  47.978  -24.366  20.729 0.0000000000
78914  47.933  -24.786  20.827 0.0000000000
78915  48.766  -25.737  21.060 0.0000000000
78916  48.814  -25.328  20.942 0.0000000000
78917  48.314  -25.894  20.962 0.0000000000
78918  46.980  -26.765  20.862 0.0000000000
78919  47.410  -26.198  20.743 0.0000000000
78920  46.978  -26.351  20.713 0.0000000000
78921  46.992  -25.920  20.738 0.0000000000
78922  46.535  -26.498  20.677 0.0000000000
78923  46.064  -26.620  20.644 0.0000000000
78924  46.049  -27.079  20.715 0.0000000000
78925  45.197  -28.379  21.784 0.0000000000
78926  45.166  -28.205  21.193 0.0000000000
78927  44.718  -28.625  21.661 0.0000000000
78928  44.217  -28.857  21.559 0.0000000000
78929  44.247  -28.924  22.166 0.0000000000
78930  43.772  -29.179  22.689 0.0000000000
78931  44.242  -28.892  22.754 0.0000000000
78932  44.694  -28.743  23.987 0.0000000000
78933  44.251  -29.021  23.861 0.0000000000
78934  44.255  -29.185  24.406 0.0000000000
78935  43.878  -29.675  24.733 0.0000000000
78936  44.305  -29.407  24.927 0.0000000000
78937  46.443  -27.899  24.617 0.0000000000
78938  45.985  -28.081  24.434 0.0000000000
78939  46.029  -28.309  24.996 0.0000000000
78940  45.392  -29.693  26.094 0.0000000000
78941  45.273  -29.259  25.712 0.0000000000
78942  45.005  -29.879  25.913 0.0000000000
78943  44.605  -30.091  25.750 0.0000000000
78944  44.768  -30.539  26.070 0.0000000000
78945  44.547  -31.240  26.169 0.0000000000
78946  44.931  -31.007  26.356 0.0000000000
78947  45.758  -31.759  27.175 0.0000000000
78948  45.375  -31.948  26.939 0.0000000000
78949  45.637  -32.413  27.236 0.0000000000
78950  45.548  -33.055  27.230 0.0000000000
78951  45.883  -32.864  27.542 0.0000000000
78974  46.707  -34.196  28.537 0.0000000000
78975  46.778  -34.774  28.350 0.0000000000
88785  41.588  -31.216  23.600 0.0000000000
88786  41.450  -30.957  23.164 0.0000000000
88787  41.130  -31.645  23.454 0.0000000000
88789  40.361  -32.385  23.099 0.0000000000
93370  42.623  -28.576  20.866 0.0000000000
93371  42.092  -28.670  21.066 0.0000000000
93372  42.094  -29.276  21.161 0.0000000000
93373  41.644  -29.824  21.637 0.0000000000
93374  41.223  -30.362  22.138 0.0000000000
94450  44.912  -33.465  26.628 0.0000000000
94451  44.627  -33.830  26.284 0.0000000000
94452  44.931  -34.230  26.461 0.0000000000
94453  45.019  -34.933  26.194 0.0000000000
94454  45.200  -35.590  25.845 0.0000000000
95266  51.282  -24.968  23.403 0.0000000000
95268  50.430  -25.363  23.382 0.0000000000
95269  50.015  -25.540  23.028 0.0000000000
95270  49.605  -25.732  22.688 0.0000000000
95271  49.552  -25.813  23.411 0.0000000000
95272  49.101  -26.135  23.763 0.0000000000
95273  48.680  -26.483  24.104 0.0000000000
95274  48.241  -26.822  24.404 0.0000000000
95275  48.695  -26.674  24.728 0.0000000000
95276  48.730  -26.995  25.253 0.0000000000
95277  48.736  -27.335  25.762 0.0000000000
98774  49.545  -37.767  26.148 0.0000000000
98775  52.837  -38.349  24.610 0.0000000000
98776  52.139  -38.287  24.679 0.0000000000
98777  52.940  -38.281  23.931 0.0000000000
98778  53.106  -38.192  23.240 0.0000000000
98779  53.185  -38.036  22.626 0.0000000000
98780  53.285  -37.869  21.969 0.0000000000
98781  53.924  -37.940  21.908 0.0000000000
101556  40.040  -29.354  21.704 0.0000000000
101557  39.993  -28.775  21.726 0.0000000000
101558  39.543  -29.596  21.843 0.0000000000
101559  39.008  -29.932  21.981 0.0000000000
104791  43.113  -30.281  24.460 0.0000000000
104792  42.721  -30.844  24.389 0.0000000000
104793  42.887  -31.122  24.741 0.0000000000
104794  42.695  -31.979  24.856 0.0000000000
104795  42.606  -32.772  24.804 0.0000000000
104796  43.729  -35.297  24.565 0.0000000000
104797  43.381  -34.955  24.449 0.0000000000
104798  43.567  -35.629  24.080 0.0000000000
104799  43.437  -35.968  23.588 0.0000000000
104805  47.627  -37.415  24.887 0.0000000000
104806  47.032  -37.241  24.853 0.0000000000
104807  47.612  -37.540  24.242 0.0000000000
104808  47.612  -37.656  23.612 0.0000000000
104809  47.614  -37.716  22.954 0.0000000000
107215  45.611  -24.893  20.929 0.0000000000
107216  45.163  -25.470  20.978 0.0000000000
107217  44.674  -26.038  20.947 0.0000000000
107218  45.137  -25.944  20.868 0.0000000000
107219  45.065  -26.433  20.728 0.0000000000
107220  45.078  -26.885  20.633 0.0000000000
107235  54.905  -22.433  22.219 0.0000000000
107236  55.065  -21.929  21.762 0.0000000000
107237  54.525  -22.435  21.992 0.0000000000
107238  54.120  -22.411  21.755 0.0000000000
107239  53.728  -22.419  21.474 0.0000000000
107240  51.484  -23.902  21.351 0.0000000000
107241  51.953  -23.454  21.305 0.0000000000
107242  51.542  -23.517  21.101 0.0000000000
107243  51.596  -23.158  20.835 0.0000000000
107244  51.691  -22.795  20.492 0.0000000000
107245  51.852  -22.398  20.023 0.0000000000
107246  51.281  -22.901  20.383 0.0000000000
107247  50.859  -22.948  20.325 0.0000000000
107248  50.435  -23.032  20.224 0.0000000000
107249  49.965  -23.127  20.169 0.0000000000
107250  49.918  -23.448  20.551 0.0000000000
107251  49.398  -23.980  20.709 0.0000000000
107252  48.857  -24.511  20.793 0.0000000000
107253  47.884  -26.674  21.543 0.0000000000
107254  47.864  -26.426  21.118 0.0000000000
107255  47.429  -26.871  21.371 0.0000000000
107256  47.000  -27.091  21.234 0.0000000000
107257  46.555  -27.282  21.088 0.0000000000
107258  46.068  -27.459  20.996 0.0000000000
107259  46.110  -27.703  21.490 0.0000000000
107260  45.648  -28.068  21.955 0.0000000000
107261  45.172  -28.366  22.417 0.0000000000
107262  44.710  -28.619  22.869 0.0000000000
107263  45.167  -28.322  23.027 0.0000000000
107264  45.146  -28.381  23.572 0.0000000000
107265  45.136  -28.512  24.129 0.0000000000
107266  46.564  -28.501  25.691 0.0000000000
107267  46.077  -28.633  25.561 0.0000000000
107268  46.208  -29.002  26.039 0.0000000000
107269  45.874  -29.547  26.285 0.0000000000
107270  45.534  -30.155  26.437 0.0000000000
107271  45.307  -30.813  26.554 0.0000000000
107272  45.714  -30.629  26.768 0.0000000000
107273  45.931  -31.104  27.095 0.0000000000
107274  46.100  -31.593  27.379 0.0000000000
113175  41.188  -32.771  23.797 0.0000000000
113176  40.950  -32.407  23.570 0.0000000000
115869  53.578  -38.390  24.499 0.0000000000
115870  54.439  -38.334  23.697 0.0000000000
118024  42.812  -26.276  21.383 0.0000000000
118025  42.225  -26.401  21.536 0.0000000000
118026  42.172  -26.967  21.384 0.0000000000
118027  41.565  -27.666  21.396 0.0000000000
118028  41.014  -28.354  21.443 0.0000000000
118029  41.577  -28.798  21.244 0.0000000000
118030  41.050  -28.923  21.415 0.0000000000
118031  40.533  -29.173  21.491 0.0000000000
118032  40.092  -29.930  21.784 0.0000000000
120544  43.841  -31.722  25.730 0.0000000000
120545  43.528  -32.168  25.502 0.0000000000
120546  43.751  -32.605  25.687 0.0000000000
120547  43.750  -33.464  25.537 0.0000000000
120548  43.829  -34.237  25.331 0.0000000000
120549  44.346  -34.207  25.884 0.0000000000
120550  44.131  -34.596  25.483 0.0000000000
120551  43.923  -34.945  25.034 0.0000000000
120552  44.097  -35.628  24.668 0.0000000000
120553  44.359  -36.210  24.193 0.0000000000
120554  44.738  -36.750  23.662 0.0000000000
120555  50.417  -37.823  22.281 0.0000000000
120556  49.683  -37.795  22.381 0.0000000000
120557  50.501  -37.706  21.658 0.0000000000
120558  50.573  -37.585  21.086 0.0000000000
120559  50.654  -37.437  20.475 0.0000000000
122432  47.016  -24.149  20.586 0.0000000000
122433  47.004  -24.629  20.749 0.0000000000
122445  53.128  -24.181  22.866 0.0000000000
122446  53.124  -23.877  22.288 0.0000000000
122447  52.696  -24.240  22.463 0.0000000000
122448  52.281  -24.283  22.139 0.0000000000
122449  51.845  -24.275  21.934 0.0000000000
122450  51.314  -24.829  22.719 0.0000000000
122451  51.394  -24.613  22.072 0.0000000000
122452  51.410  -24.287  21.628 0.0000000000
122453  50.993  -24.332  21.377 0.0000000000
122454  50.574  -24.467  21.209 0.0000000000
122455  50.156  -24.607  21.050 0.0000000000
122456  49.759  -24.684  20.908 0.0000000000
122457  49.669  -25.059  21.111 0.0000000000
122458  49.202  -25.550  21.237 0.0000000000
122459  48.753  -26.043  21.414 0.0000000000
122460  49.183  -25.977  22.331 0.0000000000
122461  48.761  -26.215  22.010 0.0000000000
122462  48.346  -26.443  21.754 0.0000000000
122463  47.941  -26.748  22.153 0.0000000000
122464  47.478  -26.980  22.657 0.0000000000
122465  46.946  -27.314  23.128 0.0000000000
122466  46.438  -27.631  23.533 0.0000000000
122467  46.904  -27.399  23.728 0.0000000000
122468  46.895  -27.532  24.285 0.0000000000
122469  46.909  -27.732  24.827 0.0000000000
122470  47.807  -27.201  24.724 0.0000000000
122471  47.367  -27.615  25.040 0.0000000000
122472  46.947  -28.044  25.362 0.0000000000
122473  47.006  -28.396  25.873 0.0000000000
122474  47.106  -28.757  26.338 0.0000000000
122475  47.218  -29.153  26.767 0.0000000000
130435  46.211  -35.087  27.502 0.0000000000
130436  46.020  -35.361  26.991 0.0000000000
130437  46.460  -35.790  27.104 0.0000000000
130438  46.799  -36.378  26.617 0.0000000000
130439  47.199  -36.871  26.104 0.0000000000
130441  47.750  -37.121  26.183 0.0000000000
130442  47.692  -37.269  25.536 0.0000000000
130443  48.270  -37.578  24.923 0.0000000000
130444  48.918  -37.779  24.309 0.0000000000
130445  49.588  -37.878  23.625 0.0000000000
130448  50.181  -38.000  25.488 0.0000000000
130449  51.489  -38.214  24.721 0.0000000000
130450  50.879  -38.124  24.754 0.0000000000
130451  50.197  -37.990  24.860 0.0000000000
130452  50.222  -37.971  24.217 0.0000000000
130453  50.254  -37.944  23.550 0.0000000000
130454  50.333  -37.897  22.898 0.0000000000
130455  51.139  -37.825  22.182 0.0000000000
130456  51.983  -37.678  21.512 0.0000000000
130457  52.817  -37.532  20.904 0.0000000000
130458  53.378  -37.700  21.367 0.0000000000
132149  55.814  -21.967  22.241 0.0000000000
132152  55.283  -22.416  22.430 0.0000000000
132153  54.755  -22.934  22.610 0.0000000000
132154  54.316  -23.356  22.790 0.0000000000
142957  42.869  -29.727  22.641 0.0000000000
142958  42.350  -30.096  22.667 0.0000000000
142959  42.416  -30.240  23.215 0.0000000000
142960  42.018  -30.824  23.637 0.0000000000
142961  41.697  -31.553  23.913 0.0000000000
142962  42.310  -31.364  24.301 0.0000000000
142963  41.903  -31.820  24.212 0.0000000000
142964  41.536  -32.315  24.040 0.0000000000
142965  41.443  -33.140  23.957 0.0000000000
142966  41.450  -33.896  23.739 0.0000000000
142968  43.211  -32.647  25.215 0.0000000000
142969  42.889  -33.101  24.928 0.0000000000
142970  42.625  -33.583  24.608 0.0000000000
142971  43.033  -34.604  24.362 0.0000000000
142973  42.374  -34.010  24.238 0.0000000000
142986  45.824  -35.634  26.490 0.0000000000
142987  45.650  -35.922  25.954 0.0000000000
142988  45.542  -36.282  25.324 0.0000000000
142989  46.459  -37.031  24.837 0.0000000000
142990  45.932  -36.808  24.811 0.0000000000
142991  45.433  -36.556  24.784 0.0000000000
142992  45.357  -36.805  24.231 0.0000000000
142993  45.313  -37.057  23.644 0.0000000000
142994  45.253  -37.199  23.028 0.0000000000
142995  48.953  -37.772  22.387 0.0000000000
142996  48.299  -37.779  22.334 0.0000000000
142997  47.671  -37.771  22.303 0.0000000000
142998  48.464  -37.706  21.027 0.0000000000
142999  47.747  -37.777  21.651 0.0000000000
143000  47.052  -37.723  22.282 0.0000000000
143001  46.433  -37.629  22.270 0.0000000000
143002  45.824  -37.510  22.326 0.0000000000
143003  45.254  -37.310  22.374 0.0000000000
143004  45.302  -37.416  21.717 0.0000000000
147855  43.332  -25.678  21.361 0.0000000000
147856  43.267  -26.234  21.248 0.0000000000
147857  43.195  -26.790  21.101 0.0000000000
147858  43.128  -27.350  20.941 0.0000000000
147859  44.130  -26.637  20.878 0.0000000000
147860  43.589  -27.255  20.821 0.0000000000
147861  43.088  -27.907  20.805 0.0000000000
147862  43.112  -28.419  20.765 0.0000000000
147863  43.148  -28.964  21.022 0.0000000000
147864  43.217  -29.273  21.466 0.0000000000
147893  56.426  -20.719  20.385 0.0000000000
147894  56.015  -20.723  20.087 0.0000000000
147895  55.238  -21.433  21.170 0.0000000000
147896  55.427  -21.029  20.471 0.0000000000
147899  54.820  -20.914  19.231 0.0000000000
147900  54.396  -21.100  18.998 0.0000000000
147901  53.191  -23.398  21.915 0.0000000000
147902  53.251  -22.930  21.589 0.0000000000
147903  53.331  -22.449  21.247 0.0000000000
147904  52.418  -22.987  21.204 0.0000000000
147905  52.918  -22.496  21.055 0.0000000000
147906  53.443  -22.000  20.790 0.0000000000
147907  53.612  -21.631  20.173 0.0000000000
147908  53.839  -21.385  19.457 0.0000000000
147909  53.937  -21.294  18.783 0.0000000000
147910  53.517  -21.468  18.607 0.0000000000
147911  53.059  -21.612  18.439 0.0000000000
147912  52.599  -21.744  18.295 0.0000000000
147913  51.936  -22.170  19.459 0.0000000000
147914  52.031  -22.030  18.846 0.0000000000
147922  49.457  -23.233  20.158 0.0000000000
147923  48.990  -23.309  20.163 0.0000000000
147924  48.484  -23.381  20.199 0.0000000000
147925  47.977  -23.912  20.520 0.0000000000
147926  47.478  -24.478  20.743 0.0000000000
147927  47.012  -25.091  20.814 0.0000000000
147928  49.334  -24.778  20.898 0.0000000000
147929  48.838  -24.908  20.882 0.0000000000
147930  48.321  -25.065  20.829 0.0000000000
147931  47.857  -26.057  20.882 0.0000000000
147932  47.856  -25.634  20.800 0.0000000000
147933  47.875  -25.204  20.807 0.0000000000
147934  47.466  -25.343  20.834 0.0000000000
147935  47.002  -25.497  20.808 0.0000000000
147936  46.532  -25.654  20.784 0.0000000000
147937  46.060  -26.195  20.726 0.0000000000
147938  45.582  -26.758  20.639 0.0000000000
147939  45.099  -27.343  20.547 0.0000000000
147940  45.577  -27.698  20.847 0.0000000000
147941  45.124  -27.831  20.748 0.0000000000
147942  44.623  -27.982  20.680 0.0000000000
147943  44.162  -28.597  21.029 0.0000000000
147944  43.707  -29.104  21.478 0.0000000000
147945  43.289  -29.419  22.048 0.0000000000
147946  43.326  -29.472  22.645 0.0000000000
147947  43.314  -29.513  23.209 0.0000000000
147948  43.356  -29.644  23.680 0.0000000000
147949  44.247  -28.925  23.320 0.0000000000
147950  43.802  -29.324  23.765 0.0000000000
147951  43.421  -29.787  24.146 0.0000000000
147952  43.509  -29.990  24.589 0.0000000000
147953  43.630  -30.274  25.007 0.0000000000
147954  43.798  -30.638  25.394 0.0000000000
147955  45.974  -27.944  23.853 0.0000000000
147956  45.548  -28.282  24.266 0.0000000000
147957  45.146  -28.685  24.697 0.0000000000
147958  45.639  -28.770  25.379 0.0000000000
147959  45.183  -28.889  25.246 0.0000000000
147960  44.772  -29.144  25.075 0.0000000000
147961  44.460  -29.675  25.373 0.0000000000
147962  44.192  -30.354  25.583 0.0000000000
147963  44.014  -31.037  25.713 0.0000000000
147964  44.196  -31.476  25.965 0.0000000000
147965  44.406  -31.933  26.181 0.0000000000
147966  44.659  -32.384  26.401 0.0000000000
147967  45.122  -31.482  26.637 0.0000000000
147968  45.000  -32.148  26.674 0.0000000000
147969  44.943  -32.812  26.681 0.0000000000
147970  45.229  -33.258  26.912 0.0000000000
147971  45.510  -33.661  27.171 0.0000000000
147972  45.812  -34.068  27.442 0.0000000000
147974  49.198  -27.273  26.059 0.0000000000
147975  48.810  -27.668  26.293 0.0000000000
147989  47.474  -30.006  27.490 0.0000000000
147990  47.030  -30.144  27.319 0.0000000000
147991  46.755  -30.767  27.467 0.0000000000
147992  46.522  -31.407  27.614 0.0000000000
147993  46.333  -32.019  27.765 0.0000000000
147996  46.224  -32.676  27.840 0.0000000000
147997  46.147  -33.291  27.886 0.0000000000
147998  46.112  -33.898  27.846 0.0000000000
147999  46.143  -34.498  27.703 0.0000000000
148000  46.489  -34.933  27.920 0.0000000000
148001  46.890  -35.335  28.129 0.0000000000
148002  47.320  -35.749  28.244 0.0000000000
159793  41.822  -30.410  22.663 0.0000000000
159794  41.323  -30.691  22.644 0.0000000000
159795  40.823  -31.041  22.638 0.0000000000
159796  40.747  -32.025  23.282 0.0000000000
159797  40.552  -31.693  22.951 0.0000000000
159798  40.382  -31.366  22.601 0.0000000000
159799  39.963  -31.661  22.516 0.0000000000
