#!ascii label  , from subject fsaverage vox2ras=TkReg
633
161  62.628  -10.520  -20.420 0.0000000000
639  57.750  -1.807  -26.769 0.0000000000
1434  60.693  -5.770  -24.253 0.0000000000
1435  56.584  -5.604  -28.486 0.0000000000
1436  58.976  -10.930  -25.117 0.0000000000
1797  63.360  -16.474  -18.599 0.0000000000
1798  60.291  -15.583  -22.009 0.0000000000
2554  55.131  1.194  -30.871 0.0000000000
2555  50.914  -3.979  -29.772 0.0000000000
3350  62.416  -11.894  -18.274 0.0000000000
3351  59.243  -12.040  -19.332 0.0000000000
3352  61.388  -8.909  -20.049 0.0000000000
3353  60.187  -6.804  -22.035 0.0000000000
3354  61.752  -7.954  -22.376 0.0000000000
3355  60.450  -8.195  -24.915 0.0000000000
3356  61.461  -10.597  -23.225 0.0000000000
3953  64.130  -17.098  -16.219 0.0000000000
3954  63.622  -19.016  -17.814 0.0000000000
5735  57.227  -3.701  -25.107 0.0000000000
5739  55.389  0.208  -27.506 0.0000000000
5740  54.941  2.611  -29.206 0.0000000000
5741  56.805  -0.106  -28.799 0.0000000000
5742  54.553  -7.931  -27.292 0.0000000000
5743  53.708  -5.062  -29.253 0.0000000000
5744  51.472  -7.253  -28.167 0.0000000000
5748  58.344  -15.387  -23.433 0.0000000000
7187  58.932  -5.044  -23.661 0.0000000000
7188  59.310  -3.694  -25.798 0.0000000000
7189  58.090  -3.201  -27.992 0.0000000000
7190  59.319  -5.741  -26.672 0.0000000000
7191  57.828  -8.247  -26.515 0.0000000000
8030  63.427  -14.508  -16.940 0.0000000000
8031  63.003  -13.275  -19.201 0.0000000000
8032  62.053  -13.103  -21.629 0.0000000000
8033  61.934  -15.907  -20.417 0.0000000000
8034  59.824  -18.821  -20.919 0.0000000000
10219  56.072  -2.471  -30.149 0.0000000000
10220  53.500  -1.566  -31.194 0.0000000000
10221  50.742  -0.840  -31.514 0.0000000000
10225  60.167  -13.069  -23.951 0.0000000000
10226  57.291  -13.112  -24.716 0.0000000000
11030  62.723  -10.969  -19.147 0.0000000000
11031  61.907  -10.421  -19.094 0.0000000000
11032  62.386  -9.440  -19.971 0.0000000000
11033  61.847  -8.188  -20.949 0.0000000000
11034  62.303  -9.156  -21.237 0.0000000000
11035  61.759  -9.225  -22.680 0.0000000000
11036  62.217  -10.384  -21.905 0.0000000000
13415  57.835  -2.552  -25.848 0.0000000000
13416  55.992  -3.122  -25.661 0.0000000000
13417  56.585  -1.801  -26.301 0.0000000000
13418  55.200  -1.089  -26.871 0.0000000000
13419  56.690  -0.775  -27.187 0.0000000000
13420  56.347  0.302  -28.043 0.0000000000
13421  57.323  -0.961  -27.730 0.0000000000
13422  53.581  -9.056  -26.790 0.0000000000
13423  53.032  -7.592  -27.682 0.0000000000
15815  60.691  -6.052  -22.994 0.0000000000
15816  59.639  -5.874  -22.865 0.0000000000
15817  60.125  -4.967  -23.797 0.0000000000
15818  59.470  -4.138  -24.595 0.0000000000
15819  60.032  -4.690  -24.989 0.0000000000
15820  59.482  -4.592  -26.258 0.0000000000
15821  60.172  -5.710  -25.463 0.0000000000
15822  59.781  -9.614  -25.089 0.0000000000
15823  59.316  -8.248  -25.875 0.0000000000
15824  58.397  -9.579  -25.781 0.0000000000
15825  56.851  -9.440  -26.123 0.0000000000
15826  57.464  -10.819  -25.558 0.0000000000
17615  63.953  -16.727  -17.280 0.0000000000
17616  63.840  -15.824  -16.464 0.0000000000
17617  63.633  -15.340  -17.738 0.0000000000
17618  63.329  -13.839  -18.050 0.0000000000
17619  63.228  -14.898  -18.885 0.0000000000
17620  62.695  -14.543  -19.854 0.0000000000
17621  62.729  -16.198  -19.621 0.0000000000
17623  60.886  -19.131  -20.402 0.0000000000
22977  55.300  2.126  -30.090 0.0000000000
22982  57.545  -4.334  -28.526 0.0000000000
22983  57.115  -2.845  -29.122 0.0000000000
22984  56.305  -4.141  -29.423 0.0000000000
22985  52.404  -4.478  -29.543 0.0000000000
22986  53.708  -3.305  -30.294 0.0000000000
22987  52.233  -2.764  -30.467 0.0000000000
22988  52.102  -1.198  -31.480 0.0000000000
22989  50.758  -2.415  -30.617 0.0000000000
22990  49.422  -2.057  -30.819 0.0000000000
22991  49.584  -3.613  -30.029 0.0000000000
22997  61.267  -14.320  -21.895 0.0000000000
22998  61.350  -13.072  -22.930 0.0000000000
22999  60.497  -14.266  -22.914 0.0000000000
24460  61.827  -13.089  -17.643 0.0000000000
24461  60.079  -13.230  -18.299 0.0000000000
24462  61.134  -11.698  -18.536 0.0000000000
24463  60.558  -10.303  -19.540 0.0000000000
24465  59.229  -8.048  -21.604 0.0000000000
24466  60.764  -7.796  -21.055 0.0000000000
24467  61.200  -7.081  -22.081 0.0000000000
24468  61.237  -6.917  -23.364 0.0000000000
24469  60.773  -6.809  -24.616 0.0000000000
24470  61.260  -8.054  -23.694 0.0000000000
24471  60.931  -9.425  -24.025 0.0000000000
24472  60.423  -10.752  -24.421 0.0000000000
25546  64.433  -18.273  -15.850 0.0000000000
25547  64.141  -17.883  -17.043 0.0000000000
25548  63.568  -17.817  -18.230 0.0000000000
25549  62.841  -17.774  -19.248 0.0000000000
28760  53.678  -0.297  -27.168 0.0000000000
28761  54.132  1.165  -27.864 0.0000000000
28763  55.280  1.525  -28.302 0.0000000000
28764  55.849  1.349  -29.033 0.0000000000
28765  56.001  0.617  -29.862 0.0000000000
28766  55.564  -6.846  -27.947 0.0000000000
28767  55.196  -5.389  -28.983 0.0000000000
28768  54.031  -6.552  -28.252 0.0000000000
28769  52.550  -6.149  -28.581 0.0000000000
28770  51.123  -5.684  -28.934 0.0000000000
28775  59.247  -16.958  -21.953 0.0000000000
28776  59.431  -15.541  -22.772 0.0000000000
28777  58.328  -16.871  -22.590 0.0000000000
32125  58.689  -7.189  -22.413 0.0000000000
32126  57.892  -6.482  -23.199 0.0000000000
32127  57.038  -5.794  -23.826 0.0000000000
32128  58.230  -4.361  -24.419 0.0000000000
32129  58.621  -3.317  -25.343 0.0000000000
32130  58.593  -2.719  -26.421 0.0000000000
32131  58.085  -2.349  -27.433 0.0000000000
32132  58.764  -3.418  -26.951 0.0000000000
32133  58.564  -4.517  -27.464 0.0000000000
32134  58.034  -5.764  -27.668 0.0000000000
32135  59.985  -7.000  -25.775 0.0000000000
32136  58.718  -7.014  -26.745 0.0000000000
32137  57.243  -6.938  -27.529 0.0000000000
32138  56.216  -8.112  -26.940 0.0000000000
34409  63.164  -15.397  -16.060 0.0000000000
34410  62.599  -14.227  -16.795 0.0000000000
34411  62.942  -13.219  -17.494 0.0000000000
34412  63.002  -12.394  -18.497 0.0000000000
34413  62.850  -11.840  -19.777 0.0000000000
34414  62.525  -11.782  -21.181 0.0000000000
34415  62.611  -13.095  -20.354 0.0000000000
34416  62.016  -14.355  -20.865 0.0000000000
34417  61.141  -15.628  -21.187 0.0000000000
34418  61.865  -17.680  -20.223 0.0000000000
34419  60.886  -17.457  -20.836 0.0000000000
34420  60.021  -17.070  -21.361 0.0000000000
34421  58.819  -18.538  -21.405 0.0000000000
40891  57.416  -1.684  -28.452 0.0000000000
40892  56.683  -1.057  -29.536 0.0000000000
40893  55.695  -0.561  -30.587 0.0000000000
40894  55.076  -3.887  -30.011 0.0000000000
40895  54.952  -1.982  -30.776 0.0000000000
40896  54.580  -0.136  -31.426 0.0000000000
40897  53.360  0.168  -32.021 0.0000000000
40899  50.675  0.776  -32.302 0.0000000000
40909  61.911  -11.796  -22.577 0.0000000000
40910  60.920  -11.876  -23.679 0.0000000000
40911  59.594  -11.888  -24.549 0.0000000000
40912  59.289  -14.252  -23.673 0.0000000000
40913  58.753  -12.988  -24.437 0.0000000000
40914  58.100  -12.123  -24.951 0.0000000000
41750  62.697  -10.693  -19.769 0.0000000000
41751  62.547  -10.243  -19.499 0.0000000000
41752  62.592  -9.973  -20.140 0.0000000000
41753  62.422  -9.233  -20.608 0.0000000000
41754  62.529  -9.807  -20.861 0.0000000000
41755  62.312  -9.797  -21.574 0.0000000000
41756  62.561  -10.429  -21.151 0.0000000000
44135  57.867  -2.157  -26.279 0.0000000000
44136  57.258  -2.220  -26.006 0.0000000000
44137  57.265  -1.721  -26.476 0.0000000000
44138  56.684  -1.257  -26.683 0.0000000000
44139  57.267  -1.253  -26.966 0.0000000000
44140  57.073  -0.806  -27.435 0.0000000000
44141  57.548  -1.372  -27.278 0.0000000000
46535  60.747  -5.820  -23.577 0.0000000000
46536  60.406  -5.536  -23.355 0.0000000000
46537  60.487  -5.278  -23.988 0.0000000000
46538  60.141  -4.727  -24.368 0.0000000000
46539  60.383  -5.217  -24.646 0.0000000000
46540  60.173  -5.171  -25.212 0.0000000000
46541  60.481  -5.716  -24.876 0.0000000000
46542  59.416  -10.302  -25.160 0.0000000000
46543  59.120  -9.635  -25.475 0.0000000000
46544  58.659  -10.296  -25.438 0.0000000000
46545  57.926  -10.214  -25.658 0.0000000000
46546  58.227  -10.927  -25.356 0.0000000000
48335  63.712  -16.587  -17.927 0.0000000000
48336  63.792  -16.066  -17.407 0.0000000000
48337  63.567  -15.841  -18.099 0.0000000000
48338  63.454  -15.082  -18.311 0.0000000000
48339  63.320  -15.670  -18.747 0.0000000000
48340  63.024  -15.495  -19.265 0.0000000000
48341  63.041  -16.352  -19.134 0.0000000000
53702  57.140  -4.963  -28.592 0.0000000000
53703  56.951  -4.279  -29.014 0.0000000000
53704  56.492  -4.880  -28.940 0.0000000000
53705  51.695  -4.227  -29.653 0.0000000000
53706  52.308  -3.681  -29.960 0.0000000000
53707  51.574  -3.364  -30.095 0.0000000000
53708  51.473  -2.571  -30.510 0.0000000000
53709  50.831  -3.133  -30.159 0.0000000000
53710  50.158  -3.003  -30.288 0.0000000000
53711  50.269  -3.744  -29.896 0.0000000000
53717  60.775  -14.986  -21.976 0.0000000000
53718  60.863  -14.305  -22.446 0.0000000000
53719  60.398  -14.950  -22.371 0.0000000000
56125  62.157  -12.450  -17.950 0.0000000000
56126  61.460  -12.430  -18.119 0.0000000000
56127  61.811  -11.790  -18.357 0.0000000000
56128  61.663  -9.646  -19.495 0.0000000000
56129  61.264  -10.280  -19.244 0.0000000000
56130  61.025  -9.560  -19.708 0.0000000000
56132  60.654  -8.943  -20.260 0.0000000000
56133  60.389  -8.334  -20.721 0.0000000000
56134  61.073  -8.338  -20.495 0.0000000000
56135  61.862  -8.024  -21.620 0.0000000000
56136  61.533  -7.641  -21.589 0.0000000000
56137  61.536  -7.483  -22.164 0.0000000000
56138  61.280  -6.945  -22.709 0.0000000000
56139  61.447  -7.397  -22.870 0.0000000000
56140  61.257  -7.454  -23.576 0.0000000000
56141  61.510  -8.046  -23.029 0.0000000000
56142  61.644  -9.866  -22.942 0.0000000000
56143  61.418  -9.288  -23.332 0.0000000000
56144  61.186  -10.018  -23.623 0.0000000000
56145  60.734  -10.089  -24.206 0.0000000000
56146  60.978  -10.685  -23.852 0.0000000000
57934  64.621  -18.998  -15.735 0.0000000000
57935  64.024  -19.120  -17.286 0.0000000000
57936  64.276  -18.552  -16.868 0.0000000000
57937  63.952  -18.468  -17.494 0.0000000000
57938  63.910  -17.829  -17.642 0.0000000000
57939  63.562  -18.469  -18.090 0.0000000000
63280  56.632  -4.492  -24.804 0.0000000000
63290  55.356  -0.480  -27.154 0.0000000000
63291  54.438  -0.737  -27.017 0.0000000000
63292  54.576  -0.042  -27.298 0.0000000000
63293  53.957  0.453  -27.449 0.0000000000
63294  54.747  0.683  -27.646 0.0000000000
63295  54.762  1.387  -28.055 0.0000000000
63296  55.343  0.858  -27.859 0.0000000000
63297  56.628  0.188  -28.395 0.0000000000
63298  56.212  0.823  -28.568 0.0000000000
63299  56.353  0.588  -28.964 0.0000000000
63300  55.974  1.055  -29.434 0.0000000000
63301  56.414  0.266  -29.352 0.0000000000
63302  55.077  -7.355  -27.606 0.0000000000
63303  54.845  -6.669  -28.111 0.0000000000
63304  54.294  -7.233  -27.787 0.0000000000
63305  52.227  -7.423  -27.899 0.0000000000
63306  52.757  -6.833  -28.149 0.0000000000
63307  51.998  -6.701  -28.340 0.0000000000
63308  51.836  -5.917  -28.777 0.0000000000
63309  51.221  -6.514  -28.536 0.0000000000
63317  58.627  -17.655  -21.886 0.0000000000
63318  58.802  -16.918  -22.248 0.0000000000
63319  58.154  -17.582  -22.215 0.0000000000
70458  59.640  -12.613  -18.823 0.0000000000
70480  59.754  -7.398  -21.803 0.0000000000
70481  58.955  -7.620  -21.981 0.0000000000
70482  59.513  -6.911  -22.183 0.0000000000
70483  59.302  -5.440  -23.302 0.0000000000
70484  58.901  -6.115  -22.977 0.0000000000
70485  58.514  -5.685  -23.353 0.0000000000
70486  57.485  -6.160  -23.553 0.0000000000
70487  58.107  -5.341  -23.715 0.0000000000
70488  57.758  -4.988  -24.052 0.0000000000
70489  58.608  -4.661  -24.026 0.0000000000
70490  59.420  -3.875  -25.186 0.0000000000
70491  59.034  -3.743  -25.021 0.0000000000
70492  59.040  -3.408  -25.550 0.0000000000
70493  58.724  -2.931  -25.908 0.0000000000
70494  58.966  -3.152  -26.118 0.0000000000
70495  58.714  -3.002  -26.681 0.0000000000
70496  59.041  -3.557  -26.363 0.0000000000
70497  59.451  -5.129  -26.502 0.0000000000
70498  59.044  -4.537  -26.858 0.0000000000
70499  58.919  -5.149  -27.036 0.0000000000
70500  58.390  -5.122  -27.603 0.0000000000
70501  58.739  -5.739  -27.158 0.0000000000
70502  60.654  -7.514  -24.757 0.0000000000
70503  60.405  -6.928  -25.187 0.0000000000
70504  60.220  -7.545  -25.328 0.0000000000
70505  58.593  -8.257  -26.284 0.0000000000
70506  59.016  -7.675  -26.321 0.0000000000
70507  58.321  -7.631  -26.665 0.0000000000
70508  57.981  -6.969  -27.129 0.0000000000
70509  57.495  -7.594  -26.988 0.0000000000
70510  56.735  -7.525  -27.236 0.0000000000
70511  56.995  -8.193  -26.765 0.0000000000
70512  56.342  -10.068  -25.961 0.0000000000
70513  56.054  -9.376  -26.298 0.0000000000
75882  63.951  -16.744  -15.814 0.0000000000
75883  63.640  -15.236  -16.701 0.0000000000
75884  63.575  -15.550  -16.218 0.0000000000
75885  63.341  -14.921  -16.474 0.0000000000
75886  62.873  -14.793  -16.411 0.0000000000
75887  63.050  -14.323  -16.784 0.0000000000
75888  62.800  -13.726  -17.150 0.0000000000
75889  63.161  -13.883  -17.238 0.0000000000
75890  63.179  -13.554  -18.622 0.0000000000
75891  63.174  -13.058  -18.272 0.0000000000
75892  63.055  -12.781  -18.832 0.0000000000
75893  62.943  -12.082  -19.115 0.0000000000
75894  62.938  -12.577  -19.492 0.0000000000
75895  62.741  -12.443  -20.063 0.0000000000
75896  62.812  -13.146  -19.789 0.0000000000
75897  62.378  -15.226  -20.176 0.0000000000
75898  62.400  -14.409  -20.362 0.0000000000
75899  62.027  -15.071  -20.592 0.0000000000
75900  61.637  -15.022  -21.062 0.0000000000
75901  61.545  -15.747  -20.811 0.0000000000
75902  62.381  -18.451  -19.563 0.0000000000
75903  62.356  -17.750  -19.730 0.0000000000
75904  61.845  -18.492  -19.943 0.0000000000
75905  60.334  -18.973  -20.684 0.0000000000
75906  60.860  -18.286  -20.621 0.0000000000
75907  60.408  -18.122  -20.885 0.0000000000
75908  60.402  -17.242  -21.093 0.0000000000
75909  59.909  -17.958  -21.137 0.0000000000
75910  59.452  -17.843  -21.405 0.0000000000
75911  59.345  -18.653  -21.120 0.0000000000
91967  54.672  2.600  -28.900 0.0000000000
91982  58.100  -2.713  -27.748 0.0000000000
91983  57.777  -1.999  -27.939 0.0000000000
91984  57.728  -2.479  -28.309 0.0000000000
91985  56.611  -2.664  -29.637 0.0000000000
91986  56.881  -2.002  -29.375 0.0000000000
91987  56.461  -1.664  -29.943 0.0000000000
91988  56.255  -0.845  -30.128 0.0000000000
91989  55.970  -1.539  -30.363 0.0000000000
91990  54.443  -5.252  -29.103 0.0000000000
91991  55.094  -4.655  -29.454 0.0000000000
91992  54.434  -4.471  -29.678 0.0000000000
91993  53.598  -2.434  -30.684 0.0000000000
91994  54.350  -2.666  -30.593 0.0000000000
91995  54.237  -1.800  -30.959 0.0000000000
91996  54.766  -1.085  -31.105 0.0000000000
91997  54.074  -0.885  -31.401 0.0000000000
91998  53.941  0.021  -31.753 0.0000000000
91999  53.402  -0.740  -31.659 0.0000000000
92000  51.375  -1.041  -31.489 0.0000000000
92001  52.019  -0.418  -31.877 0.0000000000
92002  51.314  -0.283  -31.875 0.0000000000
92003  51.340  0.637  -32.246 0.0000000000
92004  50.642  -0.000  -31.889 0.0000000000
92005  50.007  0.189  -31.943 0.0000000000
92006  50.000  -0.615  -31.545 0.0000000000
92007  48.826  -2.704  -30.563 0.0000000000
92027  62.329  -12.432  -21.514 0.0000000000
92028  62.301  -11.764  -21.854 0.0000000000
92029  62.025  -12.386  -22.183 0.0000000000
92030  60.868  -13.081  -23.424 0.0000000000
92031  61.210  -12.461  -23.426 0.0000000000
92032  60.596  -12.442  -23.846 0.0000000000
92033  60.328  -11.848  -24.219 0.0000000000
92034  59.971  -12.383  -24.229 0.0000000000
92035  58.924  -15.470  -23.128 0.0000000000
92036  59.433  -14.871  -23.256 0.0000000000
92037  58.864  -14.773  -23.537 0.0000000000
92039  58.371  -13.581  -24.354 0.0000000000
92040  58.007  -13.102  -24.570 0.0000000000
92041  58.433  -12.535  -24.677 0.0000000000
92042  57.705  -12.587  -24.850 0.0000000000
93580  62.639  -11.386  -18.642 0.0000000000
93581  62.139  -11.161  -18.660 0.0000000000
93582  62.401  -10.615  -19.002 0.0000000000
93583  62.193  -9.877  -19.422 0.0000000000
93584  61.969  -9.047  -19.915 0.0000000000
93585  61.715  -8.450  -20.399 0.0000000000
93586  62.141  -8.750  -20.459 0.0000000000
93587  62.144  -8.595  -21.046 0.0000000000
93588  62.044  -8.571  -21.768 0.0000000000
93589  61.792  -8.599  -22.500 0.0000000000
93590  62.086  -9.145  -21.934 0.0000000000
93591  62.051  -9.812  -22.230 0.0000000000
93592  61.927  -10.446  -22.524 0.0000000000
97873  57.593  -3.059  -25.523 0.0000000000
97874  56.632  -3.423  -25.416 0.0000000000
97875  57.006  -2.789  -25.752 0.0000000000
97876  56.335  -2.444  -25.948 0.0000000000
97877  55.751  -2.032  -26.302 0.0000000000
97878  54.904  -1.745  -26.608 0.0000000000
97879  55.863  -1.444  -26.610 0.0000000000
97880  56.076  -0.853  -26.956 0.0000000000
97881  56.091  -0.257  -27.359 0.0000000000
97882  55.957  0.289  -27.716 0.0000000000
97883  56.562  -0.164  -27.589 0.0000000000
97884  56.929  -0.275  -27.850 0.0000000000
97885  57.085  -0.549  -28.220 0.0000000000
97886  54.021  -8.494  -26.987 0.0000000000
97887  53.745  -7.761  -27.474 0.0000000000
97888  53.244  -8.308  -27.248 0.0000000000
97889  52.425  -8.146  -27.466 0.0000000000
102193  60.495  -6.364  -22.485 0.0000000000
102194  59.941  -6.260  -22.455 0.0000000000
102195  60.220  -5.863  -22.898 0.0000000000
102196  59.923  -5.389  -23.272 0.0000000000
102197  59.622  -4.919  -23.681 0.0000000000
102198  59.288  -4.469  -24.060 0.0000000000
102199  59.807  -4.452  -24.187 0.0000000000
102200  59.790  -4.291  -24.760 0.0000000000
102201  59.665  -4.188  -25.390 0.0000000000
102202  59.412  -4.066  -26.004 0.0000000000
102203  59.808  -4.578  -25.606 0.0000000000
102204  59.815  -5.151  -25.858 0.0000000000
102205  59.761  -5.746  -26.064 0.0000000000
102206  60.177  -8.878  -25.065 0.0000000000
102207  59.912  -8.237  -25.424 0.0000000000
102208  59.504  -8.938  -25.469 0.0000000000
102209  58.850  -8.924  -25.902 0.0000000000
102210  58.153  -8.865  -26.124 0.0000000000
102211  57.376  -8.818  -26.337 0.0000000000
102212  57.636  -9.515  -25.994 0.0000000000
102213  57.090  -10.175  -25.821 0.0000000000
105433  64.062  -16.891  -16.765 0.0000000000
105434  63.982  -16.469  -16.283 0.0000000000
105435  63.950  -16.264  -16.804 0.0000000000
105436  63.782  -15.567  -17.058 0.0000000000
105437  63.599  -14.863  -17.313 0.0000000000
105438  63.402  -14.134  -17.512 0.0000000000
105439  63.480  -14.564  -17.896 0.0000000000
105440  63.328  -14.318  -18.467 0.0000000000
105441  63.121  -14.047  -19.034 0.0000000000
105442  62.902  -13.892  -19.532 0.0000000000
105443  62.978  -14.766  -19.413 0.0000000000
105444  62.709  -15.370  -19.736 0.0000000000
105445  62.343  -16.036  -20.010 0.0000000000
105449  60.365  -19.803  -20.498 0.0000000000
105450  59.807  -19.651  -20.753 0.0000000000
115085  55.155  2.442  -29.622 0.0000000000
115094  57.842  -3.744  -28.329 0.0000000000
115095  57.569  -3.000  -28.629 0.0000000000
115096  57.324  -3.567  -28.879 0.0000000000
115097  56.757  -3.503  -29.357 0.0000000000
115098  56.247  -3.400  -29.811 0.0000000000
115099  53.093  -4.799  -29.398 0.0000000000
115100  53.782  -4.242  -29.800 0.0000000000
115101  53.021  -3.911  -29.913 0.0000000000
115102  52.947  -3.053  -30.356 0.0000000000
115103  52.876  -2.176  -30.861 0.0000000000
115104  52.843  -1.339  -31.341 0.0000000000
115105  52.159  -1.990  -30.927 0.0000000000
115106  51.396  -1.809  -31.018 0.0000000000
115107  50.740  -1.626  -31.104 0.0000000000
115108  50.084  -1.431  -31.148 0.0000000000
115109  50.050  -2.225  -30.717 0.0000000000
115110  49.444  -2.880  -30.430 0.0000000000
115121  61.731  -13.755  -21.743 0.0000000000
115122  61.746  -13.016  -22.247 0.0000000000
115123  61.367  -13.687  -22.440 0.0000000000
115124  60.904  -13.628  -22.917 0.0000000000
115125  60.422  -13.660  -23.431 0.0000000000
118510  61.518  -13.652  -17.463 0.0000000000
118511  60.629  -13.744  -17.764 0.0000000000
118512  61.027  -13.112  -17.909 0.0000000000
118513  60.615  -12.456  -18.411 0.0000000000
118514  60.265  -11.826  -18.945 0.0000000000
118515  61.539  -11.049  -18.762 0.0000000000
118516  60.863  -10.987  -19.009 0.0000000000
118521  58.584  -8.856  -21.489 0.0000000000
118522  59.564  -8.541  -21.077 0.0000000000
118523  60.060  -7.829  -21.296 0.0000000000
118524  60.475  -7.257  -21.606 0.0000000000
118525  61.419  -7.867  -20.941 0.0000000000
118526  61.071  -7.361  -21.504 0.0000000000
118527  60.793  -6.848  -22.035 0.0000000000
118528  60.977  -6.598  -22.558 0.0000000000
118529  61.039  -6.400  -23.138 0.0000000000
118530  60.956  -6.321  -23.801 0.0000000000
118531  60.768  -6.269  -24.445 0.0000000000
118532  61.027  -6.869  -23.964 0.0000000000
118533  61.016  -7.454  -24.175 0.0000000000
118534  60.903  -8.144  -24.403 0.0000000000
118535  61.491  -8.656  -23.172 0.0000000000
118536  61.142  -8.738  -23.864 0.0000000000
118537  60.688  -8.835  -24.537 0.0000000000
118538  60.457  -9.535  -24.703 0.0000000000
118539  60.098  -10.219  -24.728 0.0000000000
118540  59.710  -10.863  -24.823 0.0000000000
121045  64.476  -18.724  -16.300 0.0000000000
121046  64.333  -18.021  -16.444 0.0000000000
121047  64.182  -17.441  -16.630 0.0000000000
121048  64.096  -17.288  -17.229 0.0000000000
121049  63.829  -17.212  -17.780 0.0000000000
121050  63.493  -17.142  -18.436 0.0000000000
121051  63.116  -17.111  -18.976 0.0000000000
121052  63.229  -17.790  -18.746 0.0000000000
128549  54.207  1.814  -28.264 0.0000000000
128550  54.722  2.006  -28.515 0.0000000000
128551  55.141  2.080  -28.794 0.0000000000
128552  55.825  0.913  -28.162 0.0000000000
128553  55.613  1.492  -28.652 0.0000000000
128554  55.417  1.992  -29.099 0.0000000000
128555  55.588  1.780  -29.545 0.0000000000
128556  55.641  1.401  -29.969 0.0000000000
128557  55.576  0.885  -30.395 0.0000000000
128558  56.095  -6.220  -28.254 0.0000000000
128559  55.924  -5.486  -28.780 0.0000000000
128560  55.382  -6.103  -28.459 0.0000000000
128561  54.620  -5.947  -28.651 0.0000000000
128562  53.843  -5.801  -28.716 0.0000000000
128563  53.541  -7.057  -27.940 0.0000000000
128564  53.306  -6.313  -28.422 0.0000000000
128565  53.103  -5.621  -28.866 0.0000000000
128566  52.482  -5.327  -29.079 0.0000000000
128567  51.746  -5.075  -29.199 0.0000000000
128568  51.057  -4.823  -29.347 0.0000000000
128569  50.312  -4.596  -29.502 0.0000000000
128570  50.477  -5.424  -29.100 0.0000000000
128579  59.765  -16.279  -22.019 0.0000000000
128580  59.873  -15.605  -22.401 0.0000000000
128581  59.354  -16.278  -22.362 0.0000000000
128582  58.923  -16.194  -22.717 0.0000000000
128583  58.392  -16.101  -23.027 0.0000000000
137631  59.548  -13.976  -18.199 0.0000000000
137659  58.252  -8.434  -21.893 0.0000000000
137660  58.030  -7.981  -22.295 0.0000000000
137661  57.682  -7.560  -22.667 0.0000000000
137662  59.216  -6.501  -22.608 0.0000000000
137663  58.284  -6.860  -22.825 0.0000000000
137669  57.220  -4.730  -24.437 0.0000000000
137670  57.712  -4.076  -24.796 0.0000000000
137671  58.955  -4.136  -24.478 0.0000000000
137672  58.529  -3.748  -24.895 0.0000000000
137673  58.039  -3.427  -25.209 0.0000000000
137674  58.288  -2.897  -25.694 0.0000000000
137675  58.315  -2.504  -26.055 0.0000000000
137676  58.213  -2.251  -26.595 0.0000000000
137677  57.993  -2.011  -27.063 0.0000000000
137678  58.370  -2.498  -26.874 0.0000000000
137679  58.426  -2.900  -27.226 0.0000000000
137680  58.387  -3.346  -27.530 0.0000000000
137681  59.063  -4.010  -26.631 0.0000000000
137682  58.689  -3.996  -27.229 0.0000000000
137683  58.289  -3.828  -27.829 0.0000000000
137684  58.078  -4.429  -28.072 0.0000000000
137685  57.755  -5.062  -28.177 0.0000000000
137686  57.383  -5.694  -28.166 0.0000000000
137687  60.521  -6.245  -25.037 0.0000000000
137688  60.126  -6.332  -25.633 0.0000000000
137689  59.638  -6.441  -26.258 0.0000000000
137690  59.651  -7.649  -25.871 0.0000000000
137691  59.380  -7.046  -26.303 0.0000000000
137692  59.043  -6.386  -26.721 0.0000000000
137693  58.411  -6.375  -27.219 0.0000000000
137694  57.667  -6.340  -27.632 0.0000000000
137695  56.936  -6.299  -28.045 0.0000000000
137696  56.429  -6.868  -27.756 0.0000000000
137697  55.897  -7.438  -27.427 0.0000000000
137698  55.407  -7.982  -27.144 0.0000000000
137699  56.514  -8.776  -26.541 0.0000000000
137700  55.691  -8.711  -26.669 0.0000000000
137701  54.929  -8.553  -26.856 0.0000000000
144265  63.753  -16.111  -15.920 0.0000000000
144269  62.276  -14.810  -16.473 0.0000000000
144270  61.980  -14.222  -16.948 0.0000000000
144271  62.254  -13.671  -17.212 0.0000000000
144272  62.462  -13.142  -17.498 0.0000000000
144273  62.671  -12.591  -17.871 0.0000000000
144274  63.233  -13.444  -17.765 0.0000000000
144275  62.998  -12.786  -17.957 0.0000000000
144276  62.847  -12.044  -18.299 0.0000000000
144277  62.864  -11.683  -18.824 0.0000000000
144278  62.870  -11.379  -19.424 0.0000000000
144279  62.787  -11.184  -20.120 0.0000000000
144280  62.609  -11.058  -20.805 0.0000000000
144281  62.725  -11.744  -20.430 0.0000000000
144282  62.536  -12.384  -20.713 0.0000000000
144283  62.386  -13.114  -20.969 0.0000000000
144284  62.638  -13.764  -20.069 0.0000000000
144285  62.406  -13.729  -20.636 0.0000000000
144286  62.046  -13.721  -21.192 0.0000000000
144287  61.654  -14.327  -21.445 0.0000000000
144288  61.168  -14.971  -21.507 0.0000000000
144289  60.653  -15.587  -21.614 0.0000000000
144290  62.689  -17.053  -19.513 0.0000000000
144291  62.287  -16.952  -19.938 0.0000000000
144292  61.885  -16.839  -20.329 0.0000000000
144293  61.366  -18.399  -20.304 0.0000000000
144294  61.356  -17.595  -20.542 0.0000000000
144295  61.429  -16.660  -20.620 0.0000000000
144296  61.000  -16.469  -20.936 0.0000000000
144297  60.601  -16.378  -21.287 0.0000000000
144298  60.177  -16.321  -21.673 0.0000000000
144299  59.641  -16.986  -21.640 0.0000000000
144300  59.050  -17.730  -21.625 0.0000000000
144301  58.422  -18.491  -21.659 0.0000000000
144303  58.346  -19.279  -21.350 0.0000000000
163627  57.705  -1.640  -27.611 0.0000000000
163628  57.425  -1.240  -28.068 0.0000000000
163629  57.142  -0.922  -28.617 0.0000000000
163630  57.303  -2.210  -28.807 0.0000000000
163631  57.068  -1.383  -29.040 0.0000000000
163632  56.788  -0.549  -29.159 0.0000000000
163633  56.386  -0.179  -29.757 0.0000000000
163634  55.887  0.066  -30.271 0.0000000000
163635  55.359  0.325  -30.796 0.0000000000
163636  55.758  -4.798  -29.281 0.0000000000
163637  55.706  -4.052  -29.712 0.0000000000
163638  55.612  -3.190  -30.153 0.0000000000
163639  54.419  -3.591  -30.153 0.0000000000
163640  55.008  -2.954  -30.424 0.0000000000
163641  55.571  -2.214  -30.445 0.0000000000
163642  55.428  -1.282  -30.782 0.0000000000
163643  55.118  -0.378  -31.028 0.0000000000
163644  54.912  0.562  -31.178 0.0000000000
163645  54.382  0.743  -31.653 0.0000000000
163646  53.852  0.854  -32.033 0.0000000000
163648  52.776  -0.533  -31.834 0.0000000000
163649  52.671  0.290  -32.258 0.0000000000
163654  50.011  1.006  -32.331 0.0000000000
163655  49.356  0.423  -31.993 0.0000000000
163681  62.387  -11.082  -21.488 0.0000000000
163682  62.100  -11.169  -22.235 0.0000000000
163683  61.732  -11.109  -22.857 0.0000000000
163684  61.661  -12.451  -22.880 0.0000000000
163685  61.476  -11.789  -23.227 0.0000000000
163686  61.255  -11.202  -23.542 0.0000000000
163687  60.647  -11.325  -24.093 0.0000000000
163688  60.016  -11.348  -24.488 0.0000000000
163689  59.366  -11.441  -24.847 0.0000000000
163690  59.944  -14.895  -22.824 0.0000000000
163691  59.944  -14.245  -23.323 0.0000000000
163692  59.755  -13.626  -23.794 0.0000000000
163693  58.601  -14.156  -23.986 0.0000000000
163694  59.127  -13.582  -24.084 0.0000000000
163695  59.487  -12.980  -24.202 0.0000000000
163696  59.144  -12.474  -24.520 0.0000000000
163697  58.875  -12.002  -24.754 0.0000000000
163698  58.569  -11.539  -25.070 0.0000000000
163699  57.739  -11.560  -25.265 0.0000000000
