#!ascii label  , from subject fsaverage vox2ras=TkReg
904
147  33.336  0.047  -16.313 0.0000000000
428  36.793  5.680  -10.954 0.0000000000
600  37.551  1.578  -21.712 0.0000000000
1330  29.902  5.662  -14.283 0.0000000000
1331  27.777  5.313  -13.300 0.0000000000
1335  38.968  -1.995  -16.146 0.0000000000
1336  37.795  2.226  -16.522 0.0000000000
1337  40.245  0.307  -21.877 0.0000000000
1736  31.791  5.291  -15.745 0.0000000000
2429  22.269  3.494  -13.778 0.0000000000
2431  24.971  4.316  -13.496 0.0000000000
2437  34.815  4.921  -17.033 0.0000000000
2438  34.396  1.634  -20.196 0.0000000000
2440  36.335  3.082  -27.302 0.0000000000
2441  33.603  0.124  -23.576 0.0000000000
3250  31.830  2.401  -14.380 0.0000000000
3251  30.797  2.334  -13.536 0.0000000000
3255  40.504  -2.870  -19.038 0.0000000000
3256  39.726  -1.439  -19.169 0.0000000000
3257  41.445  -0.449  -21.749 0.0000000000
3853  30.174  8.820  -15.812 0.0000000000
3854  31.431  8.892  -15.547 0.0000000000
5429  21.889  7.528  -15.473 0.0000000000
5434  26.360  4.838  -13.358 0.0000000000
5448  37.934  1.661  -19.236 0.0000000000
5449  36.536  3.931  -17.037 0.0000000000
5450  36.436  2.794  -19.650 0.0000000000
5451  34.565  3.171  -18.910 0.0000000000
5452  35.863  1.882  -21.400 0.0000000000
5459  34.889  1.526  -25.957 0.0000000000
5460  33.660  2.287  -27.855 0.0000000000
5461  32.741  0.564  -25.423 0.0000000000
5462  31.862  3.072  -29.484 0.0000000000
7002  28.078  8.446  -15.327 0.0000000000
7003  27.085  8.385  -15.094 0.0000000000
7004  29.009  5.681  -13.688 0.0000000000
7005  29.425  2.144  -12.950 0.0000000000
7011  37.930  1.202  -13.204 0.0000000000
7012  37.265  3.525  -13.677 0.0000000000
7013  38.566  0.091  -16.221 0.0000000000
7014  38.943  0.082  -19.103 0.0000000000
7015  38.900  0.973  -21.829 0.0000000000
7890  29.079  8.571  -15.672 0.0000000000
7891  30.811  5.352  -15.050 0.0000000000
7892  32.656  2.476  -15.592 0.0000000000
8474  37.385  3.440  -10.410 0.0000000000
8475  38.267  -1.004  -13.090 0.0000000000
9849  25.749  8.204  -15.111 0.0000000000
9850  24.405  8.014  -15.104 0.0000000000
9851  23.091  7.797  -15.357 0.0000000000
9867  36.168  5.670  -14.206 0.0000000000
9868  34.717  7.293  -14.700 0.0000000000
9869  33.107  8.332  -15.113 0.0000000000
9870  33.098  5.296  -16.379 0.0000000000
9871  33.396  2.787  -17.240 0.0000000000
9872  33.692  0.810  -18.279 0.0000000000
9875  38.619  2.819  -24.997 0.0000000000
9878  37.036  2.096  -24.618 0.0000000000
9879  35.490  1.235  -23.538 0.0000000000
9880  34.071  0.600  -21.758 0.0000000000
9881  33.802  -0.690  -19.930 0.0000000000
10930  32.657  1.051  -15.177 0.0000000000
10936  41.100  -1.840  -20.453 0.0000000000
10937  42.050  -0.919  -21.527 0.0000000000
13127  36.337  6.810  -11.385 0.0000000000
13128  37.798  1.542  -20.492 0.0000000000
13129  37.276  2.241  -19.554 0.0000000000
13130  37.048  2.014  -20.531 0.0000000000
13131  36.200  2.398  -20.589 0.0000000000
13132  36.701  1.792  -21.515 0.0000000000
13141  32.842  2.643  -28.595 0.0000000000
15510  29.030  7.075  -14.669 0.0000000000
15511  28.584  7.118  -14.442 0.0000000000
15512  29.492  5.706  -13.947 0.0000000000
15525  38.495  -0.604  -14.621 0.0000000000
15526  38.276  0.536  -14.696 0.0000000000
15527  38.834  -0.956  -16.190 0.0000000000
15528  40.043  -0.729  -20.582 0.0000000000
15529  39.331  -0.711  -19.088 0.0000000000
15530  39.438  -0.165  -20.409 0.0000000000
15531  38.955  0.432  -20.450 0.0000000000
15532  39.603  0.650  -21.858 0.0000000000
17320  30.988  6.890  -15.648 0.0000000000
17321  30.404  7.015  -15.471 0.0000000000
17322  31.283  5.307  -15.450 0.0000000000
17323  31.738  3.853  -15.135 0.0000000000
17324  32.144  3.803  -15.677 0.0000000000
22045  21.500  5.161  -14.546 0.0000000000
22046  20.878  4.925  -14.524 0.0000000000
22058  27.512  6.981  -14.073 0.0000000000
22059  26.428  8.347  -15.121 0.0000000000
22060  26.888  6.742  -14.076 0.0000000000
22061  25.628  4.566  -13.458 0.0000000000
22062  25.397  6.466  -14.206 0.0000000000
22063  24.680  6.207  -14.303 0.0000000000
22064  23.744  7.932  -15.280 0.0000000000
22065  24.026  5.947  -14.350 0.0000000000
22066  23.370  5.811  -14.445 0.0000000000
22067  24.289  4.175  -13.623 0.0000000000
22103  37.570  2.750  -15.127 0.0000000000
22104  36.814  4.610  -13.973 0.0000000000
22105  37.028  3.775  -15.357 0.0000000000
22106  35.715  4.573  -17.165 0.0000000000
22107  35.606  5.511  -15.692 0.0000000000
22108  34.785  6.058  -15.825 0.0000000000
22109  33.899  7.858  -14.902 0.0000000000
22110  33.932  6.538  -15.815 0.0000000000
22111  33.153  6.784  -15.791 0.0000000000
22112  33.900  5.176  -16.700 0.0000000000
22113  34.521  2.353  -19.618 0.0000000000
22114  33.869  3.012  -18.093 0.0000000000
22115  33.936  2.047  -18.670 0.0000000000
22116  33.608  1.692  -17.684 0.0000000000
22117  33.868  1.243  -19.257 0.0000000000
22133  36.739  2.522  -25.967 0.0000000000
22134  36.270  1.546  -24.133 0.0000000000
22135  36.081  1.843  -25.502 0.0000000000
22136  34.213  0.841  -24.909 0.0000000000
22137  34.530  0.758  -23.773 0.0000000000
22138  33.886  0.216  -22.537 0.0000000000
22139  33.779  -0.035  -20.864 0.0000000000
22140  33.618  -0.368  -21.687 0.0000000000
24282  30.939  3.992  -14.157 0.0000000000
24283  30.439  4.009  -13.782 0.0000000000
24284  31.400  2.387  -13.939 0.0000000000
24292  39.390  -1.888  -17.769 0.0000000000
24293  40.127  -2.178  -19.176 0.0000000000
24294  40.580  -1.300  -20.541 0.0000000000
24295  40.845  -0.077  -21.859 0.0000000000
25367  29.322  10.604  -16.009 0.0000000000
25368  29.986  10.685  -15.740 0.0000000000
25369  30.810  8.871  -15.699 0.0000000000
25370  31.579  6.967  -15.734 0.0000000000
28204  21.269  7.297  -15.377 0.0000000000
28205  22.099  5.351  -14.516 0.0000000000
28211  27.987  3.480  -12.837 0.0000000000
28212  27.040  5.037  -13.288 0.0000000000
28214  26.522  3.040  -12.890 0.0000000000
28215  25.852  2.768  -12.943 0.0000000000
28238  37.918  1.852  -17.914 0.0000000000
28239  37.218  3.156  -16.781 0.0000000000
28240  37.307  2.617  -18.225 0.0000000000
28241  36.577  3.252  -18.496 0.0000000000
28242  35.620  3.837  -18.420 0.0000000000
28243  34.708  3.973  -18.124 0.0000000000
28244  35.467  3.150  -19.487 0.0000000000
28245  35.281  2.493  -20.222 0.0000000000
28246  35.050  1.804  -20.949 0.0000000000
28257  35.595  2.296  -26.676 0.0000000000
28259  34.346  1.875  -27.016 0.0000000000
28260  33.716  1.121  -25.862 0.0000000000
28261  33.284  0.322  -24.700 0.0000000000
28262  33.149  1.509  -26.797 0.0000000000
28263  32.464  1.686  -27.392 0.0000000000
28264  31.566  1.852  -28.090 0.0000000000
31699  26.514  9.815  -16.189 0.0000000000
31700  27.596  8.461  -15.187 0.0000000000
31701  28.183  7.084  -14.218 0.0000000000
31702  28.405  5.595  -13.462 0.0000000000
31703  29.908  3.957  -13.418 0.0000000000
31704  29.229  3.921  -13.106 0.0000000000
31705  28.621  3.765  -12.899 0.0000000000
31719  37.343  3.296  -11.949 0.0000000000
31720  37.037  4.526  -12.273 0.0000000000
31721  37.631  2.381  -13.433 0.0000000000
31722  37.959  1.660  -14.901 0.0000000000
31723  38.257  1.201  -16.354 0.0000000000
31724  39.135  -1.001  -17.701 0.0000000000
31725  38.806  -0.052  -17.675 0.0000000000
31726  38.428  0.962  -17.752 0.0000000000
31727  38.489  0.874  -19.126 0.0000000000
31728  38.376  1.026  -20.348 0.0000000000
31729  38.240  1.361  -21.818 0.0000000000
34033  28.528  8.462  -15.463 0.0000000000
34034  29.431  7.042  -14.966 0.0000000000
34035  29.537  8.764  -15.798 0.0000000000
34036  29.917  6.995  -15.268 0.0000000000
34037  30.411  5.430  -14.694 0.0000000000
34038  31.312  3.941  -14.584 0.0000000000
34039  32.267  2.397  -14.930 0.0000000000
34040  33.059  1.193  -15.758 0.0000000000
35687  36.479  7.094  -9.915 0.0000000000
35696  37.140  4.591  -10.667 0.0000000000
35698  38.130  0.105  -13.112 0.0000000000
35699  38.598  -1.575  -14.609 0.0000000000
35701  38.681  -2.553  -14.649 0.0000000000
39768  20.131  6.992  -15.435 0.0000000000
39769  20.274  4.742  -14.516 0.0000000000
39786  26.098  6.561  -14.085 0.0000000000
39787  25.057  8.172  -15.118 0.0000000000
39792  22.471  7.640  -15.417 0.0000000000
39793  22.721  5.634  -14.513 0.0000000000
39837  36.559  5.631  -12.676 0.0000000000
39838  36.026  6.678  -12.980 0.0000000000
39839  35.311  7.746  -13.274 0.0000000000
39840  36.368  4.694  -15.570 0.0000000000
39841  35.465  6.561  -14.437 0.0000000000
39846  32.260  8.678  -15.352 0.0000000000
39847  32.344  6.969  -15.756 0.0000000000
39848  32.395  5.294  -16.092 0.0000000000
39849  33.862  4.010  -17.486 0.0000000000
39850  33.130  3.969  -16.901 0.0000000000
39851  32.614  3.868  -16.296 0.0000000000
39852  33.081  2.560  -16.446 0.0000000000
39853  33.413  1.417  -16.632 0.0000000000
39854  33.596  0.406  -17.235 0.0000000000
39856  41.643  1.232  -23.104 0.0000000000
39857  41.008  1.480  -23.265 0.0000000000
39861  39.542  1.828  -23.423 0.0000000000
39862  38.793  1.918  -23.375 0.0000000000
39863  38.023  1.881  -23.305 0.0000000000
39871  37.819  2.521  -24.941 0.0000000000
39872  37.230  1.811  -23.127 0.0000000000
39873  36.408  1.691  -22.838 0.0000000000
39874  35.607  1.598  -22.420 0.0000000000
39875  34.864  1.391  -21.782 0.0000000000
39876  35.272  1.215  -24.701 0.0000000000
39877  34.691  1.014  -22.749 0.0000000000
39878  34.212  1.026  -20.995 0.0000000000
39879  33.905  0.478  -20.080 0.0000000000
39880  33.805  -0.055  -19.073 0.0000000000
39881  33.763  -0.607  -18.155 0.0000000000
39893  30.730  1.853  -28.648 0.0000000000
39895  29.922  1.722  -29.068 0.0000000000
41650  33.015  0.496  -15.743 0.0000000000
41651  32.736  0.421  -15.364 0.0000000000
41652  33.114  -0.076  -15.979 0.0000000000
41657  42.354  -1.144  -21.436 0.0000000000
43845  36.391  6.921  -10.586 0.0000000000
43847  36.529  6.272  -11.155 0.0000000000
43848  37.690  1.547  -21.110 0.0000000000
43849  37.450  1.790  -20.509 0.0000000000
43850  37.313  1.750  -21.044 0.0000000000
43851  36.873  1.907  -21.055 0.0000000000
43852  37.129  1.705  -21.656 0.0000000000
46230  29.451  6.386  -14.449 0.0000000000
46231  29.259  6.453  -14.272 0.0000000000
46232  29.685  5.711  -14.077 0.0000000000
46245  38.731  -1.383  -15.400 0.0000000000
46246  38.651  -0.782  -15.392 0.0000000000
46247  38.899  -1.482  -16.199 0.0000000000
46248  40.151  -0.235  -21.237 0.0000000000
46249  39.759  -0.461  -20.527 0.0000000000
46250  39.827  -0.055  -21.149 0.0000000000
46251  39.504  0.239  -21.119 0.0000000000
46252  39.927  0.502  -21.890 0.0000000000
48040  31.397  6.049  -15.679 0.0000000000
48041  31.113  6.037  -15.559 0.0000000000
48042  31.517  5.269  -15.658 0.0000000000
48043  31.717  4.524  -15.527 0.0000000000
48044  31.929  4.529  -15.765 0.0000000000
52765  21.880  4.284  -14.148 0.0000000000
52766  21.589  4.140  -14.134 0.0000000000
52778  27.720  6.156  -13.618 0.0000000000
52779  27.253  6.783  -13.989 0.0000000000
52780  27.333  6.010  -13.644 0.0000000000
52781  25.333  4.454  -13.491 0.0000000000
52782  25.184  5.382  -13.862 0.0000000000
52783  24.846  5.252  -13.895 0.0000000000
52784  24.346  6.058  -14.322 0.0000000000
52785  24.494  5.095  -13.898 0.0000000000
52786  24.171  5.032  -13.951 0.0000000000
52787  24.625  4.182  -13.523 0.0000000000
52823  37.695  2.458  -15.845 0.0000000000
52824  37.302  3.316  -15.245 0.0000000000
52825  37.412  2.985  -15.910 0.0000000000
52826  35.235  4.810  -17.153 0.0000000000
52827  35.244  5.311  -16.458 0.0000000000
52828  34.797  5.503  -16.445 0.0000000000
52829  34.326  6.328  -15.833 0.0000000000
52830  34.350  5.732  -16.341 0.0000000000
52831  33.917  5.873  -16.239 0.0000000000
52832  34.329  5.135  -16.831 0.0000000000
52833  34.478  1.986  -19.941 0.0000000000
52834  34.192  2.251  -19.117 0.0000000000
52835  34.188  1.793  -19.499 0.0000000000
52836  33.930  1.619  -18.978 0.0000000000
52837  34.103  1.459  -19.800 0.0000000000
52852  36.904  3.155  -26.852 0.0000000000
52853  36.525  2.816  -26.578 0.0000000000
52854  36.393  2.153  -25.737 0.0000000000
52855  36.206  2.473  -26.389 0.0000000000
52856  33.904  0.509  -24.247 0.0000000000
52857  34.060  0.476  -23.720 0.0000000000
52858  33.756  0.174  -23.061 0.0000000000
52859  33.658  -0.003  -22.081 0.0000000000
52860  33.571  -0.151  -22.583 0.0000000000
55830  31.406  3.193  -14.222 0.0000000000
55831  31.127  3.227  -13.963 0.0000000000
55832  31.611  2.426  -14.094 0.0000000000
55845  40.047  -2.894  -18.430 0.0000000000
55846  39.859  -2.541  -18.454 0.0000000000
55847  40.357  -2.495  -19.141 0.0000000000
55848  41.298  -1.153  -21.115 0.0000000000
55849  40.846  -1.533  -20.528 0.0000000000
55850  41.023  -0.954  -21.174 0.0000000000
55851  40.731  -0.719  -21.221 0.0000000000
55852  41.169  -0.224  -21.842 0.0000000000
57640  31.016  9.802  -15.484 0.0000000000
57641  30.715  9.796  -15.598 0.0000000000
57642  31.091  8.921  -15.626 0.0000000000
57643  31.162  7.938  -15.670 0.0000000000
57644  31.473  8.010  -15.676 0.0000000000
62367  21.573  7.439  -15.474 0.0000000000
62368  21.677  6.262  -14.909 0.0000000000
62369  21.974  6.432  -14.952 0.0000000000
62384  26.243  2.817  -12.908 0.0000000000
62423  37.955  1.748  -18.604 0.0000000000
62424  37.679  2.246  -18.115 0.0000000000
62425  37.635  2.108  -18.741 0.0000000000
62426  36.888  2.527  -19.595 0.0000000000
62427  36.947  2.711  -19.068 0.0000000000
62428  36.533  3.012  -19.071 0.0000000000
62429  36.143  3.560  -18.531 0.0000000000
62430  36.056  3.293  -19.082 0.0000000000
62431  35.562  3.469  -18.968 0.0000000000
62432  35.988  3.064  -19.560 0.0000000000
62433  35.994  2.132  -20.993 0.0000000000
62434  35.689  2.481  -20.417 0.0000000000
62435  35.604  2.195  -20.797 0.0000000000
62436  35.180  2.176  -20.591 0.0000000000
62437  35.504  1.906  -21.229 0.0000000000
62454  35.340  3.226  -28.186 0.0000000000
62456  33.935  2.766  -28.327 0.0000000000
62457  34.331  2.588  -27.949 0.0000000000
62458  34.004  2.083  -27.416 0.0000000000
62459  34.042  1.524  -26.440 0.0000000000
62460  33.712  1.695  -26.879 0.0000000000
62461  33.451  1.269  -26.314 0.0000000000
62462  33.416  1.831  -27.338 0.0000000000
62463  32.372  2.805  -28.945 0.0000000000
62464  32.635  2.183  -28.048 0.0000000000
62465  32.166  2.403  -28.543 0.0000000000
62466  31.987  1.825  -27.729 0.0000000000
62467  31.741  2.454  -28.803 0.0000000000
69570  27.596  9.147  -15.789 0.0000000000
69571  27.337  9.163  -15.683 0.0000000000
69572  27.847  8.466  -15.242 0.0000000000
69573  28.840  6.396  -13.988 0.0000000000
69574  28.389  7.106  -14.307 0.0000000000
69575  28.660  6.402  -13.924 0.0000000000
69576  28.326  6.322  -13.863 0.0000000000
69577  28.723  5.639  -13.622 0.0000000000
69578  30.714  3.177  -13.616 0.0000000000
69579  30.242  4.032  -13.599 0.0000000000
69580  30.316  3.129  -13.398 0.0000000000
69581  29.784  2.181  -13.046 0.0000000000
69582  29.654  3.049  -13.032 0.0000000000
69583  29.338  2.986  -12.936 0.0000000000
69584  28.957  3.800  -12.977 0.0000000000
69585  29.012  2.946  -12.869 0.0000000000
69586  28.751  2.853  -12.782 0.0000000000
69587  29.191  2.079  -12.857 0.0000000000
69615  37.590  2.248  -12.486 0.0000000000
69616  37.478  2.803  -12.690 0.0000000000
69617  37.769  1.816  -13.270 0.0000000000
69618  38.430  0.251  -15.491 0.0000000000
69619  38.133  1.072  -14.813 0.0000000000
69620  38.271  0.863  -15.529 0.0000000000
69621  38.125  1.357  -15.671 0.0000000000
69622  38.419  0.655  -16.292 0.0000000000
69623  39.558  -1.727  -18.509 0.0000000000
69624  39.267  -1.444  -17.750 0.0000000000
69625  39.402  -1.284  -18.418 0.0000000000
69626  39.125  -0.335  -19.107 0.0000000000
69627  39.057  -0.436  -18.378 0.0000000000
69628  38.896  -0.034  -18.361 0.0000000000
69629  38.635  0.453  -17.651 0.0000000000
69630  38.676  0.498  -18.419 0.0000000000
69631  38.470  0.890  -18.431 0.0000000000
69632  38.704  0.513  -19.106 0.0000000000
69633  38.924  0.653  -21.175 0.0000000000
69634  38.664  0.741  -20.400 0.0000000000
69635  38.619  0.939  -20.999 0.0000000000
69636  38.332  1.143  -21.054 0.0000000000
69637  38.593  1.166  -21.754 0.0000000000
74996  28.327  9.301  -15.924 0.0000000000
74997  28.788  8.536  -15.610 0.0000000000
74998  28.981  7.744  -15.187 0.0000000000
74999  29.240  7.777  -15.325 0.0000000000
75000  29.770  9.734  -15.933 0.0000000000
75001  29.462  9.681  -15.996 0.0000000000
75002  29.874  8.785  -15.823 0.0000000000
75003  30.596  6.187  -15.291 0.0000000000
75004  30.152  7.021  -15.376 0.0000000000
75005  30.377  6.163  -15.099 0.0000000000
75006  30.190  6.112  -14.940 0.0000000000
75007  30.622  5.374  -14.824 0.0000000000
75008  30.850  4.716  -14.597 0.0000000000
75009  31.053  4.644  -14.806 0.0000000000
75010  32.218  3.141  -15.312 0.0000000000
75011  32.033  3.143  -15.053 0.0000000000
75012  32.487  2.429  -15.299 0.0000000000
75013  32.698  1.734  -15.278 0.0000000000
75014  32.887  1.776  -15.611 0.0000000000
79040  37.212  4.639  -9.947 0.0000000000
79041  37.029  5.266  -10.090 0.0000000000
79042  37.287  4.097  -10.535 0.0000000000
79043  37.373  3.423  -11.178 0.0000000000
79044  37.477  2.842  -11.065 0.0000000000
79045  38.015  -0.018  -12.333 0.0000000000
79047  38.195  -0.454  -13.092 0.0000000000
79048  38.395  -0.822  -13.816 0.0000000000
79049  38.411  -1.301  -13.810 0.0000000000
79056  38.904  -2.743  -15.452 0.0000000000
89178  20.965  3.928  -14.051 0.0000000000
89179  20.574  4.842  -14.523 0.0000000000
89213  26.808  9.076  -15.670 0.0000000000
89214  26.275  9.810  -16.219 0.0000000000
89215  26.505  9.100  -15.680 0.0000000000
89216  26.104  8.259  -15.094 0.0000000000
89220  25.201  9.025  -15.691 0.0000000000
89221  26.723  4.903  -13.302 0.0000000000
89222  26.561  5.812  -13.672 0.0000000000
89223  26.238  5.712  -13.676 0.0000000000
89224  24.914  7.226  -14.642 0.0000000000
89225  25.252  7.340  -14.671 0.0000000000
89226  24.701  8.132  -15.191 0.0000000000
89227  24.527  9.012  -15.803 0.0000000000
89228  24.193  8.935  -15.763 0.0000000000
89231  23.426  7.833  -15.303 0.0000000000
89232  23.280  8.721  -15.887 0.0000000000
89233  22.974  8.659  -15.895 0.0000000000
89237  22.779  7.731  -15.397 0.0000000000
89238  23.493  4.834  -14.071 0.0000000000
89239  23.040  5.750  -14.461 0.0000000000
89240  23.179  4.779  -14.136 0.0000000000
89348  37.150  4.022  -12.984 0.0000000000
89349  36.831  5.076  -12.462 0.0000000000
89350  36.923  4.532  -13.144 0.0000000000
89351  36.550  5.060  -14.121 0.0000000000
89352  36.428  5.580  -13.475 0.0000000000
89353  36.080  6.148  -13.558 0.0000000000
89354  35.645  7.290  -13.124 0.0000000000
89355  35.733  6.715  -13.673 0.0000000000
89356  36.897  3.573  -16.919 0.0000000000
89357  36.828  3.884  -16.197 0.0000000000
89358  36.485  4.278  -16.304 0.0000000000
89359  35.179  6.343  -15.156 0.0000000000
89360  35.560  5.975  -15.070 0.0000000000
89361  35.127  6.873  -14.570 0.0000000000
89362  35.030  7.544  -13.983 0.0000000000
89365  34.245  8.316  -14.268 0.0000000000
89366  33.499  8.120  -15.020 0.0000000000
89367  33.440  8.848  -14.594 0.0000000000
89368  33.033  9.089  -14.746 0.0000000000
89369  32.582  9.976  -14.557 0.0000000000
89370  32.656  9.280  -14.867 0.0000000000
89371  32.200  9.491  -15.045 0.0000000000
89372  32.711  8.540  -15.230 0.0000000000
89373  33.130  6.062  -16.117 0.0000000000
89374  32.747  6.888  -15.780 0.0000000000
89375  32.717  6.071  -16.000 0.0000000000
89376  32.365  6.091  -15.944 0.0000000000
89377  32.737  5.244  -16.233 0.0000000000
89378  34.640  3.543  -18.547 0.0000000000
89379  34.268  3.977  -17.800 0.0000000000
89380  34.197  3.547  -18.179 0.0000000000
89381  33.626  2.901  -17.695 0.0000000000
89382  33.511  3.452  -17.466 0.0000000000
89383  33.237  3.365  -17.088 0.0000000000
89384  32.862  3.895  -16.603 0.0000000000
89385  33.021  3.273  -16.724 0.0000000000
89386  32.847  3.219  -16.325 0.0000000000
89387  33.235  2.654  -16.855 0.0000000000
89388  33.675  1.234  -17.917 0.0000000000
89389  33.518  1.561  -17.165 0.0000000000
89390  33.586  1.069  -17.425 0.0000000000
89391  33.501  0.888  -16.906 0.0000000000
89392  33.681  0.558  -17.732 0.0000000000
89399  41.323  1.329  -23.157 0.0000000000
89400  41.317  2.198  -23.859 0.0000000000
89409  39.914  1.750  -23.402 0.0000000000
89412  39.100  2.415  -24.187 0.0000000000
89413  38.708  2.358  -24.180 0.0000000000
89414  38.442  1.954  -23.365 0.0000000000
89415  38.340  2.291  -24.145 0.0000000000
89434  37.260  2.616  -25.522 0.0000000000
89435  37.635  2.853  -25.668 0.0000000000
89436  37.411  2.327  -24.844 0.0000000000
89437  37.536  2.092  -24.068 0.0000000000
89438  37.094  1.902  -23.895 0.0000000000
89439  36.795  1.737  -23.028 0.0000000000
89440  36.707  1.772  -23.701 0.0000000000
89441  35.869  1.396  -23.823 0.0000000000
89442  35.959  1.530  -23.228 0.0000000000
89443  35.518  1.469  -22.878 0.0000000000
89444  35.251  1.535  -22.169 0.0000000000
89445  35.147  1.322  -22.540 0.0000000000
89446  35.239  1.884  -26.282 0.0000000000
89447  35.479  1.609  -25.738 0.0000000000
89448  35.117  1.375  -25.379 0.0000000000
89449  34.265  0.649  -22.708 0.0000000000
89450  34.590  0.841  -23.215 0.0000000000
89451  34.301  0.824  -22.213 0.0000000000
89452  34.403  1.044  -21.788 0.0000000000
89453  34.123  0.817  -21.335 0.0000000000
89454  34.007  0.731  -20.514 0.0000000000
89455  33.949  0.504  -20.863 0.0000000000
89456  33.802  -0.392  -20.387 0.0000000000
89457  33.794  -0.082  -19.984 0.0000000000
89458  33.826  -0.422  -19.500 0.0000000000
89459  33.813  -0.334  -18.616 0.0000000000
89460  33.824  -0.697  -19.056 0.0000000000
89468  33.057  0.379  -25.015 0.0000000000
89489  30.894  2.501  -29.456 0.0000000000
89490  30.477  2.397  -29.625 0.0000000000
93402  32.257  1.704  -14.682 0.0000000000
93403  31.990  1.684  -14.390 0.0000000000
93404  32.371  1.011  -14.823 0.0000000000
93412  40.822  -2.390  -19.742 0.0000000000
93414  41.587  -1.412  -21.029 0.0000000000
93415  41.752  -0.620  -21.679 0.0000000000
97357  36.006  7.466  -11.611 0.0000000000
97358  37.906  1.560  -19.850 0.0000000000
97359  37.612  1.969  -19.386 0.0000000000
97360  37.562  1.858  -19.983 0.0000000000
97361  37.182  2.150  -20.019 0.0000000000
97362  36.796  2.364  -20.130 0.0000000000
97363  36.348  2.613  -20.114 0.0000000000
97364  36.613  2.221  -20.548 0.0000000000
97365  36.457  2.047  -21.030 0.0000000000
97366  36.312  1.840  -21.570 0.0000000000
97380  33.566  2.982  -28.743 0.0000000000
97381  33.307  2.398  -28.252 0.0000000000
97382  33.015  3.194  -29.128 0.0000000000
97383  32.508  3.447  -29.524 0.0000000000
97384  32.024  3.737  -29.975 0.0000000000
101646  28.575  7.748  -14.920 0.0000000000
101647  28.322  7.793  -14.831 0.0000000000
101648  28.816  7.122  -14.536 0.0000000000
101649  29.052  6.416  -14.179 0.0000000000
101650  29.265  5.688  -13.795 0.0000000000
101652  30.458  2.315  -13.352 0.0000000000
101655  29.901  1.365  -13.161 0.0000000000
101656  29.622  1.320  -13.083 0.0000000000
101673  38.235  0.247  -13.904 0.0000000000
101674  38.109  0.848  -13.959 0.0000000000
101675  38.380  0.016  -14.630 0.0000000000
101676  38.552  -0.264  -15.434 0.0000000000
101677  38.711  -0.516  -16.249 0.0000000000
101678  39.891  -1.110  -19.885 0.0000000000
101679  39.526  -1.087  -19.122 0.0000000000
101680  39.666  -0.811  -19.864 0.0000000000
101681  39.405  -0.478  -19.790 0.0000000000
101682  39.181  -0.099  -19.730 0.0000000000
101683  38.947  0.279  -19.792 0.0000000000
101684  39.211  0.195  -20.425 0.0000000000
101685  39.249  0.455  -21.129 0.0000000000
101686  39.245  0.816  -21.893 0.0000000000
104903  28.894  9.481  -15.998 0.0000000000
104904  30.577  7.797  -15.675 0.0000000000
104905  30.284  7.853  -15.637 0.0000000000
104906  30.700  6.922  -15.561 0.0000000000
104907  30.843  6.138  -15.441 0.0000000000
104908  31.013  5.391  -15.280 0.0000000000
104909  31.264  4.589  -15.067 0.0000000000
104910  31.476  4.587  -15.301 0.0000000000
104911  31.942  3.807  -15.388 0.0000000000
104912  32.402  3.100  -15.613 0.0000000000
107333  38.075  -0.568  -12.304 0.0000000000
113409  21.108  6.107  -14.956 0.0000000000
113410  20.789  5.997  -14.963 0.0000000000
113411  21.191  5.021  -14.537 0.0000000000
113412  21.272  4.037  -14.103 0.0000000000
113432  27.329  7.710  -14.604 0.0000000000
113433  26.746  8.377  -15.123 0.0000000000
113434  26.978  7.639  -14.573 0.0000000000
113435  26.703  7.483  -14.516 0.0000000000
113436  26.280  7.446  -14.595 0.0000000000
113437  25.961  4.728  -13.432 0.0000000000
113438  25.862  5.671  -13.750 0.0000000000
113439  25.494  5.545  -13.822 0.0000000000
113440  25.047  6.314  -14.240 0.0000000000
113441  24.561  7.161  -14.714 0.0000000000
113442  24.076  7.993  -15.227 0.0000000000
113443  24.221  7.085  -14.743 0.0000000000
113444  23.885  6.953  -14.787 0.0000000000
113445  23.558  6.867  -14.848 0.0000000000
113446  23.234  6.797  -14.891 0.0000000000
113447  23.703  5.900  -14.412 0.0000000000
113448  23.823  5.011  -14.067 0.0000000000
113449  23.928  4.021  -13.679 0.0000000000
113513  37.411  3.113  -14.386 0.0000000000
113514  37.033  4.088  -13.831 0.0000000000
113515  37.174  3.676  -14.532 0.0000000000
113516  36.927  4.170  -14.659 0.0000000000
113517  36.614  4.692  -14.758 0.0000000000
113518  36.119  4.279  -17.109 0.0000000000
113519  36.063  4.731  -16.314 0.0000000000
113520  35.634  5.060  -16.368 0.0000000000
113521  35.202  5.828  -15.763 0.0000000000
113522  34.750  6.701  -15.251 0.0000000000
113523  34.292  7.622  -14.794 0.0000000000
113524  34.322  6.953  -15.310 0.0000000000
113525  33.926  7.180  -15.374 0.0000000000
113526  33.536  7.410  -15.416 0.0000000000
113527  33.157  7.596  -15.477 0.0000000000
113528  33.562  6.689  -15.790 0.0000000000
113529  33.551  5.939  -16.193 0.0000000000
113530  33.534  5.253  -16.552 0.0000000000
113531  34.539  2.781  -19.267 0.0000000000
113532  34.183  3.107  -18.501 0.0000000000
113533  34.204  2.652  -18.824 0.0000000000
113534  33.917  2.529  -18.351 0.0000000000
113535  33.672  2.392  -17.932 0.0000000000
113536  33.503  2.234  -17.452 0.0000000000
113537  33.717  1.895  -18.179 0.0000000000
113538  33.723  1.428  -18.376 0.0000000000
113539  33.797  1.017  -18.725 0.0000000000
113566  37.090  2.837  -26.187 0.0000000000
113567  36.898  2.298  -25.314 0.0000000000
113568  36.657  1.782  -24.423 0.0000000000
113569  36.538  1.879  -25.071 0.0000000000
113570  36.190  1.657  -24.820 0.0000000000
113571  35.804  1.403  -24.511 0.0000000000
113572  34.553  1.163  -25.473 0.0000000000
113573  34.745  1.066  -24.875 0.0000000000
113574  34.418  0.784  -24.390 0.0000000000
113575  34.209  0.494  -23.201 0.0000000000
113576  33.942  0.475  -22.111 0.0000000000
113577  33.853  0.309  -21.257 0.0000000000
113578  33.744  0.109  -21.620 0.0000000000
113579  33.733  -0.232  -21.248 0.0000000000
118098  30.431  4.842  -14.186 0.0000000000
118099  30.142  4.871  -13.998 0.0000000000
118100  30.641  4.038  -13.942 0.0000000000
118101  30.923  3.165  -13.804 0.0000000000
118102  31.100  2.349  -13.732 0.0000000000
118122  39.727  -2.137  -18.530 0.0000000000
118123  39.907  -1.821  -19.185 0.0000000000
118124  40.624  -2.051  -19.850 0.0000000000
118125  40.353  -1.760  -19.849 0.0000000000
118126  40.109  -1.456  -19.872 0.0000000000
118127  40.284  -1.016  -20.561 0.0000000000
118128  40.453  -0.520  -21.221 0.0000000000
118129  40.550  0.139  -21.907 0.0000000000
120631  29.647  10.694  -15.900 0.0000000000
120632  30.088  9.791  -15.846 0.0000000000
120634  30.420  9.784  -15.724 0.0000000000
120635  30.498  8.846  -15.775 0.0000000000
120636  30.864  7.944  -15.748 0.0000000000
120637  31.283  6.967  -15.728 0.0000000000
120638  31.689  6.056  -15.778 0.0000000000
127249  20.937  8.352  -15.850 0.0000000000
127250  21.014  7.231  -15.411 0.0000000000
127251  21.373  6.265  -14.978 0.0000000000
127252  21.762  5.321  -14.550 0.0000000000
127253  22.179  4.444  -14.169 0.0000000000
127265  27.837  4.478  -12.980 0.0000000000
127266  27.392  5.187  -13.280 0.0000000000
127267  27.527  4.239  -13.001 0.0000000000
127268  27.165  4.072  -13.022 0.0000000000
127269  26.819  4.024  -13.057 0.0000000000
127271  26.861  3.099  -12.893 0.0000000000
127272  26.421  3.913  -13.118 0.0000000000
127273  26.061  3.761  -13.111 0.0000000000
127274  25.734  3.637  -13.122 0.0000000000
127275  25.409  3.500  -13.150 0.0000000000
127276  25.082  3.352  -13.187 0.0000000000
127328  37.877  2.005  -17.250 0.0000000000
127329  37.513  2.700  -16.643 0.0000000000
127330  37.591  2.465  -17.344 0.0000000000
127331  37.275  2.901  -17.496 0.0000000000
127332  36.942  3.247  -17.663 0.0000000000
127333  37.316  2.414  -18.933 0.0000000000
127334  36.957  2.960  -18.393 0.0000000000
127335  36.588  3.573  -17.829 0.0000000000
127336  36.160  3.861  -17.871 0.0000000000
127337  35.712  4.149  -17.872 0.0000000000
127338  35.226  4.309  -17.740 0.0000000000
127339  34.777  4.408  -17.555 0.0000000000
127340  35.165  3.884  -18.273 0.0000000000
127341  35.078  3.556  -18.805 0.0000000000
127342  34.991  3.194  -19.222 0.0000000000
127343  35.882  2.792  -20.020 0.0000000000
127344  35.360  2.782  -19.905 0.0000000000
127345  34.961  2.874  -19.595 0.0000000000
127346  34.869  2.466  -19.953 0.0000000000
127347  34.787  2.072  -20.309 0.0000000000
127348  34.683  1.765  -20.602 0.0000000000
127370  36.035  3.319  -27.882 0.0000000000
127371  35.954  2.650  -26.997 0.0000000000
127372  35.668  2.951  -27.626 0.0000000000
127373  35.311  2.568  -27.232 0.0000000000
127374  34.963  2.077  -26.856 0.0000000000
127376  34.671  2.326  -27.443 0.0000000000
127377  34.641  1.689  -26.489 0.0000000000
127378  34.315  1.265  -26.040 0.0000000000
127379  34.021  0.980  -25.437 0.0000000000
127380  33.660  0.580  -24.726 0.0000000000
127381  33.440  0.171  -24.132 0.0000000000
127382  33.447  0.742  -25.258 0.0000000000
127383  33.225  0.918  -25.770 0.0000000000
127384  32.932  1.024  -26.114 0.0000000000
127385  33.059  2.020  -27.707 0.0000000000
127386  32.819  1.594  -27.101 0.0000000000
127387  32.628  1.137  -26.405 0.0000000000
127388  32.299  1.234  -26.733 0.0000000000
127389  31.830  1.269  -27.094 0.0000000000
127390  31.420  1.290  -27.416 0.0000000000
136509  27.047  9.116  -15.670 0.0000000000
136510  27.350  8.430  -15.130 0.0000000000
136511  28.092  7.819  -14.784 0.0000000000
136512  27.897  7.788  -14.684 0.0000000000
136513  27.651  7.748  -14.602 0.0000000000
136514  27.853  7.050  -14.196 0.0000000000
136515  27.973  6.333  -13.701 0.0000000000
136516  28.136  5.458  -13.356 0.0000000000
136517  29.963  4.887  -13.826 0.0000000000
136518  29.769  4.854  -13.659 0.0000000000
136519  29.454  4.822  -13.519 0.0000000000
136520  29.961  3.076  -13.214 0.0000000000
136521  29.533  3.954  -13.263 0.0000000000
136522  29.118  4.835  -13.411 0.0000000000
136523  28.829  4.773  -13.268 0.0000000000
136524  28.539  4.694  -13.144 0.0000000000
136525  28.202  4.601  -13.067 0.0000000000
136526  28.286  3.660  -12.828 0.0000000000
136563  37.090  4.485  -11.420 0.0000000000
136564  36.916  5.070  -11.596 0.0000000000
136565  37.202  3.911  -12.100 0.0000000000
136566  37.322  3.416  -12.803 0.0000000000
136567  37.459  2.973  -13.551 0.0000000000
136568  37.965  1.407  -14.064 0.0000000000
136569  37.781  2.012  -14.175 0.0000000000
136570  37.608  2.559  -14.262 0.0000000000
136571  37.784  2.205  -15.007 0.0000000000
136572  37.925  1.974  -15.681 0.0000000000
136573  38.053  1.734  -16.443 0.0000000000
136574  39.111  -1.516  -17.022 0.0000000000
136575  38.997  -1.068  -17.001 0.0000000000
136576  38.844  -0.569  -16.946 0.0000000000
136577  39.243  -0.849  -18.383 0.0000000000
136578  38.963  -0.488  -17.639 0.0000000000
136579  38.705  -0.019  -17.007 0.0000000000
136580  38.563  0.497  -17.013 0.0000000000
136581  38.357  1.123  -17.044 0.0000000000
136582  38.158  1.534  -17.154 0.0000000000
136583  38.224  1.359  -17.893 0.0000000000
136584  38.245  1.292  -18.545 0.0000000000
136585  38.229  1.307  -19.163 0.0000000000
136586  38.706  0.557  -19.745 0.0000000000
136587  38.461  0.970  -19.819 0.0000000000
136588  38.184  1.278  -19.773 0.0000000000
136589  38.152  1.268  -20.460 0.0000000000
136590  38.026  1.353  -21.114 0.0000000000
136591  37.891  1.440  -21.730 0.0000000000
143180  27.824  9.170  -15.802 0.0000000000
143182  28.063  9.228  -15.850 0.0000000000
143183  28.318  8.421  -15.381 0.0000000000
143184  28.773  7.726  -15.048 0.0000000000
143185  29.197  7.062  -14.851 0.0000000000
143186  29.662  6.359  -14.638 0.0000000000
143187  29.027  10.575  -16.127 0.0000000000
143188  29.171  9.604  -16.021 0.0000000000
143189  29.328  8.627  -15.733 0.0000000000
143190  29.952  7.914  -15.586 0.0000000000
143191  29.734  7.837  -15.544 0.0000000000
143192  29.481  7.803  -15.453 0.0000000000
143193  29.675  7.000  -15.112 0.0000000000
143194  29.941  6.193  -14.810 0.0000000000
143195  30.189  5.543  -14.483 0.0000000000
143196  30.693  4.735  -14.402 0.0000000000
143197  31.128  3.954  -14.354 0.0000000000
143198  31.565  3.159  -14.447 0.0000000000
143199  31.531  3.896  -14.866 0.0000000000
143200  31.806  3.123  -14.704 0.0000000000
143201  32.041  2.374  -14.655 0.0000000000
143202  32.510  1.705  -14.981 0.0000000000
143203  32.889  1.122  -15.482 0.0000000000
143204  33.234  0.613  -16.041 0.0000000000
148055  36.605  6.384  -10.414 0.0000000000
148080  36.688  6.522  -9.739 0.0000000000
148081  36.825  5.823  -10.250 0.0000000000
148082  36.974  5.123  -10.823 0.0000000000
148083  37.247  3.919  -11.291 0.0000000000
148084  37.473  2.729  -11.858 0.0000000000
148085  37.761  1.648  -12.509 0.0000000000
148088  38.042  0.657  -13.156 0.0000000000
148089  38.310  -0.282  -13.857 0.0000000000
148090  38.567  -1.158  -14.631 0.0000000000
148091  38.785  -1.824  -15.406 0.0000000000
148094  38.316  -1.536  -13.094 0.0000000000
148096  38.486  -2.331  -13.866 0.0000000000
148097  38.458  -1.809  -13.854 0.0000000000
148098  38.654  -2.069  -14.655 0.0000000000
148099  38.855  -2.281  -15.441 0.0000000000
148100  39.045  -2.413  -16.182 0.0000000000
148103  40.211  -3.200  -18.424 0.0000000000
148105  40.378  -3.520  -18.397 0.0000000000
148106  40.739  -3.125  -19.042 0.0000000000
160263  20.485  5.920  -14.987 0.0000000000
160264  20.202  5.834  -14.990 0.0000000000
160314  26.919  5.922  -13.645 0.0000000000
160315  26.422  6.655  -14.073 0.0000000000
160316  25.956  7.421  -14.557 0.0000000000
160317  25.768  6.500  -14.132 0.0000000000
160318  25.640  7.260  -14.515 0.0000000000
160319  25.432  8.224  -15.121 0.0000000000
160320  24.873  9.052  -15.745 0.0000000000
160326  23.595  8.756  -15.774 0.0000000000
160333  22.018  8.569  -16.008 0.0000000000
160334  22.172  7.597  -15.455 0.0000000000
160335  22.921  6.712  -14.900 0.0000000000
160336  22.597  6.657  -14.920 0.0000000000
160337  22.265  6.607  -14.968 0.0000000000
160338  22.397  5.557  -14.536 0.0000000000
160339  22.542  4.500  -14.153 0.0000000000
160340  22.630  3.599  -13.792 0.0000000000
160467  36.689  5.664  -11.793 0.0000000000
160468  36.452  6.223  -12.015 0.0000000000
160469  36.148  6.804  -12.210 0.0000000000
160470  36.698  5.047  -13.358 0.0000000000
160471  36.278  6.217  -12.838 0.0000000000
160472  35.886  7.313  -12.375 0.0000000000
160476  37.131  3.439  -16.088 0.0000000000
160477  36.713  4.302  -15.430 0.0000000000
160478  36.285  5.153  -14.893 0.0000000000
160479  36.009  5.107  -15.664 0.0000000000
160480  35.916  5.630  -14.982 0.0000000000
160481  35.847  6.122  -14.357 0.0000000000
160482  35.369  7.164  -13.836 0.0000000000
160488  33.868  8.558  -14.446 0.0000000000
160496  31.865  8.775  -15.435 0.0000000000
160497  32.724  7.738  -15.549 0.0000000000
160498  32.302  7.849  -15.585 0.0000000000
160499  31.916  7.891  -15.599 0.0000000000
160500  31.921  7.020  -15.756 0.0000000000
160501  31.988  6.104  -15.870 0.0000000000
160502  32.109  5.191  -15.955 0.0000000000
160503  34.282  4.504  -17.336 0.0000000000
160504  33.918  4.531  -17.110 0.0000000000
160505  33.507  4.556  -16.865 0.0000000000
160506  33.841  3.517  -17.812 0.0000000000
160507  33.471  4.007  -17.203 0.0000000000
160508  33.083  4.587  -16.657 0.0000000000
160509  32.759  4.558  -16.439 0.0000000000
160510  32.479  4.532  -16.210 0.0000000000
160511  32.198  4.534  -15.971 0.0000000000
160512  32.384  3.838  -15.986 0.0000000000
160513  32.623  3.191  -15.968 0.0000000000
160514  32.882  2.492  -16.019 0.0000000000
160515  33.398  2.056  -17.036 0.0000000000
160516  33.271  1.966  -16.546 0.0000000000
160517  33.097  1.869  -16.053 0.0000000000
160518  33.249  1.273  -16.151 0.0000000000
160519  33.370  0.745  -16.411 0.0000000000
160520  33.500  0.202  -16.754 0.0000000000
160521  42.543  -0.226  -22.087 0.0000000000
160522  42.209  -0.007  -22.184 0.0000000000
160523  41.863  0.211  -22.345 0.0000000000
160525  41.983  1.085  -23.040 0.0000000000
160526  41.585  0.394  -22.434 0.0000000000
160527  41.266  0.531  -22.497 0.0000000000
160528  40.950  0.685  -22.575 0.0000000000
160529  40.613  0.831  -22.565 0.0000000000
160538  40.305  0.965  -22.623 0.0000000000
160539  39.950  1.118  -22.629 0.0000000000
160540  39.588  1.231  -22.648 0.0000000000
160541  39.209  1.339  -22.671 0.0000000000
160542  39.464  2.403  -24.186 0.0000000000
160543  39.167  1.871  -23.415 0.0000000000
160544  38.850  1.450  -22.565 0.0000000000
160545  38.511  1.577  -22.563 0.0000000000
160546  38.130  1.618  -22.545 0.0000000000
160547  37.768  1.579  -22.506 0.0000000000
160570  38.004  3.063  -25.722 0.0000000000
160571  38.198  2.579  -24.878 0.0000000000
160572  37.919  2.163  -24.083 0.0000000000
160573  37.652  1.812  -23.247 0.0000000000
160574  37.421  1.687  -22.447 0.0000000000
160575  36.941  1.760  -22.271 0.0000000000
160576  36.533  1.734  -22.211 0.0000000000
160577  36.122  1.730  -22.045 0.0000000000
160578  36.323  1.668  -23.506 0.0000000000
160579  36.013  1.660  -22.643 0.0000000000
160580  35.720  1.765  -21.923 0.0000000000
160581  35.343  1.687  -21.726 0.0000000000
160582  34.958  1.605  -21.379 0.0000000000
160583  34.607  1.510  -20.962 0.0000000000
160584  35.853  2.036  -26.102 0.0000000000
160585  35.651  1.469  -25.127 0.0000000000
160586  35.374  1.202  -24.057 0.0000000000
160587  34.890  0.931  -24.231 0.0000000000
160588  35.005  1.040  -23.688 0.0000000000
160589  35.068  1.152  -23.056 0.0000000000
160590  34.764  1.203  -22.264 0.0000000000
160591  34.511  1.279  -21.391 0.0000000000
160592  34.301  1.343  -20.597 0.0000000000
160593  34.025  1.115  -20.184 0.0000000000
160594  33.878  0.830  -19.613 0.0000000000
160595  33.825  0.585  -19.163 0.0000000000
160596  33.860  0.176  -20.505 0.0000000000
160597  33.857  0.168  -19.595 0.0000000000
160598  33.785  0.328  -18.608 0.0000000000
160599  33.772  0.127  -18.220 0.0000000000
160600  33.716  -0.152  -17.663 0.0000000000
160601  33.605  -0.366  -17.236 0.0000000000
160634  31.433  3.149  -29.813 0.0000000000
160635  31.351  2.434  -29.096 0.0000000000
160636  31.118  1.891  -28.492 0.0000000000
160643  30.060  2.353  -29.898 0.0000000000
160644  30.312  1.823  -28.888 0.0000000000
