#!ascii label  , from subject fsaverage vox2ras=TkReg
1639
7  45.902  -43.796  7.509 0.0000000000
209  45.965  -36.920  5.169 0.0000000000
211  50.848  -43.438  0.576 0.0000000000
569  44.555  -47.543  12.876 0.0000000000
570  53.835  -50.667  7.184 0.0000000000
587  49.614  -39.780  11.867 0.0000000000
596  57.329  -35.810  6.344 0.0000000000
689  44.747  -40.403  6.543 0.0000000000
690  45.016  -41.372  2.361 0.0000000000
691  48.057  -43.738  4.198 0.0000000000
1260  46.404  -50.889  12.385 0.0000000000
1323  62.170  -36.081  8.470 0.0000000000
1325  53.312  -37.933  8.650 0.0000000000
1397  57.309  -50.585  5.280 0.0000000000
1530  47.244  -41.285  -1.841 0.0000000000
2345  45.700  -46.004  10.121 0.0000000000
2346  50.000  -46.865  6.414 0.0000000000
2347  48.464  -49.370  9.006 0.0000000000
2348  51.498  -52.675  9.513 0.0000000000
2398  45.252  -43.316  13.369 0.0000000000
2399  45.520  -40.978  10.507 0.0000000000
2422  65.849  -32.917  8.273 0.0000000000
2423  61.982  -33.132  4.999 0.0000000000
2425  51.575  -35.708  6.062 0.0000000000
2426  48.058  -38.174  8.404 0.0000000000
2509  53.095  -46.632  3.936 0.0000000000
2510  56.697  -46.075  1.912 0.0000000000
2609  45.010  -42.128  7.041 0.0000000000
2610  45.643  -42.472  5.137 0.0000000000
2611  46.863  -43.820  5.846 0.0000000000
3507  47.502  -42.755  1.173 0.0000000000
3508  45.850  -41.527  0.146 0.0000000000
3509  48.976  -42.641  -0.841 0.0000000000
5219  45.206  -47.033  11.466 0.0000000000
5220  47.090  -47.726  9.442 0.0000000000
5221  46.192  -48.724  10.745 0.0000000000
5223  48.876  -51.751  10.760 0.0000000000
5224  50.613  -53.430  11.486 0.0000000000
5225  52.909  -54.620  10.480 0.0000000000
5350  44.396  -46.029  14.789 0.0000000000
5351  45.339  -44.142  14.739 0.0000000000
5352  44.555  -45.470  13.333 0.0000000000
5353  44.724  -44.624  11.952 0.0000000000
5410  59.996  -36.053  7.113 0.0000000000
5411  62.275  -34.946  6.602 0.0000000000
5412  59.526  -34.421  5.783 0.0000000000
5413  58.948  -32.981  4.460 0.0000000000
5414  56.674  -34.405  5.369 0.0000000000
5415  53.594  -34.418  5.166 0.0000000000
5416  54.496  -35.750  6.162 0.0000000000
5417  51.497  -38.566  10.413 0.0000000000
5418  50.725  -37.966  8.474 0.0000000000
5419  49.036  -38.718  10.120 0.0000000000
5420  46.673  -39.275  9.698 0.0000000000
5421  47.250  -40.117  11.387 0.0000000000
5626  51.908  -48.646  6.480 0.0000000000
5627  51.433  -46.911  5.087 0.0000000000
5628  53.573  -48.715  5.411 0.0000000000
5629  59.011  -50.669  4.409 0.0000000000
5630  57.078  -48.607  3.311 0.0000000000
5847  45.045  -38.649  5.849 0.0000000000
5848  44.336  -39.140  3.936 0.0000000000
5849  44.660  -41.026  4.480 0.0000000000
5850  46.458  -42.726  3.190 0.0000000000
5851  49.377  -43.521  2.502 0.0000000000
6875  43.815  -47.914  14.714 0.0000000000
6876  45.205  -49.251  12.399 0.0000000000
6989  64.013  -35.896  10.328 0.0000000000
6992  57.825  -37.187  7.961 0.0000000000
6993  55.267  -37.071  7.264 0.0000000000
7121  55.772  -50.650  6.344 0.0000000000
7406  44.211  -39.545  1.790 0.0000000000
9593  45.843  -44.747  8.787 0.0000000000
9594  47.782  -45.282  6.917 0.0000000000
9595  47.614  -46.360  8.062 0.0000000000
9596  49.545  -48.101  7.825 0.0000000000
9597  51.110  -50.058  7.822 0.0000000000
9598  47.360  -50.168  10.549 0.0000000000
9599  49.941  -50.942  9.119 0.0000000000
9600  52.638  -51.682  8.213 0.0000000000
9601  54.060  -53.680  8.986 0.0000000000
9752  47.057  -41.505  12.825 0.0000000000
9753  45.442  -42.181  11.898 0.0000000000
9754  44.912  -43.454  10.442 0.0000000000
9755  44.978  -42.434  9.077 0.0000000000
9822  65.996  -31.838  6.046 0.0000000000
9823  64.208  -34.674  8.249 0.0000000000
9824  64.460  -33.547  6.157 0.0000000000
9830  50.422  -34.696  4.835 0.0000000000
9831  48.566  -36.031  5.813 0.0000000000
9832  52.475  -37.054  7.042 0.0000000000
9833  49.650  -37.113  7.025 0.0000000000
9834  47.006  -37.542  6.746 0.0000000000
9835  45.837  -38.920  7.849 0.0000000000
9836  45.059  -40.517  8.670 0.0000000000
10081  49.183  -45.206  5.517 0.0000000000
10082  50.713  -44.982  4.174 0.0000000000
10083  52.364  -44.460  2.856 0.0000000000
10084  55.345  -48.627  4.351 0.0000000000
10085  54.888  -46.198  2.837 0.0000000000
10086  53.953  -44.163  1.335 0.0000000000
10087  55.648  -44.482  -0.327 0.0000000000
10289  45.422  -42.984  7.264 0.0000000000
10290  45.794  -43.079  6.322 0.0000000000
10291  46.344  -43.836  6.681 0.0000000000
11184  46.630  -36.111  4.807 0.0000000000
11186  45.326  -37.028  4.411 0.0000000000
11187  49.124  -43.124  0.838 0.0000000000
11188  48.248  -42.779  0.130 0.0000000000
11189  49.880  -43.084  -0.151 0.0000000000
11190  50.677  -42.983  -1.064 0.0000000000
11191  51.633  -43.391  -0.300 0.0000000000
12899  44.895  -47.369  12.182 0.0000000000
12900  45.629  -47.978  11.082 0.0000000000
12901  45.215  -48.223  11.807 0.0000000000
12903  49.302  -52.923  12.118 0.0000000000
12904  50.174  -53.704  12.476 0.0000000000
12905  51.423  -54.347  11.917 0.0000000000
12906  50.963  -54.617  12.832 0.0000000000
13030  44.283  -46.748  13.818 0.0000000000
13031  44.494  -45.801  14.021 0.0000000000
13032  44.558  -46.577  13.084 0.0000000000
13033  44.728  -46.264  12.394 0.0000000000
13090  58.611  -35.866  6.629 0.0000000000
13091  59.801  -35.254  6.391 0.0000000000
13092  58.456  -35.079  6.003 0.0000000000
13093  58.141  -34.393  5.528 0.0000000000
13094  57.054  -35.148  5.848 0.0000000000
13095  55.608  -35.077  5.739 0.0000000000
13096  55.992  -35.809  6.185 0.0000000000
13097  50.603  -39.032  11.179 0.0000000000
13098  50.233  -38.599  10.265 0.0000000000
13099  49.295  -39.165  11.008 0.0000000000
13100  48.162  -39.297  10.823 0.0000000000
13101  48.452  -39.891  11.640 0.0000000000
13306  52.941  -49.679  6.805 0.0000000000
13307  52.758  -48.733  5.950 0.0000000000
13308  53.847  -49.645  6.397 0.0000000000
13584  44.821  -39.509  6.153 0.0000000000
13585  44.523  -39.857  5.193 0.0000000000
13586  44.641  -40.762  5.528 0.0000000000
13587  46.726  -43.247  4.558 0.0000000000
13588  46.019  -42.629  4.152 0.0000000000
13589  47.236  -43.233  3.670 0.0000000000
13590  47.810  -43.181  2.755 0.0000000000
13591  48.700  -43.652  3.379 0.0000000000
15493  59.119  -37.231  8.574 0.0000000000
15495  56.813  -37.610  8.612 0.0000000000
15712  59.325  -52.836  5.284 0.0000000000
16277  44.372  -40.326  3.127 0.0000000000
16278  44.204  -39.342  2.927 0.0000000000
16279  44.495  -40.529  2.032 0.0000000000
16280  46.531  -41.446  -0.905 0.0000000000
16281  45.254  -40.694  -0.185 0.0000000000
21419  45.739  -45.297  9.465 0.0000000000
21420  46.662  -45.616  8.431 0.0000000000
21421  46.534  -46.240  9.081 0.0000000000
21422  47.844  -48.563  9.206 0.0000000000
21423  48.279  -47.959  8.541 0.0000000000
21424  49.024  -48.804  8.465 0.0000000000
21425  50.275  -48.985  7.728 0.0000000000
21426  49.727  -49.647  8.349 0.0000000000
21427  45.740  -50.066  12.339 0.0000000000
21428  46.225  -49.762  11.410 0.0000000000
21429  46.853  -50.498  11.401 0.0000000000
21430  50.206  -52.214  10.107 0.0000000000
21431  49.386  -51.379  9.883 0.0000000000
21432  50.725  -51.763  9.219 0.0000000000
21433  51.342  -51.348  8.608 0.0000000000
21434  52.068  -52.171  8.733 0.0000000000
21435  53.350  -52.641  8.478 0.0000000000
21436  52.757  -53.144  9.133 0.0000000000
21813  45.279  -43.749  14.052 0.0000000000
21814  46.047  -43.301  14.554 0.0000000000
21815  46.016  -42.871  13.902 0.0000000000
21816  46.964  -42.134  13.600 0.0000000000
21817  46.041  -42.392  13.135 0.0000000000
21818  46.151  -41.733  12.419 0.0000000000
21819  45.332  -42.834  12.642 0.0000000000
21820  45.017  -45.411  11.032 0.0000000000
21821  44.854  -44.122  11.142 0.0000000000
21822  45.114  -44.749  10.278 0.0000000000
21823  45.174  -44.128  9.622 0.0000000000
21989  65.992  -32.293  7.256 0.0000000000
21991  64.111  -35.311  9.320 0.0000000000
21992  63.276  -35.444  8.333 0.0000000000
21993  62.170  -34.062  5.780 0.0000000000
21994  63.372  -34.333  6.382 0.0000000000
21995  63.329  -33.456  5.469 0.0000000000
21996  64.425  -32.819  5.173 0.0000000000
22000  57.353  -33.039  4.201 0.0000000000
22007  52.538  -35.030  5.625 0.0000000000
22008  52.023  -34.519  5.014 0.0000000000
22009  50.967  -35.139  5.521 0.0000000000
22010  49.463  -35.279  5.333 0.0000000000
22011  50.038  -35.809  5.969 0.0000000000
22012  54.267  -37.583  7.923 0.0000000000
22013  53.941  -37.049  7.100 0.0000000000
22014  52.968  -37.591  7.737 0.0000000000
22015  49.379  -38.030  8.479 0.0000000000
22016  50.234  -37.621  7.708 0.0000000000
22017  48.873  -37.693  7.691 0.0000000000
22018  48.277  -37.282  6.958 0.0000000000
22019  47.495  -37.888  7.575 0.0000000000
22020  46.381  -38.252  7.316 0.0000000000
22021  46.857  -38.473  8.247 0.0000000000
22022  46.044  -40.042  10.193 0.0000000000
22023  45.690  -39.810  9.272 0.0000000000
22024  45.299  -40.687  9.587 0.0000000000
22025  44.924  -41.441  8.894 0.0000000000
22026  45.032  -41.675  9.826 0.0000000000
22636  48.911  -46.063  6.620 0.0000000000
22637  48.405  -45.278  6.220 0.0000000000
22638  49.622  -46.062  5.956 0.0000000000
22639  52.242  -46.812  4.488 0.0000000000
22640  51.180  -45.981  4.589 0.0000000000
22641  51.997  -45.802  4.091 0.0000000000
22642  51.531  -44.761  3.521 0.0000000000
22643  52.855  -45.494  3.455 0.0000000000
22644  56.604  -50.666  5.832 0.0000000000
22645  55.585  -49.636  5.357 0.0000000000
22646  56.407  -49.680  4.863 0.0000000000
22647  56.942  -47.296  2.514 0.0000000000
22648  55.980  -47.324  3.005 0.0000000000
22649  55.752  -46.210  2.413 0.0000000000
22650  54.593  -45.077  2.349 0.0000000000
22651  55.453  -45.085  1.716 0.0000000000
22652  54.801  -44.357  0.501 0.0000000000
22653  56.303  -45.060  0.967 0.0000000000
23127  44.790  -41.248  6.830 0.0000000000
23128  44.918  -41.524  5.798 0.0000000000
23129  45.266  -42.350  6.030 0.0000000000
23130  46.304  -43.173  5.433 0.0000000000
23131  47.466  -43.860  4.970 0.0000000000
24743  46.182  -42.203  1.637 0.0000000000
24744  45.395  -41.505  1.232 0.0000000000
24745  46.717  -42.214  0.561 0.0000000000
24746  47.357  -42.184  -0.450 0.0000000000
24747  48.091  -42.013  -1.376 0.0000000000
24748  48.853  -41.771  -2.265 0.0000000000
24749  49.778  -42.424  -1.694 0.0000000000
27827  45.450  -46.531  10.827 0.0000000000
27828  46.347  -46.867  9.761 0.0000000000
27829  46.028  -47.458  10.416 0.0000000000
27830  46.689  -48.353  10.047 0.0000000000
27831  47.307  -49.066  9.851 0.0000000000
27833  47.610  -51.306  11.538 0.0000000000
27834  48.425  -52.134  11.797 0.0000000000
27835  49.739  -52.631  11.104 0.0000000000
27836  51.082  -53.076  10.477 0.0000000000
27837  52.248  -53.625  9.991 0.0000000000
27838  51.779  -54.010  10.920 0.0000000000
28062  44.867  -45.365  15.523 0.0000000000
28063  45.442  -44.459  15.462 0.0000000000
28064  44.831  -45.082  14.786 0.0000000000
28065  44.780  -44.763  14.127 0.0000000000
28066  44.764  -44.333  13.406 0.0000000000
28067  44.801  -43.911  12.688 0.0000000000
28068  44.645  -45.100  12.615 0.0000000000
28069  44.890  -45.885  11.756 0.0000000000
28170  61.242  -36.195  7.794 0.0000000000
28171  62.342  -35.638  7.455 0.0000000000
28172  61.157  -35.502  6.840 0.0000000000
28173  60.886  -34.633  6.100 0.0000000000
28174  60.721  -33.712  5.439 0.0000000000
28175  60.506  -32.967  4.705 0.0000000000
28176  59.319  -33.655  5.151 0.0000000000
28177  57.784  -33.638  4.925 0.0000000000
28178  56.248  -33.667  4.749 0.0000000000
28179  54.583  -33.757  4.624 0.0000000000
28180  55.166  -34.359  5.293 0.0000000000
28181  54.059  -35.017  5.707 0.0000000000
28182  52.990  -35.701  6.172 0.0000000000
28183  52.445  -38.197  9.509 0.0000000000
28184  52.072  -37.941  8.552 0.0000000000
28185  51.161  -38.206  9.388 0.0000000000
28186  49.921  -38.277  9.315 0.0000000000
28187  48.661  -38.402  9.226 0.0000000000
28188  47.375  -38.640  9.089 0.0000000000
28189  47.871  -38.880  9.945 0.0000000000
28190  46.996  -39.592  10.595 0.0000000000
28191  46.271  -40.427  11.047 0.0000000000
28558  50.981  -47.747  6.371 0.0000000000
28559  50.698  -46.908  5.709 0.0000000000
28560  51.673  -47.807  5.699 0.0000000000
28561  52.436  -47.803  5.097 0.0000000000
28562  53.320  -47.718  4.544 0.0000000000
28563  58.187  -50.566  4.902 0.0000000000
28564  57.223  -49.747  4.380 0.0000000000
28565  58.120  -49.735  3.859 0.0000000000
28566  58.056  -48.503  2.779 0.0000000000
28567  57.912  -47.176  2.008 0.0000000000
29001  45.451  -37.769  5.497 0.0000000000
29002  44.875  -37.976  4.658 0.0000000000
29003  44.610  -38.837  4.972 0.0000000000
29004  44.379  -40.099  4.192 0.0000000000
29005  44.815  -41.204  3.401 0.0000000000
29006  45.089  -41.812  4.780 0.0000000000
29007  45.359  -41.987  3.779 0.0000000000
29008  45.706  -42.109  2.726 0.0000000000
29009  47.006  -42.754  2.167 0.0000000000
29010  48.467  -43.168  1.791 0.0000000000
29011  50.109  -43.470  1.508 0.0000000000
31403  44.138  -47.693  13.742 0.0000000000
31404  44.706  -48.401  12.597 0.0000000000
31405  44.297  -48.630  13.450 0.0000000000
31591  44.119  -46.927  14.643 0.0000000000
31674  60.157  -36.708  8.172 0.0000000000
31675  58.934  -36.633  7.513 0.0000000000
31676  57.598  -36.530  6.967 0.0000000000
31677  56.291  -36.465  6.725 0.0000000000
31678  56.526  -37.115  7.518 0.0000000000
31679  55.518  -37.573  8.166 0.0000000000
31680  54.583  -37.927  8.918 0.0000000000
31683  53.696  -38.237  9.700 0.0000000000
31684  52.764  -38.553  10.555 0.0000000000
31686  50.846  -39.686  12.084 0.0000000000
31972  54.663  -51.670  7.563 0.0000000000
31973  54.841  -50.691  6.800 0.0000000000
31974  55.653  -51.697  7.141 0.0000000000
31975  56.676  -51.714  6.716 0.0000000000
31976  57.453  -51.636  6.112 0.0000000000
31979  58.138  -51.581  5.611 0.0000000000
31980  58.861  -51.515  5.186 0.0000000000
32714  44.485  -38.152  3.745 0.0000000000
32717  44.758  -40.675  0.910 0.0000000000
39017  45.931  -44.280  8.161 0.0000000000
39018  46.765  -44.595  7.195 0.0000000000
39019  46.769  -45.069  7.797 0.0000000000
39020  47.765  -45.767  7.460 0.0000000000
39021  48.847  -46.543  7.174 0.0000000000
39022  47.374  -47.072  8.772 0.0000000000
39023  48.605  -47.215  7.878 0.0000000000
39024  49.810  -47.423  7.081 0.0000000000
39025  50.681  -48.275  7.064 0.0000000000
39026  51.567  -49.339  7.195 0.0000000000
39027  52.473  -50.305  7.482 0.0000000000
39028  45.662  -48.956  11.537 0.0000000000
39029  46.741  -49.443  10.541 0.0000000000
39030  47.905  -49.811  9.761 0.0000000000
39031  48.099  -50.927  10.604 0.0000000000
39032  48.640  -50.575  9.786 0.0000000000
39033  49.219  -50.180  8.988 0.0000000000
39034  50.541  -50.542  8.457 0.0000000000
39035  51.877  -50.826  8.022 0.0000000000
39036  53.242  -51.222  7.777 0.0000000000
39037  54.004  -52.147  8.000 0.0000000000
39038  54.712  -53.167  8.391 0.0000000000
39040  53.358  -54.134  9.701 0.0000000000
39485  49.468  -40.478  12.582 0.0000000000
39489  46.155  -43.666  15.249 0.0000000000
39493  48.132  -41.341  13.071 0.0000000000
39494  48.247  -40.588  12.374 0.0000000000
39495  47.198  -40.760  12.083 0.0000000000
39496  46.247  -41.061  11.721 0.0000000000
39497  45.483  -41.593  11.223 0.0000000000
39498  44.906  -43.382  11.966 0.0000000000
39499  44.994  -42.761  11.210 0.0000000000
39500  45.024  -42.200  10.483 0.0000000000
39501  44.935  -42.898  9.770 0.0000000000
39502  45.261  -43.619  8.959 0.0000000000
39503  45.270  -43.181  8.256 0.0000000000
39703  64.835  -35.177  10.370 0.0000000000
39704  64.999  -34.595  9.337 0.0000000000
39705  65.174  -33.811  8.278 0.0000000000
39706  63.352  -34.999  7.230 0.0000000000
39707  64.422  -34.129  7.211 0.0000000000
39708  65.303  -33.230  7.209 0.0000000000
39709  65.429  -32.731  6.051 0.0000000000
39724  52.994  -34.003  4.463 0.0000000000
39726  49.810  -34.466  4.107 0.0000000000
39727  48.858  -34.991  4.631 0.0000000000
39728  48.007  -35.594  5.137 0.0000000000
39729  47.173  -36.375  5.541 0.0000000000
39730  54.967  -36.442  6.613 0.0000000000
39731  53.490  -36.405  6.585 0.0000000000
39732  51.990  -36.385  6.531 0.0000000000
39733  51.571  -37.601  7.703 0.0000000000
39734  51.037  -37.056  7.046 0.0000000000
39735  50.598  -36.401  6.487 0.0000000000
39736  49.130  -36.541  6.360 0.0000000000
39737  47.711  -36.792  6.225 0.0000000000
39738  46.470  -37.175  5.944 0.0000000000
39739  45.867  -37.984  6.368 0.0000000000
39740  45.441  -38.779  6.821 0.0000000000
39741  45.119  -39.595  7.246 0.0000000000
39742  46.226  -39.063  8.826 0.0000000000
39743  45.340  -39.703  8.298 0.0000000000
39744  44.851  -40.488  7.644 0.0000000000
39745  44.835  -41.346  7.860 0.0000000000
39746  44.986  -42.248  8.052 0.0000000000
40477  47.318  -44.517  6.432 0.0000000000
40478  47.989  -44.491  5.669 0.0000000000
40479  48.703  -44.375  4.945 0.0000000000
40480  50.375  -46.007  5.278 0.0000000000
40481  49.974  -45.094  4.857 0.0000000000
40482  49.364  -44.242  4.211 0.0000000000
40483  50.088  -44.129  3.477 0.0000000000
40484  50.789  -43.915  2.659 0.0000000000
40485  51.539  -43.732  1.724 0.0000000000
40486  54.727  -49.685  5.844 0.0000000000
40487  54.490  -48.693  4.903 0.0000000000
40488  54.209  -47.635  3.919 0.0000000000
40489  56.192  -48.604  3.801 0.0000000000
40490  55.068  -47.472  3.412 0.0000000000
40491  54.020  -46.421  3.351 0.0000000000
40492  53.761  -45.242  2.858 0.0000000000
40493  53.144  -44.152  2.131 0.0000000000
40494  52.368  -43.697  0.865 0.0000000000
40495  53.236  -43.780  0.096 0.0000000000
40496  54.063  -43.927  -0.697 0.0000000000
41009  45.646  -43.396  7.387 0.0000000000
41010  45.852  -43.442  6.938 0.0000000000
41011  46.116  -43.817  7.095 0.0000000000
41904  46.269  -36.493  4.978 0.0000000000
41905  45.950  -36.562  4.662 0.0000000000
41906  45.635  -36.972  4.793 0.0000000000
41907  49.973  -43.274  0.687 0.0000000000
41908  49.501  -43.100  0.333 0.0000000000
41909  50.350  -43.269  0.209 0.0000000000
41910  50.724  -43.273  -0.244 0.0000000000
41911  51.213  -43.432  0.123 0.0000000000
43619  44.747  -47.469  12.488 0.0000000000
43620  45.020  -47.833  11.950 0.0000000000
43621  44.820  -47.896  12.329 0.0000000000
43623  49.544  -53.455  12.782 0.0000000000
43624  49.914  -53.822  12.944 0.0000000000
43625  50.574  -54.111  12.633 0.0000000000
43750  44.387  -47.161  13.329 0.0000000000
43751  44.398  -46.691  13.455 0.0000000000
43752  44.551  -47.072  12.972 0.0000000000
43753  44.689  -46.965  12.637 0.0000000000
43810  57.966  -35.824  6.468 0.0000000000
43811  58.540  -35.451  6.298 0.0000000000
43812  57.890  -35.448  6.169 0.0000000000
43813  57.802  -35.083  5.896 0.0000000000
43814  57.244  -35.517  6.074 0.0000000000
43815  56.521  -35.494  6.019 0.0000000000
43816  56.695  -35.830  6.240 0.0000000000
43817  50.104  -39.393  11.539 0.0000000000
43818  49.935  -39.095  11.104 0.0000000000
43819  49.448  -39.465  11.430 0.0000000000
43820  48.854  -39.507  11.329 0.0000000000
43821  49.020  -39.845  11.729 0.0000000000
44026  53.400  -50.171  7.008 0.0000000000
44027  53.420  -49.671  6.587 0.0000000000
44028  53.885  -50.181  6.802 0.0000000000
44304  44.773  -39.952  6.340 0.0000000000
44305  44.650  -40.128  5.839 0.0000000000
44306  44.660  -40.571  6.032 0.0000000000
44307  47.356  -43.520  4.359 0.0000000000
44308  46.982  -43.255  4.125 0.0000000000
44309  47.642  -43.480  3.926 0.0000000000
44310  47.930  -43.446  3.500 0.0000000000
44311  48.380  -43.698  3.788 0.0000000000
46997  44.658  -40.903  2.693 0.0000000000
46998  44.437  -40.468  2.582 0.0000000000
46999  44.760  -40.998  2.104 0.0000000000
47000  46.871  -41.368  -1.410 0.0000000000
47001  46.138  -41.001  -1.083 0.0000000000
47006  47.610  -41.134  -2.280 0.0000000000
52139  45.685  -45.628  9.804 0.0000000000
52140  46.122  -45.779  9.267 0.0000000000
52141  46.052  -46.105  9.588 0.0000000000
52142  48.139  -48.964  9.130 0.0000000000
52143  48.437  -48.689  8.814 0.0000000000
52144  48.753  -49.091  8.729 0.0000000000
52145  49.353  -49.219  8.380 0.0000000000
52146  49.076  -49.502  8.636 0.0000000000
52147  46.076  -50.487  12.346 0.0000000000
52148  46.304  -50.299  11.855 0.0000000000
52149  46.628  -50.693  11.874 0.0000000000
52150  50.868  -52.433  9.780 0.0000000000
52151  50.454  -51.994  9.652 0.0000000000
52152  51.126  -52.226  9.304 0.0000000000
52153  51.407  -51.981  8.959 0.0000000000
52154  51.756  -52.431  9.104 0.0000000000
52155  52.372  -52.646  8.919 0.0000000000
52156  52.099  -52.903  9.302 0.0000000000
52533  45.261  -43.543  13.714 0.0000000000
52534  45.604  -43.291  13.983 0.0000000000
52535  45.580  -43.076  13.641 0.0000000000
52536  46.039  -42.640  13.529 0.0000000000
52537  45.631  -42.839  13.272 0.0000000000
52538  45.656  -42.578  12.898 0.0000000000
52539  45.287  -43.083  13.012 0.0000000000
52540  45.309  -45.713  10.572 0.0000000000
52541  45.069  -45.079  10.652 0.0000000000
52542  45.328  -45.386  10.221 0.0000000000
52543  45.390  -45.034  9.861 0.0000000000
52712  62.756  -35.815  8.384 0.0000000000
52713  62.072  -33.573  5.386 0.0000000000
52714  62.791  -33.746  5.631 0.0000000000
52715  62.692  -33.290  5.221 0.0000000000
52719  61.881  -32.726  4.635 0.0000000000
52727  52.030  -35.370  5.852 0.0000000000
52728  51.770  -35.082  5.592 0.0000000000
52729  51.271  -35.412  5.822 0.0000000000
52730  50.505  -35.462  5.748 0.0000000000
52731  50.818  -35.737  6.032 0.0000000000
52732  53.764  -37.775  8.273 0.0000000000
52733  53.640  -37.605  7.793 0.0000000000
52734  53.160  -37.784  8.164 0.0000000000
52735  48.726  -38.075  8.461 0.0000000000
52736  49.124  -37.879  8.096 0.0000000000
52737  48.475  -37.925  8.048 0.0000000000
52738  48.157  -37.777  7.660 0.0000000000
52739  47.783  -38.042  7.998 0.0000000000
52740  47.172  -38.187  7.935 0.0000000000
52741  47.418  -38.311  8.354 0.0000000000
52742  45.759  -40.496  10.358 0.0000000000
52743  45.642  -40.339  9.910 0.0000000000
52744  45.395  -40.818  10.054 0.0000000000
52745  45.146  -41.181  9.709 0.0000000000
52746  45.200  -41.331  10.169 0.0000000000
53356  49.472  -46.454  6.503 0.0000000000
53357  49.270  -46.056  6.301 0.0000000000
53358  49.826  -46.475  6.170 0.0000000000
53359  52.665  -46.723  4.212 0.0000000000
53360  52.148  -46.332  4.271 0.0000000000
53361  52.544  -46.198  4.021 0.0000000000
53362  52.401  -45.655  3.792 0.0000000000
53363  52.975  -46.076  3.724 0.0000000000
53364  56.961  -50.622  5.535 0.0000000000
53365  56.520  -50.146  5.362 0.0000000000
53366  56.899  -50.158  5.103 0.0000000000
53367  56.852  -46.703  2.168 0.0000000000
53368  56.353  -46.725  2.426 0.0000000000
53369  56.243  -46.198  2.151 0.0000000000
53370  55.660  -45.651  2.109 0.0000000000
53371  56.132  -45.595  1.828 0.0000000000
53372  55.855  -45.071  1.342 0.0000000000
53373  56.603  -45.525  1.525 0.0000000000
53904  44.876  -41.697  6.941 0.0000000000
53905  44.963  -41.807  6.441 0.0000000000
53906  45.124  -42.245  6.536 0.0000000000
53907  46.296  -43.456  6.056 0.0000000000
53908  46.033  -43.113  5.874 0.0000000000
53909  46.604  -43.506  5.636 0.0000000000
53910  46.847  -43.540  5.192 0.0000000000
53911  47.167  -43.836  5.422 0.0000000000
56597  46.866  -42.509  1.348 0.0000000000
56598  46.429  -42.211  1.072 0.0000000000
56599  47.139  -42.505  0.835 0.0000000000
56600  48.617  -42.733  -0.372 0.0000000000
56601  47.779  -42.494  -0.152 0.0000000000
56602  48.160  -42.435  -0.652 0.0000000000
56603  47.725  -42.108  -0.919 0.0000000000
56604  48.560  -42.352  -1.136 0.0000000000
56605  48.933  -42.250  -1.573 0.0000000000
56606  49.363  -42.516  -1.274 0.0000000000
56607  51.558  -43.143  -1.103 0.0000000000
56608  51.083  -42.905  -1.462 0.0000000000
61739  45.348  -46.770  11.159 0.0000000000
61740  45.740  -46.994  10.618 0.0000000000
61741  45.591  -47.277  10.933 0.0000000000
61742  45.923  -48.359  10.891 0.0000000000
61743  46.108  -48.187  10.573 0.0000000000
61744  46.436  -48.569  10.380 0.0000000000
61745  47.007  -48.735  9.935 0.0000000000
61746  46.750  -48.912  10.287 0.0000000000
61749  48.195  -52.288  12.309 0.0000000000
61750  49.950  -53.163  11.853 0.0000000000
61751  49.508  -52.781  11.637 0.0000000000
61752  50.161  -53.019  11.313 0.0000000000
61753  50.394  -52.854  10.778 0.0000000000
61754  50.823  -53.265  10.974 0.0000000000
61755  51.463  -53.533  10.707 0.0000000000
61756  51.242  -53.706  11.173 0.0000000000
61757  51.756  -54.867  12.122 0.0000000000
62130  44.601  -45.708  15.179 0.0000000000
62131  44.841  -45.254  15.163 0.0000000000
62132  44.606  -45.580  14.802 0.0000000000
62133  44.518  -45.671  13.689 0.0000000000
62134  44.632  -45.261  14.069 0.0000000000
62135  44.603  -45.097  13.765 0.0000000000
62136  44.759  -44.556  13.784 0.0000000000
62137  44.629  -44.868  13.397 0.0000000000
62138  44.652  -44.672  13.025 0.0000000000
62139  44.593  -45.254  12.981 0.0000000000
62140  44.921  -46.664  11.928 0.0000000000
62141  44.810  -46.068  12.078 0.0000000000
62142  45.047  -46.447  11.611 0.0000000000
62143  45.133  -46.222  11.279 0.0000000000
62310  60.647  -36.172  7.452 0.0000000000
62311  61.230  -35.907  7.294 0.0000000000
62312  60.590  -35.805  6.987 0.0000000000
62313  59.625  -34.827  6.053 0.0000000000
62314  60.345  -34.929  6.261 0.0000000000
62315  60.183  -34.504  5.955 0.0000000000
62316  60.777  -34.175  5.774 0.0000000000
62317  60.127  -34.065  5.640 0.0000000000
62318  60.036  -33.668  5.301 0.0000000000
62319  59.431  -34.037  5.474 0.0000000000
62320  57.409  -34.402  5.427 0.0000000000
62321  57.955  -34.016  5.240 0.0000000000
62322  57.210  -34.015  5.138 0.0000000000
62323  57.037  -33.638  4.812 0.0000000000
62324  56.488  -33.995  5.083 0.0000000000
62325  55.723  -34.016  5.034 0.0000000000
62326  55.952  -34.362  5.338 0.0000000000
62327  55.055  -35.420  5.969 0.0000000000
62328  54.824  -35.050  5.734 0.0000000000
62329  54.273  -35.386  5.957 0.0000000000
62330  53.530  -35.360  5.960 0.0000000000
62331  53.740  -35.725  6.180 0.0000000000
62332  51.966  -38.371  9.963 0.0000000000
62333  51.807  -38.192  9.428 0.0000000000
62334  51.328  -38.389  9.886 0.0000000000
62335  49.634  -38.647  10.204 0.0000000000
62336  50.099  -38.404  9.795 0.0000000000
62337  49.472  -38.455  9.751 0.0000000000
62338  49.272  -38.325  9.295 0.0000000000
62339  48.876  -38.543  9.667 0.0000000000
62340  48.313  -38.619  9.585 0.0000000000
62341  48.470  -38.781  10.028 0.0000000000
62342  47.684  -39.673  11.160 0.0000000000
62343  47.541  -39.419  10.726 0.0000000000
62344  47.129  -39.837  11.006 0.0000000000
62345  46.627  -40.001  10.860 0.0000000000
62346  46.758  -40.260  11.239 0.0000000000
62956  51.437  -48.172  6.399 0.0000000000
62957  51.334  -47.780  6.029 0.0000000000
62958  51.816  -48.239  6.099 0.0000000000
62959  53.169  -48.730  5.682 0.0000000000
62960  52.611  -48.261  5.539 0.0000000000
62961  53.017  -48.270  5.256 0.0000000000
62962  52.863  -47.769  4.808 0.0000000000
62963  53.455  -48.219  4.980 0.0000000000
62964  58.576  -50.644  4.659 0.0000000000
62965  58.146  -50.228  4.411 0.0000000000
62966  58.588  -50.239  4.151 0.0000000000
62968  58.620  -49.077  2.971 0.0000000000
62970  57.999  -47.843  2.369 0.0000000000
63789  45.225  -38.211  5.664 0.0000000000
63790  44.973  -38.295  5.289 0.0000000000
63791  44.789  -38.708  5.453 0.0000000000
63792  44.511  -40.434  4.830 0.0000000000
63793  44.424  -39.963  4.700 0.0000000000
63794  44.491  -40.558  4.324 0.0000000000
63795  44.500  -40.688  3.812 0.0000000000
63796  44.721  -41.140  3.940 0.0000000000
63797  45.219  -42.056  5.382 0.0000000000
63798  44.992  -41.697  5.259 0.0000000000
63799  45.352  -42.153  4.936 0.0000000000
63800  46.232  -42.688  3.677 0.0000000000
63801  45.682  -42.335  3.978 0.0000000000
63802  45.864  -42.369  3.466 0.0000000000
63803  45.491  -42.016  3.249 0.0000000000
63804  46.073  -42.418  2.949 0.0000000000
63805  46.311  -42.470  2.420 0.0000000000
63806  46.705  -42.743  2.660 0.0000000000
63807  48.581  -43.364  2.632 0.0000000000
63808  48.154  -43.167  2.286 0.0000000000
63809  48.931  -43.345  2.146 0.0000000000
63810  49.276  -43.337  1.659 0.0000000000
63811  49.766  -43.506  2.009 0.0000000000
68939  43.972  -47.815  14.205 0.0000000000
68940  44.183  -48.183  13.577 0.0000000000
68941  43.994  -48.292  14.078 0.0000000000
69340  43.851  -47.536  15.150 0.0000000000
69342  43.947  -47.431  14.657 0.0000000000
69343  44.060  -47.307  14.179 0.0000000000
69518  60.680  -36.671  8.509 0.0000000000
69520  58.483  -37.226  8.266 0.0000000000
69521  59.034  -36.966  8.039 0.0000000000
69522  58.367  -36.941  7.708 0.0000000000
69523  58.260  -36.573  7.198 0.0000000000
69524  57.705  -36.882  7.408 0.0000000000
69525  57.065  -36.826  7.219 0.0000000000
69526  57.171  -37.143  7.696 0.0000000000
69528  56.150  -37.585  8.385 0.0000000000
69530  55.062  -37.762  8.565 0.0000000000
69540  53.224  -38.384  10.124 0.0000000000
70156  55.067  -52.167  7.713 0.0000000000
70157  55.157  -51.699  7.367 0.0000000000
70158  55.578  -52.212  7.541 0.0000000000
70160  56.602  -52.255  7.162 0.0000000000
70161  57.071  -52.250  6.879 0.0000000000
70162  57.095  -51.695  6.418 0.0000000000
70163  57.447  -52.216  6.555 0.0000000000
70171  58.446  -52.156  5.759 0.0000000000
70172  58.508  -51.541  5.409 0.0000000000
70173  58.808  -52.152  5.513 0.0000000000
70175  59.456  -52.172  5.002 0.0000000000
71867  44.552  -38.524  4.333 0.0000000000
71868  44.669  -38.060  4.208 0.0000000000
71869  44.388  -38.645  3.830 0.0000000000
71870  44.197  -39.462  2.365 0.0000000000
71875  45.616  -41.540  0.697 0.0000000000
71876  45.038  -41.095  1.021 0.0000000000
71877  45.260  -41.132  0.505 0.0000000000
71897  49.713  -42.006  -2.401 0.0000000000
71898  49.272  -41.622  -2.670 0.0000000000
71899  50.145  -41.838  -2.750 0.0000000000
87299  45.896  -44.495  8.459 0.0000000000
87300  46.349  -44.667  7.950 0.0000000000
87301  46.298  -44.922  8.273 0.0000000000
87302  47.126  -45.994  8.254 0.0000000000
87303  47.193  -45.704  7.950 0.0000000000
87304  47.690  -46.050  7.756 0.0000000000
87305  48.297  -46.131  7.306 0.0000000000
87306  48.202  -46.422  7.608 0.0000000000
87307  46.704  -47.327  9.592 0.0000000000
87308  46.851  -46.998  9.258 0.0000000000
87309  47.251  -47.428  9.100 0.0000000000
87310  48.886  -48.006  8.177 0.0000000000
87311  48.460  -47.599  8.210 0.0000000000
87312  49.082  -47.657  7.835 0.0000000000
87313  49.222  -47.316  7.465 0.0000000000
87314  49.697  -47.737  7.459 0.0000000000
87315  50.269  -47.827  7.079 0.0000000000
87316  50.103  -48.134  7.444 0.0000000000
87317  50.702  -49.519  7.736 0.0000000000
87318  50.945  -49.152  7.406 0.0000000000
87319  51.356  -49.703  7.519 0.0000000000
87320  52.013  -49.829  7.337 0.0000000000
87321  51.775  -50.159  7.641 0.0000000000
87322  44.939  -48.826  12.492 0.0000000000
87323  45.162  -48.664  12.079 0.0000000000
87324  45.438  -49.109  11.954 0.0000000000
87325  46.766  -49.974  10.971 0.0000000000
87326  46.474  -49.589  10.981 0.0000000000
87327  47.018  -49.791  10.551 0.0000000000
87328  47.274  -49.598  10.145 0.0000000000
87329  47.609  -49.971  10.144 0.0000000000
87330  48.230  -51.495  11.150 0.0000000000
87331  47.839  -51.110  11.060 0.0000000000
87332  48.478  -51.319  10.676 0.0000000000
87333  49.631  -51.137  9.476 0.0000000000
87334  49.036  -50.958  9.799 0.0000000000
87335  49.299  -50.757  9.413 0.0000000000
87336  48.938  -50.387  9.381 0.0000000000
87337  49.615  -50.573  9.033 0.0000000000
87338  49.870  -50.358  8.731 0.0000000000
87339  50.255  -50.768  8.797 0.0000000000
87340  51.979  -51.510  8.392 0.0000000000
87341  51.605  -51.099  8.329 0.0000000000
87342  52.262  -51.251  8.127 0.0000000000
87343  52.566  -50.982  7.872 0.0000000000
87344  52.931  -51.422  7.972 0.0000000000
87345  53.604  -51.657  7.920 0.0000000000
87346  53.301  -51.884  8.084 0.0000000000
87347  53.723  -53.170  8.729 0.0000000000
87348  54.030  -52.929  8.402 0.0000000000
87349  54.380  -53.406  8.686 0.0000000000
87352  52.555  -54.089  10.261 0.0000000000
87353  52.808  -53.872  9.817 0.0000000000
87354  53.124  -54.387  10.077 0.0000000000
88468  50.084  -40.450  12.710 0.0000000000
88478  45.404  -44.307  15.079 0.0000000000
88479  45.821  -44.051  15.349 0.0000000000
88480  45.726  -43.889  15.001 0.0000000000
88481  46.438  -42.941  14.453 0.0000000000
88482  46.504  -43.156  14.772 0.0000000000
88488  46.996  -41.896  13.213 0.0000000000
88489  47.532  -41.761  13.354 0.0000000000
88490  47.545  -41.407  12.928 0.0000000000
88491  48.152  -40.990  12.716 0.0000000000
88492  47.637  -41.024  12.580 0.0000000000
88493  47.718  -40.637  12.241 0.0000000000
88494  47.138  -41.121  12.453 0.0000000000
88495  45.767  -41.924  12.184 0.0000000000
88496  46.196  -41.388  12.062 0.0000000000
88497  45.814  -41.599  11.822 0.0000000000
88498  45.840  -41.310  11.507 0.0000000000
88499  45.448  -41.880  11.538 0.0000000000
88500  44.723  -44.258  12.307 0.0000000000
88501  44.868  -43.676  12.337 0.0000000000
88502  44.787  -44.012  11.944 0.0000000000
88503  44.896  -43.756  10.792 0.0000000000
88504  44.867  -43.396  11.230 0.0000000000
88505  44.906  -43.108  10.834 0.0000000000
88506  45.004  -42.491  10.833 0.0000000000
88507  44.914  -42.830  10.464 0.0000000000
88508  44.921  -42.525  10.129 0.0000000000
88509  44.920  -43.177  10.108 0.0000000000
88510  45.475  -44.457  9.199 0.0000000000
88511  45.223  -43.881  9.285 0.0000000000
88512  45.523  -44.209  8.872 0.0000000000
88513  45.556  -43.954  8.554 0.0000000000
89005  66.196  -31.635  6.629 0.0000000000
89011  64.713  -35.443  10.829 0.0000000000
89012  64.434  -35.550  10.330 0.0000000000
89013  64.136  -34.970  8.837 0.0000000000
89014  64.556  -34.956  9.323 0.0000000000
89015  64.616  -34.634  8.806 0.0000000000
89016  65.092  -34.243  8.784 0.0000000000
89017  64.704  -34.276  8.243 0.0000000000
89018  62.330  -35.311  7.012 0.0000000000
89019  62.844  -35.319  7.326 0.0000000000
89020  62.842  -35.011  6.894 0.0000000000
89021  63.908  -33.953  6.261 0.0000000000
89022  63.916  -34.294  6.733 0.0000000000
89023  64.456  -33.847  6.654 0.0000000000
89024  64.896  -33.680  7.218 0.0000000000
89025  64.992  -33.376  6.652 0.0000000000
89026  65.354  -32.985  6.671 0.0000000000
89027  64.979  -33.140  6.085 0.0000000000
89029  64.916  -32.459  5.072 0.0000000000
89040  59.739  -32.967  4.586 0.0000000000
89041  60.343  -32.666  4.330 0.0000000000
89042  59.526  -32.652  4.225 0.0000000000
89062  54.090  -34.113  4.885 0.0000000000
89063  53.824  -33.881  4.539 0.0000000000
89064  53.282  -34.213  4.816 0.0000000000
89065  51.211  -34.599  4.919 0.0000000000
89066  51.776  -34.337  4.681 0.0000000000
89067  50.957  -34.432  4.585 0.0000000000
89069  50.139  -34.545  4.503 0.0000000000
89070  49.359  -34.712  4.394 0.0000000000
89071  49.642  -34.824  4.740 0.0000000000
89072  49.012  -35.647  5.578 0.0000000000
89073  48.731  -35.416  5.251 0.0000000000
89074  48.266  -35.804  5.483 0.0000000000
89075  47.574  -35.979  5.339 0.0000000000
89076  47.852  -36.193  5.699 0.0000000000
89077  55.766  -36.784  6.986 0.0000000000
89078  55.636  -36.481  6.670 0.0000000000
89079  55.101  -36.759  6.913 0.0000000000
89080  53.190  -37.048  7.067 0.0000000000
89081  53.707  -36.733  6.815 0.0000000000
89082  52.956  -36.726  6.785 0.0000000000
89083  52.723  -36.400  6.553 0.0000000000
89084  52.234  -36.722  6.791 0.0000000000
89085  51.397  -37.959  8.513 0.0000000000
89086  51.833  -37.813  8.123 0.0000000000
89087  51.140  -37.838  8.111 0.0000000000
89088  49.939  -37.388  7.363 0.0000000000
89089  50.627  -37.353  7.348 0.0000000000
89090  50.357  -37.049  7.018 0.0000000000
89091  50.800  -36.732  6.772 0.0000000000
89092  50.088  -36.766  6.720 0.0000000000
89093  49.849  -36.470  6.440 0.0000000000
89094  49.372  -36.840  6.693 0.0000000000
89095  47.602  -37.392  6.869 0.0000000000
89096  48.002  -37.052  6.581 0.0000000000
89097  47.346  -37.179  6.467 0.0000000000
89098  47.045  -36.957  6.087 0.0000000000
89099  46.724  -37.367  6.326 0.0000000000
89100  46.154  -37.590  6.148 0.0000000000
89101  46.420  -37.734  6.589 0.0000000000
89102  46.101  -38.580  7.592 0.0000000000
89103  45.869  -38.498  7.083 0.0000000000
89104  45.620  -38.853  7.330 0.0000000000
89105  45.269  -39.178  7.024 0.0000000000
89106  45.434  -39.240  7.548 0.0000000000
89107  47.026  -38.934  9.409 0.0000000000
89108  46.745  -38.847  8.971 0.0000000000
89109  46.424  -39.186  9.255 0.0000000000
89110  45.328  -40.129  8.997 0.0000000000
89111  45.494  -39.734  8.783 0.0000000000
89112  45.183  -40.093  8.506 0.0000000000
89113  45.052  -40.079  8.000 0.0000000000
89114  44.930  -40.481  8.195 0.0000000000
89115  44.829  -40.916  7.755 0.0000000000
89116  44.883  -40.936  8.283 0.0000000000
89117  44.956  -41.953  8.973 0.0000000000
89118  44.917  -41.854  8.467 0.0000000000
89119  45.003  -42.355  8.550 0.0000000000
89120  45.116  -42.727  8.147 0.0000000000
89121  45.078  -42.821  8.644 0.0000000000
90946  47.251  -44.947  7.058 0.0000000000
90947  47.025  -44.575  6.842 0.0000000000
90948  47.544  -44.921  6.703 0.0000000000
90949  48.787  -45.256  5.840 0.0000000000
90950  48.204  -44.866  5.941 0.0000000000
90951  48.581  -44.838  5.581 0.0000000000
90952  48.326  -44.418  5.302 0.0000000000
90953  48.955  -44.763  5.271 0.0000000000
90954  51.061  -46.915  5.394 0.0000000000
90955  50.550  -46.476  5.468 0.0000000000
90956  50.931  -46.463  5.161 0.0000000000
90957  50.999  -45.492  4.442 0.0000000000
90958  50.590  -45.538  4.747 0.0000000000
90959  50.347  -45.049  4.509 0.0000000000
90960  49.705  -44.650  4.564 0.0000000000
90961  50.026  -44.581  4.202 0.0000000000
90962  49.721  -44.197  3.851 0.0000000000
90963  50.398  -44.520  3.856 0.0000000000
90964  51.955  -44.617  3.192 0.0000000000
90965  51.214  -44.294  3.153 0.0000000000
90966  51.561  -44.142  2.782 0.0000000000
90967  51.148  -43.819  2.201 0.0000000000
90968  51.945  -44.016  2.347 0.0000000000
90969  55.318  -50.626  6.597 0.0000000000
90970  54.816  -50.170  6.392 0.0000000000
90971  55.259  -50.119  6.139 0.0000000000
90972  55.464  -49.147  4.859 0.0000000000
90973  55.050  -49.167  5.123 0.0000000000
90974  54.928  -48.656  4.610 0.0000000000
90975  54.361  -48.205  4.374 0.0000000000
90976  54.802  -48.124  4.125 0.0000000000
90977  57.146  -49.197  3.843 0.0000000000
90978  56.705  -49.203  4.094 0.0000000000
90979  56.585  -48.567  3.556 0.0000000000
90980  55.427  -46.735  2.900 0.0000000000
90981  55.528  -47.382  3.204 0.0000000000
90982  55.000  -46.819  3.102 0.0000000000
90983  54.569  -46.925  3.330 0.0000000000
90984  54.476  -46.284  3.066 0.0000000000
90985  53.913  -45.807  3.102 0.0000000000
90986  54.362  -45.700  2.822 0.0000000000
90987  54.326  -44.526  1.946 0.0000000000
90988  53.915  -44.523  2.295 0.0000000000
90989  53.544  -44.088  1.776 0.0000000000
90990  52.730  -43.825  1.534 0.0000000000
90991  53.159  -43.864  1.110 0.0000000000
90992  52.796  -43.717  0.476 0.0000000000
90993  53.573  -43.939  0.696 0.0000000000
90994  55.247  -44.478  0.072 0.0000000000
90995  54.460  -44.187  -0.102 0.0000000000
90996  54.885  -44.211  -0.533 0.0000000000
92247  45.203  -42.564  7.155 0.0000000000
92248  45.316  -42.650  6.674 0.0000000000
92249  45.590  -43.061  6.784 0.0000000000
92250  46.070  -43.461  6.492 0.0000000000
92251  46.574  -43.818  6.249 0.0000000000
93858  47.027  -35.747  4.627 0.0000000000
93860  46.283  -36.156  4.499 0.0000000000
93861  45.602  -36.595  4.304 0.0000000000
93863  48.323  -42.980  0.964 0.0000000000
93864  47.860  -42.782  0.650 0.0000000000
93865  48.678  -42.967  0.477 0.0000000000
93866  49.047  -42.927  -0.015 0.0000000000
93867  49.431  -42.873  -0.509 0.0000000000
93868  49.836  -42.802  -0.968 0.0000000000
93869  50.272  -43.053  -0.617 0.0000000000
93870  51.128  -43.200  -0.692 0.0000000000
93871  52.064  -43.348  -0.707 0.0000000000
96947  45.061  -47.232  11.833 0.0000000000
96948  45.413  -47.531  11.234 0.0000000000
96949  45.222  -47.696  11.607 0.0000000000
96950  45.447  -48.118  11.421 0.0000000000
96951  45.705  -48.501  11.242 0.0000000000
96953  48.632  -52.683  12.456 0.0000000000
96954  49.084  -53.075  12.607 0.0000000000
96955  49.745  -53.310  12.305 0.0000000000
96956  50.385  -53.565  12.025 0.0000000000
96957  51.048  -53.865  11.678 0.0000000000
96958  50.814  -53.992  12.170 0.0000000000
96959  51.202  -54.476  12.368 0.0000000000
96960  51.550  -54.991  12.573 0.0000000000
97182  44.268  -46.356  14.311 0.0000000000
97183  44.430  -45.921  14.443 0.0000000000
97184  44.372  -46.295  13.941 0.0000000000
97185  44.441  -46.256  13.540 0.0000000000
97186  44.562  -46.049  13.203 0.0000000000
97187  44.591  -45.867  12.878 0.0000000000
97188  44.694  -46.418  12.722 0.0000000000
97189  44.818  -46.836  12.282 0.0000000000
97290  59.291  -35.925  6.836 0.0000000000
97291  59.906  -35.666  6.734 0.0000000000
97292  59.197  -35.540  6.504 0.0000000000
97293  59.092  -35.146  6.158 0.0000000000
97294  58.994  -34.761  5.866 0.0000000000
97295  58.867  -34.388  5.619 0.0000000000
97296  58.334  -34.730  5.748 0.0000000000
97297  57.617  -34.766  5.673 0.0000000000
97298  56.873  -34.777  5.607 0.0000000000
97299  56.144  -34.742  5.542 0.0000000000
97300  56.332  -35.135  5.784 0.0000000000
97301  55.790  -35.453  5.975 0.0000000000
97302  55.285  -35.776  6.150 0.0000000000
97303  51.054  -38.761  10.790 0.0000000000
97304  50.848  -38.585  10.314 0.0000000000
97305  50.387  -38.818  10.725 0.0000000000
97306  49.752  -38.873  10.668 0.0000000000
97307  49.162  -38.926  10.582 0.0000000000
97308  48.611  -38.977  10.481 0.0000000000
97309  48.751  -39.212  10.906 0.0000000000
97310  48.288  -39.581  11.248 0.0000000000
97311  47.854  -39.970  11.527 0.0000000000
97678  52.444  -49.171  6.609 0.0000000000
97679  52.353  -48.728  6.213 0.0000000000
97680  52.909  -49.207  6.346 0.0000000000
97681  53.309  -49.215  6.117 0.0000000000
97682  53.714  -49.199  5.864 0.0000000000
97684  59.090  -50.189  3.886 0.0000000000
98178  44.892  -39.085  5.995 0.0000000000
98179  44.699  -39.233  5.543 0.0000000000
98180  44.658  -39.686  5.676 0.0000000000
98181  44.556  -40.332  5.340 0.0000000000
98182  44.637  -40.902  5.006 0.0000000000
98183  46.151  -42.900  4.827 0.0000000000
98184  45.824  -42.554  4.661 0.0000000000
98185  46.371  -42.945  4.381 0.0000000000
98186  46.594  -42.973  3.920 0.0000000000
98187  46.832  -42.990  3.446 0.0000000000
98188  47.112  -42.954  2.938 0.0000000000
98189  47.507  -43.206  3.218 0.0000000000
98190  48.222  -43.416  3.073 0.0000000000
98191  49.024  -43.577  2.950 0.0000000000
101267  43.709  -48.032  15.234 0.0000000000
101268  43.837  -48.395  14.603 0.0000000000
101617  58.617  -37.478  8.859 0.0000000000
101618  57.983  -37.458  8.547 0.0000000000
101619  57.326  -37.408  8.266 0.0000000000
101620  57.475  -37.652  8.864 0.0000000000
102008  59.029  -52.863  5.592 0.0000000000
102009  59.157  -53.561  5.601 0.0000000000
103025  44.280  -39.734  3.535 0.0000000000
103026  44.245  -39.231  3.450 0.0000000000
103027  44.257  -39.843  3.014 0.0000000000
103028  44.285  -39.978  2.492 0.0000000000
103029  44.320  -40.039  1.922 0.0000000000
103030  46.190  -41.501  -0.385 0.0000000000
103031  45.514  -41.133  0.002 0.0000000000
103032  45.807  -41.067  -0.550 0.0000000000
103033  45.482  -40.607  -0.678 0.0000000000
112283  45.801  -45.022  9.119 0.0000000000
112284  46.242  -45.201  8.602 0.0000000000
112285  46.199  -45.480  8.929 0.0000000000
112286  46.596  -45.913  8.763 0.0000000000
112287  47.062  -46.327  8.566 0.0000000000
112288  47.490  -48.147  9.298 0.0000000000
112289  47.691  -47.895  8.935 0.0000000000
112290  48.096  -48.306  8.885 0.0000000000
112291  48.671  -48.355  8.508 0.0000000000
112292  49.287  -48.436  8.141 0.0000000000
112293  49.898  -48.487  7.764 0.0000000000
112294  49.656  -48.865  8.085 0.0000000000
112295  50.004  -49.377  8.041 0.0000000000
112296  50.446  -49.824  8.046 0.0000000000
112297  45.439  -49.649  12.340 0.0000000000
112298  45.690  -49.498  11.886 0.0000000000
112299  45.973  -49.888  11.863 0.0000000000
112300  46.533  -50.135  11.395 0.0000000000
112301  47.093  -50.345  10.961 0.0000000000
112302  49.536  -52.007  10.421 0.0000000000
112303  49.125  -51.577  10.319 0.0000000000
112304  49.778  -51.798  9.976 0.0000000000
112305  49.991  -51.564  9.509 0.0000000000
112306  50.313  -51.336  9.163 0.0000000000
112307  50.632  -51.143  8.843 0.0000000000
112308  51.023  -51.531  8.888 0.0000000000
112309  51.709  -51.744  8.659 0.0000000000
112310  52.350  -51.925  8.461 0.0000000000
112311  52.996  -52.114  8.301 0.0000000000
112312  52.698  -52.381  8.577 0.0000000000
112313  53.036  -52.896  8.771 0.0000000000
112314  53.435  -53.404  9.042 0.0000000000
112991  45.291  -43.954  14.394 0.0000000000
112992  45.656  -43.696  14.661 0.0000000000
112993  45.628  -43.499  14.318 0.0000000000
112994  46.021  -43.085  14.241 0.0000000000
112998  46.451  -42.255  13.391 0.0000000000
112999  46.512  -41.959  13.000 0.0000000000
113000  46.578  -41.598  12.657 0.0000000000
113001  46.069  -42.088  12.758 0.0000000000
113002  45.712  -42.269  12.537 0.0000000000
113003  45.377  -42.523  12.266 0.0000000000
113004  44.835  -45.014  11.495 0.0000000000
113005  44.798  -44.382  11.534 0.0000000000
113006  44.837  -44.758  11.096 0.0000000000
113007  44.940  -44.418  10.727 0.0000000000
113008  44.970  -44.069  10.381 0.0000000000
113009  44.984  -43.785  10.043 0.0000000000
113010  45.152  -44.415  9.935 0.0000000000
113011  45.430  -44.737  9.501 0.0000000000
113309  65.997  -32.057  6.671 0.0000000000
113311  64.065  -35.615  9.819 0.0000000000
113312  63.634  -35.633  9.354 0.0000000000
113313  63.716  -35.329  8.839 0.0000000000
113314  63.753  -35.050  8.292 0.0000000000
113315  62.235  -34.568  6.185 0.0000000000
113316  62.832  -34.658  6.483 0.0000000000
113317  62.807  -34.251  6.066 0.0000000000
113318  63.354  -33.913  5.928 0.0000000000
113319  63.890  -33.580  5.786 0.0000000000
113320  64.468  -33.208  5.644 0.0000000000
113321  63.892  -33.150  5.313 0.0000000000
113328  58.160  -33.006  4.337 0.0000000000
113341  53.082  -34.715  5.428 0.0000000000
113342  52.829  -34.468  5.113 0.0000000000
113343  52.289  -34.760  5.348 0.0000000000
113344  51.458  -34.800  5.246 0.0000000000
113345  50.679  -34.883  5.173 0.0000000000
113346  49.918  -34.949  5.084 0.0000000000
113347  50.194  -35.201  5.431 0.0000000000
113348  49.732  -35.530  5.649 0.0000000000
113349  49.311  -35.894  5.902 0.0000000000
113350  54.792  -37.315  7.561 0.0000000000
113351  54.635  -37.046  7.168 0.0000000000
113352  54.146  -37.336  7.453 0.0000000000
113353  53.408  -37.346  7.389 0.0000000000
113354  52.712  -37.335  7.351 0.0000000000
113355  50.055  -37.990  8.463 0.0000000000
113356  50.470  -37.830  8.087 0.0000000000
113357  49.797  -37.848  8.101 0.0000000000
113358  49.542  -37.652  7.720 0.0000000000
113359  49.245  -37.430  7.359 0.0000000000
113360  48.965  -37.184  7.000 0.0000000000
113361  48.543  -37.501  7.341 0.0000000000
113362  47.868  -37.596  7.272 0.0000000000
113363  47.260  -37.715  7.163 0.0000000000
113364  46.688  -37.878  7.039 0.0000000000
113365  46.933  -38.046  7.475 0.0000000000
113366  46.616  -38.368  7.798 0.0000000000
113367  46.329  -38.663  8.082 0.0000000000
113368  46.344  -39.645  9.966 0.0000000000
113369  46.111  -39.538  9.503 0.0000000000
113370  45.896  -39.900  9.740 0.0000000000
113371  45.506  -40.208  9.472 0.0000000000
113372  45.187  -40.584  9.140 0.0000000000
113373  44.959  -40.964  8.806 0.0000000000
113374  45.075  -41.063  9.254 0.0000000000
113375  44.988  -41.542  9.371 0.0000000000
113376  44.939  -42.040  9.491 0.0000000000
114472  48.336  -45.634  6.794 0.0000000000
114473  48.094  -45.283  6.567 0.0000000000
114474  48.676  -45.648  6.445 0.0000000000
114475  49.030  -45.662  6.090 0.0000000000
114476  49.392  -45.669  5.758 0.0000000000
114477  51.811  -46.875  4.772 0.0000000000
114478  51.306  -46.442  4.814 0.0000000000
114479  51.717  -46.400  4.531 0.0000000000
114480  51.654  -45.920  4.336 0.0000000000
114481  51.389  -45.396  4.145 0.0000000000
114482  51.081  -44.877  3.849 0.0000000000
114483  51.776  -45.265  3.842 0.0000000000
114484  52.208  -45.136  3.521 0.0000000000
114485  52.690  -45.016  3.184 0.0000000000
114486  56.201  -50.667  6.092 0.0000000000
114487  55.702  -50.092  5.868 0.0000000000
114488  56.140  -50.113  5.596 0.0000000000
114489  56.002  -49.652  5.110 0.0000000000
114490  55.889  -49.156  4.592 0.0000000000
114491  57.018  -47.985  2.965 0.0000000000
114492  56.511  -47.997  3.189 0.0000000000
114493  56.448  -47.313  2.803 0.0000000000
114494  55.854  -46.723  2.698 0.0000000000
114495  55.301  -46.202  2.639 0.0000000000
114496  54.799  -45.643  2.562 0.0000000000
114497  55.222  -45.619  2.319 0.0000000000
114498  55.036  -45.085  2.055 0.0000000000
114499  54.734  -44.591  1.552 0.0000000000
114500  54.363  -44.247  0.929 0.0000000000
114501  55.140  -44.632  1.147 0.0000000000
114502  55.567  -44.696  0.715 0.0000000000
114503  55.974  -44.739  0.310 0.0000000000
115401  44.774  -40.806  6.678 0.0000000000
115402  44.772  -40.958  6.181 0.0000000000
115403  44.852  -41.363  6.331 0.0000000000
115404  45.080  -41.922  5.921 0.0000000000
115405  45.457  -42.397  5.591 0.0000000000
115406  45.512  -42.713  6.193 0.0000000000
115407  45.713  -42.763  5.734 0.0000000000
115408  45.926  -42.820  5.278 0.0000000000
115409  46.502  -43.225  4.990 0.0000000000
115410  47.082  -43.550  4.759 0.0000000000
115411  47.750  -43.792  4.597 0.0000000000
119171  45.558  -41.822  1.985 0.0000000000
119172  45.192  -41.448  1.780 0.0000000000
119173  45.767  -41.859  1.422 0.0000000000
119174  46.005  -41.897  0.857 0.0000000000
119175  46.280  -41.887  0.337 0.0000000000
119176  47.449  -42.522  0.353 0.0000000000
119177  47.021  -42.205  0.072 0.0000000000
119178  46.598  -41.873  -0.181 0.0000000000
119179  46.945  -41.844  -0.691 0.0000000000
119180  47.281  -41.757  -1.171 0.0000000000
119181  47.659  -41.664  -1.627 0.0000000000
119182  48.053  -41.539  -2.078 0.0000000000
119183  48.460  -41.903  -1.828 0.0000000000
119184  49.316  -42.141  -2.004 0.0000000000
119185  50.185  -42.356  -2.089 0.0000000000
119186  50.240  -42.720  -1.398 0.0000000000
119187  50.620  -42.646  -1.801 0.0000000000
126371  45.601  -46.285  10.471 0.0000000000
126372  46.011  -46.429  9.935 0.0000000000
126373  45.881  -46.721  10.281 0.0000000000
126374  46.188  -47.165  10.072 0.0000000000
126375  46.551  -47.618  9.882 0.0000000000
126376  45.828  -47.748  10.763 0.0000000000
126377  46.359  -47.927  10.213 0.0000000000
126378  46.922  -48.049  9.725 0.0000000000
126379  47.270  -48.456  9.608 0.0000000000
126380  47.551  -48.837  9.533 0.0000000000
126381  47.833  -49.231  9.457 0.0000000000
126383  46.990  -51.101  11.934 0.0000000000
126385  48.009  -51.716  11.658 0.0000000000
126386  48.648  -51.953  11.264 0.0000000000
126387  48.847  -52.534  11.964 0.0000000000
126388  49.074  -52.381  11.440 0.0000000000
126389  49.297  -52.198  10.899 0.0000000000
126390  49.966  -52.436  10.594 0.0000000000
126391  50.625  -52.646  10.242 0.0000000000
126392  51.277  -52.885  9.971 0.0000000000
126393  51.902  -53.154  9.735 0.0000000000
126394  51.700  -53.355  10.219 0.0000000000
126395  51.993  -53.814  10.466 0.0000000000
126396  52.333  -54.303  10.675 0.0000000000
126397  51.603  -54.191  11.401 0.0000000000
126398  52.140  -54.502  11.123 0.0000000000
126918  45.226  -45.120  15.866 0.0000000000
126919  45.522  -44.667  15.788 0.0000000000
126920  45.136  -44.923  15.505 0.0000000000
126921  45.103  -44.752  15.136 0.0000000000
126922  45.069  -44.597  14.781 0.0000000000
126923  44.624  -45.387  14.394 0.0000000000
126924  44.809  -44.929  14.448 0.0000000000
126925  45.023  -44.443  14.452 0.0000000000
126926  44.989  -44.247  14.111 0.0000000000
126927  44.993  -44.038  13.762 0.0000000000
126928  44.992  -43.812  13.414 0.0000000000
126929  44.999  -43.595  13.061 0.0000000000
126930  44.784  -44.122  13.051 0.0000000000
126931  44.649  -44.486  12.659 0.0000000000
126932  44.683  -44.874  12.272 0.0000000000
126933  44.661  -45.673  12.535 0.0000000000
126934  44.733  -45.489  12.197 0.0000000000
126935  44.781  -45.247  11.889 0.0000000000
126936  44.966  -45.635  11.405 0.0000000000
126937  45.208  -45.980  10.918 0.0000000000
127169  65.765  -33.253  8.809 0.0000000000
127170  61.749  -36.180  8.128 0.0000000000
127171  62.272  -35.906  7.954 0.0000000000
127172  61.801  -35.960  7.606 0.0000000000
127173  61.798  -35.616  7.142 0.0000000000
127174  61.719  -35.224  6.729 0.0000000000
127175  60.485  -35.368  6.605 0.0000000000
127176  61.042  -35.067  6.455 0.0000000000
127177  61.594  -34.796  6.292 0.0000000000
127178  61.506  -34.349  5.938 0.0000000000
127179  61.439  -33.867  5.567 0.0000000000
127180  61.309  -33.397  5.196 0.0000000000
127181  61.253  -33.002  4.851 0.0000000000
127182  60.637  -33.315  5.063 0.0000000000
127183  59.916  -33.300  4.942 0.0000000000
127184  59.175  -33.290  4.836 0.0000000000
127185  58.735  -34.021  5.333 0.0000000000
127186  58.532  -33.637  5.058 0.0000000000
127187  58.376  -33.303  4.696 0.0000000000
127188  57.598  -33.318  4.561 0.0000000000
127189  56.784  -33.359  4.450 0.0000000000
127190  55.973  -33.417  4.403 0.0000000000
127191  55.158  -33.485  4.349 0.0000000000
127192  55.443  -33.718  4.696 0.0000000000
127193  54.917  -34.036  4.965 0.0000000000
127194  54.392  -34.346  5.218 0.0000000000
127195  55.379  -34.725  5.562 0.0000000000
127196  54.609  -34.694  5.517 0.0000000000
127197  53.871  -34.669  5.489 0.0000000000
127198  53.309  -35.007  5.689 0.0000000000
127199  52.776  -35.354  5.903 0.0000000000
127200  52.263  -35.698  6.116 0.0000000000
127201  52.932  -38.085  9.109 0.0000000000
127202  52.716  -37.937  8.604 0.0000000000
127203  52.283  -38.067  9.021 0.0000000000
127204  51.648  -38.069  8.952 0.0000000000
127205  50.977  -38.091  8.911 0.0000000000
127206  50.693  -38.385  9.833 0.0000000000
127207  50.527  -38.226  9.342 0.0000000000
127208  50.337  -38.125  8.875 0.0000000000
127209  49.653  -38.165  8.861 0.0000000000
127210  49.011  -38.209  8.846 0.0000000000
127211  48.366  -38.260  8.775 0.0000000000
127212  47.707  -38.399  8.741 0.0000000000
127213  48.018  -38.499  9.163 0.0000000000
127214  47.654  -38.758  9.511 0.0000000000
127215  47.257  -39.052  9.843 0.0000000000
127216  48.013  -39.032  10.401 0.0000000000
127217  47.424  -39.211  10.291 0.0000000000
127218  46.850  -39.399  10.174 0.0000000000
127219  46.486  -39.797  10.426 0.0000000000
127220  46.169  -40.228  10.626 0.0000000000
127221  45.872  -40.681  10.796 0.0000000000
128074  50.492  -47.288  6.358 0.0000000000
128075  50.350  -46.902  6.058 0.0000000000
128076  50.845  -47.314  6.016 0.0000000000
128077  51.170  -47.341  5.687 0.0000000000
128078  51.539  -47.362  5.371 0.0000000000
128079  52.211  -48.267  5.816 0.0000000000
128080  52.050  -47.824  5.409 0.0000000000
128081  51.923  -47.350  5.064 0.0000000000
128082  52.335  -47.312  4.763 0.0000000000
128083  52.778  -47.224  4.477 0.0000000000
128084  53.206  -47.172  4.177 0.0000000000
128085  57.709  -50.562  5.063 0.0000000000
128086  57.290  -50.157  4.836 0.0000000000
128087  57.727  -50.205  4.656 0.0000000000
128088  57.667  -49.757  4.134 0.0000000000
128089  57.636  -49.160  3.580 0.0000000000
128090  58.606  -49.695  3.573 0.0000000000
128091  58.115  -49.130  3.276 0.0000000000
128092  57.567  -48.582  3.056 0.0000000000
128093  57.493  -47.908  2.676 0.0000000000
128094  57.428  -47.251  2.259 0.0000000000
128095  57.313  -46.612  1.962 0.0000000000
128096  57.154  -45.986  1.644 0.0000000000
129183  45.690  -37.339  5.330 0.0000000000
129184  45.365  -37.429  4.933 0.0000000000
129185  45.157  -37.863  5.104 0.0000000000
129186  44.740  -38.407  4.824 0.0000000000
129187  44.459  -38.990  4.458 0.0000000000
129188  44.535  -39.360  5.074 0.0000000000
129189  44.404  -39.486  4.584 0.0000000000
129190  44.334  -39.625  4.060 0.0000000000
129191  44.363  -40.219  3.665 0.0000000000
129192  44.567  -40.779  3.289 0.0000000000
129193  44.911  -41.284  2.882 0.0000000000
129194  44.772  -41.146  5.693 0.0000000000
129195  44.799  -41.302  5.174 0.0000000000
129196  44.860  -41.434  4.633 0.0000000000
129197  45.509  -42.250  4.467 0.0000000000
129198  45.222  -41.915  4.289 0.0000000000
129199  44.966  -41.546  4.099 0.0000000000
129200  45.064  -41.612  3.577 0.0000000000
129201  45.185  -41.670  3.047 0.0000000000
129202  45.366  -41.774  2.527 0.0000000000
129203  45.940  -42.171  2.185 0.0000000000
129204  46.606  -42.516  1.880 0.0000000000
129205  47.261  -42.754  1.672 0.0000000000
129206  47.407  -42.956  2.443 0.0000000000
129207  47.705  -42.971  1.952 0.0000000000
129208  47.995  -42.973  1.442 0.0000000000
129209  48.791  -43.154  1.313 0.0000000000
129210  49.610  -43.292  1.176 0.0000000000
129211  50.474  -43.447  1.029 0.0000000000
135707  44.340  -47.605  13.308 0.0000000000
135708  44.565  -47.967  12.745 0.0000000000
135709  44.385  -48.061  13.145 0.0000000000
135710  44.501  -48.525  12.986 0.0000000000
135711  44.712  -48.948  12.904 0.0000000000
135713  44.457  -49.063  13.362 0.0000000000
135714  44.944  -49.381  12.851 0.0000000000
135715  45.195  -49.809  12.823 0.0000000000
135716  45.471  -50.224  12.841 0.0000000000
135717  45.844  -50.648  12.830 0.0000000000
136214  44.360  -46.094  15.182 0.0000000000
136217  44.230  -46.457  14.720 0.0000000000
136218  44.169  -46.823  14.200 0.0000000000
136219  44.220  -47.219  13.730 0.0000000000
136439  61.662  -36.301  8.705 0.0000000000
136440  61.233  -36.412  8.339 0.0000000000
136441  60.695  -36.457  7.978 0.0000000000
136442  60.118  -36.473  7.622 0.0000000000
136443  59.659  -36.951  8.394 0.0000000000
136444  59.588  -36.705  7.828 0.0000000000
136445  59.452  -36.335  7.298 0.0000000000
136446  58.774  -36.250  7.033 0.0000000000
136447  58.092  -36.207  6.791 0.0000000000
136448  57.446  -36.166  6.634 0.0000000000
136449  56.819  -36.136  6.511 0.0000000000
136450  56.943  -36.488  6.832 0.0000000000
136451  56.432  -36.796  7.068 0.0000000000
136452  55.908  -37.104  7.347 0.0000000000
136453  56.643  -37.391  8.044 0.0000000000
136454  56.000  -37.370  7.843 0.0000000000
136455  55.403  -37.337  7.682 0.0000000000
136456  54.899  -37.562  8.044 0.0000000000
136457  54.416  -37.769  8.422 0.0000000000
136458  53.925  -37.920  8.743 0.0000000000
136466  54.119  -38.086  9.296 0.0000000000
136467  53.513  -38.071  9.170 0.0000000000
136468  53.081  -38.215  9.604 0.0000000000
136469  52.593  -38.365  10.037 0.0000000000
136470  52.131  -38.555  10.497 0.0000000000
136473  51.666  -38.765  10.898 0.0000000000
136475  50.720  -39.351  11.653 0.0000000000
136476  50.247  -39.711  11.996 0.0000000000
137248  54.267  -51.173  7.350 0.0000000000
137249  54.353  -50.703  6.991 0.0000000000
137250  54.778  -51.204  7.184 0.0000000000
137251  55.263  -51.176  6.979 0.0000000000
137252  55.743  -51.150  6.753 0.0000000000
137253  56.092  -52.247  7.390 0.0000000000
137254  56.163  -51.708  6.935 0.0000000000
137255  56.232  -51.189  6.535 0.0000000000
137256  56.671  -51.186  6.269 0.0000000000
137257  57.062  -51.146  5.978 0.0000000000
137258  57.397  -51.064  5.671 0.0000000000
137265  57.775  -52.179  6.249 0.0000000000
137266  57.785  -51.581  5.829 0.0000000000
137267  57.740  -51.012  5.410 0.0000000000
137268  58.106  -51.003  5.236 0.0000000000
137269  58.492  -51.024  5.092 0.0000000000
137270  58.909  -51.057  4.850 0.0000000000
137271  59.132  -52.166  5.266 0.0000000000
137272  59.184  -51.556  4.964 0.0000000000
137273  59.344  -51.117  4.600 0.0000000000
139358  45.073  -37.511  4.516 0.0000000000
139359  44.824  -37.573  4.107 0.0000000000
139361  44.247  -38.769  3.332 0.0000000000
139367  44.876  -41.043  1.554 0.0000000000
139368  44.582  -40.575  1.468 0.0000000000
139369  44.404  -40.114  1.349 0.0000000000
139370  45.010  -40.716  0.345 0.0000000000
139372  44.269  -39.609  1.227 0.0000000000
139394  48.418  -41.355  -2.523 0.0000000000
158009  45.945  -44.048  7.841 0.0000000000
158010  46.348  -44.174  7.353 0.0000000000
158011  46.354  -44.439  7.659 0.0000000000
158012  46.778  -44.832  7.482 0.0000000000
158013  47.275  -45.172  7.343 0.0000000000
158014  46.712  -45.347  8.118 0.0000000000
158015  47.248  -45.435  7.639 0.0000000000
158016  47.812  -45.493  7.155 0.0000000000
158017  48.346  -45.872  7.021 0.0000000000
158018  48.898  -46.292  6.889 0.0000000000
158019  49.451  -46.683  6.780 0.0000000000
158020  46.468  -46.551  9.416 0.0000000000
158021  46.964  -46.689  8.903 0.0000000000
158022  47.508  -46.718  8.417 0.0000000000
158023  47.844  -47.537  8.618 0.0000000000
158024  47.963  -47.134  8.302 0.0000000000
158025  48.101  -46.773  7.961 0.0000000000
158026  48.744  -46.857  7.515 0.0000000000
158027  49.356  -46.984  7.091 0.0000000000
158028  49.924  -47.110  6.739 0.0000000000
158029  50.376  -47.539  6.706 0.0000000000
158030  50.830  -47.993  6.709 0.0000000000
158031  51.308  -48.448  6.735 0.0000000000
158032  50.453  -48.567  7.398 0.0000000000
158033  51.133  -48.798  7.098 0.0000000000
158034  51.774  -48.978  6.840 0.0000000000
158035  52.256  -49.493  6.983 0.0000000000
158036  52.731  -49.990  7.145 0.0000000000
158037  53.181  -50.464  7.311 0.0000000000
158038  44.962  -48.299  12.198 0.0000000000
158039  45.425  -48.575  11.668 0.0000000000
158040  45.899  -48.865  11.100 0.0000000000
158041  45.942  -49.354  11.446 0.0000000000
158042  46.185  -49.212  11.029 0.0000000000
158043  46.467  -49.081  10.647 0.0000000000
158044  47.011  -49.251  10.197 0.0000000000
158045  47.549  -49.420  9.777 0.0000000000
158046  48.175  -49.626  9.380 0.0000000000
158047  47.203  -50.905  11.438 0.0000000000
158048  47.448  -50.734  10.998 0.0000000000
158049  47.733  -50.550  10.559 0.0000000000
158050  48.755  -51.147  10.231 0.0000000000
158051  48.386  -50.749  10.178 0.0000000000
158052  48.016  -50.362  10.145 0.0000000000
158053  48.282  -50.196  9.763 0.0000000000
158054  48.572  -50.014  9.366 0.0000000000
158055  48.832  -49.779  8.964 0.0000000000
158056  49.464  -49.927  8.667 0.0000000000
158057  50.151  -50.093  8.377 0.0000000000
158058  50.836  -50.277  8.117 0.0000000000
158059  50.941  -50.948  8.546 0.0000000000
158060  51.216  -50.691  8.215 0.0000000000
158061  51.496  -50.420  7.897 0.0000000000
158062  52.200  -50.595  7.773 0.0000000000
158063  52.878  -50.763  7.623 0.0000000000
158064  53.561  -50.985  7.501 0.0000000000
158065  53.945  -51.437  7.670 0.0000000000
158066  54.359  -51.923  7.816 0.0000000000
158067  54.749  -52.428  7.970 0.0000000000
158068  53.674  -52.385  8.215 0.0000000000
158069  54.362  -52.680  8.163 0.0000000000
158074  52.507  -53.420  9.508 0.0000000000
158075  53.105  -53.636  9.400 0.0000000000
158147  51.305  -55.129  13.040 0.0000000000
158148  51.864  -55.481  12.725 0.0000000000
159411  50.791  -40.056  12.469 0.0000000000
159412  50.165  -40.091  12.368 0.0000000000
159413  49.552  -40.114  12.236 0.0000000000
159423  45.893  -44.248  15.700 0.0000000000
159426  46.094  -43.500  14.899 0.0000000000
159436  48.106  -41.680  13.485 0.0000000000
159438  48.761  -40.933  12.821 0.0000000000
159439  48.843  -40.556  12.479 0.0000000000
159440  48.954  -40.180  12.093 0.0000000000
159441  48.363  -40.223  11.991 0.0000000000
159442  47.784  -40.281  11.872 0.0000000000
159443  47.241  -40.419  11.728 0.0000000000
159444  46.648  -41.236  12.271 0.0000000000
159445  46.708  -40.894  11.916 0.0000000000
159446  46.738  -40.567  11.580 0.0000000000
159447  46.266  -40.746  11.387 0.0000000000
159448  45.860  -40.996  11.173 0.0000000000
159449  45.509  -41.278  10.877 0.0000000000
159450  45.039  -43.385  12.719 0.0000000000
159451  45.086  -43.108  12.345 0.0000000000
159452  45.130  -42.781  11.948 0.0000000000
159453  44.848  -43.732  11.570 0.0000000000
159454  44.954  -43.067  11.601 0.0000000000
159455  45.173  -42.468  11.563 0.0000000000
159456  45.180  -42.174  11.204 0.0000000000
159457  45.199  -41.872  10.847 0.0000000000
159458  45.226  -41.582  10.506 0.0000000000
159459  45.022  -41.920  10.160 0.0000000000
159460  44.942  -42.275  9.806 0.0000000000
159461  44.942  -42.667  9.454 0.0000000000
159462  45.013  -43.531  9.711 0.0000000000
159463  45.024  -43.279  9.371 0.0000000000
159464  45.071  -43.039  9.023 0.0000000000
159465  45.298  -43.380  8.621 0.0000000000
159466  45.583  -43.739  8.219 0.0000000000
159467  45.551  -43.516  7.876 0.0000000000
160065  65.116  -34.758  10.398 0.0000000000
160066  64.506  -35.266  9.831 0.0000000000
160067  64.897  -34.887  9.862 0.0000000000
160068  65.249  -34.453  9.884 0.0000000000
160069  65.367  -34.099  9.331 0.0000000000
160070  65.504  -33.717  8.808 0.0000000000
160071  65.572  -33.361  8.293 0.0000000000
160072  62.804  -35.565  7.854 0.0000000000
160073  63.320  -35.185  7.788 0.0000000000
160074  63.802  -34.821  7.722 0.0000000000
160075  63.371  -34.689  6.812 0.0000000000
160076  63.870  -34.637  7.171 0.0000000000
160077  64.312  -34.411  7.705 0.0000000000
160078  64.820  -33.959  7.740 0.0000000000
160079  65.264  -33.529  7.767 0.0000000000
160080  65.589  -33.045  7.722 0.0000000000
160081  65.641  -32.783  7.209 0.0000000000
160082  65.717  -32.513  6.684 0.0000000000
160083  65.710  -32.315  6.059 0.0000000000
160084  64.954  -32.821  5.575 0.0000000000
160085  65.373  -32.419  5.530 0.0000000000
160099  61.117  -32.674  4.470 0.0000000000
160129  52.514  -34.268  4.752 0.0000000000
160135  49.040  -34.635  4.004 0.0000000000
160136  48.579  -34.896  4.286 0.0000000000
160137  48.126  -35.178  4.552 0.0000000000
160138  49.164  -35.107  4.987 0.0000000000
160139  48.438  -35.266  4.911 0.0000000000
160140  47.706  -35.484  4.795 0.0000000000
160141  47.288  -35.837  4.989 0.0000000000
160142  46.895  -36.218  5.170 0.0000000000
160143  46.548  -36.619  5.369 0.0000000000
160144  56.171  -36.164  6.446 0.0000000000
160145  55.496  -36.166  6.396 0.0000000000
160146  54.783  -36.107  6.355 0.0000000000
160147  54.442  -36.730  6.840 0.0000000000
160148  54.251  -36.416  6.606 0.0000000000
160149  54.010  -36.086  6.388 0.0000000000
160150  53.255  -36.069  6.397 0.0000000000
160151  52.484  -36.044  6.343 0.0000000000
160152  51.777  -36.036  6.285 0.0000000000
160153  52.523  -37.786  8.131 0.0000000000
160154  52.305  -37.595  7.681 0.0000000000
160155  52.002  -37.321  7.336 0.0000000000
160156  50.888  -37.638  7.711 0.0000000000
160157  51.279  -37.339  7.342 0.0000000000
160158  51.750  -37.041  7.055 0.0000000000
160159  51.502  -36.730  6.799 0.0000000000
160160  51.269  -36.397  6.531 0.0000000000
160161  51.099  -36.051  6.265 0.0000000000
160162  50.330  -36.106  6.232 0.0000000000
160163  49.551  -36.192  6.180 0.0000000000
160164  48.852  -36.279  6.110 0.0000000000
160165  48.699  -36.938  6.653 0.0000000000
160166  48.412  -36.664  6.320 0.0000000000
160167  48.129  -36.416  6.020 0.0000000000
160168  47.442  -36.569  5.891 0.0000000000
160169  46.802  -36.767  5.735 0.0000000000
160170  46.227  -37.021  5.569 0.0000000000
160171  45.934  -37.410  5.760 0.0000000000
160172  45.642  -37.869  5.912 0.0000000000
160173  45.442  -38.295  6.131 0.0000000000
160174  46.143  -38.113  6.847 0.0000000000
160175  45.667  -38.376  6.641 0.0000000000
160176  45.252  -38.713  6.330 0.0000000000
160177  45.083  -39.116  6.506 0.0000000000
160178  44.974  -39.532  6.710 0.0000000000
160179  44.890  -39.977  6.928 0.0000000000
160180  47.082  -38.544  8.662 0.0000000000
160181  46.541  -38.757  8.537 0.0000000000
160182  46.044  -38.988  8.346 0.0000000000
160183  45.911  -39.446  9.038 0.0000000000
160184  45.760  -39.340  8.584 0.0000000000
160185  45.572  -39.302  8.075 0.0000000000
160186  45.224  -39.664  7.779 0.0000000000
160187  44.933  -40.053  7.482 0.0000000000
160188  44.822  -40.425  7.092 0.0000000000
160189  44.785  -40.867  7.228 0.0000000000
160190  44.797  -41.309  7.336 0.0000000000
160191  44.855  -41.723  7.458 0.0000000000
160192  44.876  -41.385  8.376 0.0000000000
160193  44.862  -41.773  7.957 0.0000000000
160194  45.000  -42.177  7.566 0.0000000000
160195  45.172  -42.634  7.661 0.0000000000
160196  45.326  -43.086  7.757 0.0000000000
162385  46.561  -44.203  6.962 0.0000000000
162386  46.797  -44.186  6.550 0.0000000000
162387  47.065  -44.143  6.134 0.0000000000
162388  47.851  -44.880  6.321 0.0000000000
162389  47.637  -44.484  6.039 0.0000000000
162390  47.393  -44.117  5.757 0.0000000000
162391  47.735  -44.103  5.358 0.0000000000
162392  48.079  -44.089  4.956 0.0000000000
162393  48.420  -44.062  4.550 0.0000000000
162394  50.178  -46.480  5.806 0.0000000000
162395  49.982  -46.060  5.600 0.0000000000
162396  49.755  -45.598  5.430 0.0000000000
162397  50.759  -45.997  4.919 0.0000000000
162398  50.153  -45.547  5.089 0.0000000000
162399  49.585  -45.143  5.209 0.0000000000
162400  49.350  -44.710  4.922 0.0000000000
162401  49.078  -44.332  4.586 0.0000000000
162402  48.730  -44.004  4.169 0.0000000000
162403  49.046  -43.938  3.798 0.0000000000
162404  49.377  -43.865  3.425 0.0000000000
162405  49.700  -43.775  2.976 0.0000000000
162406  50.811  -44.422  3.507 0.0000000000
162407  50.453  -44.012  3.090 0.0000000000
162408  50.053  -43.689  2.544 0.0000000000
162409  50.416  -43.614  2.110 0.0000000000
162410  50.806  -43.567  1.594 0.0000000000
162411  51.234  -43.574  1.124 0.0000000000
162412  54.368  -50.195  6.587 0.0000000000
162413  54.282  -49.698  6.114 0.0000000000
162414  54.147  -49.193  5.608 0.0000000000
162415  55.179  -49.634  5.590 0.0000000000
162416  54.623  -49.202  5.381 0.0000000000
162417  54.040  -48.708  5.172 0.0000000000
162418  53.907  -48.180  4.690 0.0000000000
162419  53.742  -47.712  4.223 0.0000000000
162420  53.653  -47.130  3.887 0.0000000000
162421  56.799  -49.712  4.608 0.0000000000
162422  56.295  -49.196  4.343 0.0000000000
162423  55.777  -48.618  4.067 0.0000000000
162424  56.026  -47.985  3.371 0.0000000000
162425  55.650  -47.993  3.538 0.0000000000
162426  55.233  -48.048  3.841 0.0000000000
162427  54.669  -47.531  3.642 0.0000000000
162428  54.121  -47.048  3.602 0.0000000000
162429  53.551  -46.560  3.653 0.0000000000
162430  53.437  -45.952  3.414 0.0000000000
162431  53.353  -45.417  3.142 0.0000000000
162432  53.124  -44.855  2.859 0.0000000000
162433  54.149  -45.098  2.598 0.0000000000
162434  53.488  -44.641  2.554 0.0000000000
162435  52.752  -44.295  2.469 0.0000000000
162436  52.348  -43.911  1.924 0.0000000000
162437  51.949  -43.703  1.275 0.0000000000
162438  51.637  -43.585  0.668 0.0000000000
162439  51.988  -43.583  0.227 0.0000000000
162440  52.447  -43.538  -0.127 0.0000000000
162441  52.854  -43.566  -0.518 0.0000000000
162442  53.990  -44.043  0.293 0.0000000000
162443  53.636  -43.864  -0.291 0.0000000000
162448  57.046  -45.470  1.222 0.0000000000
162449  56.673  -45.039  0.601 0.0000000000
162450  56.347  -44.745  -0.052 0.0000000000
