#!ascii label  , from subject fsaverage vox2ras=TkReg
440
341  23.374  -54.055  -6.687 0.0000000000
440  13.893  -50.638  -5.170 0.0000000000
821  27.938  -47.071  -6.006 0.0000000000
974  18.707  -46.751  -8.605 0.0000000000
1765  18.367  -59.604  -6.408 0.0000000000
1986  14.473  -58.268  -3.524 0.0000000000
1987  18.616  -53.589  -7.179 0.0000000000
1988  23.077  -48.321  -7.580 0.0000000000
2741  29.784  -43.953  -6.996 0.0000000000
3901  21.047  -57.078  -7.579 0.0000000000
3902  21.139  -60.041  -6.986 0.0000000000
4358  13.741  -54.306  -4.325 0.0000000000
4359  16.564  -55.684  -5.240 0.0000000000
4360  15.999  -51.965  -6.296 0.0000000000
4362  20.994  -48.152  -8.948 0.0000000000
4364  24.721  -44.720  -7.434 0.0000000000
6085  25.765  -50.525  -6.165 0.0000000000
6360  15.983  -48.441  -7.221 0.0000000000
7957  16.950  -62.552  -4.049 0.0000000000
7959  18.275  -62.351  -6.726 0.0000000000
8545  17.105  -59.139  -4.370 0.0000000000
8546  18.748  -56.714  -6.902 0.0000000000
8547  20.795  -54.340  -7.792 0.0000000000
8548  18.329  -50.148  -7.938 0.0000000000
8549  20.765  -51.495  -8.107 0.0000000000
8550  23.020  -51.411  -6.848 0.0000000000
8551  25.335  -47.738  -6.344 0.0000000000
8552  27.158  -44.360  -7.094 0.0000000000
11581  22.242  -55.559  -7.077 0.0000000000
11582  22.471  -56.896  -6.938 0.0000000000
12038  13.690  -52.334  -4.787 0.0000000000
12039  14.835  -53.025  -5.314 0.0000000000
12040  14.721  -51.223  -5.771 0.0000000000
12042  21.816  -44.835  -9.062 0.0000000000
13981  26.893  -48.748  -5.981 0.0000000000
17461  17.780  -60.914  -5.136 0.0000000000
17462  17.627  -62.426  -5.395 0.0000000000
17463  18.316  -61.074  -6.366 0.0000000000
17465  21.173  -61.168  -7.076 0.0000000000
18833  14.804  -60.296  -2.921 0.0000000000
18834  16.037  -60.679  -3.309 0.0000000000
18835  15.831  -58.772  -3.776 0.0000000000
18836  17.548  -54.585  -6.232 0.0000000000
18837  17.845  -56.270  -5.928 0.0000000000
18838  18.696  -55.212  -7.075 0.0000000000
18839  19.719  -55.529  -7.686 0.0000000000
18840  19.674  -54.119  -7.799 0.0000000000
18841  17.276  -47.692  -8.091 0.0000000000
18842  17.019  -49.237  -7.659 0.0000000000
18843  18.389  -48.464  -8.358 0.0000000000
18844  22.033  -48.388  -8.412 0.0000000000
18845  20.768  -49.831  -8.511 0.0000000000
18846  21.944  -50.048  -7.955 0.0000000000
18847  21.881  -51.526  -7.575 0.0000000000
18848  23.108  -49.894  -7.117 0.0000000000
18849  24.332  -49.658  -6.455 0.0000000000
18850  24.064  -48.138  -6.818 0.0000000000
18852  25.888  -44.521  -7.213 0.0000000000
23365  28.961  -45.401  -6.354 0.0000000000
23366  29.650  -46.713  -5.823 0.0000000000
25453  19.576  -58.403  -7.332 0.0000000000
25454  19.559  -59.920  -7.181 0.0000000000
25455  21.113  -58.478  -7.238 0.0000000000
25456  22.499  -58.352  -6.645 0.0000000000
26275  12.898  -55.748  -3.480 0.0000000000
26276  14.095  -56.344  -3.954 0.0000000000
26277  15.451  -56.885  -4.271 0.0000000000
26278  15.056  -54.941  -4.762 0.0000000000
26279  16.181  -53.820  -5.683 0.0000000000
26280  17.366  -52.805  -6.642 0.0000000000
26281  19.999  -45.770  -9.155 0.0000000000
26282  19.879  -47.506  -8.912 0.0000000000
26283  21.042  -46.329  -9.198 0.0000000000
26284  21.992  -46.595  -8.789 0.0000000000
26285  22.909  -46.663  -8.033 0.0000000000
26286  23.945  -46.487  -7.316 0.0000000000
26287  23.663  -44.870  -7.887 0.0000000000
29557  24.581  -52.305  -6.369 0.0000000000
30198  14.939  -49.527  -6.294 0.0000000000
30201  17.788  -46.068  -8.321 0.0000000000
34213  15.655  -64.241  -3.363 0.0000000000
34215  16.425  -64.134  -4.747 0.0000000000
34216  16.932  -63.493  -6.304 0.0000000000
34218  19.615  -61.322  -7.117 0.0000000000
34219  19.589  -62.339  -7.418 0.0000000000
35899  15.932  -62.497  -3.199 0.0000000000
35900  17.102  -60.841  -4.094 0.0000000000
35901  17.868  -59.400  -5.353 0.0000000000
35902  16.941  -57.432  -4.804 0.0000000000
35903  17.987  -57.851  -5.672 0.0000000000
35904  18.604  -58.164  -6.657 0.0000000000
35905  19.807  -56.952  -7.506 0.0000000000
35906  21.017  -55.606  -7.628 0.0000000000
35907  22.062  -54.243  -7.273 0.0000000000
35908  15.820  -50.171  -6.810 0.0000000000
35909  17.107  -50.975  -7.210 0.0000000000
35910  18.462  -51.868  -7.540 0.0000000000
35911  19.617  -49.249  -8.510 0.0000000000
35912  19.540  -50.962  -8.154 0.0000000000
35913  19.683  -52.620  -7.925 0.0000000000
35914  20.782  -52.956  -7.981 0.0000000000
35915  21.862  -52.935  -7.397 0.0000000000
35916  23.156  -52.733  -6.728 0.0000000000
35917  24.437  -51.026  -6.337 0.0000000000
35918  25.588  -49.187  -6.117 0.0000000000
35919  26.611  -47.330  -6.188 0.0000000000
35920  25.051  -46.269  -6.799 0.0000000000
35921  26.257  -45.967  -6.596 0.0000000000
35922  27.541  -45.666  -6.496 0.0000000000
35923  28.469  -44.131  -7.027 0.0000000000
42301  22.826  -54.815  -6.900 0.0000000000
42756  13.423  -51.242  -4.616 0.0000000000
42757  13.292  -52.126  -4.444 0.0000000000
42758  13.727  -51.377  -4.957 0.0000000000
42759  14.190  -51.734  -5.279 0.0000000000
42760  14.247  -50.892  -5.476 0.0000000000
44701  27.433  -47.904  -5.965 0.0000000000
44702  27.762  -48.578  -5.797 0.0000000000
44703  28.278  -47.714  -5.827 0.0000000000
48181  18.040  -60.195  -5.796 0.0000000000
48182  18.042  -60.973  -5.778 0.0000000000
48183  18.314  -60.347  -6.387 0.0000000000
49549  13.796  -57.990  -3.396 0.0000000000
49551  13.997  -59.019  -3.103 0.0000000000
49553  14.666  -59.283  -3.214 0.0000000000
49554  15.329  -59.469  -3.338 0.0000000000
49555  15.124  -58.505  -3.637 0.0000000000
49556  18.123  -54.086  -6.717 0.0000000000
49557  18.184  -54.946  -6.624 0.0000000000
49558  18.646  -54.459  -7.104 0.0000000000
49559  19.153  -54.704  -7.434 0.0000000000
49560  19.165  -53.910  -7.506 0.0000000000
49561  17.975  -47.254  -8.381 0.0000000000
49562  17.808  -48.063  -8.238 0.0000000000
49563  18.493  -47.640  -8.505 0.0000000000
49564  22.570  -48.434  -8.015 0.0000000000
49565  21.976  -49.226  -8.167 0.0000000000
49566  22.523  -49.222  -7.773 0.0000000000
49567  22.512  -50.017  -7.559 0.0000000000
49568  23.088  -49.139  -7.340 0.0000000000
49569  23.693  -49.024  -6.933 0.0000000000
49570  23.570  -48.214  -7.177 0.0000000000
54301  29.420  -44.654  -6.653 0.0000000000
57781  20.374  -57.735  -7.510 0.0000000000
57782  20.331  -58.488  -7.383 0.0000000000
57783  21.129  -57.715  -7.381 0.0000000000
57784  23.203  -56.801  -6.720 0.0000000000
57785  22.574  -57.600  -6.799 0.0000000000
59149  13.161  -53.968  -4.066 0.0000000000
59150  12.801  -54.737  -3.627 0.0000000000
59151  13.313  -54.978  -3.930 0.0000000000
59152  13.476  -56.018  -3.748 0.0000000000
59153  13.912  -55.346  -4.125 0.0000000000
59154  14.566  -55.657  -4.324 0.0000000000
59155  14.367  -54.654  -4.539 0.0000000000
59156  15.420  -52.472  -5.828 0.0000000000
59157  15.501  -53.420  -5.516 0.0000000000
59158  16.041  -52.866  -6.013 0.0000000000
59159  16.750  -53.287  -6.176 0.0000000000
59160  16.684  -52.384  -6.476 0.0000000000
59161  20.492  -45.197  -9.306 0.0000000000
59162  20.528  -46.080  -9.224 0.0000000000
59163  20.944  -45.416  -9.277 0.0000000000
59164  22.241  -44.896  -8.831 0.0000000000
59165  21.901  -45.677  -8.922 0.0000000000
59166  22.346  -45.760  -8.616 0.0000000000
59167  22.440  -46.655  -8.432 0.0000000000
59169  23.290  -45.757  -7.927 0.0000000000
64981  25.158  -51.479  -6.249 0.0000000000
64982  25.321  -52.124  -6.241 0.0000000000
64983  25.983  -51.249  -6.059 0.0000000000
66359  17.127  -46.551  -8.060 0.0000000000
66369  19.550  -44.672  -9.142 0.0000000000
75421  16.355  -63.381  -3.681 0.0000000000
75422  16.129  -64.279  -4.005 0.0000000000
75423  16.833  -63.367  -4.327 0.0000000000
75424  17.856  -62.382  -6.098 0.0000000000
75425  17.328  -63.007  -5.821 0.0000000000
75426  17.616  -62.865  -6.508 0.0000000000
75429  20.369  -60.039  -7.223 0.0000000000
75430  19.595  -60.660  -7.092 0.0000000000
75431  20.425  -60.701  -7.113 0.0000000000
75432  21.139  -61.540  -7.274 0.0000000000
75433  20.396  -61.777  -7.272 0.0000000000
79539  15.314  -63.243  -2.850 0.0000000000
79540  15.452  -62.390  -2.875 0.0000000000
79541  16.602  -59.859  -3.812 0.0000000000
79542  16.615  -60.779  -3.679 0.0000000000
79543  17.164  -59.973  -4.208 0.0000000000
79544  17.536  -60.100  -4.667 0.0000000000
79545  17.549  -59.271  -4.851 0.0000000000
79546  16.000  -56.224  -4.724 0.0000000000
79547  16.213  -57.100  -4.484 0.0000000000
79548  16.747  -56.537  -4.999 0.0000000000
79549  18.326  -56.513  -6.435 0.0000000000
79550  17.956  -57.075  -5.808 0.0000000000
79551  18.364  -57.299  -6.357 0.0000000000
79552  18.261  -58.027  -6.196 0.0000000000
79553  18.753  -57.473  -6.848 0.0000000000
79554  19.146  -57.584  -7.221 0.0000000000
79555  19.192  -56.834  -7.293 0.0000000000
79556  20.267  -54.959  -7.792 0.0000000000
79557  20.360  -55.581  -7.795 0.0000000000
79558  20.904  -54.962  -7.704 0.0000000000
79559  21.539  -54.943  -7.508 0.0000000000
79560  21.407  -54.325  -7.587 0.0000000000
79561  15.457  -48.970  -6.771 0.0000000000
79562  15.323  -49.820  -6.547 0.0000000000
79563  15.870  -49.305  -7.011 0.0000000000
79564  17.665  -49.697  -7.801 0.0000000000
79565  17.022  -50.076  -7.441 0.0000000000
79566  17.696  -50.538  -7.573 0.0000000000
79567  17.785  -51.411  -7.366 0.0000000000
79568  18.372  -51.002  -7.720 0.0000000000
79569  20.457  -47.872  -9.024 0.0000000000
79570  19.761  -48.360  -8.737 0.0000000000
79571  20.342  -48.712  -8.781 0.0000000000
79572  20.756  -50.658  -8.289 0.0000000000
79573  20.146  -50.418  -8.381 0.0000000000
79574  20.148  -51.301  -8.219 0.0000000000
79575  19.594  -51.807  -8.006 0.0000000000
79576  20.202  -52.087  -8.093 0.0000000000
79577  20.243  -52.849  -8.010 0.0000000000
79578  20.763  -52.250  -8.007 0.0000000000
79579  22.414  -51.509  -7.198 0.0000000000
79580  21.846  -52.286  -7.469 0.0000000000
79581  22.380  -52.230  -7.099 0.0000000000
79582  22.463  -52.878  -7.039 0.0000000000
79583  23.050  -52.083  -6.784 0.0000000000
79584  23.763  -51.917  -6.528 0.0000000000
79585  23.701  -51.247  -6.544 0.0000000000
79586  24.886  -48.718  -6.301 0.0000000000
79587  24.969  -49.465  -6.227 0.0000000000
79588  25.492  -48.495  -6.190 0.0000000000
79589  26.103  -48.274  -6.119 0.0000000000
79590  25.977  -47.525  -6.232 0.0000000000
79591  24.379  -45.591  -7.298 0.0000000000
79592  24.489  -46.381  -7.023 0.0000000000
79593  24.906  -45.507  -7.098 0.0000000000
79594  26.508  -44.449  -7.150 0.0000000000
79595  26.070  -45.235  -6.879 0.0000000000
79596  26.692  -45.091  -6.809 0.0000000000
79597  26.861  -45.808  -6.565 0.0000000000
79598  27.325  -45.008  -6.751 0.0000000000
79599  27.992  -44.907  -6.711 0.0000000000
79600  27.843  -44.246  -7.044 0.0000000000
94573  21.625  -56.349  -7.348 0.0000000000
94574  21.696  -57.035  -7.271 0.0000000000
94575  22.336  -56.262  -7.038 0.0000000000
94576  23.079  -56.153  -6.704 0.0000000000
95395  13.207  -53.034  -4.256 0.0000000000
95396  13.679  -53.315  -4.552 0.0000000000
95397  14.251  -53.656  -4.794 0.0000000000
95398  14.189  -52.651  -5.064 0.0000000000
95399  14.771  -52.095  -5.571 0.0000000000
95400  15.289  -51.567  -6.047 0.0000000000
95402  21.355  -44.690  -9.233 0.0000000000
98893  26.364  -49.651  -6.028 0.0000000000
98894  26.640  -50.311  -5.963 0.0000000000
98895  27.224  -49.437  -5.832 0.0000000000
105157  17.452  -61.744  -4.510 0.0000000000
105158  17.377  -62.511  -4.680 0.0000000000
105159  17.764  -61.702  -5.214 0.0000000000
105160  18.020  -61.727  -5.885 0.0000000000
105161  18.356  -61.792  -6.495 0.0000000000
105162  21.844  -59.913  -6.796 0.0000000000
105163  21.187  -60.646  -6.933 0.0000000000
105164  21.910  -60.439  -6.857 0.0000000000
105165  21.892  -60.867  -7.022 0.0000000000
107627  14.907  -61.312  -2.710 0.0000000000
107628  15.482  -61.494  -2.958 0.0000000000
107629  15.371  -60.513  -3.077 0.0000000000
107630  16.001  -59.681  -3.523 0.0000000000
107631  16.510  -59.000  -4.000 0.0000000000
107632  17.042  -55.128  -5.670 0.0000000000
107633  17.283  -56.024  -5.495 0.0000000000
107634  17.681  -55.437  -6.036 0.0000000000
107635  18.243  -55.706  -6.484 0.0000000000
107636  18.729  -55.963  -7.035 0.0000000000
107637  19.217  -56.115  -7.384 0.0000000000
107638  19.173  -55.398  -7.440 0.0000000000
107639  19.681  -54.852  -7.701 0.0000000000
107640  20.214  -54.277  -7.869 0.0000000000
107641  16.611  -48.089  -7.670 0.0000000000
107642  16.457  -48.816  -7.464 0.0000000000
107643  17.088  -48.507  -7.863 0.0000000000
107644  17.667  -48.865  -8.046 0.0000000000
107645  18.311  -49.311  -8.150 0.0000000000
107646  21.514  -48.303  -8.730 0.0000000000
107647  20.841  -49.008  -8.747 0.0000000000
107648  21.417  -49.158  -8.489 0.0000000000
107649  21.385  -50.000  -8.298 0.0000000000
107650  21.346  -50.816  -8.075 0.0000000000
107651  21.348  -51.558  -7.888 0.0000000000
107652  21.870  -50.819  -7.735 0.0000000000
107653  22.463  -50.770  -7.346 0.0000000000
107654  23.084  -50.683  -6.960 0.0000000000
107655  23.717  -50.545  -6.613 0.0000000000
107656  23.701  -49.796  -6.760 0.0000000000
107657  24.291  -48.875  -6.584 0.0000000000
107658  24.702  -47.946  -6.534 0.0000000000
107660  25.273  -44.621  -7.307 0.0000000000
107661  25.713  -43.781  -7.589 0.0000000000
115957  28.478  -46.236  -6.114 0.0000000000
115958  28.787  -46.910  -5.879 0.0000000000
115959  29.336  -46.068  -6.051 0.0000000000
120829  18.867  -59.001  -6.929 0.0000000000
120830  18.873  -59.753  -6.902 0.0000000000
120831  19.535  -59.119  -7.285 0.0000000000
120832  20.369  -59.262  -7.312 0.0000000000
120833  21.127  -59.262  -7.101 0.0000000000
120834  21.836  -57.634  -7.111 0.0000000000
120835  21.837  -58.435  -6.954 0.0000000000
120836  21.877  -59.195  -6.826 0.0000000000
122749  13.601  -56.971  -3.599 0.0000000000
122750  14.289  -57.294  -3.789 0.0000000000
122751  14.947  -57.561  -3.915 0.0000000000
122752  14.758  -56.630  -4.112 0.0000000000
122753  15.266  -55.946  -4.516 0.0000000000
122754  15.820  -55.333  -5.006 0.0000000000
122755  14.941  -53.989  -5.039 0.0000000000
122756  15.637  -54.397  -5.246 0.0000000000
122757  16.344  -54.788  -5.461 0.0000000000
122758  16.877  -54.201  -5.918 0.0000000000
122759  17.452  -53.683  -6.406 0.0000000000
122760  18.015  -53.193  -6.873 0.0000000000
122761  19.384  -46.257  -8.882 0.0000000000
122762  19.293  -47.125  -8.766 0.0000000000
122763  19.933  -46.614  -9.033 0.0000000000
122764  20.489  -46.963  -9.153 0.0000000000
122765  21.015  -47.233  -9.103 0.0000000000
122766  21.448  -45.552  -9.158 0.0000000000
122767  21.536  -46.508  -9.062 0.0000000000
122768  21.541  -47.417  -8.931 0.0000000000
122769  22.032  -47.500  -8.646 0.0000000000
122770  22.523  -47.553  -8.234 0.0000000000
122771  23.018  -47.511  -7.815 0.0000000000
122772  23.503  -47.395  -7.408 0.0000000000
122773  23.413  -46.590  -7.659 0.0000000000
122774  23.833  -45.695  -7.599 0.0000000000
122775  24.193  -44.807  -7.614 0.0000000000
130693  23.977  -53.214  -6.526 0.0000000000
130694  24.175  -53.912  -6.436 0.0000000000
130695  24.774  -53.013  -6.336 0.0000000000
132432  14.428  -50.110  -5.733 0.0000000000
132434  15.124  -48.715  -6.497 0.0000000000
132435  15.618  -48.188  -6.973 0.0000000000
132438  16.189  -47.725  -7.450 0.0000000000
132439  16.807  -47.321  -7.894 0.0000000000
132440  17.519  -46.876  -8.236 0.0000000000
132441  18.217  -46.389  -8.484 0.0000000000
132449  18.431  -45.653  -8.633 0.0000000000
132450  18.879  -45.931  -8.744 0.0000000000
132451  19.500  -45.458  -9.038 0.0000000000
132452  20.034  -44.950  -9.262 0.0000000000
143705  15.877  -64.572  -5.286 0.0000000000
143706  17.106  -63.252  -5.050 0.0000000000
143707  16.658  -63.782  -5.554 0.0000000000
143708  16.138  -64.182  -6.005 0.0000000000
143712  18.871  -60.537  -6.801 0.0000000000
143713  18.838  -61.235  -6.911 0.0000000000
143714  18.872  -61.846  -6.977 0.0000000000
143715  20.384  -61.335  -7.131 0.0000000000
143716  19.577  -61.905  -7.208 0.0000000000
143717  18.886  -62.362  -7.175 0.0000000000
148682  15.830  -63.327  -3.236 0.0000000000
148683  16.476  -62.536  -3.601 0.0000000000
148684  16.048  -61.638  -3.256 0.0000000000
148685  16.549  -61.670  -3.620 0.0000000000
148686  17.046  -61.693  -4.046 0.0000000000
148687  17.501  -60.890  -4.582 0.0000000000
148688  17.809  -60.164  -5.196 0.0000000000
148689  18.083  -59.494  -5.928 0.0000000000
148690  15.663  -57.800  -4.065 0.0000000000
148691  16.411  -58.047  -4.234 0.0000000000
148692  17.046  -58.282  -4.579 0.0000000000
148693  17.437  -56.859  -5.357 0.0000000000
148694  17.528  -57.670  -5.197 0.0000000000
148695  17.560  -58.473  -5.041 0.0000000000
148696  17.960  -58.616  -5.553 0.0000000000
148697  18.201  -58.743  -6.038 0.0000000000
148698  18.474  -58.880  -6.527 0.0000000000
148699  18.997  -58.290  -7.070 0.0000000000
148700  19.734  -57.695  -7.435 0.0000000000
148701  20.431  -57.039  -7.604 0.0000000000
148702  19.780  -56.219  -7.603 0.0000000000
148703  20.423  -56.311  -7.686 0.0000000000
148704  21.032  -56.375  -7.547 0.0000000000
148705  21.645  -55.604  -7.384 0.0000000000
148706  22.206  -54.896  -7.234 0.0000000000
148707  22.730  -54.150  -6.967 0.0000000000
148708  14.779  -50.345  -6.036 0.0000000000
148709  15.281  -50.652  -6.308 0.0000000000
148710  15.873  -51.025  -6.554 0.0000000000
148711  16.370  -49.639  -7.289 0.0000000000
148712  16.436  -50.584  -7.064 0.0000000000
148713  16.533  -51.419  -6.775 0.0000000000
148714  17.263  -51.856  -6.947 0.0000000000
148715  17.941  -52.323  -7.136 0.0000000000
148716  18.579  -52.767  -7.365 0.0000000000
148717  19.124  -47.972  -8.623 0.0000000000
148718  19.017  -48.895  -8.448 0.0000000000
148719  18.940  -49.726  -8.243 0.0000000000
148720  20.184  -49.565  -8.549 0.0000000000
148721  19.520  -50.096  -8.326 0.0000000000
148722  18.940  -50.571  -8.054 0.0000000000
148723  18.985  -51.445  -7.874 0.0000000000
148724  19.105  -52.301  -7.752 0.0000000000
148725  19.165  -53.163  -7.624 0.0000000000
148726  19.668  -53.400  -7.861 0.0000000000
148727  20.193  -53.565  -7.963 0.0000000000
148728  20.742  -53.663  -7.922 0.0000000000
148729  21.312  -52.303  -7.781 0.0000000000
148730  21.300  -52.972  -7.711 0.0000000000
148731  21.308  -53.638  -7.684 0.0000000000
148732  21.913  -53.596  -7.332 0.0000000000
148733  22.563  -53.514  -7.004 0.0000000000
148734  23.275  -53.410  -6.709 0.0000000000
148735  23.868  -52.526  -6.522 0.0000000000
148736  24.509  -51.713  -6.341 0.0000000000
148737  25.094  -50.763  -6.260 0.0000000000
148738  24.364  -50.356  -6.363 0.0000000000
148739  25.015  -50.112  -6.221 0.0000000000
148740  25.675  -49.809  -6.194 0.0000000000
148741  26.215  -48.949  -6.067 0.0000000000
148742  26.740  -48.064  -6.079 0.0000000000
148743  27.273  -47.201  -6.102 0.0000000000
148744  24.020  -47.294  -7.018 0.0000000000
148745  24.590  -47.164  -6.748 0.0000000000
148746  25.202  -46.998  -6.557 0.0000000000
148747  25.478  -45.384  -6.963 0.0000000000
148748  25.655  -46.124  -6.668 0.0000000000
148749  25.828  -46.792  -6.444 0.0000000000
148750  26.457  -46.642  -6.381 0.0000000000
148751  27.107  -46.493  -6.319 0.0000000000
148752  27.766  -46.365  -6.235 0.0000000000
148753  28.247  -45.524  -6.420 0.0000000000
148754  28.714  -44.749  -6.684 0.0000000000
148755  29.119  -44.038  -7.005 0.0000000000
148756  28.240  -43.507  -7.433 0.0000000000
