#!ascii label  , from subject fsaverage vox2ras=TkReg
752
52  39.738  33.074  9.815 0.0000000000
258  51.835  32.833  -1.332 0.0000000000
382  51.448  30.489  5.731 0.0000000000
390  42.152  37.182  2.438 0.0000000000
877  45.546  32.187  7.701 0.0000000000
878  48.877  29.374  9.843 0.0000000000
888  36.229  37.547  8.732 0.0000000000
889  38.374  39.931  5.150 0.0000000000
890  40.679  35.303  6.135 0.0000000000
891  46.926  34.774  5.244 0.0000000000
1871  47.408  35.297  0.739 0.0000000000
1872  51.982  31.695  2.505 0.0000000000
2797  42.733  32.994  8.730 0.0000000000
2798  44.523  31.673  9.850 0.0000000000
2799  41.808  31.871  10.886 0.0000000000
2808  37.078  34.854  8.940 0.0000000000
2809  38.001  36.257  7.025 0.0000000000
2810  40.051  34.296  7.724 0.0000000000
2811  43.141  33.843  7.299 0.0000000000
3653  50.561  35.519  -1.929 0.0000000000
4072  53.060  29.168  4.935 0.0000000000
4074  52.641  28.945  6.954 0.0000000000
4106  39.822  38.419  3.581 0.0000000000
4112  44.640  36.174  1.622 0.0000000000
4113  49.338  32.380  5.156 0.0000000000
4114  49.886  33.606  4.092 0.0000000000
4115  51.867  30.934  4.090 0.0000000000
6187  48.694  31.420  6.699 0.0000000000
6188  50.148  30.165  7.795 0.0000000000
6189  47.477  31.099  9.004 0.0000000000
6190  46.256  30.333  10.914 0.0000000000
6208  37.303  38.795  6.686 0.0000000000
6209  38.839  37.404  5.042 0.0000000000
6210  41.385  36.322  4.182 0.0000000000
6211  44.356  35.831  3.673 0.0000000000
6212  43.875  34.946  5.742 0.0000000000
6213  46.243  33.413  6.335 0.0000000000
7252  36.883  33.263  10.911 0.0000000000
7253  38.825  31.663  11.999 0.0000000000
7272  35.472  35.948  10.728 0.0000000000
8233  50.334  34.521  -0.213 0.0000000000
8234  47.225  35.102  2.995 0.0000000000
8235  50.119  33.888  1.795 0.0000000000
8236  52.109  32.130  0.534 0.0000000000
10477  41.304  33.048  9.193 0.0000000000
10478  42.237  32.470  9.727 0.0000000000
10479  40.798  32.439  10.350 0.0000000000
10488  38.287  33.824  9.296 0.0000000000
10489  38.518  34.516  8.220 0.0000000000
10490  39.829  33.739  8.699 0.0000000000
10491  41.366  33.616  8.355 0.0000000000
11333  51.369  34.146  -1.634 0.0000000000
11334  51.197  34.424  -2.688 0.0000000000
11335  51.607  33.116  -2.253 0.0000000000
11752  52.444  29.886  5.335 0.0000000000
11753  52.923  29.058  5.981 0.0000000000
11754  52.067  29.785  6.353 0.0000000000
11786  40.889  37.715  2.996 0.0000000000
11787  40.355  39.003  3.002 0.0000000000
11788  41.390  38.372  2.374 0.0000000000
11790  42.465  37.748  1.781 0.0000000000
11791  43.544  37.233  1.234 0.0000000000
11792  43.348  36.719  1.961 0.0000000000
11793  50.437  31.297  5.323 0.0000000000
11794  50.693  31.691  4.601 0.0000000000
11795  51.702  30.726  4.867 0.0000000000
11796  52.558  30.055  4.384 0.0000000000
14152  47.179  31.871  7.102 0.0000000000
14153  48.072  31.311  7.810 0.0000000000
14154  46.525  31.614  8.253 0.0000000000
14155  44.181  31.309  10.958 0.0000000000
14156  45.495  31.143  10.427 0.0000000000
14157  45.004  30.578  11.443 0.0000000000
14183  36.394  38.958  8.702 0.0000000000
14184  36.926  39.524  7.645 0.0000000000
14185  36.812  38.214  7.720 0.0000000000
14186  39.246  35.699  6.404 0.0000000000
14187  38.462  36.864  6.014 0.0000000000
14188  39.618  36.349  5.507 0.0000000000
14189  40.005  36.770  4.523 0.0000000000
14190  41.079  35.900  5.206 0.0000000000
14191  42.560  35.598  4.953 0.0000000000
14192  42.263  35.039  5.885 0.0000000000
14193  44.362  33.001  7.500 0.0000000000
14194  44.716  33.646  6.903 0.0000000000
14195  45.831  32.721  6.875 0.0000000000
14196  47.447  32.353  6.386 0.0000000000
15952  35.895  33.668  11.855 0.0000000000
15953  36.619  32.575  12.320 0.0000000000
15954  35.917  33.073  13.407 0.0000000000
15996  35.894  34.492  10.756 0.0000000000
17985  49.453  29.875  8.838 0.0000000000
17986  50.854  29.387  8.343 0.0000000000
18001  39.851  31.079  12.458 0.0000000000
18093  46.126  36.273  0.298 0.0000000000
18095  47.569  35.883  -0.120 0.0000000000
18096  49.078  35.539  -0.579 0.0000000000
18097  48.899  34.950  0.311 0.0000000000
18098  45.708  35.381  4.485 0.0000000000
18099  45.806  35.536  3.365 0.0000000000
18100  47.099  35.146  4.177 0.0000000000
18101  51.127  32.712  3.293 0.0000000000
18102  50.041  33.847  2.984 0.0000000000
18103  51.285  32.922  2.277 0.0000000000
18104  51.366  33.076  1.176 0.0000000000
18105  52.078  31.949  1.511 0.0000000000
18106  52.394  30.987  0.906 0.0000000000
18107  52.511  30.723  1.850 0.0000000000
23467  44.115  32.584  8.236 0.0000000000
23468  45.018  31.924  8.722 0.0000000000
23469  43.623  32.357  9.126 0.0000000000
23470  43.167  31.932  10.301 0.0000000000
23471  42.841  31.243  11.441 0.0000000000
23486  36.527  36.125  8.822 0.0000000000
23487  36.938  36.890  7.843 0.0000000000
23488  37.467  35.612  7.961 0.0000000000
23489  38.843  35.117  7.242 0.0000000000
23490  40.345  34.781  6.877 0.0000000000
23491  41.872  34.496  6.686 0.0000000000
23492  41.570  34.056  7.482 0.0000000000
23493  42.935  33.404  8.016 0.0000000000
25765  53.403  28.245  6.580 0.0000000000
25766  53.173  28.168  7.634 0.0000000000
25822  38.990  39.144  4.277 0.0000000000
25823  39.137  40.481  4.637 0.0000000000
25824  39.654  39.696  3.717 0.0000000000
25833  44.683  36.731  0.747 0.0000000000
25834  45.985  35.717  1.156 0.0000000000
25835  48.160  33.731  5.363 0.0000000000
25836  48.428  34.365  4.753 0.0000000000
25837  49.654  33.034  4.712 0.0000000000
25838  50.885  32.226  3.998 0.0000000000
25839  51.942  31.297  3.416 0.0000000000
25840  52.569  30.482  2.793 0.0000000000
25841  52.589  30.183  3.618 0.0000000000
25842  52.969  29.297  4.025 0.0000000000
29210  52.106  31.403  -0.896 0.0000000000
29211  51.637  31.718  -1.726 0.0000000000
29797  50.173  30.928  6.217 0.0000000000
29798  50.879  30.310  6.793 0.0000000000
29799  49.494  30.790  7.346 0.0000000000
29800  48.815  30.634  8.348 0.0000000000
29801  48.226  30.354  9.428 0.0000000000
29802  45.912  31.383  9.401 0.0000000000
29803  46.908  30.778  9.958 0.0000000000
29804  47.570  29.914  10.445 0.0000000000
29844  37.770  39.368  5.825 0.0000000000
29845  37.505  37.514  6.776 0.0000000000
29846  37.937  38.097  5.774 0.0000000000
29847  38.398  38.636  4.964 0.0000000000
29848  39.315  37.863  4.223 0.0000000000
29849  40.407  37.198  3.707 0.0000000000
29850  41.795  36.662  3.292 0.0000000000
29851  43.153  36.275  2.907 0.0000000000
29852  42.899  35.948  3.942 0.0000000000
29853  44.142  35.469  4.764 0.0000000000
29854  45.476  34.935  5.606 0.0000000000
29855  43.446  34.363  6.579 0.0000000000
29856  45.181  34.355  6.355 0.0000000000
29857  46.636  34.169  5.863 0.0000000000
29858  47.764  32.999  5.739 0.0000000000
29859  49.036  31.823  5.882 0.0000000000
32302  38.261  33.128  10.266 0.0000000000
32303  39.244  32.438  10.939 0.0000000000
32304  37.794  32.343  11.432 0.0000000000
32305  37.560  31.704  12.754 0.0000000000
32353  35.955  38.268  9.686 0.0000000000
32356  35.849  36.786  9.659 0.0000000000
32357  36.106  35.334  9.708 0.0000000000
32358  36.914  34.034  9.920 0.0000000000
34863  51.487  29.588  7.358 0.0000000000
34881  40.307  31.858  11.474 0.0000000000
34882  41.284  31.198  11.941 0.0000000000
34997  49.279  36.261  -1.396 0.0000000000
34998  50.565  35.041  -1.068 0.0000000000
34999  51.366  33.764  -0.785 0.0000000000
35000  44.530  35.935  2.598 0.0000000000
35001  45.923  35.456  2.236 0.0000000000
35002  47.306  35.012  1.778 0.0000000000
35003  48.599  34.682  3.687 0.0000000000
35004  48.720  34.542  2.465 0.0000000000
35005  48.823  34.486  1.298 0.0000000000
35006  50.249  34.041  0.720 0.0000000000
35007  51.401  33.370  0.167 0.0000000000
35008  52.011  32.430  -0.428 0.0000000000
35009  52.297  31.158  -0.034 0.0000000000
41197  40.492  33.058  9.502 0.0000000000
41198  41.010  32.741  9.761 0.0000000000
41199  40.256  32.740  10.079 0.0000000000
41208  39.036  33.435  9.563 0.0000000000
41209  39.083  33.773  8.999 0.0000000000
41210  39.790  33.403  9.278 0.0000000000
41211  40.527  33.370  9.011 0.0000000000
42053  51.655  33.487  -1.516 0.0000000000
42054  51.544  33.679  -1.949 0.0000000000
42055  51.749  32.985  -1.792 0.0000000000
42472  51.970  30.197  5.535 0.0000000000
42473  52.263  29.812  5.836 0.0000000000
42474  51.759  30.157  6.053 0.0000000000
42506  41.516  37.434  2.699 0.0000000000
42507  41.148  38.049  2.663 0.0000000000
42508  41.736  37.756  2.369 0.0000000000
42509  41.896  38.046  2.061 0.0000000000
42510  42.340  37.464  2.066 0.0000000000
42511  42.875  37.184  1.814 0.0000000000
42512  42.752  36.953  2.203 0.0000000000
42513  50.957  30.881  5.495 0.0000000000
42514  51.076  31.048  5.039 0.0000000000
42515  51.564  30.619  5.255 0.0000000000
42516  52.122  30.262  5.063 0.0000000000
44872  46.341  32.024  7.396 0.0000000000
44873  46.819  31.719  7.658 0.0000000000
44874  46.027  31.841  7.905 0.0000000000
44875  44.008  30.970  11.478 0.0000000000
44876  44.659  31.017  11.233 0.0000000000
44877  44.405  30.582  11.701 0.0000000000
44903  36.252  38.248  8.712 0.0000000000
44904  36.534  38.578  8.215 0.0000000000
44905  36.465  37.874  8.217 0.0000000000
44906  39.941  35.460  6.236 0.0000000000
44907  39.445  36.031  5.958 0.0000000000
44908  40.157  35.806  5.805 0.0000000000
44909  40.330  36.111  5.345 0.0000000000
44910  40.893  35.630  5.683 0.0000000000
44911  41.668  35.463  5.550 0.0000000000
44912  41.436  35.146  6.032 0.0000000000
44913  44.926  32.584  7.570 0.0000000000
44914  45.047  32.871  7.163 0.0000000000
44915  45.681  32.420  7.277 0.0000000000
44916  46.498  32.229  6.947 0.0000000000
46672  35.594  33.947  12.412 0.0000000000
46673  35.845  33.341  12.627 0.0000000000
46674  35.617  33.646  13.206 0.0000000000
48705  49.170  29.635  9.332 0.0000000000
48706  49.768  29.392  9.129 0.0000000000
48707  49.506  29.124  9.621 0.0000000000
48796  38.160  40.323  5.619 0.0000000000
48813  46.741  35.774  0.494 0.0000000000
48814  46.846  36.058  0.085 0.0000000000
48815  47.516  35.562  0.285 0.0000000000
48816  48.240  35.398  0.080 0.0000000000
48817  48.192  35.103  0.542 0.0000000000
48818  46.309  35.097  4.913 0.0000000000
48819  46.416  35.290  4.337 0.0000000000
48820  47.005  35.026  4.717 0.0000000000
48821  51.560  32.195  2.886 0.0000000000
48822  51.188  32.836  2.799 0.0000000000
48823  51.649  32.358  2.417 0.0000000000
48824  51.737  32.422  1.869 0.0000000000
48825  52.038  31.840  2.014 0.0000000000
48826  52.296  31.356  1.675 0.0000000000
48827  52.310  31.217  2.142 0.0000000000
54472  43.436  32.821  8.485 0.0000000000
54473  43.860  32.486  8.662 0.0000000000
54474  43.189  32.684  8.917 0.0000000000
54475  42.007  32.192  10.301 0.0000000000
54476  42.719  32.187  9.980 0.0000000000
54477  42.488  31.943  10.610 0.0000000000
54478  42.989  31.656  10.917 0.0000000000
54479  42.318  31.566  11.161 0.0000000000
54503  36.731  35.495  8.849 0.0000000000
54504  36.985  35.862  8.390 0.0000000000
54505  37.275  35.252  8.444 0.0000000000
54506  39.275  34.383  7.923 0.0000000000
54507  38.652  34.810  7.703 0.0000000000
54508  39.417  34.669  7.447 0.0000000000
54509  39.561  34.915  6.993 0.0000000000
54510  40.225  34.560  7.266 0.0000000000
54511  40.968  34.419  7.165 0.0000000000
54512  40.828  34.183  7.583 0.0000000000
54513  42.062  33.318  8.575 0.0000000000
54514  42.138  33.538  8.183 0.0000000000
54515  42.841  33.216  8.384 0.0000000000
54516  43.557  32.985  8.131 0.0000000000
57040  50.532  35.634  -2.499 0.0000000000
57041  51.328  33.850  -2.961 0.0000000000
57042  51.104  34.424  -3.211 0.0000000000
58299  53.233  28.739  5.263 0.0000000000
58300  52.806  28.987  6.498 0.0000000000
58301  53.168  28.628  6.334 0.0000000000
58302  53.068  28.597  6.801 0.0000000000
58303  53.327  28.216  7.125 0.0000000000
58304  52.937  28.562  7.313 0.0000000000
58396  39.364  38.755  3.912 0.0000000000
58397  39.333  39.417  3.995 0.0000000000
58398  39.651  39.013  3.651 0.0000000000
58413  44.073  36.690  1.344 0.0000000000
58414  44.136  36.983  1.000 0.0000000000
58415  44.691  36.447  1.157 0.0000000000
58416  45.342  36.246  0.903 0.0000000000
58417  45.309  35.955  1.395 0.0000000000
58418  48.753  33.068  5.265 0.0000000000
58419  48.985  33.386  5.072 0.0000000000
58420  49.518  32.753  4.968 0.0000000000
58421  51.331  31.333  4.363 0.0000000000
58422  50.788  31.944  4.282 0.0000000000
58423  51.384  31.518  4.028 0.0000000000
58424  51.422  31.762  3.693 0.0000000000
58425  51.915  31.070  3.762 0.0000000000
58426  52.327  30.696  3.518 0.0000000000
58427  52.293  30.547  3.830 0.0000000000
58428  52.833  29.664  4.662 0.0000000000
58429  52.801  29.703  4.200 0.0000000000
58430  53.017  29.260  4.480 0.0000000000
64238  52.011  30.835  -0.611 0.0000000000
64239  51.757  30.891  -1.039 0.0000000000
65497  49.458  31.133  6.483 0.0000000000
65498  49.844  30.862  6.768 0.0000000000
65499  49.110  31.103  7.026 0.0000000000
65500  47.778  31.219  8.431 0.0000000000
65501  48.466  31.014  8.148 0.0000000000
65502  48.166  30.879  8.678 0.0000000000
65503  48.520  30.506  8.886 0.0000000000
65504  47.894  30.754  9.220 0.0000000000
65505  44.765  31.808  9.287 0.0000000000
65506  45.450  31.636  9.051 0.0000000000
65507  45.201  31.503  9.627 0.0000000000
65508  45.903  30.782  10.661 0.0000000000
65509  46.156  30.978  10.211 0.0000000000
65510  46.574  30.609  10.454 0.0000000000
65511  47.255  30.391  10.213 0.0000000000
65512  46.938  30.135  10.695 0.0000000000
65591  37.094  39.153  7.173 0.0000000000
65592  37.154  39.854  7.158 0.0000000000
65593  37.317  39.467  6.696 0.0000000000
65594  37.576  39.769  6.276 0.0000000000
65595  37.530  39.082  6.217 0.0000000000
65596  37.472  36.567  7.414 0.0000000000
65597  37.235  37.210  7.317 0.0000000000
65598  37.731  36.883  6.889 0.0000000000
65599  38.646  37.179  5.529 0.0000000000
65600  38.143  37.483  5.864 0.0000000000
65601  38.326  37.748  5.379 0.0000000000
65602  38.141  38.375  5.304 0.0000000000
65603  38.569  38.013  4.953 0.0000000000
65604  38.794  38.262  4.562 0.0000000000
65605  39.056  37.635  4.590 0.0000000000
65606  40.692  36.537  4.367 0.0000000000
65607  40.219  36.992  4.103 0.0000000000
65608  40.882  36.759  3.910 0.0000000000
65609  41.094  36.926  3.500 0.0000000000
65610  41.603  36.493  3.757 0.0000000000
65611  42.305  36.277  3.604 0.0000000000
65612  42.136  36.112  4.078 0.0000000000
65613  43.227  35.269  5.349 0.0000000000
65614  43.343  35.504  4.861 0.0000000000
65615  44.037  35.225  5.271 0.0000000000
65616  44.831  35.214  5.184 0.0000000000
65617  44.669  34.939  5.687 0.0000000000
65618  42.469  34.165  6.998 0.0000000000
65619  42.647  34.402  6.619 0.0000000000
65620  43.282  34.098  6.910 0.0000000000
65621  45.480  33.525  6.659 0.0000000000
65622  44.940  34.016  6.630 0.0000000000
65623  45.714  33.879  6.413 0.0000000000
65624  45.917  34.268  6.112 0.0000000000
65625  46.441  33.797  6.135 0.0000000000
65626  47.188  33.632  5.826 0.0000000000
65627  46.999  33.248  6.014 0.0000000000
65628  48.079  31.827  6.455 0.0000000000
65629  48.228  32.101  6.107 0.0000000000
65630  48.876  31.580  6.272 0.0000000000
65631  49.624  31.309  6.040 0.0000000000
70897  37.536  33.146  10.515 0.0000000000
70898  38.030  32.754  10.816 0.0000000000
70899  37.312  32.782  11.177 0.0000000000
70900  36.613  32.288  13.030 0.0000000000
70901  37.074  32.108  12.519 0.0000000000
70902  37.043  31.809  13.213 0.0000000000
71016  36.184  39.012  9.681 0.0000000000
71017  35.998  38.671  10.189 0.0000000000
71024  35.670  37.127  10.127 0.0000000000
71025  35.634  36.365  10.163 0.0000000000
71026  35.927  36.033  9.692 0.0000000000
71027  35.741  35.608  10.169 0.0000000000
71028  36.329  33.845  10.811 0.0000000000
71029  36.329  34.260  10.278 0.0000000000
71030  36.840  33.648  10.393 0.0000000000
71031  37.551  33.539  10.071 0.0000000000
76995  50.524  30.216  7.343 0.0000000000
76996  51.176  29.973  7.073 0.0000000000
76997  50.848  29.899  7.536 0.0000000000
76999  51.489  29.130  8.145 0.0000000000
77040  39.006  32.064  11.478 0.0000000000
77041  39.776  32.142  11.224 0.0000000000
77042  39.552  31.757  11.736 0.0000000000
77043  40.242  30.720  12.691 0.0000000000
77044  40.525  31.117  12.166 0.0000000000
77045  40.941  30.713  12.424 0.0000000000
77328  49.745  35.023  -0.369 0.0000000000
77329  49.865  35.303  -0.810 0.0000000000
77330  50.427  34.771  -0.626 0.0000000000
77331  50.957  34.454  -0.931 0.0000000000
77332  50.904  34.226  -0.477 0.0000000000
77333  43.750  36.026  3.261 0.0000000000
77334  43.843  36.119  2.734 0.0000000000
77335  44.466  35.886  3.125 0.0000000000
77336  46.533  35.357  3.182 0.0000000000
77337  45.844  35.507  2.794 0.0000000000
77338  46.568  35.240  2.607 0.0000000000
77339  46.603  35.225  2.024 0.0000000000
77340  47.278  35.017  2.384 0.0000000000
77341  49.196  34.024  4.503 0.0000000000
77342  48.514  34.644  4.263 0.0000000000
77343  49.262  34.224  3.951 0.0000000000
77344  50.078  33.907  2.386 0.0000000000
77345  49.374  34.251  2.734 0.0000000000
77346  49.414  34.223  2.136 0.0000000000
77347  48.764  34.480  1.862 0.0000000000
77348  49.470  34.206  1.554 0.0000000000
77349  49.522  34.271  0.986 0.0000000000
77350  50.180  33.938  1.262 0.0000000000
77351  51.857  32.605  0.866 0.0000000000
77352  51.413  33.212  0.733 0.0000000000
77353  51.799  32.762  0.393 0.0000000000
77354  51.786  32.936  -0.110 0.0000000000
77355  52.054  32.274  0.060 0.0000000000
77356  52.215  31.742  -0.271 0.0000000000
77357  52.259  31.646  0.231 0.0000000000
77363  52.809  29.912  2.957 0.0000000000
77364  52.776  29.972  2.525 0.0000000000
92587  42.005  33.054  8.962 0.0000000000
92588  42.489  32.759  9.207 0.0000000000
92589  41.768  32.764  9.462 0.0000000000
92590  41.513  32.447  10.041 0.0000000000
92591  41.325  32.157  10.611 0.0000000000
92606  37.605  34.290  9.080 0.0000000000
92607  37.733  34.663  8.555 0.0000000000
92608  38.365  34.155  8.740 0.0000000000
92609  39.170  34.101  8.442 0.0000000000
92610  39.922  34.032  8.214 0.0000000000
92611  40.687  33.948  8.052 0.0000000000
92612  40.606  33.680  8.526 0.0000000000
92613  41.308  33.354  8.773 0.0000000000
94127  51.009  34.788  -1.819 0.0000000000
94128  50.945  34.964  -2.346 0.0000000000
94129  51.280  34.319  -2.154 0.0000000000
94130  51.449  33.814  -2.448 0.0000000000
94882  52.799  29.561  5.134 0.0000000000
94883  52.985  29.178  5.476 0.0000000000
94884  52.673  29.493  5.637 0.0000000000
94885  52.558  29.405  6.127 0.0000000000
94886  52.357  29.378  6.654 0.0000000000
94942  40.317  38.061  3.254 0.0000000000
94943  40.071  38.688  3.293 0.0000000000
94944  40.574  38.351  2.968 0.0000000000
94945  40.868  38.697  2.685 0.0000000000
94948  41.597  38.658  2.091 0.0000000000
94951  43.143  37.829  1.222 0.0000000000
94952  42.981  37.461  1.490 0.0000000000
94953  43.463  36.951  1.577 0.0000000000
94954  44.001  36.461  1.796 0.0000000000
94955  49.899  31.785  5.215 0.0000000000
94956  50.021  32.095  4.895 0.0000000000
94957  50.550  31.459  4.897 0.0000000000
94958  51.217  31.192  4.709 0.0000000000
94959  51.824  30.861  4.489 0.0000000000
94960  52.258  30.469  4.205 0.0000000000
94961  52.228  30.359  4.636 0.0000000000
94962  52.541  29.960  4.862 0.0000000000
99202  47.956  31.677  6.906 0.0000000000
99203  48.407  31.396  7.240 0.0000000000
99204  47.651  31.594  7.449 0.0000000000
99205  47.328  31.457  8.018 0.0000000000
99206  47.007  31.381  8.636 0.0000000000
99207  44.331  31.509  10.432 0.0000000000
99208  45.005  31.391  10.170 0.0000000000
99209  44.837  31.254  10.673 0.0000000000
99210  45.259  30.909  10.916 0.0000000000
99211  45.631  30.479  11.153 0.0000000000
99257  36.587  39.657  8.646 0.0000000000
99258  36.834  39.936  8.106 0.0000000000
99259  36.660  39.256  8.155 0.0000000000
99260  36.848  38.878  7.674 0.0000000000
99261  37.065  38.513  7.186 0.0000000000
99262  38.589  35.975  6.679 0.0000000000
99263  38.238  36.564  6.528 0.0000000000
99264  38.778  36.302  6.223 0.0000000000
99265  39.011  36.619  5.718 0.0000000000
99266  39.185  36.850  5.226 0.0000000000
99267  39.376  37.062  4.744 0.0000000000
99268  39.805  36.575  5.021 0.0000000000
99269  40.497  36.324  4.848 0.0000000000
99270  41.234  36.120  4.693 0.0000000000
99271  41.935  35.944  4.554 0.0000000000
99272  41.808  35.729  5.067 0.0000000000
99273  42.442  35.337  5.434 0.0000000000
99274  43.068  34.965  5.797 0.0000000000
99275  43.794  33.425  7.455 0.0000000000
99276  43.932  33.733  7.122 0.0000000000
99277  44.531  33.276  7.212 0.0000000000
99278  45.251  33.195  6.893 0.0000000000
99279  46.010  33.085  6.560 0.0000000000
99280  46.820  32.926  6.283 0.0000000000
99281  46.644  32.542  6.603 0.0000000000
99282  47.307  32.070  6.706 0.0000000000
102442  36.335  33.435  11.326 0.0000000000
102443  36.697  32.898  11.607 0.0000000000
102444  36.222  33.104  12.086 0.0000000000
102445  36.211  32.804  12.837 0.0000000000
102446  36.244  32.555  13.577 0.0000000000
102519  35.366  35.557  11.271 0.0000000000
102520  35.605  35.227  10.704 0.0000000000
102521  35.544  34.806  11.284 0.0000000000
102522  35.873  34.064  11.305 0.0000000000
106101  49.787  30.084  8.268 0.0000000000
106102  50.489  29.801  8.039 0.0000000000
106103  50.156  29.637  8.574 0.0000000000
106104  50.488  29.167  8.912 0.0000000000
106128  38.660  31.304  12.634 0.0000000000
106129  39.341  31.361  12.266 0.0000000000
106130  39.175  31.014  12.830 0.0000000000
106295  45.560  36.805  0.184 0.0000000000
106297  46.252  36.613  -0.048 0.0000000000
106300  48.403  36.080  -0.773 0.0000000000
106301  48.284  35.709  -0.352 0.0000000000
106302  48.938  35.264  -0.144 0.0000000000
106303  49.628  34.758  0.025 0.0000000000
106304  45.008  35.629  4.085 0.0000000000
106305  45.090  35.702  3.560 0.0000000000
106306  45.790  35.513  3.937 0.0000000000
106307  46.507  35.371  3.759 0.0000000000
106308  47.197  35.181  3.586 0.0000000000
106309  50.526  33.161  3.674 0.0000000000
106310  49.990  33.783  3.602 0.0000000000
106311  50.661  33.330  3.193 0.0000000000
106312  50.712  33.407  2.649 0.0000000000
106313  50.747  33.459  2.045 0.0000000000
106314  50.804  33.521  1.464 0.0000000000
106315  51.347  32.979  1.683 0.0000000000
106316  51.814  32.503  1.346 0.0000000000
106317  52.132  32.030  1.008 0.0000000000
106318  52.312  31.543  0.695 0.0000000000
106319  52.305  31.469  1.191 0.0000000000
106320  52.457  30.878  1.407 0.0000000000
106321  52.620  30.249  1.598 0.0000000000
116197  44.780  32.355  7.981 0.0000000000
116198  45.253  32.020  8.198 0.0000000000
116199  44.539  32.262  8.433 0.0000000000
116200  44.312  32.144  8.944 0.0000000000
116201  44.063  31.997  9.499 0.0000000000
116202  42.952  32.438  9.411 0.0000000000
116203  43.395  32.131  9.703 0.0000000000
116204  43.838  31.838  10.032 0.0000000000
116205  43.672  31.617  10.649 0.0000000000
116206  43.529  31.308  11.200 0.0000000000
116207  43.341  30.910  11.710 0.0000000000
116240  36.356  36.860  8.795 0.0000000000
116241  36.567  37.225  8.301 0.0000000000
116242  36.756  36.526  8.360 0.0000000000
116243  37.217  36.241  7.915 0.0000000000
116244  37.765  35.946  7.494 0.0000000000
116245  37.909  35.026  8.040 0.0000000000
116246  38.142  35.353  7.570 0.0000000000
116247  38.380  35.666  7.099 0.0000000000
116248  39.038  35.411  6.810 0.0000000000
116249  39.732  35.193  6.624 0.0000000000
116250  40.456  35.008  6.525 0.0000000000
116251  41.258  34.871  6.415 0.0000000000
116252  41.097  34.639  6.765 0.0000000000
116253  41.700  34.281  7.074 0.0000000000
116254  42.335  33.936  7.397 0.0000000000
116255  41.454  33.842  7.905 0.0000000000
116256  42.213  33.726  7.807 0.0000000000
116257  43.017  33.585  7.642 0.0000000000
116258  43.682  33.186  7.784 0.0000000000
116259  44.244  32.709  7.872 0.0000000000
118718  35.540  34.025  13.837 0.0000000000
119794  50.901  35.015  -2.892 0.0000000000
121557  53.218  28.707  5.810 0.0000000000
121558  53.424  28.243  6.099 0.0000000000
121561  53.565  27.829  7.457 0.0000000000
121690  38.663  39.553  4.701 0.0000000000
121691  38.753  40.225  4.883 0.0000000000
121692  39.024  39.820  4.392 0.0000000000
121693  39.375  40.081  4.149 0.0000000000
121695  39.956  39.342  3.370 0.0000000000
121696  39.923  39.968  3.461 0.0000000000
121715  43.674  37.558  0.935 0.0000000000
121718  45.428  36.502  0.528 0.0000000000
121719  46.040  35.999  0.687 0.0000000000
121720  46.663  35.492  0.952 0.0000000000
121721  47.543  34.321  5.377 0.0000000000
121722  47.646  34.664  5.020 0.0000000000
121723  48.373  34.036  5.153 0.0000000000
121724  49.093  33.709  4.822 0.0000000000
121725  49.770  33.340  4.449 0.0000000000
121726  50.141  32.348  4.578 0.0000000000
121727  50.281  32.630  4.327 0.0000000000
121728  50.416  32.934  4.057 0.0000000000
121729  50.980  32.476  3.675 0.0000000000
121730  51.447  31.982  3.312 0.0000000000
121731  51.916  31.519  2.971 0.0000000000
121732  52.285  31.087  2.648 0.0000000000
121733  52.306  30.903  3.114 0.0000000000
121734  52.599  30.312  3.199 0.0000000000
121735  52.814  29.844  3.398 0.0000000000
121736  52.564  30.117  3.973 0.0000000000
121737  52.803  29.744  3.765 0.0000000000
121738  52.953  29.359  3.609 0.0000000000
129752  51.948  32.167  -1.084 0.0000000000
129753  51.815  32.304  -1.548 0.0000000000
129754  51.819  31.560  -1.318 0.0000000000
129755  51.543  31.004  -1.434 0.0000000000
131347  50.850  30.745  5.955 0.0000000000
131348  51.176  30.420  6.264 0.0000000000
131349  50.535  30.651  6.486 0.0000000000
131350  50.193  30.542  7.074 0.0000000000
131351  49.835  30.475  7.600 0.0000000000
131352  48.777  31.089  7.575 0.0000000000
131353  49.114  30.766  7.830 0.0000000000
131354  49.454  30.422  8.053 0.0000000000
131355  49.143  30.287  8.567 0.0000000000
131356  48.844  30.131  9.106 0.0000000000
131357  48.543  29.908  9.632 0.0000000000
131358  45.748  31.737  8.484 0.0000000000
131359  46.208  31.521  8.832 0.0000000000
131360  46.695  31.270  9.210 0.0000000000
131361  45.700  31.273  9.942 0.0000000000
131362  46.410  31.149  9.729 0.0000000000
131363  47.168  30.945  9.481 0.0000000000
131364  47.597  30.574  9.705 0.0000000000
131365  47.898  30.217  9.961 0.0000000000
131366  48.230  29.660  10.171 0.0000000000
131367  47.856  29.366  10.661 0.0000000000
131471  37.869  40.054  5.910 0.0000000000
131472  38.065  39.642  5.495 0.0000000000
131473  36.832  37.539  7.778 0.0000000000
131474  37.116  37.847  7.238 0.0000000000
131475  37.362  38.144  6.708 0.0000000000
131476  37.957  37.174  6.361 0.0000000000
131477  37.699  37.823  6.250 0.0000000000
131478  37.596  38.426  6.202 0.0000000000
131479  37.823  38.713  5.759 0.0000000000
131480  38.040  38.992  5.397 0.0000000000
131481  38.341  39.259  5.047 0.0000000000
131482  38.684  38.881  4.612 0.0000000000
131483  39.101  38.492  4.216 0.0000000000
131484  39.569  38.126  3.863 0.0000000000
131485  39.613  37.282  4.321 0.0000000000
131486  39.820  37.504  3.933 0.0000000000
131487  40.074  37.792  3.587 0.0000000000
131488  40.635  37.426  3.333 0.0000000000
131489  41.298  37.146  3.096 0.0000000000
131490  41.974  36.914  2.854 0.0000000000
131491  42.591  36.694  2.630 0.0000000000
131492  42.478  36.479  3.106 0.0000000000
131493  43.033  36.141  3.422 0.0000000000
131494  43.630  35.909  3.786 0.0000000000
131495  42.722  35.770  4.445 0.0000000000
131496  43.492  35.699  4.340 0.0000000000
131497  44.233  35.724  4.211 0.0000000000
131498  44.934  35.463  4.629 0.0000000000
131499  45.594  35.170  5.053 0.0000000000
131500  46.214  34.851  5.411 0.0000000000
131501  42.064  34.730  6.304 0.0000000000
131502  42.865  34.662  6.226 0.0000000000
131503  43.659  34.644  6.181 0.0000000000
131504  44.117  34.094  6.807 0.0000000000
131505  44.298  34.361  6.471 0.0000000000
131506  44.461  34.634  6.140 0.0000000000
131507  45.305  34.633  5.978 0.0000000000
131508  46.085  34.583  5.790 0.0000000000
131509  46.814  34.485  5.634 0.0000000000
131510  47.359  34.041  5.652 0.0000000000
131511  47.963  33.380  5.547 0.0000000000
131512  48.571  32.695  5.456 0.0000000000
131513  47.584  32.666  6.017 0.0000000000
131514  48.363  32.377  5.709 0.0000000000
131515  49.183  32.086  5.487 0.0000000000
131516  49.782  31.561  5.616 0.0000000000
131517  50.315  31.090  5.744 0.0000000000
138172  38.992  33.109  10.046 0.0000000000
138173  39.499  32.763  10.385 0.0000000000
138174  38.745  32.754  10.592 0.0000000000
138175  38.514  32.396  11.151 0.0000000000
138176  38.319  31.979  11.708 0.0000000000
138177  37.165  32.434  11.846 0.0000000000
138178  37.655  32.015  12.091 0.0000000000
138179  38.149  31.632  12.365 0.0000000000
138180  38.055  31.355  12.970 0.0000000000
138183  35.754  33.405  14.053 0.0000000000
138317  36.343  39.353  9.179 0.0000000000
138318  36.154  38.622  9.186 0.0000000000
138319  35.980  37.899  9.185 0.0000000000
138325  35.874  38.231  10.723 0.0000000000
138326  35.738  37.874  10.195 0.0000000000
138327  35.835  37.525  9.671 0.0000000000
138328  36.020  37.181  9.198 0.0000000000
138329  36.142  36.449  9.209 0.0000000000
138330  36.306  35.749  9.246 0.0000000000
138331  36.558  35.074  9.313 0.0000000000
138332  35.981  34.906  10.184 0.0000000000
138333  36.426  34.638  9.789 0.0000000000
138334  36.962  34.411  9.422 0.0000000000
138335  37.554  33.877  9.586 0.0000000000
138336  38.279  33.483  9.786 0.0000000000
141007  51.666  32.414  -2.011 0.0000000000
145611  51.492  30.069  6.571 0.0000000000
145612  51.785  29.707  6.864 0.0000000000
145613  52.092  29.261  7.165 0.0000000000
145614  51.169  29.508  7.812 0.0000000000
145615  51.806  29.187  7.650 0.0000000000
145616  52.386  28.897  7.466 0.0000000000
145617  52.659  28.535  7.769 0.0000000000
145665  40.067  32.439  10.699 0.0000000000
145666  40.598  32.150  10.925 0.0000000000
145667  41.069  31.856  11.184 0.0000000000
145668  40.057  31.457  11.947 0.0000000000
145669  40.788  31.568  11.707 0.0000000000
145670  41.563  31.549  11.434 0.0000000000
145671  42.066  31.221  11.682 0.0000000000
146011  49.978  35.903  -1.654 0.0000000000
146012  49.194  35.875  -1.011 0.0000000000
146013  49.947  35.597  -1.244 0.0000000000
146014  50.545  35.257  -1.510 0.0000000000
146015  50.997  34.632  -1.362 0.0000000000
146016  51.352  33.986  -1.216 0.0000000000
146017  51.689  33.276  -1.079 0.0000000000
146018  43.256  36.489  2.428 0.0000000000
146019  43.917  36.234  2.265 0.0000000000
146020  44.588  36.007  2.110 0.0000000000
146021  45.156  35.715  2.973 0.0000000000
146022  45.232  35.713  2.414 0.0000000000
146023  45.272  35.766  1.909 0.0000000000
146024  45.960  35.493  1.681 0.0000000000
146025  46.627  35.291  1.464 0.0000000000
146026  47.362  35.085  1.232 0.0000000000
146027  47.744  34.868  4.512 0.0000000000
146028  47.837  34.956  3.959 0.0000000000
146029  47.928  34.934  3.377 0.0000000000
146030  49.319  34.327  3.351 0.0000000000
146031  48.663  34.628  3.081 0.0000000000
146032  47.975  34.835  2.748 0.0000000000
146033  48.046  34.750  2.120 0.0000000000
146034  48.075  34.754  1.554 0.0000000000
146035  48.126  34.843  1.010 0.0000000000
146036  48.857  34.659  0.753 0.0000000000
146037  49.583  34.442  0.460 0.0000000000
146038  50.324  34.227  0.194 0.0000000000
146039  50.838  33.597  0.968 0.0000000000
146040  50.959  33.729  0.430 0.0000000000
146041  50.907  33.959  -0.062 0.0000000000
146042  51.383  33.578  -0.354 0.0000000000
146043  51.725  33.092  -0.611 0.0000000000
146044  51.902  32.636  -0.863 0.0000000000
146045  52.093  31.930  -0.688 0.0000000000
146046  52.176  31.278  -0.467 0.0000000000
146047  52.165  30.711  -0.182 0.0000000000
146048  52.383  31.058  0.436 0.0000000000
146054  52.569  30.583  2.309 0.0000000000
146055  52.689  30.112  2.074 0.0000000000
