#!ascii label  , from subject fsaverage vox2ras=TkReg
846
140  44.013  -77.009  18.842 0.0000000000
304  38.359  -81.798  26.544 0.0000000000
783  36.051  -78.488  32.303 0.0000000000
1270  42.357  -74.558  23.886 0.0000000000
1272  41.528  -72.038  20.270 0.0000000000
1274  44.194  -74.441  15.164 0.0000000000
1276  39.986  -76.646  14.328 0.0000000000
1699  40.074  -76.957  27.847 0.0000000000
1700  41.411  -78.790  22.505 0.0000000000
1701  40.043  -80.602  17.718 0.0000000000
1702  38.164  -82.357  21.142 0.0000000000
3190  43.360  -75.691  22.132 0.0000000000
3191  42.036  -73.173  22.357 0.0000000000
3192  43.507  -74.614  19.692 0.0000000000
3193  43.134  -73.300  17.824 0.0000000000
3194  44.289  -75.856  16.602 0.0000000000
3195  42.494  -75.607  14.506 0.0000000000
3196  42.515  -77.357  16.122 0.0000000000
3790  37.319  -80.171  29.371 0.0000000000
3791  37.842  -78.098  29.989 0.0000000000
3792  39.680  -79.700  27.580 0.0000000000
3793  41.395  -78.082  25.643 0.0000000000
3794  39.859  -80.394  24.437 0.0000000000
3795  39.652  -80.855  21.634 0.0000000000
3796  38.352  -82.041  23.861 0.0000000000
5272  38.516  -82.117  16.794 0.0000000000
5273  38.472  -80.419  15.341 0.0000000000
5274  37.128  -82.486  14.039 0.0000000000
6018  34.829  -77.148  33.391 0.0000000000
6019  35.465  -78.667  30.343 0.0000000000
6020  36.610  -80.212  27.489 0.0000000000
6021  36.981  -81.131  25.039 0.0000000000
6894  40.821  -72.962  26.243 0.0000000000
6896  41.012  -71.778  24.365 0.0000000000
6897  40.511  -70.702  22.720 0.0000000000
6898  39.855  -69.434  20.901 0.0000000000
6900  40.930  -70.820  18.465 0.0000000000
6901  42.533  -72.063  16.010 0.0000000000
6902  44.424  -73.041  13.970 0.0000000000
6904  42.967  -74.107  13.059 0.0000000000
6905  40.472  -74.788  12.350 0.0000000000
6906  38.356  -76.063  12.059 0.0000000000
7806  41.847  -75.700  25.934 0.0000000000
7807  42.814  -76.864  23.891 0.0000000000
7808  42.887  -78.043  20.969 0.0000000000
7809  42.110  -78.635  18.444 0.0000000000
7810  40.961  -79.835  20.045 0.0000000000
7811  39.239  -81.547  19.238 0.0000000000
7812  37.777  -83.232  18.552 0.0000000000
9658  40.184  -78.590  16.271 0.0000000000
9659  38.149  -78.192  14.025 0.0000000000
9660  36.279  -77.677  11.429 0.0000000000
10870  43.951  -76.381  20.565 0.0000000000
10871  43.525  -75.156  20.882 0.0000000000
10872  44.064  -75.796  19.357 0.0000000000
10873  44.131  -75.140  18.314 0.0000000000
10874  44.199  -76.468  17.608 0.0000000000
10875  43.597  -76.765  16.191 0.0000000000
10876  43.449  -77.419  17.305 0.0000000000
11470  37.961  -81.151  28.058 0.0000000000
11471  38.516  -80.172  28.619 0.0000000000
11472  39.091  -80.902  27.158 0.0000000000
11473  39.913  -80.118  26.239 0.0000000000
11474  39.185  -81.341  25.583 0.0000000000
11475  39.168  -81.371  24.150 0.0000000000
11476  38.372  -81.943  25.123 0.0000000000
12952  37.766  -83.206  16.284 0.0000000000
12953  37.871  -82.398  15.377 0.0000000000
13868  34.999  -76.294  34.940 0.0000000000
13872  35.478  -77.973  29.189 0.0000000000
13873  36.037  -79.356  28.936 0.0000000000
13874  36.019  -78.729  27.621 0.0000000000
13875  36.440  -79.184  26.468 0.0000000000
15330  41.801  -73.737  24.936 0.0000000000
15331  41.121  -72.282  25.275 0.0000000000
15332  41.716  -73.231  24.013 0.0000000000
15333  41.755  -72.591  21.263 0.0000000000
15334  41.208  -72.017  22.341 0.0000000000
15335  40.884  -71.403  21.441 0.0000000000
15336  40.135  -70.105  21.849 0.0000000000
15337  40.667  -70.751  20.584 0.0000000000
15338  40.376  -70.139  19.697 0.0000000000
15339  41.252  -71.422  19.369 0.0000000000
15340  43.965  -73.855  16.535 0.0000000000
15341  42.800  -72.656  16.922 0.0000000000
15342  43.758  -73.208  15.740 0.0000000000
15343  43.662  -72.509  14.934 0.0000000000
15344  44.127  -73.693  14.537 0.0000000000
15345  43.985  -73.786  13.520 0.0000000000
15346  43.584  -74.345  14.126 0.0000000000
15347  41.204  -76.021  14.255 0.0000000000
15348  41.344  -75.148  13.417 0.0000000000
15349  40.116  -75.596  13.351 0.0000000000
15350  39.296  -75.298  12.146 0.0000000000
15351  39.032  -76.306  13.267 0.0000000000
17130  36.005  -77.773  33.741 0.0000000000
17131  36.814  -77.003  34.342 0.0000000000
17132  36.615  -77.609  32.781 0.0000000000
17133  38.896  -77.639  28.819 0.0000000000
17134  37.930  -76.666  30.150 0.0000000000
17135  38.930  -76.220  28.938 0.0000000000
17137  39.918  -75.663  27.866 0.0000000000
17138  40.735  -75.020  27.020 0.0000000000
17139  41.041  -76.314  26.975 0.0000000000
17140  41.421  -78.384  24.252 0.0000000000
17141  42.178  -77.387  24.852 0.0000000000
17142  42.375  -77.954  23.425 0.0000000000
17143  43.041  -77.589  22.491 0.0000000000
17144  42.286  -78.512  21.808 0.0000000000
17145  42.029  -78.895  20.476 0.0000000000
17146  41.252  -79.264  21.196 0.0000000000
17147  38.941  -81.680  21.417 0.0000000000
17148  39.482  -81.172  20.446 0.0000000000
17149  38.825  -81.955  20.137 0.0000000000
17150  38.569  -82.410  18.920 0.0000000000
17151  38.049  -82.670  19.877 0.0000000000
17152  36.553  -80.256  23.965 0.0000000000
21540  39.697  -69.070  17.873 0.0000000000
21577  40.943  -79.625  18.145 0.0000000000
21578  41.250  -78.707  17.289 0.0000000000
21579  40.109  -79.697  16.986 0.0000000000
21580  37.458  -80.279  14.213 0.0000000000
21581  38.293  -79.351  14.721 0.0000000000
21582  37.351  -79.075  13.603 0.0000000000
21583  37.264  -77.917  12.847 0.0000000000
24174  42.934  -75.041  23.130 0.0000000000
24175  42.268  -73.872  23.117 0.0000000000
24176  42.908  -74.445  22.184 0.0000000000
24177  42.636  -73.901  21.074 0.0000000000
24178  42.552  -73.365  19.980 0.0000000000
24179  42.291  -72.777  19.032 0.0000000000
24180  43.371  -73.976  18.738 0.0000000000
24181  44.064  -74.507  17.435 0.0000000000
24182  44.304  -75.201  15.763 0.0000000000
24183  43.507  -75.141  14.743 0.0000000000
24184  43.595  -75.987  15.361 0.0000000000
24185  42.505  -76.478  15.169 0.0000000000
24186  41.320  -77.008  15.164 0.0000000000
25254  36.538  -79.279  30.703 0.0000000000
25255  36.891  -78.398  31.310 0.0000000000
25256  37.636  -79.347  29.820 0.0000000000
25257  38.769  -78.987  28.834 0.0000000000
25258  39.945  -78.353  27.806 0.0000000000
25259  40.913  -77.576  26.877 0.0000000000
25260  40.533  -78.870  26.576 0.0000000000
25261  40.634  -79.176  25.110 0.0000000000
25262  40.524  -79.355  23.427 0.0000000000
25263  40.460  -79.703  21.965 0.0000000000
25264  39.794  -80.488  23.006 0.0000000000
25265  39.068  -81.525  22.729 0.0000000000
25266  38.233  -82.192  22.476 0.0000000000
27922  39.284  -81.336  17.287 0.0000000000
27923  39.343  -80.615  16.500 0.0000000000
27924  38.567  -81.342  15.994 0.0000000000
27925  37.676  -81.391  14.696 0.0000000000
27926  36.749  -81.292  13.487 0.0000000000
29400  35.628  -76.535  36.145 0.0000000000
29401  35.422  -77.303  34.476 0.0000000000
29402  35.342  -78.174  32.960 0.0000000000
29403  34.583  -76.605  32.111 0.0000000000
29404  34.961  -78.049  31.929 0.0000000000
29405  35.595  -78.886  31.386 0.0000000000
29406  36.293  -79.644  29.885 0.0000000000
29407  36.922  -80.554  28.574 0.0000000000
29408  37.397  -81.411  27.229 0.0000000000
29409  37.579  -81.767  25.892 0.0000000000
29410  36.935  -80.666  26.403 0.0000000000
29411  36.642  -79.610  25.278 0.0000000000
31451  41.547  -72.640  23.226 0.0000000000
31452  40.810  -71.216  23.612 0.0000000000
31453  40.246  -69.838  24.055 0.0000000000
31454  39.849  -69.333  23.291 0.0000000000
31455  39.443  -68.781  22.390 0.0000000000
31456  39.097  -68.143  21.481 0.0000000000
31457  38.879  -67.544  20.549 0.0000000000
31458  39.545  -68.833  20.037 0.0000000000
31459  40.037  -69.571  18.806 0.0000000000
31460  40.627  -70.311  17.501 0.0000000000
31461  41.928  -72.072  18.158 0.0000000000
31462  41.602  -71.460  17.230 0.0000000000
31463  41.448  -70.949  16.194 0.0000000000
31469  43.821  -73.791  12.439 0.0000000000
31471  42.637  -74.762  13.761 0.0000000000
33798  37.227  -77.134  31.468 0.0000000000
33805  41.525  -74.362  26.018 0.0000000000
33806  42.278  -75.165  24.865 0.0000000000
33807  41.820  -76.891  26.016 0.0000000000
33808  42.430  -76.326  25.000 0.0000000000
33809  42.745  -75.686  24.022 0.0000000000
33810  43.201  -76.278  22.945 0.0000000000
33811  43.523  -76.994  21.619 0.0000000000
33812  43.641  -77.458  19.952 0.0000000000
33813  43.183  -77.880  18.540 0.0000000000
33814  42.685  -78.362  19.645 0.0000000000
33815  41.621  -79.332  19.283 0.0000000000
33816  40.559  -80.349  18.883 0.0000000000
33817  40.282  -80.297  20.770 0.0000000000
33818  40.042  -80.800  19.632 0.0000000000
33819  39.671  -81.136  18.522 0.0000000000
33820  38.919  -81.908  18.056 0.0000000000
33821  38.184  -82.863  17.614 0.0000000000
33822  37.417  -83.652  17.248 0.0000000000
33823  37.584  -82.003  24.556 0.0000000000
33824  37.470  -82.290  23.299 0.0000000000
33825  37.322  -82.555  22.029 0.0000000000
33828  37.303  -82.806  20.849 0.0000000000
33829  37.080  -83.090  19.554 0.0000000000
39208  42.421  -78.020  17.351 0.0000000000
39209  41.396  -77.851  16.318 0.0000000000
39210  40.130  -77.559  15.334 0.0000000000
39211  39.183  -79.549  15.846 0.0000000000
39212  39.066  -78.378  15.191 0.0000000000
39213  38.924  -77.377  14.270 0.0000000000
39214  38.073  -77.093  13.087 0.0000000000
41590  44.131  -76.648  19.718 0.0000000000
41591  44.126  -76.073  19.973 0.0000000000
41592  44.168  -76.399  19.144 0.0000000000
41593  44.259  -76.104  18.535 0.0000000000
41594  44.143  -76.768  18.200 0.0000000000
41595  43.932  -76.988  17.372 0.0000000000
41596  43.774  -77.231  18.028 0.0000000000
42190  38.204  -81.538  27.276 0.0000000000
42191  38.559  -81.178  27.618 0.0000000000
42192  38.742  -81.442  26.865 0.0000000000
42193  39.235  -81.169  26.408 0.0000000000
42194  38.819  -81.689  26.137 0.0000000000
42195  38.769  -81.732  25.393 0.0000000000
42196  38.384  -81.924  25.874 0.0000000000
43672  37.407  -83.662  16.092 0.0000000000
43673  37.510  -83.352  15.603 0.0000000000
44593  35.764  -78.367  28.447 0.0000000000
46050  42.092  -74.206  24.363 0.0000000000
46051  41.761  -73.463  24.451 0.0000000000
46052  42.030  -73.946  23.923 0.0000000000
46053  41.623  -72.344  20.740 0.0000000000
46054  41.325  -71.993  21.316 0.0000000000
46055  41.181  -71.705  20.864 0.0000000000
46056  40.737  -71.085  21.001 0.0000000000
46057  41.098  -71.374  20.433 0.0000000000
46058  40.961  -71.058  19.944 0.0000000000
46059  41.381  -71.707  19.828 0.0000000000
46060  44.197  -74.175  15.811 0.0000000000
46061  43.864  -73.530  16.126 0.0000000000
46062  44.139  -73.823  15.491 0.0000000000
46063  44.083  -73.491  15.141 0.0000000000
46064  44.126  -74.066  14.862 0.0000000000
46065  43.933  -74.045  14.321 0.0000000000
46066  43.902  -74.470  14.648 0.0000000000
46067  40.592  -76.298  14.251 0.0000000000
46068  40.586  -75.798  13.832 0.0000000000
46069  40.052  -76.087  13.836 0.0000000000
46070  39.580  -75.899  13.319 0.0000000000
46071  39.492  -76.462  13.819 0.0000000000
47850  35.996  -78.171  33.011 0.0000000000
47851  36.336  -77.748  33.297 0.0000000000
47852  36.337  -78.092  32.593 0.0000000000
47853  39.535  -77.307  28.315 0.0000000000
47854  38.922  -76.941  28.858 0.0000000000
47855  39.550  -76.649  28.335 0.0000000000
47856  39.475  -75.943  28.375 0.0000000000
47857  40.049  -76.312  27.870 0.0000000000
47858  40.459  -75.987  27.416 0.0000000000
47859  40.542  -76.611  27.427 0.0000000000
47860  41.427  -78.547  23.402 0.0000000000
47861  41.904  -78.144  23.878 0.0000000000
47862  41.932  -78.374  23.000 0.0000000000
47863  42.410  -78.278  22.630 0.0000000000
47864  41.874  -78.674  22.142 0.0000000000
47865  41.777  -78.877  21.499 0.0000000000
47866  41.357  -79.039  21.826 0.0000000000
47867  38.555  -82.044  21.284 0.0000000000
47868  38.868  -81.814  20.763 0.0000000000
47869  38.486  -82.192  20.654 0.0000000000
47870  38.446  -82.331  20.039 0.0000000000
47871  38.084  -82.530  20.500 0.0000000000
52260  40.076  -69.414  17.168 0.0000000000
52297  40.459  -80.139  17.939 0.0000000000
52298  40.541  -79.712  17.534 0.0000000000
52299  40.104  -80.221  17.345 0.0000000000
52300  37.015  -80.178  13.636 0.0000000000
52301  37.411  -79.688  13.925 0.0000000000
55650  43.175  -75.390  22.647 0.0000000000
55651  42.941  -74.721  22.702 0.0000000000
55652  43.173  -75.094  22.184 0.0000000000
55653  43.592  -74.851  20.261 0.0000000000
55654  43.159  -74.548  20.968 0.0000000000
55655  43.067  -74.244  20.404 0.0000000000
55656  42.551  -73.621  20.499 0.0000000000
55657  43.029  -73.973  19.837 0.0000000000
55658  42.952  -73.685  19.343 0.0000000000
55659  43.429  -74.280  19.199 0.0000000000
55660  44.336  -75.492  17.532 0.0000000000
55661  44.094  -74.835  17.864 0.0000000000
55662  44.324  -75.200  17.022 0.0000000000
55663  44.280  -74.872  16.586 0.0000000000
55664  44.288  -75.525  16.175 0.0000000000
55665  44.017  -75.647  15.538 0.0000000000
55666  44.068  -76.005  15.897 0.0000000000
55667  43.051  -77.084  16.076 0.0000000000
55668  43.092  -76.679  15.645 0.0000000000
55669  42.529  -76.950  15.615 0.0000000000
55670  41.907  -76.742  15.126 0.0000000000
55671  41.954  -77.295  15.645 0.0000000000
57450  36.972  -79.768  29.997 0.0000000000
57451  37.083  -79.343  30.305 0.0000000000
57452  37.516  -79.811  29.649 0.0000000000
57453  39.124  -79.991  28.122 0.0000000000
57454  38.645  -79.608  28.799 0.0000000000
57455  39.283  -79.383  28.261 0.0000000000
57456  39.381  -78.707  28.336 0.0000000000
57457  39.821  -79.076  27.714 0.0000000000
57458  40.319  -78.696  27.174 0.0000000000
57459  40.122  -79.315  27.032 0.0000000000
57460  39.890  -80.299  25.360 0.0000000000
57461  40.255  -79.652  25.637 0.0000000000
57462  40.204  -79.809  24.810 0.0000000000
57463  40.596  -79.284  24.284 0.0000000000
57464  40.181  -79.870  23.913 0.0000000000
57465  40.155  -79.922  23.175 0.0000000000
57466  39.835  -80.433  23.712 0.0000000000
57467  38.764  -81.776  23.962 0.0000000000
57468  39.110  -81.424  23.430 0.0000000000
57469  38.711  -81.817  23.290 0.0000000000
57470  38.661  -81.883  22.620 0.0000000000
57471  38.299  -82.116  23.191 0.0000000000
61897  38.899  -81.681  17.056 0.0000000000
61898  38.976  -81.341  16.667 0.0000000000
61899  38.555  -81.702  16.376 0.0000000000
61900  37.505  -82.456  14.686 0.0000000000
61901  37.782  -81.905  14.981 0.0000000000
61902  37.358  -81.927  14.318 0.0000000000
61903  37.232  -81.366  14.100 0.0000000000
61904  36.926  -81.901  13.770 0.0000000000
64644  35.337  -76.128  36.500 0.0000000000
64645  34.855  -76.685  34.138 0.0000000000
64646  35.160  -76.849  34.734 0.0000000000
64647  35.087  -77.247  33.985 0.0000000000
64648  35.347  -77.738  33.723 0.0000000000
64649  35.047  -77.749  33.219 0.0000000000
64653  35.156  -78.031  30.502 0.0000000000
64654  34.926  -77.759  31.273 0.0000000000
64655  35.169  -78.331  31.122 0.0000000000
64656  35.231  -78.504  31.718 0.0000000000
64657  35.504  -78.829  30.878 0.0000000000
64658  35.930  -79.233  30.599 0.0000000000
64659  35.846  -79.184  30.131 0.0000000000
64660  36.351  -79.826  28.177 0.0000000000
64661  36.462  -79.985  28.733 0.0000000000
64662  36.715  -80.462  28.071 0.0000000000
64663  37.169  -80.992  27.899 0.0000000000
64664  36.959  -80.838  27.400 0.0000000000
64665  37.131  -81.121  26.878 0.0000000000
64666  36.798  -80.521  26.970 0.0000000000
64667  36.327  -78.605  25.873 0.0000000000
64668  36.585  -79.421  25.976 0.0000000000
69033  41.097  -72.025  24.786 0.0000000000
69035  40.814  -71.319  25.015 0.0000000000
69037  40.755  -71.062  24.654 0.0000000000
69038  42.166  -73.539  22.724 0.0000000000
69039  41.889  -73.299  23.083 0.0000000000
69040  41.795  -72.932  22.742 0.0000000000
69041  40.855  -71.381  22.498 0.0000000000
69042  40.965  -71.683  22.975 0.0000000000
69043  40.691  -70.925  23.149 0.0000000000
69044  40.528  -70.493  23.813 0.0000000000
69045  40.347  -70.254  23.391 0.0000000000
69046  40.049  -69.602  23.668 0.0000000000
69047  40.140  -70.024  22.994 0.0000000000
69048  39.999  -69.760  21.394 0.0000000000
69049  39.780  -69.416  22.128 0.0000000000
69050  39.606  -69.109  21.654 0.0000000000
69051  39.245  -68.492  21.942 0.0000000000
69052  39.403  -68.789  21.230 0.0000000000
69053  39.317  -68.466  20.741 0.0000000000
69054  39.699  -69.124  20.471 0.0000000000
69055  40.664  -70.482  19.111 0.0000000000
69056  40.215  -69.859  19.282 0.0000000000
69057  40.485  -70.246  18.648 0.0000000000
69058  40.312  -69.957  18.160 0.0000000000
69059  40.764  -70.567  17.999 0.0000000000
69060  42.708  -73.055  18.416 0.0000000000
69061  42.123  -72.469  18.597 0.0000000000
69062  42.493  -72.688  17.997 0.0000000000
69063  42.681  -72.392  16.450 0.0000000000
69064  42.186  -72.067  17.107 0.0000000000
69065  42.056  -71.808  16.613 0.0000000000
69066  41.517  -71.270  16.696 0.0000000000
69067  41.957  -71.517  16.131 0.0000000000
69069  42.436  -71.749  15.590 0.0000000000
69070  44.197  -72.762  14.477 0.0000000000
69074  44.676  -72.741  13.752 0.0000000000
69076  44.578  -73.242  13.529 0.0000000000
69077  43.523  -73.937  13.297 0.0000000000
69078  43.850  -73.727  12.977 0.0000000000
69079  43.377  -73.909  12.719 0.0000000000
69082  43.038  -75.395  14.608 0.0000000000
69083  43.073  -74.939  14.243 0.0000000000
69084  42.521  -75.177  14.114 0.0000000000
69085  40.869  -74.928  12.906 0.0000000000
69086  41.517  -74.758  13.039 0.0000000000
69092  38.847  -75.639  12.127 0.0000000000
69093  39.070  -75.243  11.558 0.0000000000
74438  37.340  -78.231  30.626 0.0000000000
74439  37.044  -77.764  31.342 0.0000000000
74440  37.497  -77.547  30.677 0.0000000000
74455  41.351  -75.349  26.446 0.0000000000
74456  41.185  -74.694  26.514 0.0000000000
74457  41.739  -75.040  25.929 0.0000000000
74458  42.052  -74.711  25.403 0.0000000000
74459  42.141  -75.433  25.389 0.0000000000
74460  41.233  -77.872  26.269 0.0000000000
74461  41.390  -77.218  26.463 0.0000000000
74462  41.663  -77.513  25.854 0.0000000000
74463  42.528  -77.124  24.371 0.0000000000
74464  42.396  -76.861  24.961 0.0000000000
74465  42.629  -76.572  24.476 0.0000000000
74466  42.615  -76.017  24.503 0.0000000000
74467  42.824  -76.268  24.035 0.0000000000
74468  43.017  -75.943  23.535 0.0000000000
74469  43.044  -76.599  23.387 0.0000000000
74470  43.003  -77.864  21.704 0.0000000000
74471  43.262  -77.292  22.044 0.0000000000
74472  43.267  -77.606  21.264 0.0000000000
74473  43.621  -77.255  20.792 0.0000000000
74474  43.270  -77.754  20.498 0.0000000000
74475  43.180  -77.916  19.793 0.0000000000
74476  42.826  -78.195  20.316 0.0000000000
74477  41.506  -79.320  20.218 0.0000000000
74478  41.842  -79.111  19.851 0.0000000000
74479  41.297  -79.616  19.655 0.0000000000
74480  41.054  -79.861  19.093 0.0000000000
74481  40.751  -80.151  19.479 0.0000000000
74482  40.036  -80.310  21.781 0.0000000000
74483  40.371  -80.015  21.347 0.0000000000
74484  39.944  -80.591  21.174 0.0000000000
74485  39.382  -81.342  19.845 0.0000000000
74486  39.757  -80.959  20.039 0.0000000000
74487  39.620  -81.117  19.484 0.0000000000
74488  39.881  -80.980  19.066 0.0000000000
74489  39.473  -81.339  18.876 0.0000000000
74490  39.288  -81.488  18.289 0.0000000000
74491  39.088  -81.760  18.634 0.0000000000
74492  38.195  -82.878  18.702 0.0000000000
74493  38.367  -82.652  18.258 0.0000000000
74494  38.007  -83.098  18.070 0.0000000000
74495  37.839  -83.304  17.435 0.0000000000
74496  37.609  -83.478  17.905 0.0000000000
74497  37.256  -81.480  25.486 0.0000000000
74498  37.613  -81.913  25.141 0.0000000000
74499  37.238  -81.645  24.854 0.0000000000
74501  37.076  -82.009  23.613 0.0000000000
74502  36.980  -82.220  22.978 0.0000000000
74503  37.384  -82.433  22.660 0.0000000000
74512  36.848  -82.820  20.629 0.0000000000
74513  37.209  -82.971  20.267 0.0000000000
74514  36.733  -82.892  19.954 0.0000000000
87660  39.057  -67.875  19.830 0.0000000000
87661  38.763  -67.226  20.100 0.0000000000
87772  42.663  -78.249  18.492 0.0000000000
87773  42.818  -78.017  17.913 0.0000000000
87774  42.292  -78.300  17.924 0.0000000000
87775  40.715  -78.680  16.760 0.0000000000
87776  41.334  -78.281  16.833 0.0000000000
87777  40.753  -78.175  16.334 0.0000000000
87778  40.771  -77.721  15.789 0.0000000000
87779  40.164  -78.059  15.825 0.0000000000
87780  38.949  -80.540  15.898 0.0000000000
87781  39.281  -80.132  16.151 0.0000000000
87782  38.837  -80.041  15.633 0.0000000000
87783  38.223  -78.734  14.431 0.0000000000
87784  38.658  -78.857  14.976 0.0000000000
87785  38.590  -78.302  14.572 0.0000000000
87786  38.940  -77.834  14.756 0.0000000000
87787  38.509  -77.773  14.165 0.0000000000
87788  38.471  -77.247  13.695 0.0000000000
87789  38.092  -77.642  13.584 0.0000000000
87790  36.768  -77.798  12.150 0.0000000000
87791  37.228  -77.367  12.332 0.0000000000
93294  43.674  -76.038  21.391 0.0000000000
93295  43.442  -75.460  21.542 0.0000000000
93296  43.795  -75.766  20.763 0.0000000000
93297  43.885  -75.448  20.123 0.0000000000
93298  43.827  -75.217  19.525 0.0000000000
93299  43.830  -74.866  19.007 0.0000000000
93300  44.114  -75.480  18.810 0.0000000000
93301  44.285  -75.804  17.979 0.0000000000
93302  44.315  -76.219  17.071 0.0000000000
93303  44.023  -76.351  16.355 0.0000000000
93304  44.002  -76.687  16.855 0.0000000000
93305  43.529  -77.109  16.684 0.0000000000
93306  43.008  -77.436  16.626 0.0000000000
94374  37.648  -80.628  28.763 0.0000000000
94375  37.923  -80.240  29.068 0.0000000000
94376  38.284  -80.707  28.378 0.0000000000
94377  38.868  -80.560  27.929 0.0000000000
94378  39.403  -80.267  27.411 0.0000000000
94379  39.865  -79.904  26.872 0.0000000000
94380  39.559  -80.525  26.666 0.0000000000
94381  39.592  -80.774  25.898 0.0000000000
94382  39.554  -80.886  24.990 0.0000000000
94383  39.526  -80.903  24.280 0.0000000000
94384  39.160  -81.380  24.867 0.0000000000
94385  38.765  -81.723  24.654 0.0000000000
94386  38.376  -81.973  24.451 0.0000000000
97007  39.251  -67.694  23.408 0.0000000000
97042  38.142  -82.667  16.495 0.0000000000
97043  38.209  -82.248  16.090 0.0000000000
97044  37.859  -82.818  15.826 0.0000000000
97045  37.567  -82.932  15.126 0.0000000000
98693  34.659  -76.501  33.509 0.0000000000
98697  35.191  -77.674  29.937 0.0000000000
98698  35.440  -78.337  29.811 0.0000000000
98699  35.767  -78.991  29.635 0.0000000000
98700  35.716  -78.679  29.088 0.0000000000
98701  36.016  -79.114  28.329 0.0000000000
98702  36.295  -79.508  27.526 0.0000000000
98703  36.516  -79.756  26.996 0.0000000000
98704  36.249  -78.939  26.989 0.0000000000
101322  41.375  -73.362  25.592 0.0000000000
101323  41.047  -72.640  25.707 0.0000000000
101324  41.414  -72.986  25.035 0.0000000000
101325  41.419  -72.739  24.596 0.0000000000
101326  41.345  -72.526  24.118 0.0000000000
101327  41.924  -72.867  21.810 0.0000000000
101328  41.677  -72.561  22.266 0.0000000000
101329  41.512  -72.240  21.825 0.0000000000
101330  41.067  -71.688  21.856 0.0000000000
101331  40.677  -71.096  22.080 0.0000000000
101332  40.305  -70.448  22.263 0.0000000000
101333  40.484  -70.774  21.625 0.0000000000
101334  40.354  -70.447  21.198 0.0000000000
101335  40.226  -70.121  20.740 0.0000000000
101336  40.090  -69.801  20.270 0.0000000000
101337  40.512  -70.445  20.121 0.0000000000
101338  40.805  -70.770  19.524 0.0000000000
101339  41.085  -71.122  18.935 0.0000000000
101340  43.555  -73.565  17.203 0.0000000000
101341  42.961  -72.956  17.362 0.0000000000
101342  43.413  -73.228  16.731 0.0000000000
101343  43.307  -72.953  16.329 0.0000000000
101344  43.174  -72.620  15.877 0.0000000000
101345  43.066  -72.272  15.436 0.0000000000
101346  43.701  -72.842  15.355 0.0000000000
101347  44.071  -73.120  14.777 0.0000000000
101348  44.264  -73.386  14.232 0.0000000000
101349  44.299  -73.498  13.751 0.0000000000
101350  44.058  -73.746  14.026 0.0000000000
101351  43.724  -74.010  13.819 0.0000000000
101352  43.301  -74.222  13.614 0.0000000000
101353  41.835  -75.811  14.354 0.0000000000
101354  41.893  -75.389  13.959 0.0000000000
101355  41.226  -75.587  13.833 0.0000000000
101356  40.710  -75.354  13.376 0.0000000000
101357  40.275  -75.136  12.872 0.0000000000
101358  39.868  -75.024  12.258 0.0000000000
101359  39.670  -75.425  12.791 0.0000000000
101360  39.128  -75.752  12.722 0.0000000000
101361  38.647  -76.133  12.665 0.0000000000
104562  36.126  -77.450  34.514 0.0000000000
104564  36.436  -77.449  34.053 0.0000000000
104565  36.666  -77.268  33.549 0.0000000000
104567  38.346  -77.905  29.389 0.0000000000
104568  37.899  -77.391  30.059 0.0000000000
104569  38.360  -77.183  29.417 0.0000000000
104576  40.171  -74.716  27.503 0.0000000000
104577  40.322  -75.364  27.417 0.0000000000
104578  40.880  -75.668  26.938 0.0000000000
104579  41.447  -75.990  26.476 0.0000000000
104580  41.434  -78.244  24.958 0.0000000000
104581  41.830  -77.736  25.252 0.0000000000
104582  41.833  -77.913  24.602 0.0000000000
104583  42.287  -77.668  24.191 0.0000000000
104584  42.685  -77.475  23.723 0.0000000000
104585  42.972  -77.234  23.212 0.0000000000
104586  42.777  -77.798  23.000 0.0000000000
104587  42.746  -78.086  22.187 0.0000000000
104588  42.645  -78.307  21.410 0.0000000000
104589  42.488  -78.467  20.734 0.0000000000
104590  42.178  -78.683  21.161 0.0000000000
104591  41.652  -79.073  20.878 0.0000000000
104592  41.137  -79.501  20.629 0.0000000000
104593  39.316  -81.279  21.536 0.0000000000
104594  39.575  -81.014  21.030 0.0000000000
104595  39.227  -81.407  20.899 0.0000000000
104596  39.170  -81.566  20.242 0.0000000000
104597  39.047  -81.755  19.637 0.0000000000
104598  38.898  -81.969  19.070 0.0000000000
104599  38.720  -82.149  19.555 0.0000000000
104600  38.360  -82.524  19.398 0.0000000000
104601  37.949  -82.889  19.227 0.0000000000
104602  36.716  -80.722  24.495 0.0000000000
104603  36.924  -81.334  24.410 0.0000000000
112500  39.417  -68.727  18.545 0.0000000000
112567  41.553  -79.084  18.361 0.0000000000
112568  41.729  -78.689  17.870 0.0000000000
112569  41.144  -79.173  17.747 0.0000000000
112570  40.633  -79.186  17.173 0.0000000000
112571  40.130  -79.134  16.661 0.0000000000
112572  37.975  -80.346  14.756 0.0000000000
112573  38.356  -79.920  15.048 0.0000000000
112574  37.844  -79.826  14.481 0.0000000000
112575  37.832  -79.193  14.213 0.0000000000
112576  37.750  -78.605  13.906 0.0000000000
112577  37.686  -78.060  13.463 0.0000000000
112578  37.265  -78.494  13.262 0.0000000000
112579  36.806  -78.358  12.606 0.0000000000
112580  36.313  -78.232  11.928 0.0000000000
117846  42.699  -74.791  23.520 0.0000000000
117847  42.351  -74.218  23.492 0.0000000000
117848  42.650  -74.444  23.144 0.0000000000
117849  42.562  -74.115  22.719 0.0000000000
117850  42.457  -73.797  22.271 0.0000000000
117851  43.166  -74.859  21.563 0.0000000000
117852  42.756  -74.197  21.633 0.0000000000
117853  42.327  -73.526  21.738 0.0000000000
117854  42.184  -73.245  21.150 0.0000000000
117855  42.079  -72.981  20.604 0.0000000000
117856  42.028  -72.718  20.091 0.0000000000
117857  41.899  -72.423  19.648 0.0000000000
117858  42.428  -73.063  19.474 0.0000000000
117859  42.841  -73.364  18.847 0.0000000000
117860  43.258  -73.637  18.263 0.0000000000
117861  43.788  -74.537  18.539 0.0000000000
117862  43.723  -74.227  18.092 0.0000000000
117863  43.671  -73.901  17.675 0.0000000000
117864  44.013  -74.200  16.961 0.0000000000
117865  44.329  -74.555  16.145 0.0000000000
117866  44.185  -74.774  15.460 0.0000000000
117867  43.899  -74.832  14.925 0.0000000000
117868  43.945  -75.217  15.222 0.0000000000
117869  43.558  -75.590  15.058 0.0000000000
117870  43.053  -75.822  14.943 0.0000000000
117871  43.617  -76.396  15.735 0.0000000000
117872  43.081  -76.262  15.229 0.0000000000
117873  42.470  -76.038  14.820 0.0000000000
117874  41.860  -76.258  14.718 0.0000000000
117875  41.252  -76.495  14.637 0.0000000000
117876  40.664  -76.799  14.748 0.0000000000
120366  36.219  -78.879  31.517 0.0000000000
120367  36.464  -78.464  31.837 0.0000000000
120368  36.699  -78.905  31.040 0.0000000000
120369  37.191  -78.846  30.527 0.0000000000
120370  37.711  -78.789  29.980 0.0000000000
120371  38.081  -79.780  29.210 0.0000000000
120372  38.184  -79.226  29.327 0.0000000000
120373  38.265  -78.598  29.393 0.0000000000
120374  38.858  -78.320  28.816 0.0000000000
120375  39.483  -78.000  28.308 0.0000000000
120376  40.033  -77.638  27.841 0.0000000000
120377  40.535  -77.258  27.389 0.0000000000
120378  40.456  -77.945  27.371 0.0000000000
120379  40.757  -78.237  26.735 0.0000000000
120380  40.967  -78.459  26.107 0.0000000000
120381  40.261  -79.442  26.363 0.0000000000
120382  40.627  -79.028  25.866 0.0000000000
120383  41.037  -78.624  25.401 0.0000000000
120384  41.035  -78.742  24.657 0.0000000000
120385  40.980  -78.829  23.836 0.0000000000
120386  40.940  -78.999  22.946 0.0000000000
120387  40.905  -79.152  22.163 0.0000000000
120388  40.507  -79.489  22.680 0.0000000000
120389  40.110  -80.042  22.449 0.0000000000
120390  39.721  -80.639  22.282 0.0000000000
120391  39.499  -80.936  23.599 0.0000000000
120392  39.435  -81.026  22.873 0.0000000000
120393  39.391  -81.136  22.188 0.0000000000
120394  39.027  -81.579  22.072 0.0000000000
120395  38.620  -81.944  21.945 0.0000000000
120396  38.205  -82.257  21.801 0.0000000000
126592  39.633  -80.986  17.473 0.0000000000
126593  39.706  -80.625  17.110 0.0000000000
126594  39.334  -80.991  16.889 0.0000000000
126595  38.979  -80.950  16.292 0.0000000000
126596  38.563  -80.888  15.674 0.0000000000
126597  38.173  -81.814  15.657 0.0000000000
126598  38.114  -81.364  15.330 0.0000000000
126599  38.074  -80.877  15.044 0.0000000000
126600  37.581  -80.854  14.453 0.0000000000
126601  37.096  -80.771  13.883 0.0000000000
130269  35.301  -76.458  35.566 0.0000000000
130270  35.554  -76.923  35.266 0.0000000000
130271  35.822  -77.297  34.915 0.0000000000
130272  35.695  -77.632  34.128 0.0000000000
130273  35.659  -78.033  33.377 0.0000000000
130274  35.691  -78.465  32.695 0.0000000000
130276  34.537  -76.250  32.878 0.0000000000
130277  34.659  -76.954  32.753 0.0000000000
130278  34.731  -77.030  31.373 0.0000000000
130279  34.759  -77.373  32.029 0.0000000000
130280  34.858  -77.621  32.649 0.0000000000
130281  35.079  -78.179  32.477 0.0000000000
130282  35.369  -78.519  32.218 0.0000000000
130283  35.787  -78.767  31.881 0.0000000000
130284  36.034  -79.173  31.066 0.0000000000
130285  36.412  -79.528  30.311 0.0000000000
130286  36.789  -80.013  29.595 0.0000000000
130287  36.157  -79.596  29.450 0.0000000000
130288  36.613  -80.047  29.192 0.0000000000
130289  37.106  -80.424  28.993 0.0000000000
130290  37.410  -80.934  28.359 0.0000000000
130291  37.632  -81.428  27.645 0.0000000000
130292  37.870  -81.726  26.919 0.0000000000
130293  37.950  -81.957  26.294 0.0000000000
130294  37.524  -81.623  26.597 0.0000000000
130295  37.209  -81.312  26.203 0.0000000000
130296  36.999  -80.834  25.708 0.0000000000
130297  36.694  -80.013  26.526 0.0000000000
130298  36.788  -80.133  25.858 0.0000000000
130299  36.803  -80.372  25.160 0.0000000000
130300  36.641  -79.909  24.591 0.0000000000
135833  41.986  -73.607  23.468 0.0000000000
135834  41.627  -72.964  23.574 0.0000000000
135835  41.272  -72.280  23.804 0.0000000000
135836  41.406  -72.306  22.804 0.0000000000
135837  41.133  -71.970  23.423 0.0000000000
135838  40.933  -71.532  24.032 0.0000000000
135839  40.673  -70.738  24.258 0.0000000000
135840  40.397  -70.123  24.487 0.0000000000
135844  39.665  -68.627  23.590 0.0000000000
135845  39.931  -69.753  22.571 0.0000000000
135846  39.650  -69.078  22.867 0.0000000000
135847  39.426  -68.394  23.139 0.0000000000
135848  39.165  -68.168  22.681 0.0000000000
135852  38.976  -67.849  21.017 0.0000000000
135853  39.171  -68.171  20.276 0.0000000000
135854  39.389  -68.573  19.599 0.0000000000
135855  39.934  -69.509  19.856 0.0000000000
135856  39.776  -69.238  19.429 0.0000000000
135857  39.590  -69.030  18.934 0.0000000000
135858  39.854  -69.350  18.328 0.0000000000
135859  40.167  -69.707  17.670 0.0000000000
135860  40.537  -70.053  16.981 0.0000000000
135861  41.744  -72.100  19.214 0.0000000000
135862  41.584  -71.795  18.775 0.0000000000
135863  41.413  -71.431  18.304 0.0000000000
135864  42.316  -72.359  17.563 0.0000000000
135865  41.758  -71.745  17.721 0.0000000000
135866  41.231  -71.123  17.811 0.0000000000
135867  41.088  -70.881  17.323 0.0000000000
135868  41.015  -70.681  16.806 0.0000000000
135883  44.268  -73.527  13.253 0.0000000000
135884  44.297  -73.622  12.728 0.0000000000
135889  43.509  -74.775  14.445 0.0000000000
135890  43.155  -74.572  13.946 0.0000000000
135891  42.781  -74.416  13.415 0.0000000000
135892  42.018  -74.971  13.582 0.0000000000
135893  42.159  -74.592  13.217 0.0000000000
135894  42.341  -74.277  12.838 0.0000000000
142500  36.686  -77.956  32.025 0.0000000000
142501  36.906  -77.390  32.135 0.0000000000
142503  37.574  -76.869  30.850 0.0000000000
142504  37.380  -76.465  31.614 0.0000000000
142521  40.567  -74.347  27.095 0.0000000000
142522  40.947  -74.008  26.639 0.0000000000
142523  41.205  -73.663  26.148 0.0000000000
142524  41.758  -74.026  25.496 0.0000000000
142525  42.088  -74.487  24.856 0.0000000000
142526  42.355  -74.886  24.325 0.0000000000
142527  40.998  -76.926  26.985 0.0000000000
142528  41.462  -76.607  26.513 0.0000000000
142529  41.849  -76.311  26.034 0.0000000000
142530  42.051  -77.175  25.431 0.0000000000
142531  42.131  -76.608  25.519 0.0000000000
142532  42.147  -76.043  25.488 0.0000000000
142533  42.384  -75.753  24.939 0.0000000000
142534  42.520  -75.449  24.435 0.0000000000
142535  42.599  -75.123  23.935 0.0000000000
142536  42.891  -75.310  23.556 0.0000000000
142537  43.112  -75.644  23.055 0.0000000000
142538  43.306  -75.961  22.514 0.0000000000
142539  43.212  -76.953  22.771 0.0000000000
142540  43.369  -76.629  22.338 0.0000000000
142541  43.510  -76.280  21.932 0.0000000000
142542  43.761  -76.694  21.105 0.0000000000
142543  43.924  -76.962  20.265 0.0000000000
142544  43.871  -77.188  19.391 0.0000000000
142545  43.638  -77.461  18.610 0.0000000000
142546  43.500  -77.641  19.201 0.0000000000
142547  43.016  -78.090  19.066 0.0000000000
142548  42.455  -78.525  19.022 0.0000000000
142549  42.358  -78.645  20.084 0.0000000000
142550  42.162  -78.829  19.469 0.0000000000
142551  41.892  -78.985  18.900 0.0000000000
142552  41.314  -79.490  18.728 0.0000000000
142553  40.750  -80.016  18.524 0.0000000000
142554  40.307  -80.502  18.306 0.0000000000
142555  40.846  -79.488  21.558 0.0000000000
142556  40.748  -79.763  20.964 0.0000000000
142557  40.642  -80.002  20.406 0.0000000000
142558  39.854  -80.789  20.601 0.0000000000
142559  40.182  -80.573  20.204 0.0000000000
142560  40.487  -80.343  19.829 0.0000000000
142561  40.311  -80.637  19.230 0.0000000000
142562  40.105  -80.788  18.672 0.0000000000
142563  39.871  -80.905  18.104 0.0000000000
142564  39.475  -81.252  17.914 0.0000000000
142565  39.111  -81.580  17.713 0.0000000000
142566  38.774  -82.042  17.457 0.0000000000
142567  38.718  -82.178  18.450 0.0000000000
142568  38.550  -82.365  17.828 0.0000000000
142569  38.392  -82.530  17.169 0.0000000000
142570  38.010  -83.028  16.937 0.0000000000
142571  37.632  -83.506  16.759 0.0000000000
142572  37.206  -83.850  16.569 0.0000000000
142573  37.975  -82.001  25.530 0.0000000000
142574  37.990  -82.052  24.850 0.0000000000
142575  37.973  -82.158  24.266 0.0000000000
142576  37.177  -81.822  24.247 0.0000000000
142577  37.518  -82.156  23.968 0.0000000000
142578  37.923  -82.222  23.616 0.0000000000
142579  37.865  -82.334  22.929 0.0000000000
142580  37.777  -82.440  22.281 0.0000000000
142581  37.768  -82.483  21.601 0.0000000000
142589  37.319  -82.626  21.414 0.0000000000
142590  37.749  -82.604  20.956 0.0000000000
142591  37.658  -82.793  20.374 0.0000000000
142592  37.573  -82.983  19.753 0.0000000000
142593  37.465  -83.246  19.058 0.0000000000
142594  36.602  -83.016  19.263 0.0000000000
142595  36.891  -83.334  18.872 0.0000000000
142596  37.273  -83.495  18.375 0.0000000000
142597  37.102  -83.753  17.704 0.0000000000
158443  38.622  -66.869  20.833 0.0000000000
158578  43.308  -77.644  17.931 0.0000000000
158579  42.927  -77.730  17.283 0.0000000000
158580  42.487  -77.677  16.711 0.0000000000
158581  41.883  -78.326  17.399 0.0000000000
158582  41.955  -77.948  16.849 0.0000000000
158583  41.967  -77.597  16.222 0.0000000000
158584  41.376  -77.462  15.704 0.0000000000
158585  40.737  -77.267  15.265 0.0000000000
158586  40.074  -77.110  14.813 0.0000000000
158587  39.689  -80.189  16.759 0.0000000000
158588  39.620  -79.647  16.418 0.0000000000
158589  39.648  -79.057  16.085 0.0000000000
158590  38.739  -79.453  15.301 0.0000000000
158591  39.125  -78.955  15.536 0.0000000000
158592  39.591  -78.465  15.773 0.0000000000
158593  39.544  -77.938  15.311 0.0000000000
158594  39.493  -77.440  14.818 0.0000000000
158595  39.408  -77.010  14.315 0.0000000000
158596  38.941  -76.870  13.772 0.0000000000
158597  38.536  -76.711  13.188 0.0000000000
158598  38.198  -76.601  12.636 0.0000000000
158599  37.665  -77.485  12.991 0.0000000000
158600  37.703  -76.959  12.475 0.0000000000
