#!ascii label  , from subject fsaverage vox2ras=TkReg
611
12  11.028  14.638  62.225 0.0000000000
214  10.545  25.578  55.863 0.0000000000
692  7.877  17.394  61.450 0.0000000000
693  7.613  22.956  57.922 0.0000000000
694  10.849  19.808  58.796 0.0000000000
704  6.874  5.408  64.900 0.0000000000
705  7.457  11.986  62.807 0.0000000000
2612  9.444  16.269  62.505 0.0000000000
2613  9.273  18.954  60.889 0.0000000000
2614  11.061  17.229  60.838 0.0000000000
2623  10.613  11.836  63.117 0.0000000000
2624  8.558  10.873  64.651 0.0000000000
2625  8.854  13.750  63.530 0.0000000000
2626  8.006  14.682  62.050 0.0000000000
3515  9.022  24.578  57.459 0.0000000000
3516  7.593  26.008  56.848 0.0000000000
3517  8.962  27.569  56.468 0.0000000000
3543  9.571  0.391  67.022 0.0000000000
3544  7.947  -1.217  65.844 0.0000000000
3545  7.800  1.265  66.587 0.0000000000
5852  7.226  18.107  59.262 0.0000000000
5854  7.598  20.059  59.821 0.0000000000
5855  9.071  21.621  58.835 0.0000000000
5856  10.540  22.614  56.926 0.0000000000
5872  8.103  4.368  66.327 0.0000000000
5873  8.424  7.538  65.782 0.0000000000
5874  7.148  8.723  64.113 0.0000000000
5877  7.982  12.377  60.501 0.0000000000
5878  8.074  15.379  59.846 0.0000000000
7417  6.962  23.708  55.879 0.0000000000
7460  6.531  2.136  65.191 0.0000000000
8042  12.381  12.865  61.219 0.0000000000
8043  13.014  15.161  60.411 0.0000000000
8044  14.469  13.527  60.040 0.0000000000
8642  12.555  20.229  56.619 0.0000000000
8643  12.148  22.877  54.756 0.0000000000
8645  14.166  23.393  53.340 0.0000000000
10292  10.229  15.513  62.488 0.0000000000
10293  10.252  16.789  61.787 0.0000000000
10294  11.108  15.951  61.614 0.0000000000
10303  10.847  13.191  62.644 0.0000000000
10304  9.731  12.844  63.544 0.0000000000
10305  9.996  14.237  63.056 0.0000000000
10306  9.258  14.995  63.002 0.0000000000
11195  9.774  25.108  56.738 0.0000000000
11196  9.023  26.039  56.906 0.0000000000
11197  9.798  26.658  56.264 0.0000000000
11224  8.657  0.880  66.899 0.0000000000
11225  8.806  2.139  66.686 0.0000000000
13592  7.500  17.779  60.490 0.0000000000
13593  7.172  19.119  59.667 0.0000000000
13594  7.760  18.772  60.674 0.0000000000
13595  10.080  19.451  59.919 0.0000000000
13596  9.133  20.228  59.881 0.0000000000
13597  9.916  20.758  58.887 0.0000000000
13598  9.852  22.123  57.885 0.0000000000
13599  10.663  21.154  57.770 0.0000000000
13623  10.472  7.377  64.642 0.0000000000
13624  9.424  6.797  65.747 0.0000000000
13625  9.529  8.400  65.078 0.0000000000
13626  7.719  11.590  64.017 0.0000000000
13627  7.686  9.947  64.604 0.0000000000
13628  7.240  10.454  63.493 0.0000000000
13629  7.210  9.159  62.733 0.0000000000
13630  7.350  10.765  62.098 0.0000000000
13632  7.604  12.201  61.677 0.0000000000
13633  7.987  16.089  61.854 0.0000000000
13634  7.926  15.052  61.001 0.0000000000
13635  7.729  16.460  60.784 0.0000000000
13636  7.595  16.807  59.642 0.0000000000
16300  7.139  21.871  57.805 0.0000000000
16302  7.170  23.343  56.958 0.0000000000
16303  7.423  27.443  56.395 0.0000000000
16304  7.069  26.396  55.975 0.0000000000
16305  6.957  27.857  55.468 0.0000000000
16386  7.398  -0.886  65.321 0.0000000000
16391  7.318  4.895  65.805 0.0000000000
16392  7.136  3.295  66.028 0.0000000000
16393  6.674  3.766  65.222 0.0000000000
17643  13.362  13.159  60.473 0.0000000000
19060  14.030  15.370  59.533 0.0000000000
19061  13.079  16.319  59.641 0.0000000000
19062  14.086  16.596  58.729 0.0000000000
19065  13.468  20.326  55.727 0.0000000000
19066  12.348  21.541  55.658 0.0000000000
19067  13.178  21.647  54.734 0.0000000000
19073  14.302  25.080  53.238 0.0000000000
19074  13.187  24.752  53.547 0.0000000000
19075  13.324  26.486  53.511 0.0000000000
23132  8.570  16.922  62.226 0.0000000000
23133  8.541  18.287  61.453 0.0000000000
23134  9.416  17.586  61.770 0.0000000000
23135  10.203  18.111  60.953 0.0000000000
23136  10.979  18.551  59.821 0.0000000000
23151  10.537  10.439  63.510 0.0000000000
23152  9.581  9.980  64.563 0.0000000000
23153  9.595  11.431  64.075 0.0000000000
23154  8.649  12.388  64.142 0.0000000000
23155  7.937  13.002  63.407 0.0000000000
23156  7.763  13.310  62.435 0.0000000000
23157  8.287  14.286  62.971 0.0000000000
23158  8.530  15.624  62.606 0.0000000000
24757  8.303  23.902  57.810 0.0000000000
24758  7.600  24.512  57.229 0.0000000000
24759  8.241  25.423  57.345 0.0000000000
24760  8.191  26.831  56.847 0.0000000000
24808  8.674  -1.650  66.344 0.0000000000
24809  8.564  -0.416  66.796 0.0000000000
24810  7.777  -0.019  66.349 0.0000000000
24811  7.172  0.342  65.752 0.0000000000
29015  7.083  20.390  58.793 0.0000000000
29016  7.572  21.485  58.828 0.0000000000
29017  8.377  19.618  60.497 0.0000000000
29018  8.282  20.972  59.554 0.0000000000
29019  8.318  22.383  58.563 0.0000000000
29020  9.055  23.084  57.985 0.0000000000
29021  9.823  23.637  57.254 0.0000000000
29022  10.485  24.043  56.352 0.0000000000
29056  9.034  3.655  66.338 0.0000000000
29057  9.204  5.238  66.072 0.0000000000
29058  8.312  5.929  65.995 0.0000000000
29059  7.482  6.564  65.555 0.0000000000
29060  8.561  9.219  65.168 0.0000000000
29061  7.559  8.194  65.191 0.0000000000
29062  7.027  7.047  64.557 0.0000000000
29069  8.330  12.537  59.374 0.0000000000
29070  7.901  13.593  61.310 0.0000000000
29071  8.185  13.874  60.113 0.0000000000
29072  8.512  14.141  59.037 0.0000000000
32746  7.127  24.968  56.438 0.0000000000
32747  6.902  25.204  55.353 0.0000000000
32858  7.857  2.759  66.449 0.0000000000
32859  7.026  1.738  66.011 0.0000000000
32860  6.695  0.670  64.906 0.0000000000
34442  11.730  13.767  61.778 0.0000000000
34443  12.042  14.872  61.322 0.0000000000
34444  12.686  14.053  60.988 0.0000000000
34445  13.718  14.347  60.205 0.0000000000
34446  14.745  14.683  59.647 0.0000000000
34448  15.512  14.038  59.835 0.0000000000
34605  11.340  10.935  62.422 0.0000000000
34606  11.555  12.307  62.037 0.0000000000
36175  12.074  16.209  60.632 0.0000000000
36176  12.051  17.406  59.778 0.0000000000
36177  11.910  18.697  58.644 0.0000000000
36179  12.782  18.983  57.643 0.0000000000
36180  11.704  20.074  57.649 0.0000000000
36181  11.473  21.368  56.679 0.0000000000
36182  11.344  22.782  55.880 0.0000000000
36183  11.297  24.246  55.245 0.0000000000
36189  14.234  21.747  53.951 0.0000000000
36190  13.071  23.021  53.863 0.0000000000
36191  12.152  24.395  54.234 0.0000000000
36192  11.396  25.817  54.870 0.0000000000
41012  10.639  15.091  62.397 0.0000000000
41013  10.715  15.743  62.073 0.0000000000
41014  11.107  15.329  61.952 0.0000000000
41023  10.966  13.900  62.459 0.0000000000
41024  10.415  13.703  62.880 0.0000000000
41025  10.514  14.425  62.667 0.0000000000
41026  10.127  14.851  62.777 0.0000000000
41915  10.161  25.371  56.321 0.0000000000
41916  9.828  25.900  56.474 0.0000000000
41917  10.170  26.133  56.083 0.0000000000
41919  10.550  26.359  55.663 0.0000000000
41944  9.266  1.879  66.736 0.0000000000
41945  9.377  2.570  66.513 0.0000000000
44312  7.663  17.595  60.976 0.0000000000
44313  7.551  18.340  60.632 0.0000000000
44314  7.821  18.107  61.108 0.0000000000
44315  10.471  19.656  59.367 0.0000000000
44316  10.015  20.097  59.398 0.0000000000
44317  10.376  20.278  58.853 0.0000000000
44318  10.312  20.948  58.309 0.0000000000
44319  10.762  20.438  58.321 0.0000000000
44344  9.991  7.896  64.856 0.0000000000
44345  10.054  8.702  64.557 0.0000000000
44346  7.506  11.790  63.468 0.0000000000
44347  7.473  11.065  63.798 0.0000000000
44348  7.350  11.251  63.179 0.0000000000
44349  7.282  10.616  62.816 0.0000000000
44350  7.365  11.400  62.492 0.0000000000
44351  7.460  11.491  61.906 0.0000000000
44352  7.502  12.104  62.258 0.0000000000
44353  7.954  16.777  61.690 0.0000000000
44354  7.806  16.289  61.346 0.0000000000
44355  7.761  16.988  61.170 0.0000000000
44356  7.595  17.139  60.665 0.0000000000
47020  7.350  22.390  57.938 0.0000000000
47021  7.164  22.603  57.380 0.0000000000
47022  7.339  23.170  57.468 0.0000000000
47024  7.139  27.653  55.992 0.0000000000
47106  7.207  -0.755  64.973 0.0000000000
47111  7.062  5.168  65.399 0.0000000000
47112  6.891  4.341  65.569 0.0000000000
47113  6.743  4.565  65.090 0.0000000000
49780  14.567  15.551  59.240 0.0000000000
49781  14.077  15.973  59.129 0.0000000000
49786  13.311  21.019  55.206 0.0000000000
49787  13.830  21.030  54.810 0.0000000000
49794  13.807  25.770  53.352 0.0000000000
49795  13.896  26.573  53.360 0.0000000000
53912  8.996  16.624  62.414 0.0000000000
53913  8.946  17.302  62.097 0.0000000000
53914  9.380  16.969  62.181 0.0000000000
53915  10.650  17.034  61.301 0.0000000000
53916  10.230  17.449  61.404 0.0000000000
53917  10.644  17.664  60.900 0.0000000000
53918  10.607  18.345  60.379 0.0000000000
53919  11.054  17.835  60.350 0.0000000000
53943  10.529  11.143  63.340 0.0000000000
53944  10.092  10.918  63.834 0.0000000000
53945  10.082  11.676  63.661 0.0000000000
53946  9.252  13.333  63.622 0.0000000000
53947  9.138  12.660  63.925 0.0000000000
53948  8.721  13.069  63.793 0.0000000000
53949  8.233  12.759  63.907 0.0000000000
53950  8.382  13.405  63.495 0.0000000000
53951  8.147  13.629  63.155 0.0000000000
53952  8.550  14.031  63.296 0.0000000000
53953  9.342  15.628  62.784 0.0000000000
53954  8.868  15.326  62.854 0.0000000000
53955  8.941  15.969  62.652 0.0000000000
53956  8.563  16.293  62.463 0.0000000000
56620  8.665  24.256  57.677 0.0000000000
56621  8.260  24.675  57.546 0.0000000000
56622  8.638  25.001  57.444 0.0000000000
56623  9.025  26.808  56.691 0.0000000000
56624  8.631  26.449  56.904 0.0000000000
56625  8.585  27.247  56.687 0.0000000000
56626  8.132  27.618  56.618 0.0000000000
56703  9.490  -0.253  67.153 0.0000000000
56704  9.047  -0.660  66.983 0.0000000000
56705  9.049  -0.000  66.977 0.0000000000
56706  8.242  1.082  66.765 0.0000000000
56707  8.124  0.408  66.751 0.0000000000
56708  7.760  0.623  66.532 0.0000000000
56709  7.447  0.175  66.101 0.0000000000
56710  7.418  0.809  66.218 0.0000000000
63815  7.344  19.576  59.809 0.0000000000
63816  7.119  19.707  59.287 0.0000000000
63817  7.290  20.230  59.353 0.0000000000
63818  7.315  20.904  58.840 0.0000000000
63819  7.585  20.752  59.366 0.0000000000
63820  8.938  18.644  61.181 0.0000000000
63821  8.493  18.932  60.962 0.0000000000
63822  8.816  19.298  60.721 0.0000000000
63823  9.114  20.927  59.353 0.0000000000
63824  8.680  20.592  59.770 0.0000000000
63825  8.690  21.305  59.249 0.0000000000
63826  8.272  21.642  59.032 0.0000000000
63827  8.678  22.013  58.739 0.0000000000
63828  8.669  22.775  58.300 0.0000000000
63829  9.056  22.376  58.363 0.0000000000
63830  10.164  22.422  57.475 0.0000000000
63831  9.789  22.960  57.545 0.0000000000
63832  10.178  23.130  57.077 0.0000000000
63833  10.119  23.848  56.826 0.0000000000
63834  10.493  23.341  56.634 0.0000000000
63906  8.917  7.168  65.803 0.0000000000
63907  8.819  6.399  66.006 0.0000000000
63908  8.369  6.701  65.954 0.0000000000
63909  7.885  6.232  65.814 0.0000000000
63910  7.931  7.063  65.778 0.0000000000
63911  9.068  10.449  64.687 0.0000000000
63912  9.102  9.669  64.915 0.0000000000
63913  8.547  10.108  64.935 0.0000000000
63914  7.341  9.389  64.428 0.0000000000
63915  7.623  9.124  64.932 0.0000000000
63916  7.275  8.452  64.699 0.0000000000
63917  7.238  7.658  64.967 0.0000000000
63918  7.044  7.843  64.382 0.0000000000
63919  6.988  7.288  63.937 0.0000000000
63920  7.042  8.089  63.728 0.0000000000
63928  7.763  11.635  60.752 0.0000000000
63930  8.008  11.674  60.166 0.0000000000
63931  8.183  11.765  59.607 0.0000000000
63932  8.161  12.456  59.953 0.0000000000
63933  7.903  13.996  62.210 0.0000000000
63934  7.801  13.454  61.900 0.0000000000
63935  7.900  14.141  61.655 0.0000000000
63936  8.004  15.198  60.403 0.0000000000
63937  8.062  14.458  60.559 0.0000000000
63938  8.186  14.614  59.990 0.0000000000
63939  8.361  13.989  59.564 0.0000000000
63940  8.321  14.797  59.435 0.0000000000
63941  8.463  14.990  58.895 0.0000000000
63942  8.150  15.573  59.324 0.0000000000
63943  7.452  17.467  59.495 0.0000000000
63944  7.648  16.963  59.030 0.0000000000
63945  7.373  17.638  58.844 0.0000000000
71942  6.947  23.835  55.250 0.0000000000
71943  7.560  25.299  57.089 0.0000000000
71944  7.285  24.756  56.873 0.0000000000
71945  7.309  25.508  56.651 0.0000000000
71946  6.959  26.530  55.449 0.0000000000
71947  6.963  25.798  55.695 0.0000000000
71948  6.925  25.877  55.108 0.0000000000
72191  8.321  -1.418  66.083 0.0000000000
72206  8.528  4.034  66.362 0.0000000000
72207  8.447  3.267  66.487 0.0000000000
72208  7.997  3.594  66.420 0.0000000000
72209  6.736  2.724  65.699 0.0000000000
72210  7.024  2.516  66.038 0.0000000000
72211  6.747  1.950  65.642 0.0000000000
72212  6.812  1.232  65.565 0.0000000000
72213  6.579  1.424  65.123 0.0000000000
75962  12.066  13.336  61.559 0.0000000000
75963  12.254  13.881  61.365 0.0000000000
75964  12.566  13.449  61.117 0.0000000000
75965  13.904  13.335  60.230 0.0000000000
75966  13.543  13.754  60.442 0.0000000000
75967  14.095  13.932  60.115 0.0000000000
75968  14.216  14.503  59.881 0.0000000000
75969  14.600  14.099  59.897 0.0000000000
75976  15.665  14.575  59.623 0.0000000000
76363  12.250  12.147  61.202 0.0000000000
76364  11.826  11.910  61.726 0.0000000000
76365  11.957  12.556  61.552 0.0000000000
76366  11.659  12.978  61.901 0.0000000000
80215  12.513  15.058  60.845 0.0000000000
80216  12.047  15.619  60.956 0.0000000000
80217  12.574  15.669  60.520 0.0000000000
80218  13.067  16.984  59.187 0.0000000000
80219  12.569  16.860  59.680 0.0000000000
80220  12.520  17.548  59.177 0.0000000000
80221  11.989  18.072  59.207 0.0000000000
80222  12.425  18.195  58.645 0.0000000000
80226  13.157  19.667  56.652 0.0000000000
80227  13.278  19.021  57.176 0.0000000000
80228  12.698  19.576  57.107 0.0000000000
80229  12.209  19.541  57.627 0.0000000000
80230  12.129  20.157  57.101 0.0000000000
80231  11.579  20.726  57.145 0.0000000000
80232  11.986  20.822  56.632 0.0000000000
80233  12.228  22.191  55.181 0.0000000000
80234  11.820  22.198  55.733 0.0000000000
80235  11.750  22.819  55.328 0.0000000000
80236  11.299  23.494  55.520 0.0000000000
80237  11.707  23.546  54.957 0.0000000000
80249  14.691  23.658  53.241 0.0000000000
80253  14.151  22.579  53.545 0.0000000000
80254  13.623  22.352  53.828 0.0000000000
80255  13.606  23.142  53.541 0.0000000000
80257  12.619  24.565  53.877 0.0000000000
80258  12.224  25.246  54.126 0.0000000000
80259  11.765  25.097  54.536 0.0000000000
92252  9.828  15.908  62.520 0.0000000000
92253  9.839  16.576  62.200 0.0000000000
92254  10.286  16.148  62.163 0.0000000000
92255  10.684  16.370  61.716 0.0000000000
92256  11.085  16.587  61.211 0.0000000000
92271  10.716  12.520  62.912 0.0000000000
92272  10.175  12.332  63.397 0.0000000000
92273  10.288  13.026  63.133 0.0000000000
92274  9.864  13.524  63.274 0.0000000000
92275  9.446  14.010  63.315 0.0000000000
92276  9.092  14.371  63.264 0.0000000000
92277  9.632  14.632  63.074 0.0000000000
92278  9.736  15.285  62.850 0.0000000000
93877  9.377  24.869  57.115 0.0000000000
93878  8.993  25.346  57.203 0.0000000000
93879  9.401  25.600  56.847 0.0000000000
93880  9.443  26.367  56.603 0.0000000000
93881  9.437  27.114  56.388 0.0000000000
93928  9.107  0.653  66.970 0.0000000000
93929  9.236  1.234  66.897 0.0000000000
93930  8.723  1.474  66.865 0.0000000000
93931  8.252  1.714  66.738 0.0000000000
98192  7.329  17.969  59.908 0.0000000000
98193  7.175  18.619  59.522 0.0000000000
98194  7.342  18.500  60.092 0.0000000000
98195  7.445  18.961  60.194 0.0000000000
98196  7.651  19.422  60.253 0.0000000000
98197  9.680  19.174  60.418 0.0000000000
98198  9.208  19.595  60.363 0.0000000000
98199  9.613  19.869  59.914 0.0000000000
98200  9.559  20.525  59.392 0.0000000000
98201  9.500  21.192  58.875 0.0000000000
98202  9.462  21.917  58.363 0.0000000000
98203  9.869  21.448  58.346 0.0000000000
98204  10.245  21.631  57.829 0.0000000000
98205  10.612  21.857  57.334 0.0000000000
98247  10.491  6.659  65.120 0.0000000000
98248  9.922  6.360  65.643 0.0000000000
98249  9.962  7.156  65.309 0.0000000000
98250  9.465  7.563  65.400 0.0000000000
98251  9.007  7.962  65.460 0.0000000000
98252  8.073  11.266  64.443 0.0000000000
98253  8.069  10.433  64.710 0.0000000000
98254  7.725  10.797  64.316 0.0000000000
98255  7.410  10.267  64.091 0.0000000000
98256  7.227  9.616  63.793 0.0000000000
98257  7.132  8.960  63.450 0.0000000000
98258  7.210  9.827  63.105 0.0000000000
98259  7.269  9.999  62.438 0.0000000000
98262  7.462  10.862  61.518 0.0000000000
98263  7.581  11.571  61.332 0.0000000000
98264  7.779  12.289  61.067 0.0000000000
98265  8.004  15.409  61.954 0.0000000000
98266  7.949  14.868  61.530 0.0000000000
98267  7.904  15.597  61.459 0.0000000000
98268  7.845  15.775  60.915 0.0000000000
98269  7.819  15.937  60.306 0.0000000000
98270  7.849  16.125  59.789 0.0000000000
98271  7.665  16.627  60.218 0.0000000000
98272  7.520  17.297  60.098 0.0000000000
103066  6.967  21.221  57.711 0.0000000000
103068  7.020  21.998  57.219 0.0000000000
103069  7.043  22.795  56.804 0.0000000000
103070  7.043  23.534  56.439 0.0000000000
103071  7.460  26.710  56.585 0.0000000000
103072  7.297  26.234  56.458 0.0000000000
103073  7.222  26.920  56.190 0.0000000000
103074  7.036  27.099  55.734 0.0000000000
103075  6.908  27.258  55.206 0.0000000000
103220  7.646  -1.049  65.614 0.0000000000
103229  7.657  4.645  66.139 0.0000000000
103230  7.578  3.842  66.218 0.0000000000
103231  7.207  4.081  65.945 0.0000000000
103232  6.833  3.518  65.675 0.0000000000
103233  6.574  2.939  65.241 0.0000000000
105482  12.704  12.415  60.871 0.0000000000
105483  12.865  13.024  60.838 0.0000000000
105486  14.284  12.940  60.059 0.0000000000
108034  13.523  15.274  60.014 0.0000000000
108035  13.068  15.765  60.060 0.0000000000
108036  13.579  15.810  59.588 0.0000000000
108037  13.572  16.444  59.133 0.0000000000
108042  13.587  19.757  56.235 0.0000000000
108043  12.993  20.298  56.137 0.0000000000
108044  12.441  20.883  56.092 0.0000000000
108045  12.899  20.900  55.651 0.0000000000
108046  12.763  21.578  55.144 0.0000000000
108047  12.640  22.251  54.664 0.0000000000
108057  14.206  24.270  53.196 0.0000000000
108058  13.652  24.069  53.366 0.0000000000
108059  13.716  24.960  53.287 0.0000000000
108060  13.284  25.592  53.491 0.0000000000
115412  8.180  17.168  61.934 0.0000000000
115413  8.174  17.862  61.528 0.0000000000
115414  8.548  17.608  61.861 0.0000000000
115415  8.983  17.951  61.656 0.0000000000
115416  9.365  18.279  61.325 0.0000000000
115417  9.812  17.211  61.822 0.0000000000
115418  9.797  17.873  61.399 0.0000000000
115419  9.747  18.593  60.979 0.0000000000
115420  10.151  18.753  60.421 0.0000000000
115421  10.531  19.015  59.879 0.0000000000
115422  10.909  19.185  59.296 0.0000000000
115455  10.492  9.706  63.720 0.0000000000
115456  10.059  9.459  64.281 0.0000000000
115457  10.033  10.218  64.068 0.0000000000
115458  9.511  10.749  64.333 0.0000000000
115459  9.014  11.172  64.481 0.0000000000
115460  9.611  12.197  63.868 0.0000000000
115461  9.104  11.951  64.185 0.0000000000
115462  8.566  11.655  64.402 0.0000000000
115463  8.162  12.024  64.147 0.0000000000
115464  7.833  12.307  63.723 0.0000000000
115465  7.659  12.529  63.165 0.0000000000
115466  7.638  12.692  62.643 0.0000000000
115467  7.811  13.168  62.936 0.0000000000
115468  7.980  13.830  62.720 0.0000000000
115469  8.088  14.491  62.570 0.0000000000
115470  8.718  14.668  63.059 0.0000000000
115471  8.436  14.940  62.773 0.0000000000
115472  8.205  15.200  62.413 0.0000000000
115473  8.236  15.873  62.267 0.0000000000
115474  8.200  16.550  62.134 0.0000000000
119203  7.958  23.421  57.897 0.0000000000
119204  7.629  23.717  57.530 0.0000000000
119205  7.939  24.235  57.544 0.0000000000
119206  7.868  25.039  57.352 0.0000000000
119207  7.905  25.740  57.141 0.0000000000
119208  8.635  25.724  57.180 0.0000000000
119209  8.234  26.099  57.092 0.0000000000
119210  7.831  26.449  56.915 0.0000000000
119211  7.782  27.173  56.686 0.0000000000
119321  9.000  -1.286  66.790 0.0000000000
119322  8.662  -1.033  66.556 0.0000000000
119323  8.238  -0.830  66.369 0.0000000000
119324  8.592  0.233  66.847 0.0000000000
119325  8.105  -0.213  66.549 0.0000000000
119326  7.861  -0.634  66.153 0.0000000000
119327  7.544  -0.460  65.914 0.0000000000
119328  7.270  -0.293  65.601 0.0000000000
119329  7.043  -0.142  65.220 0.0000000000
119330  6.807  5.654  64.363 0.0000000000
119331  6.679  4.821  64.518 0.0000000000
129217  7.026  19.185  59.143 0.0000000000
129218  6.956  19.822  58.692 0.0000000000
129219  6.953  20.490  58.159 0.0000000000
129220  7.105  21.063  58.281 0.0000000000
129221  7.299  21.666  58.379 0.0000000000
129222  7.599  22.187  58.429 0.0000000000
129223  8.118  18.540  61.110 0.0000000000
129224  8.064  19.185  60.655 0.0000000000
129225  7.973  19.862  60.219 0.0000000000
129226  8.762  19.959  60.247 0.0000000000
129227  8.329  20.242  60.047 0.0000000000
129228  7.929  20.499  59.761 0.0000000000
129229  7.900  21.270  59.206 0.0000000000
129230  7.891  21.937  58.747 0.0000000000
129231  7.943  22.686  58.291 0.0000000000
129232  8.311  23.123  58.138 0.0000000000
129233  8.664  23.501  57.954 0.0000000000
129234  9.047  23.830  57.726 0.0000000000
129235  9.455  22.635  57.946 0.0000000000
129236  9.423  23.422  57.630 0.0000000000
129237  9.408  24.128  57.400 0.0000000000
129238  9.759  24.369  56.979 0.0000000000
129239  10.131  24.589  56.565 0.0000000000
129240  10.499  24.813  56.068 0.0000000000
129330  9.110  4.459  66.246 0.0000000000
129331  8.647  4.796  66.237 0.0000000000
129332  9.303  6.006  65.960 0.0000000000
129333  8.750  5.615  66.098 0.0000000000
129334  8.195  5.123  66.170 0.0000000000
129335  7.778  5.474  65.985 0.0000000000
129336  7.440  5.733  65.720 0.0000000000
129337  7.171  5.986  65.300 0.0000000000
129338  9.592  9.200  64.788 0.0000000000
129339  9.061  8.839  65.231 0.0000000000
129340  8.541  8.366  65.448 0.0000000000
129341  8.088  9.591  64.964 0.0000000000
129342  8.080  8.754  65.298 0.0000000000
129343  7.950  7.857  65.613 0.0000000000
129344  7.535  7.390  65.442 0.0000000000
129345  7.204  6.830  65.166 0.0000000000
129346  6.972  6.254  64.738 0.0000000000
129347  6.891  6.461  64.154 0.0000000000
129350  7.118  8.327  63.060 0.0000000000
129364  8.331  11.852  59.018 0.0000000000
129366  7.674  12.794  62.051 0.0000000000
129367  7.762  12.898  61.450 0.0000000000
129368  7.899  12.994  60.872 0.0000000000
129369  7.963  14.310  61.123 0.0000000000
129370  8.034  13.738  60.709 0.0000000000
129371  8.090  13.072  60.329 0.0000000000
129372  8.299  13.180  59.737 0.0000000000
129378  7.891  16.333  59.212 0.0000000000
139450  7.354  23.985  57.106 0.0000000000
139451  7.138  24.184  56.649 0.0000000000
139452  6.976  24.327  56.160 0.0000000000
139453  7.115  25.675  56.179 0.0000000000
139454  6.988  25.103  55.924 0.0000000000
139455  6.922  24.475  55.591 0.0000000000
139772  8.969  2.962  66.482 0.0000000000
139773  8.277  2.483  66.595 0.0000000000
139774  7.791  1.977  66.521 0.0000000000
139775  7.471  3.009  66.288 0.0000000000
139776  7.342  2.246  66.283 0.0000000000
139777  7.389  1.523  66.318 0.0000000000
139778  7.077  1.009  65.903 0.0000000000
139779  6.907  0.488  65.366 0.0000000000
139781  6.596  4.026  64.695 0.0000000000
144362  11.388  14.199  62.001 0.0000000000
144363  11.547  14.803  61.768 0.0000000000
144364  11.909  14.309  61.578 0.0000000000
144365  12.377  14.458  61.172 0.0000000000
144366  12.868  14.601  60.737 0.0000000000
144367  13.025  13.601  60.738 0.0000000000
144368  13.209  14.166  60.604 0.0000000000
144369  13.372  14.743  60.310 0.0000000000
144370  13.859  14.893  59.932 0.0000000000
144371  14.371  15.054  59.575 0.0000000000
144372  14.961  15.210  59.353 0.0000000000
144378  15.002  13.743  59.927 0.0000000000
144379  15.120  14.350  59.727 0.0000000000
144380  15.301  14.918  59.437 0.0000000000
144843  10.888  9.974  63.168 0.0000000000
144844  10.903  10.716  63.023 0.0000000000
144845  10.987  11.393  62.792 0.0000000000
144846  11.750  11.189  61.844 0.0000000000
144847  11.427  11.633  62.235 0.0000000000
144848  11.089  12.085  62.625 0.0000000000
144849  11.212  12.743  62.359 0.0000000000
144850  11.329  13.424  62.207 0.0000000000
149497  11.599  15.380  61.465 0.0000000000
149498  11.583  16.098  61.083 0.0000000000
149499  11.559  16.738  60.705 0.0000000000
149500  12.577  16.257  60.128 0.0000000000
149501  12.092  16.789  60.194 0.0000000000
149502  11.582  17.303  60.276 0.0000000000
149503  11.534  17.945  59.769 0.0000000000
149504  11.448  18.612  59.251 0.0000000000
149505  11.438  19.241  58.728 0.0000000000
149510  13.372  18.419  57.697 0.0000000000
149511  12.862  18.337  58.150 0.0000000000
149512  12.320  18.865  58.133 0.0000000000
149513  11.820  19.352  58.173 0.0000000000
149514  11.305  19.877  58.242 0.0000000000
149515  11.191  20.608  57.701 0.0000000000
149516  11.091  21.273  57.224 0.0000000000
149517  11.007  21.968  56.806 0.0000000000
149518  11.942  21.474  56.145 0.0000000000
149519  11.426  22.079  56.273 0.0000000000
149520  10.942  22.696  56.439 0.0000000000
149521  10.889  23.426  56.123 0.0000000000
149522  10.898  24.154  55.784 0.0000000000
149523  10.942  24.905  55.553 0.0000000000
149542  13.710  21.693  54.302 0.0000000000
149543  13.097  22.323  54.225 0.0000000000
149544  12.555  22.969  54.255 0.0000000000
149545  13.092  23.839  53.674 0.0000000000
149546  12.568  23.701  53.991 0.0000000000
149547  12.098  23.639  54.425 0.0000000000
149548  11.687  24.348  54.713 0.0000000000
149549  11.338  25.030  55.057 0.0000000000
149550  10.972  25.722  55.371 0.0000000000
