#!ascii label  , from subject fsaverage vox2ras=TkReg
456
152  22.797  -20.268  -24.089 0.0000000000
335  23.249  -12.170  -27.968 0.0000000000
816  22.682  -7.753  -30.751 0.0000000000
817  25.431  -5.854  -31.923 0.0000000000
1755  22.638  -16.026  -25.826 0.0000000000
1756  22.917  -16.898  -28.267 0.0000000000
1757  20.859  -10.957  -28.889 0.0000000000
2736  26.170  -8.568  -30.988 0.0000000000
2737  27.836  -7.451  -31.132 0.0000000000
3281  24.394  -20.081  -22.719 0.0000000000
3283  23.582  -21.604  -21.667 0.0000000000
3284  22.961  -23.340  -20.898 0.0000000000
3285  23.002  -22.406  -23.496 0.0000000000
3287  23.615  -21.367  -25.520 0.0000000000
3885  22.713  -13.877  -26.882 0.0000000000
3886  21.218  -13.118  -27.467 0.0000000000
3887  21.196  -10.664  -27.864 0.0000000000
3889  22.912  -8.074  -32.183 0.0000000000
6075  25.043  -11.603  -29.033 0.0000000000
6076  22.315  -9.405  -28.968 0.0000000000
6077  24.177  -9.118  -30.130 0.0000000000
6078  24.224  -7.064  -31.658 0.0000000000
7935  22.709  -18.091  -24.908 0.0000000000
7936  22.630  -18.663  -26.243 0.0000000000
7937  21.872  -16.033  -26.811 0.0000000000
7938  21.514  -13.807  -28.700 0.0000000000
7939  22.465  -12.425  -30.547 0.0000000000
7940  21.466  -8.902  -29.880 0.0000000000
7941  22.208  -9.930  -31.270 0.0000000000
10416  28.377  -8.848  -30.574 0.0000000000
10961  23.232  -19.978  -23.338 0.0000000000
10962  23.949  -20.793  -22.223 0.0000000000
10963  23.080  -20.948  -22.923 0.0000000000
10964  22.963  -21.888  -22.568 0.0000000000
10965  22.845  -21.281  -23.733 0.0000000000
10966  23.238  -21.906  -24.456 0.0000000000
10967  22.945  -20.718  -24.758 0.0000000000
11565  22.874  -12.951  -27.421 0.0000000000
11566  21.690  -12.062  -27.425 0.0000000000
11567  22.020  -11.221  -27.834 0.0000000000
13965  26.155  -11.486  -29.474 0.0000000000
13966  24.486  -10.310  -29.485 0.0000000000
13967  25.552  -10.190  -30.009 0.0000000000
13968  25.762  -7.180  -31.505 0.0000000000
13969  25.056  -7.714  -31.302 0.0000000000
13970  24.869  -6.474  -31.934 0.0000000000
15611  22.896  -24.040  -21.926 0.0000000000
15612  22.820  -24.347  -20.649 0.0000000000
17411  23.991  -16.590  -25.520 0.0000000000
17413  23.759  -17.428  -24.839 0.0000000000
17414  23.586  -18.229  -24.240 0.0000000000
17415  22.624  -17.021  -25.376 0.0000000000
17416  22.206  -17.078  -25.897 0.0000000000
17417  22.015  -15.888  -26.245 0.0000000000
17418  20.772  -11.925  -28.122 0.0000000000
17419  21.116  -13.303  -28.021 0.0000000000
17420  20.994  -12.315  -28.744 0.0000000000
17421  21.724  -12.968  -29.478 0.0000000000
17422  21.345  -11.539  -29.636 0.0000000000
17423  22.308  -8.398  -29.730 0.0000000000
17424  21.683  -8.960  -29.320 0.0000000000
17425  21.956  -8.190  -30.283 0.0000000000
17427  22.469  -8.897  -31.784 0.0000000000
22163  27.303  -4.952  -31.227 0.0000000000
22388  22.699  -17.801  -27.267 0.0000000000
22389  23.364  -19.301  -26.964 0.0000000000
22390  23.772  -18.588  -28.021 0.0000000000
23356  26.577  -9.915  -30.356 0.0000000000
23357  27.518  -9.390  -30.579 0.0000000000
23358  26.975  -8.018  -31.152 0.0000000000
23359  26.501  -6.592  -31.533 0.0000000000
24342  23.945  -23.025  -20.070 0.0000000000
24343  23.270  -22.432  -21.211 0.0000000000
24344  22.846  -22.897  -22.185 0.0000000000
24345  23.269  -23.615  -23.226 0.0000000000
24347  23.747  -23.188  -24.239 0.0000000000
25424  24.189  -15.762  -26.161 0.0000000000
25425  22.672  -14.904  -26.338 0.0000000000
25426  21.893  -14.566  -26.761 0.0000000000
25427  21.746  -13.280  -27.058 0.0000000000
25428  21.036  -11.804  -27.651 0.0000000000
25429  20.832  -10.642  -28.311 0.0000000000
25430  23.238  -7.175  -31.845 0.0000000000
25431  22.525  -7.700  -31.390 0.0000000000
25432  23.411  -7.311  -32.626 0.0000000000
29535  23.952  -11.674  -28.518 0.0000000000
29536  22.538  -10.575  -28.341 0.0000000000
29537  23.415  -10.379  -28.938 0.0000000000
29538  23.194  -9.210  -29.544 0.0000000000
29539  23.240  -8.256  -30.296 0.0000000000
29540  25.284  -9.057  -30.579 0.0000000000
29541  24.242  -8.128  -30.874 0.0000000000
29542  23.492  -7.440  -31.233 0.0000000000
29543  23.872  -6.675  -32.161 0.0000000000
34153  24.769  -19.415  -23.357 0.0000000000
34154  23.380  -19.096  -23.796 0.0000000000
34155  22.769  -19.177  -24.474 0.0000000000
34156  22.702  -19.452  -25.223 0.0000000000
34157  22.461  -18.316  -25.527 0.0000000000
34158  22.219  -17.330  -26.536 0.0000000000
34159  22.143  -16.303  -27.535 0.0000000000
34160  21.492  -14.550  -27.288 0.0000000000
34161  21.607  -14.832  -27.805 0.0000000000
34162  22.187  -15.320  -28.447 0.0000000000
34163  22.453  -14.521  -29.439 0.0000000000
34164  23.059  -13.950  -30.399 0.0000000000
34166  21.721  -9.907  -28.393 0.0000000000
34167  21.174  -9.636  -28.702 0.0000000000
34168  21.043  -9.846  -29.319 0.0000000000
34169  21.979  -8.374  -30.987 0.0000000000
34170  21.608  -9.279  -30.583 0.0000000000
34171  21.385  -10.350  -29.981 0.0000000000
34172  22.159  -11.105  -30.810 0.0000000000
39910  26.954  -5.747  -31.398 0.0000000000
40180  23.094  -20.009  -25.847 0.0000000000
40181  24.112  -20.751  -26.589 0.0000000000
41681  22.941  -20.077  -23.684 0.0000000000
41682  23.129  -20.448  -23.137 0.0000000000
41683  22.914  -20.620  -23.502 0.0000000000
41684  22.895  -21.079  -23.328 0.0000000000
41685  22.827  -20.761  -23.897 0.0000000000
41686  22.869  -20.995  -24.224 0.0000000000
41687  22.818  -20.473  -24.408 0.0000000000
42281  24.335  -12.939  -28.072 0.0000000000
42283  24.024  -13.253  -27.799 0.0000000000
42284  23.765  -13.641  -27.432 0.0000000000
42285  23.095  -12.583  -27.709 0.0000000000
42286  22.391  -12.061  -27.644 0.0000000000
42287  22.557  -11.632  -27.865 0.0000000000
44686  25.822  -10.852  -29.765 0.0000000000
44687  26.367  -10.721  -29.929 0.0000000000
44688  25.622  -6.516  -31.716 0.0000000000
44689  25.269  -6.803  -31.706 0.0000000000
44690  25.179  -6.211  -31.920 0.0000000000
44692  25.082  -5.596  -32.187 0.0000000000
46332  23.036  -24.633  -21.849 0.0000000000
48131  23.207  -16.233  -25.643 0.0000000000
48132  23.903  -17.050  -25.141 0.0000000000
48133  23.189  -16.781  -25.294 0.0000000000
48134  23.095  -17.221  -25.038 0.0000000000
48135  22.614  -16.547  -25.549 0.0000000000
48136  22.302  -16.516  -25.806 0.0000000000
48137  22.279  -15.916  -26.018 0.0000000000
48138  20.775  -11.443  -28.502 0.0000000000
48139  20.818  -12.102  -28.406 0.0000000000
48140  20.895  -11.607  -28.825 0.0000000000
48141  21.132  -11.892  -29.196 0.0000000000
48142  21.044  -11.214  -29.242 0.0000000000
48143  22.436  -8.055  -30.201 0.0000000000
48144  22.092  -8.253  -29.981 0.0000000000
48145  22.283  -7.927  -30.456 0.0000000000
53108  22.785  -17.331  -27.768 0.0000000000
53109  23.177  -18.157  -27.627 0.0000000000
53110  23.331  -17.715  -28.143 0.0000000000
54288  28.061  -8.140  -30.890 0.0000000000
54289  27.644  -8.457  -30.881 0.0000000000
54290  27.333  -7.707  -31.195 0.0000000000
54291  26.720  -7.287  -31.371 0.0000000000
54292  27.171  -7.024  -31.349 0.0000000000
55924  23.780  -21.204  -21.895 0.0000000000
55925  24.502  -21.287  -21.617 0.0000000000
55926  24.228  -21.600  -21.340 0.0000000000
55928  24.014  -21.991  -21.042 0.0000000000
55929  23.809  -22.335  -20.805 0.0000000000
55930  23.445  -22.000  -21.445 0.0000000000
55931  22.897  -22.109  -23.001 0.0000000000
55932  22.898  -22.356  -22.418 0.0000000000
55933  22.908  -22.641  -22.885 0.0000000000
55934  22.968  -23.235  -22.703 0.0000000000
55935  23.124  -23.014  -23.389 0.0000000000
55936  23.508  -23.402  -23.734 0.0000000000
55937  23.270  -22.758  -23.901 0.0000000000
55938  23.393  -21.626  -24.998 0.0000000000
55939  23.645  -22.292  -24.832 0.0000000000
55940  23.897  -22.035  -25.318 0.0000000000
57731  23.534  -14.394  -26.847 0.0000000000
57732  24.344  -15.360  -26.476 0.0000000000
57733  23.426  -14.843  -26.534 0.0000000000
57734  23.348  -15.291  -26.219 0.0000000000
57735  22.702  -14.412  -26.603 0.0000000000
57736  22.218  -14.140  -26.705 0.0000000000
57737  22.162  -13.505  -26.965 0.0000000000
57738  21.432  -11.387  -27.652 0.0000000000
57739  21.315  -11.885  -27.517 0.0000000000
57740  21.097  -11.232  -27.754 0.0000000000
57741  20.843  -11.194  -27.923 0.0000000000
57742  20.978  -10.611  -28.076 0.0000000000
57744  23.274  -7.196  -32.230 0.0000000000
64935  24.452  -11.639  -28.813 0.0000000000
64936  23.656  -11.029  -28.728 0.0000000000
64937  24.188  -10.966  -28.959 0.0000000000
64938  24.334  -9.666  -29.771 0.0000000000
64939  23.814  -9.743  -29.486 0.0000000000
64940  23.705  -9.150  -29.830 0.0000000000
64941  23.176  -8.693  -29.907 0.0000000000
64942  23.685  -8.678  -30.199 0.0000000000
64943  26.382  -9.287  -30.643 0.0000000000
64944  25.891  -9.501  -30.481 0.0000000000
64945  25.736  -8.816  -30.823 0.0000000000
64946  24.602  -7.366  -31.468 0.0000000000
64947  24.682  -7.944  -31.049 0.0000000000
64948  24.212  -7.562  -31.199 0.0000000000
64949  23.803  -7.728  -31.058 0.0000000000
64950  23.855  -7.244  -31.426 0.0000000000
64951  23.615  -7.012  -31.698 0.0000000000
64952  23.974  -6.810  -31.898 0.0000000000
69871  23.381  -23.123  -20.434 0.0000000000
69872  23.761  -23.396  -19.833 0.0000000000
69873  23.206  -23.561  -20.277 0.0000000000
69874  22.802  -24.959  -20.616 0.0000000000
75281  23.036  -18.097  -24.526 0.0000000000
75282  23.442  -18.671  -23.967 0.0000000000
75283  23.041  -18.639  -24.290 0.0000000000
75284  23.013  -19.090  -24.126 0.0000000000
75285  22.744  -18.655  -24.650 0.0000000000
75286  22.590  -18.746  -25.005 0.0000000000
75287  22.528  -18.188  -25.221 0.0000000000
75288  22.006  -16.561  -26.364 0.0000000000
75289  22.148  -17.174  -26.202 0.0000000000
75290  22.036  -16.675  -26.672 0.0000000000
75291  22.139  -16.819  -27.032 0.0000000000
75292  21.939  -16.135  -27.193 0.0000000000
75293  21.559  -13.804  -27.160 0.0000000000
75294  21.669  -14.527  -27.011 0.0000000000
75295  21.398  -13.819  -27.411 0.0000000000
75296  21.258  -13.548  -28.351 0.0000000000
75297  21.390  -14.084  -28.004 0.0000000000
75298  21.527  -14.269  -28.288 0.0000000000
75299  21.814  -15.043  -28.079 0.0000000000
75300  21.835  -14.552  -28.608 0.0000000000
75301  22.278  -14.875  -28.961 0.0000000000
75302  21.861  -14.102  -29.045 0.0000000000
75303  21.976  -12.624  -29.950 0.0000000000
75304  22.304  -13.417  -29.966 0.0000000000
75305  22.767  -13.210  -30.413 0.0000000000
75308  22.413  -9.976  -28.645 0.0000000000
75309  22.070  -10.188  -28.357 0.0000000000
75310  21.969  -9.624  -28.702 0.0000000000
75311  21.514  -8.883  -29.541 0.0000000000
75312  21.424  -9.265  -29.013 0.0000000000
75313  21.280  -9.259  -29.252 0.0000000000
75314  21.075  -9.706  -28.996 0.0000000000
75315  21.178  -9.350  -29.568 0.0000000000
75316  22.700  -7.865  -31.799 0.0000000000
75317  22.238  -8.022  -31.180 0.0000000000
75318  22.350  -8.186  -31.520 0.0000000000
75319  22.314  -9.398  -31.511 0.0000000000
75320  21.995  -9.049  -31.126 0.0000000000
75321  21.820  -9.564  -30.892 0.0000000000
75322  21.444  -9.808  -30.302 0.0000000000
75323  21.755  -10.128  -30.683 0.0000000000
75324  21.710  -10.697  -30.368 0.0000000000
75325  22.181  -10.516  -31.046 0.0000000000
89531  27.111  -5.363  -31.299 0.0000000000
90203  22.611  -19.053  -25.701 0.0000000000
90204  22.816  -19.686  -25.569 0.0000000000
90205  22.865  -19.314  -26.074 0.0000000000
90206  23.995  -19.692  -27.360 0.0000000000
90207  23.708  -20.016  -26.763 0.0000000000
90208  24.439  -20.450  -27.082 0.0000000000
90209  24.920  -21.218  -26.880 0.0000000000
93457  23.689  -19.960  -22.999 0.0000000000
93458  24.191  -20.423  -22.481 0.0000000000
93459  23.530  -20.365  -22.785 0.0000000000
93460  23.439  -20.805  -22.472 0.0000000000
93461  23.275  -21.271  -22.298 0.0000000000
93462  23.163  -21.692  -22.122 0.0000000000
93463  23.005  -21.402  -22.714 0.0000000000
93464  22.881  -21.604  -23.130 0.0000000000
93465  22.916  -21.844  -23.581 0.0000000000
93466  23.096  -22.154  -23.965 0.0000000000
93467  22.971  -21.571  -24.103 0.0000000000
93468  23.070  -21.292  -24.615 0.0000000000
93469  23.191  -21.016  -25.151 0.0000000000
94544  23.606  -13.971  -27.171 0.0000000000
94545  22.718  -13.327  -27.184 0.0000000000
94546  22.170  -12.946  -27.199 0.0000000000
94547  22.244  -12.475  -27.413 0.0000000000
94548  21.834  -11.636  -27.603 0.0000000000
94549  21.566  -10.880  -27.831 0.0000000000
98865  25.525  -11.509  -29.295 0.0000000000
98866  24.717  -10.932  -29.288 0.0000000000
98867  25.305  -10.948  -29.500 0.0000000000
98868  25.039  -10.227  -29.757 0.0000000000
98869  24.749  -9.610  -30.105 0.0000000000
98870  25.948  -7.883  -31.300 0.0000000000
98871  25.580  -8.119  -31.149 0.0000000000
98872  25.374  -7.465  -31.449 0.0000000000
98873  24.862  -7.064  -31.598 0.0000000000
98874  24.556  -6.838  -31.816 0.0000000000
101827  22.813  -23.662  -21.424 0.0000000000
101828  22.859  -23.851  -20.792 0.0000000000
101829  22.832  -24.209  -21.299 0.0000000000
101830  22.891  -24.801  -21.209 0.0000000000
101831  22.946  -25.375  -21.142 0.0000000000
105070  24.546  -17.688  -24.754 0.0000000000
105071  24.426  -18.078  -24.417 0.0000000000
105072  24.227  -18.398  -24.099 0.0000000000
105073  23.646  -17.813  -24.571 0.0000000000
105074  23.060  -17.660  -24.782 0.0000000000
105075  22.635  -17.552  -25.168 0.0000000000
105076  22.430  -17.553  -25.477 0.0000000000
105077  22.368  -17.051  -25.624 0.0000000000
105078  22.084  -16.490  -26.094 0.0000000000
105079  21.911  -15.943  -26.515 0.0000000000
105080  20.911  -12.495  -27.732 0.0000000000
105081  21.126  -13.174  -27.730 0.0000000000
105082  20.883  -12.621  -28.047 0.0000000000
105083  21.026  -12.793  -28.382 0.0000000000
105084  21.225  -13.048  -28.707 0.0000000000
105085  21.511  -13.361  -29.076 0.0000000000
105086  21.268  -12.604  -29.048 0.0000000000
105087  21.513  -12.225  -29.569 0.0000000000
105088  21.830  -11.944  -30.044 0.0000000000
105089  22.295  -8.946  -29.374 0.0000000000
105090  21.954  -9.122  -29.139 0.0000000000
105091  21.964  -8.689  -29.524 0.0000000000
105092  21.773  -8.549  -29.802 0.0000000000
105093  21.698  -8.546  -30.118 0.0000000000
105094  23.203  -8.338  -32.543 0.0000000000
105095  22.688  -8.470  -32.002 0.0000000000
105096  23.051  -8.800  -32.349 0.0000000000
105097  22.896  -9.269  -32.134 0.0000000000
105098  22.708  -9.741  -31.860 0.0000000000
105099  22.724  -10.366  -31.680 0.0000000000
114026  22.666  -18.226  -26.808 0.0000000000
114027  22.915  -18.954  -26.571 0.0000000000
114028  23.034  -18.562  -27.127 0.0000000000
114029  23.537  -18.957  -27.472 0.0000000000
115936  26.884  -10.559  -30.107 0.0000000000
115937  27.394  -10.343  -30.187 0.0000000000
115938  27.109  -9.705  -30.459 0.0000000000
115939  26.819  -8.987  -30.803 0.0000000000
115940  27.933  -9.141  -30.597 0.0000000000
115941  27.228  -8.760  -30.885 0.0000000000
115942  26.566  -8.315  -31.135 0.0000000000
115943  26.353  -7.590  -31.364 0.0000000000
115944  26.150  -6.884  -31.537 0.0000000000
115945  25.870  -6.173  -31.709 0.0000000000
118230  24.770  -20.939  -21.942 0.0000000000
118238  23.572  -22.730  -20.627 0.0000000000
118239  23.083  -22.892  -21.063 0.0000000000
118240  23.043  -22.142  -21.925 0.0000000000
118241  22.900  -22.630  -21.716 0.0000000000
118242  22.855  -23.141  -21.523 0.0000000000
118243  22.860  -23.486  -22.060 0.0000000000
118244  23.064  -23.844  -22.582 0.0000000000
118247  23.780  -24.060  -23.555 0.0000000000
118248  24.053  -23.825  -24.047 0.0000000000
118249  24.362  -23.597  -24.532 0.0000000000
118250  23.454  -22.527  -24.378 0.0000000000
118251  23.999  -22.925  -24.739 0.0000000000
120763  24.142  -16.181  -25.823 0.0000000000
120764  23.384  -15.850  -25.878 0.0000000000
120765  22.657  -15.469  -26.088 0.0000000000
120766  22.201  -15.271  -26.311 0.0000000000
120767  22.244  -14.722  -26.470 0.0000000000
120768  21.853  -13.914  -26.930 0.0000000000
120769  21.402  -13.116  -27.242 0.0000000000
120770  21.647  -12.588  -27.288 0.0000000000
120771  21.306  -12.453  -27.357 0.0000000000
120772  21.046  -12.425  -27.509 0.0000000000
120773  20.825  -11.812  -27.861 0.0000000000
120774  20.773  -11.291  -28.196 0.0000000000
120775  20.756  -10.738  -28.597 0.0000000000
120776  22.940  -7.454  -31.305 0.0000000000
120777  22.579  -7.685  -31.066 0.0000000000
120778  22.930  -7.455  -31.698 0.0000000000
120779  22.981  -7.531  -32.070 0.0000000000
130634  24.702  -12.754  -28.326 0.0000000000
130635  23.613  -11.953  -28.282 0.0000000000
130636  22.850  -11.329  -28.168 0.0000000000
130637  23.175  -11.083  -28.421 0.0000000000
130638  22.937  -10.421  -28.639 0.0000000000
130639  22.796  -9.863  -28.925 0.0000000000
130640  23.976  -10.361  -29.262 0.0000000000
130641  23.270  -9.764  -29.277 0.0000000000
130642  22.713  -9.286  -29.317 0.0000000000
130643  22.633  -8.693  -29.627 0.0000000000
130644  22.750  -8.331  -30.038 0.0000000000
130645  22.861  -7.922  -30.455 0.0000000000
130646  26.071  -10.119  -30.230 0.0000000000
130647  25.383  -9.619  -30.297 0.0000000000
130648  24.769  -9.119  -30.353 0.0000000000
130649  25.172  -8.375  -30.949 0.0000000000
130650  24.718  -8.552  -30.715 0.0000000000
130651  24.189  -8.594  -30.410 0.0000000000
130652  23.730  -8.163  -30.605 0.0000000000
130653  23.373  -7.859  -30.785 0.0000000000
130654  23.090  -7.605  -31.008 0.0000000000
130655  23.321  -7.266  -31.507 0.0000000000
130656  23.521  -6.917  -32.056 0.0000000000
143529  24.533  -19.719  -23.052 0.0000000000
143530  24.159  -18.848  -23.780 0.0000000000
143531  23.868  -19.179  -23.500 0.0000000000
143532  23.803  -19.562  -23.237 0.0000000000
143533  23.353  -19.535  -23.552 0.0000000000
143534  22.971  -19.569  -23.917 0.0000000000
143535  22.791  -19.694  -24.253 0.0000000000
143536  22.740  -19.833  -24.724 0.0000000000
143537  22.650  -19.264  -24.876 0.0000000000
143538  22.566  -18.872  -25.352 0.0000000000
143539  22.462  -18.437  -25.914 0.0000000000
143540  22.314  -17.663  -25.784 0.0000000000
143541  22.284  -17.828  -26.083 0.0000000000
143542  22.427  -18.025  -26.416 0.0000000000
143543  22.388  -17.540  -26.885 0.0000000000
143544  22.415  -17.043  -27.405 0.0000000000
143545  22.476  -16.581  -27.894 0.0000000000
143546  21.920  -15.205  -26.529 0.0000000000
143547  21.757  -15.246  -26.756 0.0000000000
143548  21.696  -15.310  -27.042 0.0000000000
143549  21.350  -13.935  -27.697 0.0000000000
143550  21.514  -14.675  -27.532 0.0000000000
143551  21.745  -15.420  -27.353 0.0000000000
143552  21.895  -15.610  -27.621 0.0000000000
143553  22.156  -15.791  -28.003 0.0000000000
143554  22.561  -16.079  -28.381 0.0000000000
143555  22.713  -15.675  -28.864 0.0000000000
143558  22.016  -13.750  -29.481 0.0000000000
143559  22.654  -14.200  -29.877 0.0000000000
143564  22.236  -10.825  -28.082 0.0000000000
143565  21.789  -10.461  -28.051 0.0000000000
143566  21.441  -10.228  -28.097 0.0000000000
143567  21.574  -9.365  -28.831 0.0000000000
143568  21.384  -9.696  -28.484 0.0000000000
143569  21.182  -10.107  -28.260 0.0000000000
143570  20.982  -10.072  -28.517 0.0000000000
143571  20.871  -10.146  -28.789 0.0000000000
143572  20.918  -10.337  -29.052 0.0000000000
143573  22.209  -7.933  -30.811 0.0000000000
143574  21.904  -8.227  -30.662 0.0000000000
143575  21.679  -8.606  -30.413 0.0000000000
143576  22.145  -8.581  -31.332 0.0000000000
143577  21.758  -8.745  -30.742 0.0000000000
143578  21.490  -9.054  -30.246 0.0000000000
143579  21.272  -9.558  -29.947 0.0000000000
143580  21.140  -10.037  -29.660 0.0000000000
143581  21.078  -10.590  -29.384 0.0000000000
143582  21.350  -10.901  -29.792 0.0000000000
143583  21.745  -11.269  -30.222 0.0000000000
143584  22.270  -11.701  -30.619 0.0000000000
160686  27.793  -5.787  -31.108 0.0000000000
160687  27.640  -6.183  -31.192 0.0000000000
160688  27.426  -6.625  -31.272 0.0000000000
160689  26.715  -6.173  -31.510 0.0000000000
160690  26.095  -5.773  -31.692 0.0000000000
160691  25.545  -5.412  -31.887 0.0000000000
160700  25.091  -5.121  -32.133 0.0000000000
161494  22.825  -20.093  -24.982 0.0000000000
161495  22.975  -20.389  -25.236 0.0000000000
161496  23.346  -20.707  -25.670 0.0000000000
161497  23.223  -19.635  -26.455 0.0000000000
161498  23.513  -20.369  -26.240 0.0000000000
161499  23.844  -21.070  -26.042 0.0000000000
161500  24.534  -21.468  -26.364 0.0000000000
