#!ascii label  , from subject fsaverage vox2ras=TkReg
532
573  38.094  -61.383  13.399 0.0000000000
576  44.908  -71.607  13.029 0.0000000000
1265  40.355  -57.700  12.995 0.0000000000
1266  39.277  -59.111  18.447 0.0000000000
1273  40.469  -69.728  16.504 0.0000000000
2354  40.710  -60.274  9.109 0.0000000000
2355  40.227  -64.878  9.252 0.0000000000
2362  37.651  -64.167  17.955 0.0000000000
2363  39.839  -66.955  13.141 0.0000000000
5237  38.672  -59.227  13.385 0.0000000000
5238  40.125  -58.675  10.883 0.0000000000
5239  39.040  -60.716  10.979 0.0000000000
5240  39.926  -62.394  8.966 0.0000000000
5241  38.925  -63.090  10.968 0.0000000000
5259  38.143  -65.615  20.052 0.0000000000
5260  42.458  -70.642  14.230 0.0000000000
5261  40.026  -68.470  14.662 0.0000000000
5262  42.336  -69.169  12.784 0.0000000000
5263  42.151  -67.935  11.670 0.0000000000
5264  44.806  -70.168  11.736 0.0000000000
6885  42.447  -56.908  12.765 0.0000000000
6887  39.403  -58.258  15.903 0.0000000000
6888  37.980  -59.894  15.938 0.0000000000
6899  39.232  -68.296  19.207 0.0000000000
9616  41.976  -57.335  10.537 0.0000000000
9617  42.180  -58.628  8.996 0.0000000000
9618  42.818  -60.083  7.874 0.0000000000
9619  41.694  -61.640  7.654 0.0000000000
9641  37.846  -61.288  18.432 0.0000000000
9642  37.486  -62.807  15.815 0.0000000000
9643  38.668  -67.063  17.348 0.0000000000
9644  38.267  -65.818  15.323 0.0000000000
9645  38.367  -64.379  13.203 0.0000000000
9646  39.921  -65.692  11.401 0.0000000000
12917  38.321  -60.214  13.408 0.0000000000
12918  38.813  -59.881  12.175 0.0000000000
12919  38.518  -60.975  12.177 0.0000000000
12920  38.824  -61.863  10.939 0.0000000000
12921  38.379  -62.168  12.195 0.0000000000
12940  43.646  -70.957  13.500 0.0000000000
12941  42.447  -69.926  13.397 0.0000000000
12942  43.704  -70.209  12.874 0.0000000000
12943  43.514  -69.542  12.237 0.0000000000
12944  44.871  -70.823  12.354 0.0000000000
15315  42.650  -57.212  15.305 0.0000000000
15317  40.210  -58.518  18.422 0.0000000000
15318  40.230  -58.074  17.084 0.0000000000
15319  39.220  -58.637  17.229 0.0000000000
15320  38.597  -58.970  15.962 0.0000000000
15321  38.426  -59.445  17.241 0.0000000000
21472  41.307  -57.254  12.846 0.0000000000
21473  42.114  -57.013  11.596 0.0000000000
21474  41.005  -57.446  11.695 0.0000000000
21475  40.338  -59.448  9.965 0.0000000000
21476  41.093  -58.626  9.880 0.0000000000
21477  41.404  -59.394  9.137 0.0000000000
21478  42.518  -59.378  8.408 0.0000000000
21479  41.767  -60.138  8.444 0.0000000000
21480  42.202  -60.783  7.775 0.0000000000
21481  41.132  -60.972  8.310 0.0000000000
21482  40.022  -63.666  9.020 0.0000000000
21483  40.706  -63.209  8.288 0.0000000000
21535  37.729  -63.342  19.344 0.0000000000
21536  37.981  -62.017  19.486 0.0000000000
21537  37.563  -62.640  18.273 0.0000000000
21538  37.497  -61.965  17.207 0.0000000000
21539  37.469  -63.509  16.912 0.0000000000
21541  38.915  -67.723  18.297 0.0000000000
21542  39.413  -68.474  16.939 0.0000000000
21543  39.929  -67.737  13.856 0.0000000000
21544  39.044  -67.196  15.056 0.0000000000
21545  38.929  -66.437  14.113 0.0000000000
21546  38.202  -65.091  14.305 0.0000000000
21547  38.962  -65.740  13.158 0.0000000000
21548  39.071  -65.031  12.203 0.0000000000
21549  39.835  -66.226  12.350 0.0000000000
27859  39.435  -58.327  13.237 0.0000000000
27860  40.083  -58.088  11.919 0.0000000000
27861  39.331  -58.900  12.069 0.0000000000
27862  39.457  -59.637  10.985 0.0000000000
27863  39.767  -60.439  9.983 0.0000000000
27864  40.189  -61.242  8.977 0.0000000000
27865  39.409  -61.540  9.865 0.0000000000
27866  39.285  -62.763  9.918 0.0000000000
27867  39.484  -64.047  10.015 0.0000000000
27898  37.975  -64.182  20.379 0.0000000000
27899  37.893  -64.848  19.047 0.0000000000
27900  41.436  -70.338  15.220 0.0000000000
27901  40.297  -69.119  15.569 0.0000000000
27902  41.275  -69.615  14.295 0.0000000000
27903  41.122  -68.877  13.486 0.0000000000
27904  40.980  -68.118  12.956 0.0000000000
27905  40.916  -67.404  12.382 0.0000000000
27906  42.184  -68.457  12.272 0.0000000000
27907  43.413  -69.013  11.639 0.0000000000
27908  44.766  -69.654  11.031 0.0000000000
31424  44.225  -56.853  14.055 0.0000000000
31426  43.044  -56.945  13.938 0.0000000000
31427  41.818  -57.156  14.124 0.0000000000
31428  40.716  -57.491  14.285 0.0000000000
31430  40.396  -57.733  15.749 0.0000000000
31431  39.811  -57.961  14.442 0.0000000000
31432  38.953  -58.647  14.603 0.0000000000
31433  38.296  -59.548  14.628 0.0000000000
31434  37.879  -60.651  14.691 0.0000000000
31464  42.470  -71.425  15.130 0.0000000000
31465  43.652  -71.745  14.230 0.0000000000
31466  44.700  -72.364  13.529 0.0000000000
39082  43.244  -56.689  11.602 0.0000000000
39085  40.936  -57.945  10.777 0.0000000000
39086  42.016  -57.964  9.658 0.0000000000
39087  43.116  -58.001  8.777 0.0000000000
39088  43.312  -58.782  8.216 0.0000000000
39089  43.667  -59.425  7.758 0.0000000000
39094  40.744  -62.031  8.241 0.0000000000
39158  38.559  -60.845  19.566 0.0000000000
39159  38.438  -60.102  18.457 0.0000000000
39160  37.806  -60.561  17.225 0.0000000000
39161  37.540  -61.282  15.954 0.0000000000
39162  37.685  -62.080  14.653 0.0000000000
39163  38.656  -66.944  19.643 0.0000000000
39164  38.382  -66.313  18.660 0.0000000000
39165  38.087  -65.664  17.600 0.0000000000
39166  39.199  -67.855  15.975 0.0000000000
39167  38.420  -66.468  16.357 0.0000000000
39168  37.802  -64.984  16.624 0.0000000000
39169  37.733  -64.356  15.576 0.0000000000
39170  37.760  -63.626  14.507 0.0000000000
39171  38.028  -62.899  13.267 0.0000000000
39172  38.617  -63.625  12.128 0.0000000000
39173  39.285  -64.489  11.126 0.0000000000
39174  39.994  -65.298  10.300 0.0000000000
39175  40.954  -66.836  11.566 0.0000000000
43637  38.202  -60.766  13.397 0.0000000000
43638  38.407  -60.547  12.793 0.0000000000
43639  38.291  -61.158  12.787 0.0000000000
43640  38.417  -61.565  12.165 0.0000000000
43641  38.227  -61.766  12.771 0.0000000000
43660  44.282  -71.238  13.251 0.0000000000
43661  43.695  -70.591  13.158 0.0000000000
43662  44.319  -70.849  12.942 0.0000000000
43663  44.273  -70.482  12.617 0.0000000000
43664  44.886  -71.192  12.702 0.0000000000
43665  45.347  -71.467  12.414 0.0000000000
46037  39.717  -58.758  18.457 0.0000000000
46038  39.696  -58.535  17.832 0.0000000000
46039  39.239  -58.858  17.856 0.0000000000
46040  38.801  -59.025  17.227 0.0000000000
46041  38.830  -59.239  17.824 0.0000000000
52192  40.805  -57.434  12.918 0.0000000000
52193  41.156  -57.300  12.252 0.0000000000
52194  40.670  -57.557  12.341 0.0000000000
52195  40.528  -59.878  9.538 0.0000000000
52196  40.845  -59.405  9.546 0.0000000000
52197  41.045  -59.812  9.152 0.0000000000
52198  41.579  -59.715  8.844 0.0000000000
52199  41.238  -60.195  8.745 0.0000000000
52200  41.457  -60.576  8.374 0.0000000000
52201  40.906  -60.641  8.689 0.0000000000
52202  40.062  -64.294  9.116 0.0000000000
52203  40.374  -64.092  8.693 0.0000000000
52255  37.666  -63.749  18.659 0.0000000000
52256  37.641  -63.010  18.802 0.0000000000
52257  37.566  -63.402  18.166 0.0000000000
52258  37.501  -63.053  17.630 0.0000000000
52259  37.556  -63.832  17.467 0.0000000000
52261  39.589  -68.792  17.375 0.0000000000
52262  39.957  -69.087  16.704 0.0000000000
52263  39.870  -67.343  13.506 0.0000000000
52264  39.412  -67.099  13.995 0.0000000000
52265  39.367  -66.707  13.575 0.0000000000
52266  38.915  -66.085  13.656 0.0000000000
52267  39.368  -66.349  13.160 0.0000000000
52268  39.374  -65.944  12.724 0.0000000000
52269  39.814  -66.596  12.801 0.0000000000
61792  39.006  -58.737  13.292 0.0000000000
61793  39.329  -58.594  12.637 0.0000000000
61794  38.983  -59.043  12.724 0.0000000000
61795  38.904  -60.263  11.581 0.0000000000
61796  39.090  -59.749  11.572 0.0000000000
61797  39.210  -60.159  10.975 0.0000000000
61798  39.612  -60.049  10.446 0.0000000000
61799  39.372  -60.581  10.440 0.0000000000
61800  39.565  -60.975  9.922 0.0000000000
61801  39.207  -61.128  10.423 0.0000000000
61802  38.779  -62.461  10.983 0.0000000000
61803  39.036  -62.304  10.404 0.0000000000
61804  39.082  -62.935  10.443 0.0000000000
61805  39.373  -63.409  9.970 0.0000000000
61806  39.199  -63.578  10.478 0.0000000000
61858  37.892  -64.501  19.742 0.0000000000
61859  38.015  -65.213  19.576 0.0000000000
61860  41.942  -70.511  14.704 0.0000000000
61861  41.352  -69.954  14.767 0.0000000000
61862  41.863  -70.146  14.256 0.0000000000
61863  42.423  -69.536  13.099 0.0000000000
61864  41.806  -69.411  13.457 0.0000000000
61865  41.741  -69.011  13.127 0.0000000000
61866  41.067  -68.469  13.201 0.0000000000
61867  41.675  -68.581  12.855 0.0000000000
61868  41.549  -68.247  12.590 0.0000000000
61869  42.241  -68.783  12.518 0.0000000000
61870  44.125  -69.835  11.980 0.0000000000
61871  43.463  -69.256  11.943 0.0000000000
61872  44.094  -69.526  11.604 0.0000000000
61873  44.090  -69.303  11.298 0.0000000000
61874  44.811  -69.891  11.361 0.0000000000
61876  45.446  -70.418  11.408 0.0000000000
68984  44.072  -56.967  14.705 0.0000000000
68985  43.625  -56.875  14.024 0.0000000000
68986  43.441  -57.002  14.652 0.0000000000
68988  42.211  -57.153  14.704 0.0000000000
68989  41.605  -57.279  14.785 0.0000000000
68990  41.238  -57.317  14.200 0.0000000000
68991  41.055  -57.434  14.893 0.0000000000
68995  39.777  -58.139  16.491 0.0000000000
68996  40.303  -57.884  16.442 0.0000000000
68997  39.892  -57.970  15.837 0.0000000000
68998  40.032  -57.832  15.097 0.0000000000
68999  39.610  -58.082  15.166 0.0000000000
69000  39.380  -58.268  14.536 0.0000000000
69001  39.158  -58.427  15.251 0.0000000000
69002  38.273  -59.387  15.962 0.0000000000
69003  38.412  -59.241  15.279 0.0000000000
69004  38.112  -59.688  15.282 0.0000000000
69005  38.057  -60.084  14.654 0.0000000000
69006  37.865  -60.265  15.288 0.0000000000
69068  41.935  -71.199  15.642 0.0000000000
69071  43.662  -72.151  14.574 0.0000000000
69072  44.196  -72.407  14.149 0.0000000000
69073  44.232  -71.984  13.862 0.0000000000
87457  43.043  -56.777  12.789 0.0000000000
87459  42.801  -56.798  12.187 0.0000000000
87460  42.011  -57.137  11.038 0.0000000000
87461  42.568  -56.936  10.982 0.0000000000
87464  42.495  -57.334  9.999 0.0000000000
87465  40.082  -58.318  11.361 0.0000000000
87466  40.499  -57.991  11.329 0.0000000000
87467  40.510  -58.280  10.821 0.0000000000
87468  41.648  -58.633  9.419 0.0000000000
87469  41.540  -58.280  9.804 0.0000000000
87470  42.089  -58.293  9.318 0.0000000000
87471  42.562  -57.970  9.194 0.0000000000
87472  42.641  -58.313  8.876 0.0000000000
87473  43.209  -58.400  8.488 0.0000000000
87474  42.743  -58.702  8.608 0.0000000000
87475  42.679  -59.725  8.126 0.0000000000
87476  43.083  -59.402  8.052 0.0000000000
87477  43.223  -59.758  7.847 0.0000000000
87481  43.077  -60.384  7.601 0.0000000000
87482  41.925  -61.148  7.719 0.0000000000
87483  42.431  -61.044  7.481 0.0000000000
87487  40.019  -61.808  8.953 0.0000000000
87488  40.455  -61.658  8.569 0.0000000000
87489  40.317  -62.213  8.552 0.0000000000
87648  37.910  -61.635  18.960 0.0000000000
87649  38.231  -61.425  19.520 0.0000000000
87650  38.131  -61.049  18.987 0.0000000000
87651  38.486  -60.481  19.027 0.0000000000
87652  38.109  -60.662  18.440 0.0000000000
87653  38.080  -60.279  17.858 0.0000000000
87654  37.809  -60.908  17.860 0.0000000000
87655  37.445  -62.366  16.494 0.0000000000
87656  37.499  -61.614  16.565 0.0000000000
87657  37.479  -62.011  15.922 0.0000000000
87658  37.580  -61.677  15.339 0.0000000000
87659  37.571  -62.477  15.280 0.0000000000
87662  38.915  -67.631  19.417 0.0000000000
87663  38.776  -67.394  17.834 0.0000000000
87664  38.645  -67.024  18.483 0.0000000000
87665  38.515  -66.711  17.998 0.0000000000
87666  38.205  -66.012  18.085 0.0000000000
87667  38.387  -66.367  17.475 0.0000000000
87668  40.134  -68.815  15.109 0.0000000000
87669  39.683  -68.505  15.796 0.0000000000
87670  39.572  -68.180  15.313 0.0000000000
87671  38.607  -66.524  15.202 0.0000000000
87672  38.686  -66.877  15.714 0.0000000000
87673  38.283  -66.155  15.832 0.0000000000
87674  38.100  -65.737  16.471 0.0000000000
87675  38.045  -65.414  15.955 0.0000000000
87676  37.757  -64.694  16.102 0.0000000000
87677  38.003  -65.100  15.443 0.0000000000
87678  38.271  -64.735  13.744 0.0000000000
87679  37.977  -64.382  14.370 0.0000000000
87680  38.043  -64.032  13.836 0.0000000000
87681  37.886  -63.284  13.899 0.0000000000
87682  38.169  -63.695  13.266 0.0000000000
87683  38.284  -63.234  12.703 0.0000000000
87684  38.483  -63.979  12.691 0.0000000000
87685  39.454  -65.333  11.810 0.0000000000
87686  39.161  -64.735  11.662 0.0000000000
87687  39.556  -65.095  11.303 0.0000000000
87688  39.612  -64.895  10.694 0.0000000000
87689  39.945  -65.477  10.881 0.0000000000
87690  41.503  -67.635  12.000 0.0000000000
87691  40.890  -67.069  12.020 0.0000000000
87692  41.539  -67.356  11.658 0.0000000000
96979  38.469  -59.711  13.412 0.0000000000
96980  38.727  -59.531  12.776 0.0000000000
96981  38.555  -60.045  12.795 0.0000000000
96982  38.652  -60.409  12.186 0.0000000000
96983  38.769  -60.849  11.581 0.0000000000
96984  38.912  -61.280  10.960 0.0000000000
96985  38.649  -61.400  11.544 0.0000000000
96986  38.583  -61.993  11.582 0.0000000000
96987  38.623  -62.610  11.577 0.0000000000
97020  42.985  -70.765  13.810 0.0000000000
97021  42.393  -70.290  13.797 0.0000000000
97022  43.047  -70.392  13.407 0.0000000000
97023  43.080  -70.036  13.105 0.0000000000
97024  43.055  -69.642  12.829 0.0000000000
97025  42.920  -69.312  12.515 0.0000000000
97026  43.597  -69.861  12.553 0.0000000000
97027  44.181  -70.134  12.299 0.0000000000
97028  44.813  -70.490  12.028 0.0000000000
97029  45.436  -70.727  11.747 0.0000000000
97030  45.374  -71.098  12.054 0.0000000000
97031  45.833  -71.702  12.120 0.0000000000
101295  43.279  -57.145  15.280 0.0000000000
101299  40.737  -58.323  18.321 0.0000000000
101301  40.193  -58.276  17.742 0.0000000000
101302  39.714  -58.333  17.153 0.0000000000
101303  39.286  -58.445  16.572 0.0000000000
101304  38.936  -58.586  15.973 0.0000000000
101305  38.860  -58.797  16.610 0.0000000000
101306  38.493  -59.190  16.611 0.0000000000
101307  38.159  -59.606  16.606 0.0000000000
112378  41.861  -57.077  12.784 0.0000000000
112379  42.251  -56.958  12.171 0.0000000000
112380  41.656  -57.122  12.214 0.0000000000
112381  41.558  -57.201  11.631 0.0000000000
112382  41.484  -57.359  11.095 0.0000000000
112383  40.182  -59.031  10.448 0.0000000000
112384  40.561  -58.635  10.370 0.0000000000
112385  40.676  -59.004  9.939 0.0000000000
112386  41.227  -59.009  9.485 0.0000000000
112387  41.782  -59.014  9.065 0.0000000000
112388  42.323  -59.034  8.708 0.0000000000
112389  41.945  -59.382  8.791 0.0000000000
112390  42.116  -59.716  8.469 0.0000000000
112391  42.270  -60.077  8.162 0.0000000000
112392  42.495  -60.429  7.837 0.0000000000
112393  41.988  -60.502  8.096 0.0000000000
112394  41.675  -60.868  8.029 0.0000000000
112395  41.404  -61.314  7.982 0.0000000000
112396  39.927  -63.005  8.989 0.0000000000
112397  40.279  -62.787  8.597 0.0000000000
112398  40.335  -63.451  8.618 0.0000000000
112491  37.934  -62.999  19.954 0.0000000000
112492  38.104  -62.361  20.003 0.0000000000
112493  37.792  -62.630  19.456 0.0000000000
112494  37.727  -62.289  18.899 0.0000000000
112495  37.704  -61.951  18.398 0.0000000000
112496  37.658  -61.607  17.852 0.0000000000
112497  37.544  -62.311  17.762 0.0000000000
112498  37.432  -62.732  17.129 0.0000000000
112499  37.457  -63.147  16.389 0.0000000000
112501  39.051  -68.039  18.776 0.0000000000
112502  39.235  -68.459  18.122 0.0000000000
112503  39.107  -68.143  17.631 0.0000000000
112504  38.965  -67.762  17.179 0.0000000000
112505  39.969  -68.112  14.241 0.0000000000
112506  39.519  -67.838  14.860 0.0000000000
112507  39.479  -67.485  14.461 0.0000000000
112508  38.954  -66.820  14.611 0.0000000000
112509  38.572  -66.171  14.697 0.0000000000
112510  38.232  -65.491  14.833 0.0000000000
112511  38.518  -65.773  14.229 0.0000000000
112512  38.531  -65.427  13.718 0.0000000000
112513  38.620  -65.079  13.176 0.0000000000
112514  38.717  -64.703  12.655 0.0000000000
112515  38.987  -65.386  12.710 0.0000000000
112516  39.416  -65.624  12.273 0.0000000000
112517  39.867  -65.918  11.864 0.0000000000
112518  42.792  -68.312  11.290 0.0000000000
112519  42.151  -67.760  11.272 0.0000000000
117832  40.792  -58.559  18.953 0.0000000000
117833  40.268  -58.763  19.018 0.0000000000
117834  39.782  -59.037  19.035 0.0000000000
126445  39.892  -57.986  13.144 0.0000000000
126446  40.200  -57.865  12.460 0.0000000000
126447  39.737  -58.195  12.590 0.0000000000
126448  39.685  -58.470  11.997 0.0000000000
126449  39.728  -58.763  11.413 0.0000000000
126450  38.999  -59.353  12.151 0.0000000000
126451  39.366  -59.254  11.517 0.0000000000
126452  39.772  -59.130  10.949 0.0000000000
126453  39.890  -59.536  10.449 0.0000000000
126454  40.079  -59.954  9.964 0.0000000000
126455  40.234  -60.359  9.514 0.0000000000
126456  40.421  -60.741  9.057 0.0000000000
126457  39.978  -60.852  9.454 0.0000000000
126458  39.758  -61.369  9.389 0.0000000000
126459  39.609  -61.958  9.384 0.0000000000
126460  39.094  -61.704  10.371 0.0000000000
126461  39.312  -62.132  9.859 0.0000000000
126462  39.577  -62.596  9.399 0.0000000000
126463  39.630  -63.216  9.450 0.0000000000
126464  39.720  -63.851  9.503 0.0000000000
126465  39.828  -64.485  9.567 0.0000000000
126536  38.030  -63.384  20.434 0.0000000000
126537  37.860  -63.741  19.854 0.0000000000
126538  37.776  -64.093  19.218 0.0000000000
126539  37.773  -64.497  18.480 0.0000000000
126540  40.904  -70.025  15.856 0.0000000000
126541  40.377  -69.400  16.044 0.0000000000
126542  40.860  -69.690  15.398 0.0000000000
126543  40.748  -69.398  14.913 0.0000000000
126544  40.624  -69.078  14.462 0.0000000000
126545  41.817  -69.796  13.819 0.0000000000
126546  41.191  -69.264  13.880 0.0000000000
126547  40.545  -68.715  14.029 0.0000000000
126548  40.484  -68.332  13.619 0.0000000000
126549  40.422  -67.959  13.341 0.0000000000
126550  40.376  -67.565  13.065 0.0000000000
126551  40.390  -67.210  12.788 0.0000000000
126552  40.934  -67.762  12.693 0.0000000000
126553  41.521  -67.944  12.315 0.0000000000
126554  42.165  -68.182  11.993 0.0000000000
126555  42.863  -69.007  12.235 0.0000000000
126556  42.810  -68.714  11.972 0.0000000000
126557  42.791  -68.499  11.655 0.0000000000
126558  43.440  -68.811  11.273 0.0000000000
126559  44.086  -69.131  10.936 0.0000000000
135764  44.492  -56.739  13.461 0.0000000000
135766  43.866  -56.751  13.438 0.0000000000
135767  43.300  -56.814  13.389 0.0000000000
135768  42.719  -56.905  13.376 0.0000000000
135769  42.816  -57.066  14.643 0.0000000000
135770  42.432  -57.028  14.036 0.0000000000
135771  42.104  -57.023  13.392 0.0000000000
135772  41.526  -57.212  13.431 0.0000000000
135773  40.972  -57.404  13.544 0.0000000000
135774  40.508  -57.615  13.601 0.0000000000
135780  40.898  -57.569  15.614 0.0000000000
135781  40.526  -57.617  15.004 0.0000000000
135782  40.239  -57.717  14.347 0.0000000000
135783  40.086  -57.851  13.668 0.0000000000
135784  39.603  -58.115  13.855 0.0000000000
135785  39.167  -58.491  13.917 0.0000000000
135786  38.788  -58.912  13.969 0.0000000000
135787  38.761  -58.816  15.281 0.0000000000
135788  38.582  -59.074  14.625 0.0000000000
135789  38.481  -59.382  13.999 0.0000000000
135790  38.254  -59.887  14.008 0.0000000000
135791  38.083  -60.440  14.052 0.0000000000
135792  37.987  -61.003  14.055 0.0000000000
135869  40.940  -70.354  16.309 0.0000000000
135870  41.417  -70.631  15.710 0.0000000000
135871  41.978  -70.910  15.183 0.0000000000
135872  42.506  -71.027  14.686 0.0000000000
135873  43.059  -71.950  15.040 0.0000000000
135874  43.054  -71.543  14.658 0.0000000000
135875  43.049  -71.137  14.254 0.0000000000
135876  43.634  -71.319  13.874 0.0000000000
135877  44.258  -71.616  13.579 0.0000000000
135878  44.818  -71.983  13.305 0.0000000000
158203  42.690  -56.848  11.580 0.0000000000
158209  40.543  -57.750  11.820 0.0000000000
158210  40.977  -57.657  11.217 0.0000000000
158211  41.471  -57.602  10.618 0.0000000000
158212  40.974  -58.268  10.299 0.0000000000
158213  41.465  -57.935  10.193 0.0000000000
158214  41.994  -57.628  10.085 0.0000000000
158215  42.532  -57.626  9.577 0.0000000000
158219  43.770  -58.471  8.107 0.0000000000
158220  43.867  -58.857  7.851 0.0000000000
158221  42.883  -59.061  8.324 0.0000000000
158222  43.463  -59.118  7.958 0.0000000000
158230  42.715  -60.731  7.535 0.0000000000
158236  40.648  -61.124  8.624 0.0000000000
158237  40.888  -61.487  8.269 0.0000000000
158238  41.208  -61.841  7.948 0.0000000000
158239  40.697  -62.604  8.252 0.0000000000
158240  41.105  -62.408  7.932 0.0000000000
158428  38.349  -61.809  19.995 0.0000000000
158429  38.672  -61.274  20.027 0.0000000000
158431  38.937  -60.313  19.605 0.0000000000
158432  38.858  -59.932  19.036 0.0000000000
158433  38.823  -59.583  18.464 0.0000000000
158434  38.400  -59.749  17.895 0.0000000000
158435  38.072  -59.969  17.241 0.0000000000
158436  37.845  -60.231  16.582 0.0000000000
158437  37.619  -61.235  17.224 0.0000000000
158438  37.624  -60.911  16.583 0.0000000000
158439  37.705  -60.584  15.935 0.0000000000
158440  37.674  -60.936  15.319 0.0000000000
158441  37.775  -61.314  14.701 0.0000000000
158442  37.892  -61.729  14.016 0.0000000000
158444  38.486  -66.557  20.385 0.0000000000
158445  38.386  -66.289  19.855 0.0000000000
158446  38.775  -67.326  18.947 0.0000000000
158447  38.527  -66.649  19.168 0.0000000000
158448  38.251  -65.947  19.350 0.0000000000
158449  38.119  -65.581  18.845 0.0000000000
158450  37.953  -65.291  18.267 0.0000000000
158451  37.834  -64.942  17.767 0.0000000000
158452  39.817  -68.782  16.258 0.0000000000
158453  39.284  -68.150  16.476 0.0000000000
158454  38.854  -67.444  16.693 0.0000000000
158455  39.108  -67.533  15.492 0.0000000000
158456  38.779  -67.169  16.202 0.0000000000
158457  38.566  -66.755  16.865 0.0000000000
158458  38.246  -66.049  16.962 0.0000000000
158459  37.944  -65.336  17.110 0.0000000000
158460  37.699  -64.606  17.262 0.0000000000
158461  37.584  -64.275  16.767 0.0000000000
158462  37.553  -63.931  16.257 0.0000000000
158463  37.536  -63.575  15.752 0.0000000000
158464  37.985  -64.767  14.894 0.0000000000
158465  37.725  -63.989  15.071 0.0000000000
158466  37.607  -63.252  15.182 0.0000000000
158467  37.679  -62.884  14.581 0.0000000000
158468  37.841  -62.508  13.946 0.0000000000
158469  38.028  -62.149  13.330 0.0000000000
158470  38.208  -62.492  12.737 0.0000000000
158471  38.454  -62.901  12.130 0.0000000000
158472  38.780  -63.344  11.540 0.0000000000
158473  38.820  -64.354  12.133 0.0000000000
158474  38.945  -64.043  11.582 0.0000000000
158475  39.078  -63.828  11.017 0.0000000000
158476  39.357  -64.292  10.561 0.0000000000
158477  39.695  -64.703  10.134 0.0000000000
158478  40.083  -65.123  9.774 0.0000000000
158479  40.331  -66.839  12.414 0.0000000000
158480  40.334  -66.543  11.978 0.0000000000
158481  40.399  -66.290  11.455 0.0000000000
158483  40.884  -66.668  11.119 0.0000000000
158484  40.399  -66.114  10.953 0.0000000000
158485  40.410  -65.920  10.446 0.0000000000
158486  40.383  -65.758  9.915 0.0000000000
