#!ascii label  , from subject fsaverage vox2ras=TkReg
568
23  43.966  -12.751  20.663 0.0000000000
314  37.161  -12.294  20.534 0.0000000000
316  34.399  -23.799  20.652 0.0000000000
794  40.379  -12.545  21.117 0.0000000000
795  35.873  -18.086  21.178 0.0000000000
796  39.134  -17.754  22.284 0.0000000000
1720  34.214  -18.683  18.371 0.0000000000
1721  32.272  -24.201  17.993 0.0000000000
2162  43.794  -8.914  15.400 0.0000000000
2171  47.465  -9.633  14.402 0.0000000000
2714  42.151  -12.662  20.971 0.0000000000
2715  39.693  -15.099  22.046 0.0000000000
2716  41.560  -15.160  21.968 0.0000000000
3824  35.845  -12.377  19.728 0.0000000000
3825  34.851  -15.703  18.595 0.0000000000
3826  35.458  -15.378  20.019 0.0000000000
3827  35.151  -20.888  21.006 0.0000000000
3828  33.981  -21.229  19.793 0.0000000000
3829  33.086  -24.091  19.531 0.0000000000
3830  31.811  -26.797  17.861 0.0000000000
4768  42.470  -8.421  15.865 0.0000000000
6038  38.688  -12.297  20.985 0.0000000000
6039  36.475  -15.146  21.151 0.0000000000
6040  38.016  -15.050  21.828 0.0000000000
6041  37.351  -17.886  21.984 0.0000000000
6042  36.709  -20.670  21.672 0.0000000000
7854  32.908  -21.821  16.351 0.0000000000
7855  34.779  -18.404  19.925 0.0000000000
7856  33.185  -21.530  18.264 0.0000000000
7857  31.938  -24.396  16.085 0.0000000000
9047  39.211  -10.057  18.884 0.0000000000
9048  40.713  -10.353  18.914 0.0000000000
9049  42.259  -10.673  18.794 0.0000000000
9050  43.898  -10.836  18.536 0.0000000000
9076  45.580  -9.353  14.887 0.0000000000
9077  45.924  -10.961  18.034 0.0000000000
10394  43.057  -12.696  20.841 0.0000000000
10395  41.863  -13.886  21.602 0.0000000000
10396  42.787  -13.885  21.488 0.0000000000
11504  36.453  -12.303  20.184 0.0000000000
11505  35.654  -13.869  19.956 0.0000000000
11506  36.173  -13.747  20.514 0.0000000000
11507  34.733  -22.368  20.800 0.0000000000
11508  34.067  -22.596  20.274 0.0000000000
11509  33.681  -23.991  20.184 0.0000000000
11510  32.796  -25.392  19.551 0.0000000000
11511  33.376  -25.358  20.180 0.0000000000
13904  39.521  -12.418  21.097 0.0000000000
13905  38.345  -13.675  21.537 0.0000000000
13906  39.179  -13.693  21.684 0.0000000000
13907  39.411  -16.443  22.278 0.0000000000
13908  38.540  -16.452  22.191 0.0000000000
13909  38.230  -17.774  22.248 0.0000000000
13910  37.048  -19.267  21.872 0.0000000000
13911  37.882  -19.176  22.074 0.0000000000
17237  34.606  -17.243  18.454 0.0000000000
17239  34.100  -18.863  17.526 0.0000000000
17240  33.519  -20.532  16.478 0.0000000000
17241  33.567  -20.288  17.439 0.0000000000
17242  36.180  -16.649  21.175 0.0000000000
17243  35.600  -16.766  20.621 0.0000000000
17244  35.278  -18.202  20.599 0.0000000000
17245  33.031  -22.782  18.941 0.0000000000
17246  33.506  -21.385  19.071 0.0000000000
17247  32.674  -22.909  18.107 0.0000000000
17248  32.509  -22.971  17.235 0.0000000000
17249  32.081  -24.257  17.113 0.0000000000
17251  31.782  -25.518  16.992 0.0000000000
20061  39.476  -9.051  17.744 0.0000000000
20062  40.198  -9.219  17.547 0.0000000000
20063  39.955  -10.215  18.936 0.0000000000
20064  40.860  -9.377  17.440 0.0000000000
20065  43.069  -8.690  15.649 0.0000000000
20066  42.275  -9.752  17.205 0.0000000000
20067  43.068  -9.865  17.088 0.0000000000
20068  43.041  -10.748  18.653 0.0000000000
20069  43.768  -10.003  16.937 0.0000000000
20133  47.343  -8.714  12.949 0.0000000000
20135  46.510  -9.544  14.678 0.0000000000
20136  45.705  -10.167  16.455 0.0000000000
20137  46.701  -10.322  16.236 0.0000000000
20138  46.820  -11.031  17.715 0.0000000000
23318  41.226  -12.639  21.090 0.0000000000
23319  40.000  -13.809  21.738 0.0000000000
23320  40.903  -13.852  21.674 0.0000000000
23321  40.621  -15.163  22.020 0.0000000000
23322  40.327  -16.428  22.203 0.0000000000
25316  35.369  -12.564  19.170 0.0000000000
25318  35.238  -14.037  19.314 0.0000000000
25319  35.100  -15.599  19.323 0.0000000000
25320  34.845  -17.071  19.271 0.0000000000
25321  35.527  -19.497  21.117 0.0000000000
25322  34.892  -19.668  20.549 0.0000000000
25323  34.509  -21.089  20.482 0.0000000000
25324  33.504  -22.682  19.655 0.0000000000
25325  32.611  -24.137  18.814 0.0000000000
25326  31.974  -25.480  17.958 0.0000000000
25327  32.313  -25.453  18.780 0.0000000000
27059  48.277  -9.725  14.202 0.0000000000
29450  37.908  -12.258  20.816 0.0000000000
29451  36.808  -13.651  20.945 0.0000000000
29452  37.546  -13.663  21.312 0.0000000000
29453  37.185  -15.110  21.528 0.0000000000
29454  36.878  -16.564  21.607 0.0000000000
29455  38.796  -15.089  21.981 0.0000000000
29456  37.653  -16.518  21.975 0.0000000000
29457  36.599  -17.929  21.643 0.0000000000
29458  36.234  -19.376  21.549 0.0000000000
29459  35.916  -20.757  21.433 0.0000000000
29460  35.510  -22.179  21.168 0.0000000000
33936  32.355  -23.197  15.237 0.0000000000
33937  35.930  -15.240  20.656 0.0000000000
33938  35.188  -16.842  20.002 0.0000000000
33939  34.465  -18.499  19.185 0.0000000000
33940  34.413  -19.794  19.884 0.0000000000
33941  34.013  -19.925  19.149 0.0000000000
33942  33.710  -20.121  18.334 0.0000000000
33943  32.976  -21.678  17.325 0.0000000000
33944  32.372  -23.121  16.242 0.0000000000
33945  31.890  -24.428  14.996 0.0000000000
37375  36.647  -11.038  19.499 0.0000000000
37376  37.391  -11.048  19.788 0.0000000000
37384  38.396  -9.999  18.898 0.0000000000
37385  38.138  -11.086  19.982 0.0000000000
37386  38.923  -11.139  20.108 0.0000000000
37387  39.717  -11.286  20.225 0.0000000000
37388  40.563  -11.374  20.136 0.0000000000
37389  41.551  -9.566  17.296 0.0000000000
37390  41.474  -10.489  18.829 0.0000000000
37391  41.389  -11.516  20.130 0.0000000000
37392  42.232  -11.605  20.054 0.0000000000
37393  43.115  -11.632  19.928 0.0000000000
37394  43.978  -11.708  19.772 0.0000000000
37471  45.581  -8.162  13.610 0.0000000000
37472  44.658  -9.151  15.145 0.0000000000
37473  44.764  -10.097  16.716 0.0000000000
37474  44.875  -10.910  18.292 0.0000000000
37475  45.043  -11.772  19.486 0.0000000000
39587  41.451  -16.373  22.028 0.0000000000
39588  40.208  -17.679  22.152 0.0000000000
39591  39.005  -19.010  22.053 0.0000000000
39594  35.277  -23.651  20.976 0.0000000000
39602  35.072  -24.982  21.064 0.0000000000
41114  43.495  -12.717  20.763 0.0000000000
41115  42.920  -13.263  21.194 0.0000000000
41116  43.381  -13.270  21.121 0.0000000000
42224  36.798  -12.297  20.379 0.0000000000
42225  36.307  -12.993  20.385 0.0000000000
42226  36.644  -12.983  20.579 0.0000000000
42227  34.561  -23.089  20.721 0.0000000000
42228  34.183  -23.227  20.496 0.0000000000
42229  34.020  -23.900  20.434 0.0000000000
42230  33.526  -24.659  20.159 0.0000000000
42231  33.866  -24.599  20.408 0.0000000000
43762  32.080  -23.898  14.041 0.0000000000
44624  39.956  -12.477  21.111 0.0000000000
44625  39.358  -13.026  21.423 0.0000000000
44626  39.776  -13.084  21.457 0.0000000000
44627  39.278  -17.083  22.305 0.0000000000
44628  38.815  -17.083  22.301 0.0000000000
44629  38.697  -17.769  22.287 0.0000000000
44630  38.073  -18.461  22.201 0.0000000000
44631  38.509  -18.464  22.215 0.0000000000
47957  34.425  -17.965  18.407 0.0000000000
47959  34.123  -18.816  17.957 0.0000000000
47960  33.838  -19.582  17.485 0.0000000000
47961  33.876  -19.506  17.918 0.0000000000
47962  36.028  -17.379  21.181 0.0000000000
47963  35.695  -17.432  20.922 0.0000000000
47964  35.556  -18.150  20.914 0.0000000000
47965  32.619  -23.504  18.455 0.0000000000
47966  32.837  -22.845  18.532 0.0000000000
47967  32.464  -23.553  18.039 0.0000000000
47968  32.365  -23.551  17.632 0.0000000000
47969  32.172  -24.220  17.577 0.0000000000
47970  31.915  -24.895  17.051 0.0000000000
47971  32.002  -24.868  17.541 0.0000000000
50783  40.523  -9.277  17.459 0.0000000000
50785  43.437  -8.817  15.564 0.0000000000
50786  43.065  -9.352  16.294 0.0000000000
50787  43.433  -9.410  16.220 0.0000000000
50788  43.426  -9.929  16.994 0.0000000000
50789  43.795  -9.497  16.078 0.0000000000
50853  47.383  -9.210  13.656 0.0000000000
50854  46.904  -9.131  13.745 0.0000000000
50855  47.013  -9.624  14.600 0.0000000000
50856  46.589  -9.950  15.451 0.0000000000
50857  47.090  -10.035  15.314 0.0000000000
50858  47.147  -10.379  16.133 0.0000000000
50859  47.501  -10.012  15.187 0.0000000000
54224  41.678  -12.665  21.047 0.0000000000
54225  41.076  -13.216  21.437 0.0000000000
54226  41.565  -13.236  21.386 0.0000000000
54227  41.681  -14.567  21.822 0.0000000000
54228  41.220  -14.542  21.849 0.0000000000
54229  41.075  -15.180  21.996 0.0000000000
54230  40.467  -15.808  22.142 0.0000000000
54231  40.937  -15.791  22.097 0.0000000000
57554  35.604  -12.472  19.430 0.0000000000
57555  35.291  -13.273  19.269 0.0000000000
57556  35.501  -13.192  19.563 0.0000000000
57557  35.556  -14.601  20.023 0.0000000000
57558  35.353  -14.691  19.690 0.0000000000
57559  35.256  -15.463  19.690 0.0000000000
57560  34.999  -16.304  19.299 0.0000000000
57561  35.148  -16.206  19.669 0.0000000000
57562  35.346  -20.179  21.077 0.0000000000
57563  35.005  -20.287  20.816 0.0000000000
57564  34.828  -20.991  20.770 0.0000000000
57565  33.556  -23.395  19.915 0.0000000000
57566  33.768  -22.687  19.986 0.0000000000
57567  33.284  -23.370  19.588 0.0000000000
57568  33.042  -23.401  19.237 0.0000000000
57569  32.845  -24.094  19.185 0.0000000000
57570  32.449  -24.795  18.787 0.0000000000
57571  32.671  -24.779  19.146 0.0000000000
57572  32.668  -26.074  19.540 0.0000000000
57573  32.434  -26.085  19.181 0.0000000000
64754  38.306  -12.289  20.913 0.0000000000
64755  37.733  -12.965  21.118 0.0000000000
64756  38.128  -12.980  21.235 0.0000000000
64757  38.161  -14.362  21.715 0.0000000000
64758  37.752  -14.386  21.606 0.0000000000
64759  37.597  -15.074  21.696 0.0000000000
64760  37.031  -15.823  21.590 0.0000000000
64761  37.443  -15.785  21.757 0.0000000000
64762  39.838  -14.445  21.905 0.0000000000
64763  39.395  -14.433  21.877 0.0000000000
64764  39.205  -15.107  22.043 0.0000000000
64765  37.937  -17.163  22.128 0.0000000000
64766  38.083  -16.480  22.095 0.0000000000
64767  37.498  -17.221  22.019 0.0000000000
64768  37.130  -17.220  21.830 0.0000000000
64769  36.966  -17.895  21.832 0.0000000000
64770  36.402  -18.671  21.604 0.0000000000
64771  36.762  -18.608  21.798 0.0000000000
64772  36.884  -19.969  21.784 0.0000000000
64773  36.465  -20.025  21.653 0.0000000000
64774  36.293  -20.723  21.563 0.0000000000
64775  35.701  -21.466  21.304 0.0000000000
64776  36.109  -21.411  21.440 0.0000000000
74762  33.195  -21.214  16.377 0.0000000000
74763  33.212  -21.283  15.910 0.0000000000
74764  32.907  -21.908  15.865 0.0000000000
74765  32.633  -22.575  15.309 0.0000000000
74766  32.605  -22.553  15.819 0.0000000000
74767  36.633  -14.386  21.070 0.0000000000
74768  36.345  -14.422  20.844 0.0000000000
74769  36.194  -15.221  20.927 0.0000000000
74770  35.206  -17.556  20.296 0.0000000000
74771  35.383  -16.781  20.329 0.0000000000
74772  34.985  -17.659  19.975 0.0000000000
74773  34.817  -17.716  19.607 0.0000000000
74774  34.624  -18.433  19.577 0.0000000000
74775  34.449  -20.432  20.194 0.0000000000
74776  34.648  -19.724  20.222 0.0000000000
74777  34.188  -20.533  19.832 0.0000000000
74778  33.330  -21.448  18.686 0.0000000000
74779  33.761  -20.652  19.118 0.0000000000
74780  33.591  -20.728  18.728 0.0000000000
74781  33.832  -20.022  18.724 0.0000000000
74782  33.452  -20.826  18.311 0.0000000000
74783  33.340  -20.910  17.871 0.0000000000
74784  33.070  -21.611  17.800 0.0000000000
74785  32.192  -23.690  16.685 0.0000000000
74786  32.419  -23.061  16.738 0.0000000000
74787  32.129  -23.763  16.176 0.0000000000
74788  32.108  -23.795  15.661 0.0000000000
74789  31.908  -24.425  15.560 0.0000000000
74797  31.869  -26.146  17.914 0.0000000000
74798  31.754  -26.138  17.451 0.0000000000
83203  37.013  -11.046  19.674 0.0000000000
83204  37.493  -10.484  19.344 0.0000000000
83223  39.320  -9.556  18.290 0.0000000000
83224  38.963  -9.489  18.319 0.0000000000
83225  38.799  -10.011  18.917 0.0000000000
83226  38.279  -10.506  19.464 0.0000000000
83227  38.661  -10.544  19.512 0.0000000000
83228  38.521  -11.118  20.080 0.0000000000
83229  39.068  -10.580  19.519 0.0000000000
83230  40.332  -10.283  18.933 0.0000000000
83231  39.843  -10.724  19.608 0.0000000000
83232  40.225  -10.781  19.584 0.0000000000
83233  40.134  -11.326  20.161 0.0000000000
83234  40.621  -10.813  19.558 0.0000000000
83236  41.647  -8.949  16.588 0.0000000000
83237  41.993  -9.059  16.437 0.0000000000
83238  42.270  -10.223  18.010 0.0000000000
83239  41.860  -10.158  18.054 0.0000000000
83240  41.861  -10.598  18.806 0.0000000000
83241  41.443  -10.984  19.519 0.0000000000
83242  41.854  -11.063  19.524 0.0000000000
83243  41.809  -11.571  20.148 0.0000000000
83244  42.255  -11.125  19.470 0.0000000000
83245  43.450  -10.778  18.584 0.0000000000
83246  43.071  -11.164  19.317 0.0000000000
83247  43.504  -11.219  19.262 0.0000000000
83248  43.540  -11.693  19.855 0.0000000000
83249  43.931  -11.295  19.247 0.0000000000
83441  46.001  -8.956  14.055 0.0000000000
83442  46.002  -8.383  13.447 0.0000000000
83443  45.551  -8.815  14.128 0.0000000000
83444  45.096  -8.683  14.346 0.0000000000
83445  45.107  -9.289  15.047 0.0000000000
83446  44.694  -9.658  15.927 0.0000000000
83447  45.145  -9.765  15.815 0.0000000000
83448  45.819  -10.542  17.268 0.0000000000
83449  45.308  -10.513  17.410 0.0000000000
83450  45.388  -10.919  18.125 0.0000000000
83451  44.982  -11.321  18.916 0.0000000000
83452  45.479  -11.356  18.762 0.0000000000
83453  45.479  -11.814  19.381 0.0000000000
83454  45.934  -11.403  18.672 0.0000000000
83455  47.241  -11.059  17.607 0.0000000000
88721  42.034  -16.390  21.926 0.0000000000
88722  41.395  -17.010  21.973 0.0000000000
88723  40.832  -17.009  22.106 0.0000000000
88724  40.761  -17.671  22.001 0.0000000000
88761  34.607  -25.123  20.879 0.0000000000
92438  42.599  -12.673  20.902 0.0000000000
92439  42.017  -13.242  21.322 0.0000000000
92440  42.461  -13.228  21.287 0.0000000000
92441  42.328  -13.910  21.545 0.0000000000
92442  42.172  -14.534  21.763 0.0000000000
94436  36.136  -12.356  19.945 0.0000000000
94437  35.750  -13.132  19.861 0.0000000000
94438  36.029  -13.050  20.140 0.0000000000
94439  35.900  -13.790  20.249 0.0000000000
94440  35.789  -14.537  20.313 0.0000000000
94441  34.901  -21.685  20.862 0.0000000000
94442  34.604  -21.740  20.656 0.0000000000
94443  34.386  -22.486  20.557 0.0000000000
94444  33.864  -23.307  20.227 0.0000000000
94445  33.364  -24.070  19.880 0.0000000000
94446  32.924  -24.760  19.523 0.0000000000
94447  33.219  -24.711  19.868 0.0000000000
94448  33.078  -25.376  19.873 0.0000000000
98756  39.107  -12.364  21.039 0.0000000000
98757  38.533  -12.979  21.298 0.0000000000
98758  38.956  -12.993  21.380 0.0000000000
98759  38.756  -13.667  21.622 0.0000000000
98760  38.583  -14.358  21.805 0.0000000000
98761  39.565  -15.780  22.166 0.0000000000
98762  39.103  -15.770  22.153 0.0000000000
98763  38.968  -16.420  22.245 0.0000000000
98764  38.373  -17.104  22.240 0.0000000000
98765  37.780  -17.837  22.119 0.0000000000
98766  37.200  -18.573  21.940 0.0000000000
98767  37.638  -18.518  22.087 0.0000000000
98768  37.476  -19.211  21.991 0.0000000000
98769  37.307  -19.917  21.875 0.0000000000
104755  34.792  -16.427  18.514 0.0000000000
104761  33.822  -19.681  17.032 0.0000000000
104762  33.528  -20.402  16.954 0.0000000000
104763  33.228  -21.080  16.890 0.0000000000
104764  36.317  -15.925  21.176 0.0000000000
104765  36.010  -15.993  20.920 0.0000000000
104766  35.844  -16.722  20.917 0.0000000000
104767  35.442  -17.492  20.613 0.0000000000
104768  35.025  -18.293  20.269 0.0000000000
104769  33.490  -22.063  19.364 0.0000000000
104770  33.713  -21.353  19.409 0.0000000000
104771  33.264  -22.096  19.011 0.0000000000
104772  33.073  -22.160  18.616 0.0000000000
104773  32.902  -22.243  18.203 0.0000000000
104774  32.823  -22.276  17.752 0.0000000000
104775  32.593  -22.917  17.697 0.0000000000
104776  32.281  -23.604  17.178 0.0000000000
104777  31.991  -24.323  16.625 0.0000000000
104779  31.834  -24.941  16.556 0.0000000000
104780  31.715  -25.548  16.480 0.0000000000
109838  40.071  -8.462  17.268 0.0000000000
109839  39.841  -9.099  17.664 0.0000000000
109840  39.701  -9.643  18.236 0.0000000000
109841  39.589  -10.132  18.889 0.0000000000
109842  40.065  -9.735  18.235 0.0000000000
109843  40.417  -9.832  18.223 0.0000000000
109844  40.782  -9.902  18.192 0.0000000000
109845  42.750  -8.534  15.710 0.0000000000
109846  42.328  -9.125  16.414 0.0000000000
109847  42.688  -9.237  16.379 0.0000000000
109848  42.673  -9.811  17.162 0.0000000000
109849  42.661  -10.290  17.978 0.0000000000
109850  42.643  -10.730  18.770 0.0000000000
109851  43.042  -10.327  17.906 0.0000000000
109852  43.393  -10.392  17.856 0.0000000000
109853  43.806  -10.435  17.783 0.0000000000
109970  46.448  -9.074  13.926 0.0000000000
109971  46.038  -9.467  14.799 0.0000000000
109972  45.625  -9.790  15.663 0.0000000000
109973  46.089  -9.885  15.551 0.0000000000
109974  46.191  -10.236  16.352 0.0000000000
109975  46.332  -10.621  17.143 0.0000000000
109976  46.374  -11.012  17.877 0.0000000000
109977  46.786  -10.676  17.040 0.0000000000
109978  47.205  -10.713  16.905 0.0000000000
115850  40.802  -12.596  21.119 0.0000000000
115851  40.182  -13.150  21.485 0.0000000000
115852  40.626  -13.195  21.455 0.0000000000
115853  40.451  -13.825  21.709 0.0000000000
115854  40.278  -14.465  21.890 0.0000000000
115855  41.418  -13.858  21.652 0.0000000000
115856  40.745  -14.507  21.862 0.0000000000
115857  40.156  -15.129  22.037 0.0000000000
115858  40.017  -15.804  22.172 0.0000000000
115859  39.875  -16.452  22.278 0.0000000000
115860  39.739  -17.015  22.296 0.0000000000
120514  35.088  -13.371  18.957 0.0000000000
120515  35.074  -14.136  19.006 0.0000000000
120516  35.017  -14.894  18.995 0.0000000000
120517  35.438  -13.944  19.641 0.0000000000
120518  35.177  -14.810  19.333 0.0000000000
120519  34.963  -15.670  18.954 0.0000000000
120520  34.864  -16.409  18.903 0.0000000000
120521  34.715  -17.146  18.860 0.0000000000
120522  34.541  -17.869  18.822 0.0000000000
120523  35.706  -18.778  21.155 0.0000000000
120524  35.395  -18.854  20.885 0.0000000000
120525  35.206  -19.566  20.851 0.0000000000
120526  34.697  -20.371  20.526 0.0000000000
120527  34.253  -21.116  20.163 0.0000000000
120528  34.299  -21.835  20.401 0.0000000000
120529  34.012  -21.899  20.095 0.0000000000
120530  33.746  -21.958  19.730 0.0000000000
120531  33.258  -22.727  19.297 0.0000000000
120532  32.814  -23.458  18.875 0.0000000000
120533  32.426  -24.160  18.424 0.0000000000
120534  32.109  -24.838  17.982 0.0000000000
120535  32.255  -24.811  18.410 0.0000000000
120536  32.102  -25.481  18.394 0.0000000000
120537  31.989  -26.167  18.373 0.0000000000
120538  32.541  -25.425  19.170 0.0000000000
120539  32.197  -26.129  18.772 0.0000000000
120540  31.923  -26.806  18.317 0.0000000000
124479  43.266  -7.944  15.264 0.0000000000
124480  43.517  -8.139  15.078 0.0000000000
124481  43.833  -8.296  14.920 0.0000000000
124576  47.843  -9.284  13.547 0.0000000000
124577  47.857  -9.659  14.295 0.0000000000
124578  48.247  -9.335  13.471 0.0000000000
130406  37.532  -12.262  20.731 0.0000000000
130407  36.995  -12.950  20.784 0.0000000000
130408  37.348  -12.949  20.978 0.0000000000
130409  37.164  -13.657  21.153 0.0000000000
130410  36.999  -14.362  21.285 0.0000000000
130411  37.919  -13.704  21.461 0.0000000000
130412  37.363  -14.377  21.446 0.0000000000
130413  36.824  -15.128  21.344 0.0000000000
130414  36.668  -15.876  21.383 0.0000000000
130415  36.526  -16.596  21.405 0.0000000000
130416  36.371  -17.327  21.425 0.0000000000
130417  39.591  -13.749  21.698 0.0000000000
130418  38.998  -14.388  21.841 0.0000000000
130419  38.417  -15.060  21.937 0.0000000000
130420  38.641  -15.775  22.094 0.0000000000
130421  38.204  -15.783  22.016 0.0000000000
130422  37.828  -15.786  21.909 0.0000000000
130423  37.258  -16.547  21.791 0.0000000000
130424  36.738  -17.266  21.625 0.0000000000
130425  36.186  -18.026  21.418 0.0000000000
130426  36.021  -18.746  21.382 0.0000000000
130427  35.883  -19.459  21.343 0.0000000000
130428  35.698  -20.102  21.304 0.0000000000
130429  36.615  -19.335  21.720 0.0000000000
130430  36.067  -20.059  21.493 0.0000000000
130431  35.509  -20.831  21.216 0.0000000000
130432  35.302  -21.569  21.106 0.0000000000
130433  35.114  -22.257  21.011 0.0000000000
130434  34.948  -22.994  20.903 0.0000000000
142901  32.348  -23.238  14.719 0.0000000000
142902  32.096  -23.851  14.582 0.0000000000
142903  36.492  -13.695  20.729 0.0000000000
142904  36.066  -14.457  20.609 0.0000000000
142905  35.684  -15.279  20.348 0.0000000000
142906  35.775  -16.001  20.659 0.0000000000
142907  35.555  -15.961  20.374 0.0000000000
142908  35.340  -16.094  20.017 0.0000000000
142909  35.017  -16.937  19.647 0.0000000000
142910  34.664  -17.818  19.237 0.0000000000
142911  34.329  -18.572  18.795 0.0000000000
142912  35.091  -18.926  20.573 0.0000000000
142913  34.848  -18.993  20.252 0.0000000000
142914  34.604  -19.095  19.907 0.0000000000
142915  33.948  -20.609  19.466 0.0000000000
142916  34.191  -19.860  19.526 0.0000000000
142917  34.426  -19.135  19.558 0.0000000000
142918  34.258  -19.198  19.175 0.0000000000
142919  34.093  -19.288  18.768 0.0000000000
142920  33.974  -19.393  18.355 0.0000000000
142921  33.614  -20.207  17.893 0.0000000000
142922  33.266  -20.971  17.390 0.0000000000
142923  32.935  -21.722  16.853 0.0000000000
142924  32.721  -22.360  17.266 0.0000000000
142925  32.660  -22.425  16.784 0.0000000000
142926  32.629  -22.474  16.304 0.0000000000
142927  32.345  -23.172  15.743 0.0000000000
142928  32.103  -23.819  15.131 0.0000000000
142929  31.901  -24.473  14.457 0.0000000000
142939  31.862  -25.505  17.496 0.0000000000
147782  44.440  -12.792  20.528 0.0000000000
147783  43.953  -13.313  21.008 0.0000000000
153086  35.918  -11.720  19.429 0.0000000000
153089  36.220  -11.698  19.642 0.0000000000
153090  36.525  -11.685  19.858 0.0000000000
153091  36.898  -11.668  20.042 0.0000000000
153092  37.264  -11.660  20.182 0.0000000000
153117  37.875  -10.512  19.406 0.0000000000
153118  37.780  -11.031  19.910 0.0000000000
153119  37.611  -11.664  20.334 0.0000000000
153120  38.010  -11.668  20.432 0.0000000000
153121  38.395  -11.665  20.519 0.0000000000
153122  38.787  -11.738  20.606 0.0000000000
153123  39.457  -10.632  19.565 0.0000000000
153124  39.318  -11.219  20.160 0.0000000000
153125  39.198  -11.785  20.640 0.0000000000
153126  39.615  -11.853  20.708 0.0000000000
153127  40.052  -11.895  20.663 0.0000000000
153128  40.484  -11.950  20.663 0.0000000000
153129  41.292  -8.854  16.652 0.0000000000
153130  41.180  -9.501  17.343 0.0000000000
153131  41.163  -9.985  18.151 0.0000000000
153132  41.892  -9.669  17.257 0.0000000000
153133  41.513  -10.075  18.108 0.0000000000
153134  41.106  -10.415  18.862 0.0000000000
153135  41.040  -10.894  19.526 0.0000000000
153136  40.975  -11.444  20.146 0.0000000000
153137  40.897  -12.015  20.681 0.0000000000
153138  41.312  -12.068  20.651 0.0000000000
153139  41.711  -12.117  20.636 0.0000000000
153140  42.178  -12.122  20.565 0.0000000000
153141  42.671  -11.144  19.403 0.0000000000
153142  42.666  -11.621  19.989 0.0000000000
153143  42.640  -12.132  20.483 0.0000000000
153144  43.109  -12.162  20.434 0.0000000000
153145  43.541  -12.189  20.349 0.0000000000
153146  43.974  -12.209  20.250 0.0000000000
153371  44.275  -8.426  14.709 0.0000000000
153379  44.667  -8.560  14.482 0.0000000000
153380  44.231  -9.033  15.282 0.0000000000
153381  44.230  -9.555  15.998 0.0000000000
153382  44.265  -10.045  16.853 0.0000000000
153383  44.343  -10.467  17.635 0.0000000000
153384  45.246  -10.122  16.567 0.0000000000
153385  44.831  -10.500  17.500 0.0000000000
153386  44.383  -10.898  18.403 0.0000000000
153387  44.451  -11.314  19.069 0.0000000000
153388  44.524  -11.741  19.633 0.0000000000
153389  44.537  -12.219  20.132 0.0000000000
153393  46.387  -11.423  18.525 0.0000000000
153399  47.918  -10.030  15.079 0.0000000000
159714  42.114  -15.144  21.910 0.0000000000
159716  42.077  -15.793  21.961 0.0000000000
159717  41.501  -15.757  22.027 0.0000000000
159718  40.884  -16.393  22.130 0.0000000000
159719  40.273  -17.038  22.204 0.0000000000
159720  39.659  -17.710  22.259 0.0000000000
159726  40.689  -18.334  21.815 0.0000000000
159727  40.165  -18.343  21.998 0.0000000000
159728  39.622  -18.381  22.132 0.0000000000
159729  39.033  -18.445  22.219 0.0000000000
159730  38.430  -19.116  22.088 0.0000000000
159731  37.816  -19.878  21.919 0.0000000000
159737  35.398  -22.908  21.059 0.0000000000
159738  34.853  -23.688  20.871 0.0000000000
159762  35.653  -24.206  21.072 0.0000000000
159763  35.165  -24.346  20.987 0.0000000000
159764  34.725  -24.412  20.854 0.0000000000
159765  34.305  -24.495  20.666 0.0000000000
