#!ascii label  , from subject fsaverage vox2ras=TkReg
220
87  44.040  -76.068  -7.930 0.0000000000
444  41.392  -82.952  -2.681 0.0000000000
1994  43.668  -79.983  -6.149 0.0000000000
4369  43.331  -82.917  -0.174 0.0000000000
4371  43.645  -81.095  -1.702 0.0000000000
4373  42.382  -81.208  -4.415 0.0000000000
6368  41.128  -85.323  -1.297 0.0000000000
7989  44.900  -76.225  -9.984 0.0000000000
8564  43.829  -78.405  -7.262 0.0000000000
8567  39.285  -85.185  -3.613 0.0000000000
8570  40.581  -83.107  -5.344 0.0000000000
8571  42.696  -82.495  -7.340 0.0000000000
11004  43.101  -76.163  -7.166 0.0000000000
12049  42.326  -83.003  -1.457 0.0000000000
12050  43.470  -81.990  -0.976 0.0000000000
12051  42.464  -82.002  -2.109 0.0000000000
12052  42.765  -81.189  -2.930 0.0000000000
12053  41.611  -81.831  -3.458 0.0000000000
17530  44.855  -74.624  -10.226 0.0000000000
18874  43.547  -79.764  -4.761 0.0000000000
18876  43.379  -79.001  -5.483 0.0000000000
18877  43.216  -78.245  -6.133 0.0000000000
18878  43.803  -79.187  -6.749 0.0000000000
18884  37.849  -87.473  -3.643 0.0000000000
18885  39.151  -86.455  -3.166 0.0000000000
18886  38.077  -86.252  -4.255 0.0000000000
18895  41.671  -82.890  -6.368 0.0000000000
18900  44.532  -79.647  -9.340 0.0000000000
26295  44.033  -82.670  1.050 0.0000000000
26297  44.427  -81.770  0.127 0.0000000000
26298  44.594  -80.892  -0.685 0.0000000000
26299  44.475  -80.081  -1.341 0.0000000000
26302  43.276  -80.467  -3.912 0.0000000000
26303  43.256  -80.658  -5.369 0.0000000000
30217  42.096  -84.081  -0.794 0.0000000000
30218  41.295  -84.167  -2.042 0.0000000000
34299  44.652  -76.112  -8.877 0.0000000000
34300  44.034  -74.571  -8.054 0.0000000000
34301  44.481  -74.659  -9.016 0.0000000000
34302  44.636  -73.040  -9.257 0.0000000000
35953  43.017  -77.390  -6.714 0.0000000000
35954  43.832  -77.368  -7.729 0.0000000000
35961  39.967  -86.390  -1.858 0.0000000000
35962  40.333  -85.335  -2.550 0.0000000000
35963  40.377  -84.038  -3.010 0.0000000000
35970  38.432  -84.998  -4.824 0.0000000000
35971  39.660  -83.887  -4.330 0.0000000000
35972  40.634  -82.736  -3.845 0.0000000000
35973  41.464  -82.049  -4.889 0.0000000000
35974  42.421  -81.716  -6.008 0.0000000000
35975  43.394  -81.072  -6.856 0.0000000000
35978  43.937  -80.227  -7.549 0.0000000000
35979  44.189  -79.370  -8.053 0.0000000000
35980  44.376  -78.448  -8.510 0.0000000000
35981  44.603  -77.329  -8.847 0.0000000000
35982  44.920  -77.479  -9.848 0.0000000000
41724  43.489  -76.117  -7.575 0.0000000000
41726  43.595  -75.338  -7.592 0.0000000000
42769  41.831  -82.987  -2.146 0.0000000000
42770  42.457  -82.472  -1.741 0.0000000000
42771  41.951  -82.440  -2.402 0.0000000000
42772  42.043  -81.945  -2.765 0.0000000000
42773  41.504  -82.370  -3.027 0.0000000000
49594  43.593  -79.887  -5.433 0.0000000000
49596  43.615  -79.487  -5.809 0.0000000000
49597  43.564  -79.099  -6.148 0.0000000000
49598  43.729  -79.586  -6.526 0.0000000000
49603  37.229  -87.999  -3.773 0.0000000000
49604  37.348  -87.493  -4.153 0.0000000000
49605  37.982  -86.889  -4.003 0.0000000000
49615  41.192  -84.000  -7.302 0.0000000000
59184  43.710  -82.845  0.393 0.0000000000
59185  44.284  -82.234  0.585 0.0000000000
59186  43.920  -82.417  -0.031 0.0000000000
59187  43.555  -81.563  -1.364 0.0000000000
59188  44.053  -81.476  -0.844 0.0000000000
59189  44.123  -81.027  -1.212 0.0000000000
59190  44.559  -80.495  -1.010 0.0000000000
59191  44.112  -80.623  -1.564 0.0000000000
59193  43.641  -80.683  -2.110 0.0000000000
59194  42.524  -81.132  -3.645 0.0000000000
59195  42.995  -80.848  -3.429 0.0000000000
59196  42.883  -80.845  -4.135 0.0000000000
59197  43.211  -80.548  -4.612 0.0000000000
59198  42.824  -80.948  -4.893 0.0000000000
66396  41.616  -84.739  -1.074 0.0000000000
66397  41.696  -84.159  -1.468 0.0000000000
66398  41.262  -84.782  -1.704 0.0000000000
75624  44.865  -76.138  -9.435 0.0000000000
75625  44.566  -75.429  -8.953 0.0000000000
75626  44.753  -75.389  -9.517 0.0000000000
75627  45.022  -73.724  -10.293 0.0000000000
75628  44.764  -73.769  -9.725 0.0000000000
75629  44.886  -72.946  -9.820 0.0000000000
79669  43.512  -78.333  -6.684 0.0000000000
79671  43.481  -77.915  -6.971 0.0000000000
79672  43.400  -77.433  -7.249 0.0000000000
79673  43.828  -77.945  -7.508 0.0000000000
79691  39.316  -86.887  -2.132 0.0000000000
79692  39.232  -85.846  -3.397 0.0000000000
79693  39.752  -85.913  -2.854 0.0000000000
79694  39.810  -85.261  -3.073 0.0000000000
79695  40.365  -84.691  -2.756 0.0000000000
79696  39.867  -84.603  -3.300 0.0000000000
79715  40.014  -83.704  -5.637 0.0000000000
79716  39.466  -83.969  -5.081 0.0000000000
79717  40.031  -83.435  -4.810 0.0000000000
79718  40.181  -83.290  -3.996 0.0000000000
79719  40.570  -82.833  -4.527 0.0000000000
79720  41.022  -82.336  -4.353 0.0000000000
79721  41.064  -82.563  -5.091 0.0000000000
79722  42.185  -82.755  -6.872 0.0000000000
79723  42.072  -82.289  -6.195 0.0000000000
79724  42.572  -82.110  -6.697 0.0000000000
79725  42.914  -81.433  -6.479 0.0000000000
79726  43.089  -81.762  -7.122 0.0000000000
79733  43.819  -80.879  -7.889 0.0000000000
79734  44.063  -80.445  -8.234 0.0000000000
79735  44.061  -79.799  -7.848 0.0000000000
79736  44.280  -79.962  -8.465 0.0000000000
79738  44.470  -79.004  -8.930 0.0000000000
79739  44.661  -78.467  -9.136 0.0000000000
79740  44.567  -77.938  -8.699 0.0000000000
79741  44.712  -77.924  -9.273 0.0000000000
79742  44.781  -77.372  -9.340 0.0000000000
79743  44.862  -78.022  -9.820 0.0000000000
91217  44.056  -73.831  -8.158 0.0000000000
95415  42.786  -82.969  -0.816 0.0000000000
95416  43.384  -82.439  -0.578 0.0000000000
95417  42.904  -82.468  -1.165 0.0000000000
95418  43.006  -81.999  -1.514 0.0000000000
95419  43.095  -81.595  -1.887 0.0000000000
95420  43.152  -81.177  -2.279 0.0000000000
95421  42.599  -81.578  -2.504 0.0000000000
95422  42.215  -81.517  -3.184 0.0000000000
95423  41.976  -81.493  -3.949 0.0000000000
105280  44.856  -75.419  -10.076 0.0000000000
105282  44.958  -74.610  -10.717 0.0000000000
105283  45.191  -73.712  -10.817 0.0000000000
107706  43.283  -78.633  -5.818 0.0000000000
107707  43.533  -78.724  -6.415 0.0000000000
107708  43.841  -78.801  -6.989 0.0000000000
107718  38.310  -87.462  -3.087 0.0000000000
107719  39.005  -86.992  -2.897 0.0000000000
107720  38.498  -86.949  -3.452 0.0000000000
107721  38.625  -86.375  -3.724 0.0000000000
107722  38.680  -85.771  -3.936 0.0000000000
107736  40.645  -83.581  -6.124 0.0000000000
107737  41.143  -83.002  -5.863 0.0000000000
107738  41.243  -83.497  -6.607 0.0000000000
107739  41.798  -83.390  -7.100 0.0000000000
107740  42.279  -83.128  -7.567 0.0000000000
107746  44.382  -80.194  -9.120 0.0000000000
122795  44.597  -82.055  1.290 0.0000000000
122796  44.756  -81.605  0.816 0.0000000000
122798  43.956  -81.927  -0.417 0.0000000000
122799  44.524  -81.341  -0.337 0.0000000000
122801  44.929  -80.379  -0.450 0.0000000000
122802  44.792  -79.962  -0.749 0.0000000000
122808  43.256  -80.773  -2.727 0.0000000000
122809  43.408  -80.385  -3.201 0.0000000000
122811  43.462  -80.118  -4.363 0.0000000000
122812  43.462  -80.245  -5.060 0.0000000000
122813  43.526  -80.329  -5.765 0.0000000000
132482  43.066  -83.345  0.214 0.0000000000
132484  42.444  -83.878  -0.025 0.0000000000
132485  42.673  -83.434  -0.442 0.0000000000
132486  42.206  -83.536  -1.145 0.0000000000
132487  41.755  -83.569  -1.821 0.0000000000
132488  41.322  -83.564  -2.374 0.0000000000
143949  44.381  -76.068  -8.369 0.0000000000
143950  44.060  -75.312  -7.978 0.0000000000
143951  44.343  -75.369  -8.430 0.0000000000
143952  44.273  -74.679  -8.520 0.0000000000
143953  44.332  -73.855  -8.603 0.0000000000
143954  44.675  -74.620  -9.605 0.0000000000
143955  44.558  -73.872  -9.107 0.0000000000
148842  43.013  -76.850  -6.985 0.0000000000
148843  43.410  -76.799  -7.446 0.0000000000
148844  43.884  -76.745  -7.862 0.0000000000
148865  40.564  -85.869  -1.559 0.0000000000
148866  39.599  -86.536  -2.602 0.0000000000
148867  40.246  -85.939  -2.240 0.0000000000
148868  40.760  -85.375  -1.967 0.0000000000
148869  40.846  -84.794  -2.278 0.0000000000
148870  40.865  -84.108  -2.509 0.0000000000
148871  40.848  -83.479  -2.847 0.0000000000
148891  38.200  -85.593  -4.490 0.0000000000
148892  38.835  -85.125  -4.185 0.0000000000
148893  38.804  -84.463  -5.306 0.0000000000
148894  39.101  -84.481  -4.577 0.0000000000
148895  39.434  -84.436  -3.899 0.0000000000
148896  39.949  -83.953  -3.578 0.0000000000
148897  40.372  -83.392  -3.361 0.0000000000
148898  40.903  -82.860  -3.250 0.0000000000
148899  41.058  -82.271  -3.706 0.0000000000
148900  41.432  -81.868  -4.202 0.0000000000
148901  41.868  -81.595  -4.698 0.0000000000
148902  41.578  -82.399  -5.651 0.0000000000
148903  41.943  -81.862  -5.458 0.0000000000
148904  42.347  -81.380  -5.205 0.0000000000
148905  42.869  -81.149  -5.702 0.0000000000
148906  43.323  -80.860  -6.134 0.0000000000
148907  43.635  -80.524  -6.519 0.0000000000
148913  43.135  -82.079  -7.770 0.0000000000
148914  43.495  -81.318  -7.515 0.0000000000
148915  43.739  -80.643  -7.204 0.0000000000
148916  43.817  -80.104  -6.878 0.0000000000
148917  43.908  -79.700  -7.168 0.0000000000
148918  44.009  -79.278  -7.397 0.0000000000
148919  44.087  -78.843  -7.647 0.0000000000
148920  44.378  -79.491  -8.697 0.0000000000
148921  44.251  -78.922  -8.293 0.0000000000
148922  44.117  -78.420  -7.876 0.0000000000
148923  44.211  -77.901  -8.078 0.0000000000
148924  44.289  -77.298  -8.243 0.0000000000
148925  44.359  -76.666  -8.299 0.0000000000
148926  44.640  -76.729  -8.848 0.0000000000
148927  44.875  -76.808  -9.343 0.0000000000
148928  44.924  -76.863  -9.893 0.0000000000
