#!ascii label  , from subject fsaverage vox2ras=TkReg
633
203  23.111  -51.016  1.739 0.0000000000
559  22.479  -54.873  7.187 0.0000000000
683  16.476  -47.360  1.390 0.0000000000
684  18.791  -46.349  -1.090 0.0000000000
1233  19.793  -56.296  9.164 0.0000000000
1519  23.738  -51.505  -1.910 0.0000000000
1520  20.363  -44.955  -3.452 0.0000000000
2316  23.814  -53.116  4.875 0.0000000000
2317  17.155  -49.627  4.241 0.0000000000
2604  14.089  -44.648  -0.006 0.0000000000
2891  19.273  -41.447  -6.601 0.0000000000
3488  25.310  -53.614  1.209 0.0000000000
3489  24.659  -54.070  -0.554 0.0000000000
3490  23.822  -51.138  -0.118 0.0000000000
3491  15.646  -43.101  -2.232 0.0000000000
3492  19.649  -45.676  -2.239 0.0000000000
3493  16.422  -42.393  -3.343 0.0000000000
3494  17.273  -41.724  -4.416 0.0000000000
5140  21.301  -55.671  7.953 0.0000000000
5141  23.567  -57.736  7.714 0.0000000000
5142  25.347  -57.174  7.090 0.0000000000
5144  26.537  -56.600  5.887 0.0000000000
5145  26.792  -55.915  4.180 0.0000000000
5146  23.481  -53.967  6.392 0.0000000000
5837  20.098  -49.110  1.755 0.0000000000
5838  21.464  -48.869  0.407 0.0000000000
5839  17.753  -46.950  0.172 0.0000000000
5840  14.931  -43.899  -1.142 0.0000000000
6831  19.331  -53.034  7.067 0.0000000000
7384  22.448  -48.616  -1.158 0.0000000000
7385  22.710  -48.483  -2.798 0.0000000000
7386  22.117  -48.546  -4.180 0.0000000000
7387  20.924  -44.825  -4.779 0.0000000000
7388  18.317  -41.364  -5.420 0.0000000000
9505  26.238  -54.810  2.492 0.0000000000
9506  23.664  -52.186  3.124 0.0000000000
9507  20.162  -52.104  6.168 0.0000000000
9508  20.493  -51.122  4.816 0.0000000000
9509  20.451  -50.184  3.270 0.0000000000
9510  17.002  -48.585  2.821 0.0000000000
11168  24.342  -52.212  1.517 0.0000000000
11169  24.503  -52.352  0.550 0.0000000000
11170  23.553  -51.035  0.852 0.0000000000
11171  14.768  -41.538  -2.339 0.0000000000
11172  16.069  -42.759  -2.796 0.0000000000
11173  15.256  -41.169  -2.967 0.0000000000
11174  15.583  -40.846  -3.528 0.0000000000
12820  21.863  -55.287  7.567 0.0000000000
12821  23.307  -56.394  7.534 0.0000000000
12822  24.022  -55.972  7.214 0.0000000000
12823  26.093  -56.886  6.599 0.0000000000
12824  24.677  -55.572  6.745 0.0000000000
12825  25.106  -55.160  6.194 0.0000000000
12826  23.044  -54.345  6.820 0.0000000000
13568  18.314  -48.241  1.626 0.0000000000
13569  18.997  -48.106  0.970 0.0000000000
13570  17.136  -47.175  0.796 0.0000000000
13572  14.620  -44.339  -0.595 0.0000000000
16226  24.145  -52.774  -1.276 0.0000000000
16227  24.027  -54.183  -1.232 0.0000000000
16230  23.233  -51.685  -2.627 0.0000000000
16231  20.290  -47.736  -0.282 0.0000000000
16232  22.003  -48.712  -0.370 0.0000000000
16233  20.834  -47.484  -0.961 0.0000000000
16234  20.058  -45.333  -2.849 0.0000000000
16235  21.520  -46.985  -2.373 0.0000000000
16236  21.684  -46.796  -3.076 0.0000000000
16237  22.519  -48.484  -3.529 0.0000000000
16238  21.688  -46.600  -3.809 0.0000000000
16239  21.653  -46.674  -4.485 0.0000000000
16240  20.679  -44.799  -4.104 0.0000000000
16242  17.805  -41.548  -4.911 0.0000000000
16244  17.141  -39.779  -5.831 0.0000000000
21182  20.942  -57.015  9.058 0.0000000000
21183  25.477  -58.752  7.343 0.0000000000
21184  24.419  -58.879  7.635 0.0000000000
21197  25.442  -54.450  4.590 0.0000000000
21198  26.658  -55.399  3.309 0.0000000000
21199  25.387  -53.988  3.710 0.0000000000
21200  25.114  -53.453  2.877 0.0000000000
21201  23.804  -52.716  3.989 0.0000000000
21203  19.812  -52.575  6.660 0.0000000000
21204  18.179  -51.774  6.440 0.0000000000
21206  18.787  -50.810  5.277 0.0000000000
21207  18.843  -50.346  4.615 0.0000000000
21208  20.531  -50.694  4.057 0.0000000000
21209  18.860  -49.886  3.848 0.0000000000
21210  18.807  -49.391  3.083 0.0000000000
21211  17.240  -49.149  3.517 0.0000000000
23117  14.650  -46.308  1.150 0.0000000000
23118  15.259  -46.071  0.624 0.0000000000
23635  20.084  -43.299  -6.340 0.0000000000
23637  19.709  -43.826  -6.882 0.0000000000
24710  25.994  -55.036  0.864 0.0000000000
24711  25.421  -55.318  0.023 0.0000000000
24712  25.106  -53.856  0.223 0.0000000000
24713  24.424  -52.504  -0.421 0.0000000000
24714  23.917  -51.357  -1.084 0.0000000000
24715  17.261  -44.799  -1.765 0.0000000000
24716  19.280  -46.025  -1.683 0.0000000000
24717  17.681  -44.449  -2.311 0.0000000000
24718  17.982  -44.003  -2.907 0.0000000000
24719  18.410  -43.661  -3.378 0.0000000000
24720  18.909  -43.385  -3.900 0.0000000000
24721  16.800  -42.008  -3.908 0.0000000000
24722  15.922  -40.477  -4.112 0.0000000000
27684  20.629  -56.049  8.396 0.0000000000
27685  21.819  -56.935  8.235 0.0000000000
27686  22.579  -56.699  7.813 0.0000000000
27687  24.545  -57.540  7.436 0.0000000000
27688  26.348  -58.519  6.948 0.0000000000
27690  27.141  -58.304  6.315 0.0000000000
27691  27.649  -58.017  5.570 0.0000000000
27692  27.911  -57.742  4.637 0.0000000000
27694  26.781  -56.307  5.082 0.0000000000
27695  25.430  -54.909  5.474 0.0000000000
27696  23.762  -53.519  5.696 0.0000000000
28979  21.678  -50.014  1.867 0.0000000000
28980  22.336  -49.933  1.071 0.0000000000
28981  20.802  -48.993  1.105 0.0000000000
28982  19.698  -47.954  0.356 0.0000000000
28983  18.270  -46.688  -0.459 0.0000000000
28984  15.827  -45.785  0.024 0.0000000000
28985  16.343  -45.489  -0.586 0.0000000000
28986  16.775  -45.162  -1.200 0.0000000000
28987  15.290  -43.495  -1.725 0.0000000000
31296  19.241  -55.224  8.543 0.0000000000
31297  19.884  -54.773  8.004 0.0000000000
31298  20.459  -54.337  7.523 0.0000000000
31299  20.939  -53.878  7.153 0.0000000000
32656  22.837  -49.846  0.225 0.0000000000
32657  23.219  -49.885  -0.691 0.0000000000
32658  23.370  -49.888  -1.607 0.0000000000
32659  21.317  -47.234  -1.678 0.0000000000
32660  22.650  -48.483  -1.972 0.0000000000
32661  23.301  -50.045  -2.390 0.0000000000
32662  22.931  -50.163  -3.109 0.0000000000
32663  22.348  -50.281  -3.674 0.0000000000
32665  21.492  -48.678  -4.721 0.0000000000
32668  19.345  -43.123  -4.477 0.0000000000
32669  19.755  -42.983  -5.015 0.0000000000
32670  20.062  -42.997  -5.646 0.0000000000
32671  18.825  -41.297  -5.992 0.0000000000
38751  27.484  -56.972  2.871 0.0000000000
38754  25.872  -54.257  1.838 0.0000000000
38755  24.726  -52.822  2.226 0.0000000000
38756  23.426  -51.660  2.451 0.0000000000
38757  21.434  -53.402  6.771 0.0000000000
38758  21.770  -52.931  6.337 0.0000000000
38759  22.040  -52.474  5.716 0.0000000000
38761  20.383  -51.589  5.537 0.0000000000
38762  22.157  -52.040  4.901 0.0000000000
38763  22.158  -51.582  4.167 0.0000000000
38764  22.045  -51.105  3.343 0.0000000000
38765  21.881  -50.582  2.573 0.0000000000
38766  20.321  -49.649  2.501 0.0000000000
38767  18.614  -48.837  2.355 0.0000000000
38768  16.836  -48.054  2.123 0.0000000000
41888  23.795  -51.582  1.629 0.0000000000
41889  23.937  -51.603  1.167 0.0000000000
41890  23.357  -51.024  1.298 0.0000000000
41892  15.030  -41.348  -2.660 0.0000000000
43540  22.177  -55.089  7.382 0.0000000000
43541  22.928  -55.592  7.409 0.0000000000
43542  23.263  -55.396  7.224 0.0000000000
43543  24.373  -55.762  7.034 0.0000000000
43544  23.584  -55.175  7.040 0.0000000000
43545  23.845  -54.949  6.801 0.0000000000
43546  22.777  -54.595  7.017 0.0000000000
44288  17.379  -47.793  1.508 0.0000000000
44289  17.728  -47.705  1.198 0.0000000000
44290  16.853  -47.272  1.109 0.0000000000
46946  23.972  -52.138  -1.631 0.0000000000
46947  23.915  -52.865  -1.659 0.0000000000
46948  23.710  -52.248  -1.981 0.0000000000
46949  23.411  -52.350  -2.293 0.0000000000
46950  23.512  -51.595  -2.281 0.0000000000
46951  19.552  -47.078  -0.688 0.0000000000
46952  20.563  -47.600  -0.623 0.0000000000
46953  19.855  -46.945  -1.014 0.0000000000
46954  20.220  -45.158  -3.134 0.0000000000
46955  20.902  -46.019  -2.921 0.0000000000
46956  21.006  -45.866  -3.247 0.0000000000
46957  21.694  -46.683  -3.445 0.0000000000
46958  21.094  -45.705  -3.600 0.0000000000
46959  21.217  -45.691  -3.943 0.0000000000
46960  20.523  -44.849  -3.776 0.0000000000
51902  20.440  -56.659  9.062 0.0000000000
51903  26.324  -59.314  7.124 0.0000000000
51904  25.863  -59.423  7.340 0.0000000000
51917  24.661  -53.786  4.760 0.0000000000
51918  25.400  -54.183  4.172 0.0000000000
51919  24.722  -53.605  4.367 0.0000000000
51920  24.643  -53.352  3.882 0.0000000000
51921  23.828  -52.946  4.433 0.0000000000
51925  17.094  -49.845  4.620 0.0000000000
51926  17.982  -50.195  4.782 0.0000000000
51927  17.970  -49.982  4.448 0.0000000000
51928  18.865  -50.119  4.227 0.0000000000
51929  18.004  -49.751  4.068 0.0000000000
51930  18.073  -49.526  3.697 0.0000000000
51931  17.227  -49.389  3.861 0.0000000000
54751  19.710  -42.349  -6.466 0.0000000000
54752  19.932  -43.571  -6.639 0.0000000000
54753  19.706  -42.634  -6.774 0.0000000000
56543  25.689  -54.342  1.002 0.0000000000
56544  25.529  -54.475  0.543 0.0000000000
56545  25.253  -53.731  0.723 0.0000000000
56546  24.136  -51.729  0.205 0.0000000000
56547  24.484  -52.427  0.072 0.0000000000
56548  24.174  -51.809  -0.282 0.0000000000
56549  24.151  -51.953  -0.765 0.0000000000
56550  23.889  -51.234  -0.608 0.0000000000
56551  16.402  -43.958  -2.053 0.0000000000
56552  17.457  -44.627  -2.042 0.0000000000
56553  16.606  -43.777  -2.296 0.0000000000
56554  16.273  -42.589  -3.076 0.0000000000
56555  17.034  -43.426  -2.888 0.0000000000
56556  17.242  -43.246  -3.146 0.0000000000
56557  18.233  -43.851  -3.125 0.0000000000
56558  17.409  -43.041  -3.381 0.0000000000
56559  17.465  -42.791  -3.653 0.0000000000
56560  16.592  -42.193  -3.619 0.0000000000
56562  15.736  -40.650  -3.824 0.0000000000
56563  15.634  -40.028  -3.810 0.0000000000
61500  20.936  -55.885  8.131 0.0000000000
61501  21.612  -56.339  8.058 0.0000000000
61502  21.955  -56.172  7.881 0.0000000000
61503  24.326  -56.763  7.397 0.0000000000
61504  23.930  -56.943  7.508 0.0000000000
61505  24.952  -57.381  7.315 0.0000000000
61506  25.517  -58.021  7.203 0.0000000000
61507  25.881  -57.842  7.004 0.0000000000
61508  26.764  -58.433  6.632 0.0000000000
61509  26.277  -57.717  6.729 0.0000000000
61510  26.348  -56.760  6.249 0.0000000000
61511  26.928  -57.448  6.107 0.0000000000
61512  27.146  -57.324  5.750 0.0000000000
61513  27.799  -57.880  5.174 0.0000000000
61514  27.292  -57.165  5.354 0.0000000000
61515  27.386  -57.023  4.863 0.0000000000
61516  26.669  -56.445  5.490 0.0000000000
61517  24.311  -54.552  6.304 0.0000000000
61518  25.284  -55.065  5.857 0.0000000000
61519  24.477  -54.399  5.984 0.0000000000
61520  24.576  -54.176  5.617 0.0000000000
61521  23.639  -53.760  6.101 0.0000000000
63743  20.914  -49.545  1.830 0.0000000000
63744  21.271  -49.500  1.500 0.0000000000
63745  20.483  -49.074  1.438 0.0000000000
63746  18.441  -47.540  0.548 0.0000000000
63747  19.401  -48.058  0.671 0.0000000000
63748  18.744  -47.443  0.238 0.0000000000
63749  19.009  -47.344  -0.055 0.0000000000
63750  18.018  -46.809  -0.163 0.0000000000
63752  15.570  -45.952  0.334 0.0000000000
63753  14.921  -45.185  -0.036 0.0000000000
63754  14.778  -44.113  -0.871 0.0000000000
63755  15.444  -44.891  -0.615 0.0000000000
63756  15.647  -44.721  -0.898 0.0000000000
63757  16.565  -45.359  -0.888 0.0000000000
63758  15.841  -44.543  -1.197 0.0000000000
63759  16.032  -44.352  -1.508 0.0000000000
63760  15.118  -43.721  -1.419 0.0000000000
68711  18.842  -54.599  8.259 0.0000000000
68712  19.134  -54.357  8.002 0.0000000000
68713  20.172  -54.545  7.755 0.0000000000
68714  19.449  -54.125  7.768 0.0000000000
71731  21.916  -49.386  0.764 0.0000000000
71732  22.615  -49.889  0.634 0.0000000000
71733  22.211  -49.361  0.366 0.0000000000
71734  22.239  -48.651  -0.762 0.0000000000
71735  22.659  -49.250  -0.503 0.0000000000
71736  22.847  -49.233  -0.947 0.0000000000
71737  23.322  -49.887  -1.170 0.0000000000
71738  23.013  -49.241  -1.388 0.0000000000
71739  19.488  -45.826  -1.985 0.0000000000
71740  20.304  -46.640  -1.651 0.0000000000
71741  20.477  -46.469  -1.964 0.0000000000
71742  22.264  -47.680  -2.569 0.0000000000
71743  22.175  -47.743  -2.178 0.0000000000
71744  22.717  -48.473  -2.429 0.0000000000
71745  23.070  -49.211  -2.203 0.0000000000
71746  23.041  -49.282  -2.610 0.0000000000
71747  23.145  -50.119  -2.758 0.0000000000
71748  22.921  -49.304  -2.979 0.0000000000
71749  22.374  -48.500  -3.885 0.0000000000
71750  22.525  -49.403  -3.653 0.0000000000
71751  22.234  -49.490  -3.942 0.0000000000
71752  21.988  -50.328  -3.903 0.0000000000
71753  21.918  -49.506  -4.192 0.0000000000
71754  21.575  -49.539  -4.431 0.0000000000
71755  21.806  -48.606  -4.451 0.0000000000
71756  21.306  -45.710  -4.649 0.0000000000
71757  21.531  -46.735  -4.816 0.0000000000
71760  20.974  -44.877  -5.102 0.0000000000
71761  18.064  -42.587  -4.190 0.0000000000
71762  19.147  -43.259  -4.187 0.0000000000
71763  18.343  -42.487  -4.441 0.0000000000
71764  18.064  -41.433  -5.158 0.0000000000
71765  18.790  -42.252  -4.932 0.0000000000
71766  18.992  -42.174  -5.191 0.0000000000
71767  19.911  -42.973  -5.320 0.0000000000
71768  19.267  -42.147  -5.493 0.0000000000
71769  19.480  -42.152  -5.807 0.0000000000
71770  18.572  -41.319  -5.698 0.0000000000
71772  17.373  -39.700  -6.112 0.0000000000
86588  22.692  -57.320  7.942 0.0000000000
86589  22.307  -57.397  8.192 0.0000000000
86590  23.139  -57.806  7.907 0.0000000000
86632  27.348  -56.659  3.951 0.0000000000
86634  27.246  -56.437  3.515 0.0000000000
86635  26.430  -55.106  2.872 0.0000000000
86636  26.908  -55.887  2.656 0.0000000000
86637  26.675  -55.563  2.266 0.0000000000
86639  26.488  -55.313  1.941 0.0000000000
86640  26.291  -54.993  1.637 0.0000000000
86641  26.076  -54.572  2.157 0.0000000000
86642  24.414  -52.799  3.032 0.0000000000
86643  24.919  -53.132  2.550 0.0000000000
86644  24.269  -52.510  2.653 0.0000000000
86645  24.108  -52.234  2.327 0.0000000000
86646  23.566  -51.913  2.773 0.0000000000
86647  20.147  -53.437  7.140 0.0000000000
86648  21.187  -53.622  6.983 0.0000000000
86649  20.373  -53.203  6.930 0.0000000000
86650  19.976  -52.340  6.421 0.0000000000
86651  20.784  -52.732  6.504 0.0000000000
86652  20.905  -52.486  6.260 0.0000000000
86653  21.901  -52.718  6.081 0.0000000000
86654  21.075  -52.256  5.995 0.0000000000
86658  19.621  -50.935  5.065 0.0000000000
86659  19.565  -51.190  5.398 0.0000000000
86660  20.432  -51.350  5.197 0.0000000000
86661  21.290  -51.781  5.309 0.0000000000
86662  21.314  -51.562  4.884 0.0000000000
86663  22.178  -51.828  4.514 0.0000000000
86664  21.343  -51.328  4.512 0.0000000000
86665  20.503  -50.454  3.651 0.0000000000
86666  21.281  -50.888  3.731 0.0000000000
86667  21.225  -50.635  3.330 0.0000000000
86668  21.972  -50.837  2.943 0.0000000000
86669  21.170  -50.374  2.930 0.0000000000
86670  21.090  -50.114  2.557 0.0000000000
86671  20.389  -49.927  2.879 0.0000000000
86672  17.929  -48.999  2.956 0.0000000000
86673  18.741  -49.120  2.737 0.0000000000
86674  17.857  -48.738  2.635 0.0000000000
86675  17.741  -48.456  2.257 0.0000000000
86676  16.952  -48.332  2.471 0.0000000000
93830  24.861  -52.897  1.382 0.0000000000
93831  24.904  -52.980  0.902 0.0000000000
93832  24.470  -52.255  1.024 0.0000000000
93833  24.053  -51.654  0.689 0.0000000000
93834  23.709  -51.059  0.383 0.0000000000
93835  15.075  -42.284  -2.323 0.0000000000
93836  15.845  -42.925  -2.511 0.0000000000
93837  15.282  -42.104  -2.605 0.0000000000
93838  15.531  -41.934  -2.916 0.0000000000
93839  15.726  -41.746  -3.210 0.0000000000
93840  15.907  -41.571  -3.493 0.0000000000
93841  15.446  -41.001  -3.258 0.0000000000
96804  21.606  -55.464  7.780 0.0000000000
96805  22.307  -56.013  7.723 0.0000000000
96806  22.602  -55.830  7.558 0.0000000000
96807  23.662  -56.183  7.397 0.0000000000
96808  24.730  -56.573  7.159 0.0000000000
96809  25.723  -57.033  6.840 0.0000000000
96810  25.100  -56.389  6.941 0.0000000000
96811  25.462  -56.236  6.673 0.0000000000
96812  25.717  -56.073  6.347 0.0000000000
96813  25.869  -55.878  6.041 0.0000000000
96814  24.891  -55.364  6.474 0.0000000000
96815  24.103  -54.739  6.564 0.0000000000
96816  23.283  -54.148  6.628 0.0000000000
98150  19.243  -48.691  1.711 0.0000000000
98151  19.571  -48.623  1.368 0.0000000000
98152  18.653  -48.172  1.298 0.0000000000
98153  18.084  -47.642  0.883 0.0000000000
98154  17.451  -47.070  0.488 0.0000000000
98156  14.338  -44.497  -0.297 0.0000000000
98158  14.085  -43.538  -0.717 0.0000000000
98159  14.199  -43.278  -0.965 0.0000000000
98160  14.367  -43.095  -1.239 0.0000000000
102934  24.372  -53.435  -0.838 0.0000000000
102935  24.375  -54.162  -0.910 0.0000000000
102936  24.112  -53.506  -1.257 0.0000000000
102941  23.066  -52.442  -2.577 0.0000000000
102942  22.905  -51.742  -2.915 0.0000000000
102943  20.919  -48.306  0.051 0.0000000000
102944  21.753  -48.788  0.014 0.0000000000
102945  21.220  -48.212  -0.303 0.0000000000
102946  21.479  -48.125  -0.648 0.0000000000
102947  21.719  -48.026  -1.009 0.0000000000
102948  19.870  -45.509  -2.548 0.0000000000
102949  20.629  -46.313  -2.258 0.0000000000
102950  20.778  -46.165  -2.603 0.0000000000
102951  21.641  -46.920  -2.708 0.0000000000
102952  22.317  -47.647  -2.952 0.0000000000
102953  22.636  -48.477  -3.162 0.0000000000
102954  22.283  -47.630  -3.324 0.0000000000
102955  22.185  -47.580  -3.686 0.0000000000
102956  22.074  -47.601  -4.029 0.0000000000
102957  21.938  -47.678  -4.341 0.0000000000
102958  21.730  -46.670  -4.148 0.0000000000
102959  21.291  -45.697  -4.291 0.0000000000
102960  20.805  -44.764  -4.456 0.0000000000
102961  16.671  -40.918  -4.565 0.0000000000
102962  17.535  -41.634  -4.659 0.0000000000
102963  16.891  -40.829  -4.835 0.0000000000
102964  17.180  -40.726  -5.115 0.0000000000
102965  17.437  -40.635  -5.381 0.0000000000
102966  17.661  -40.559  -5.637 0.0000000000
111857  24.483  -58.196  7.532 0.0000000000
111858  24.007  -58.282  7.672 0.0000000000
111859  24.921  -58.843  7.474 0.0000000000
111883  26.205  -55.165  4.369 0.0000000000
111884  26.742  -55.673  3.735 0.0000000000
111885  26.108  -54.905  3.944 0.0000000000
111886  26.018  -54.634  3.494 0.0000000000
111887  25.894  -54.389  3.070 0.0000000000
111888  25.723  -54.115  2.687 0.0000000000
111889  25.321  -53.738  3.268 0.0000000000
111890  24.570  -53.057  3.433 0.0000000000
111891  23.755  -52.452  3.540 0.0000000000
111893  19.554  -52.799  6.853 0.0000000000
111894  18.756  -52.397  6.751 0.0000000000
111895  18.968  -52.175  6.548 0.0000000000
111896  19.156  -51.958  6.306 0.0000000000
111899  17.972  -50.422  5.107 0.0000000000
111900  18.814  -50.561  4.936 0.0000000000
111901  19.660  -50.698  4.711 0.0000000000
111902  20.562  -50.920  4.451 0.0000000000
111903  19.727  -50.505  4.350 0.0000000000
111904  19.723  -50.274  3.953 0.0000000000
111905  19.692  -50.044  3.574 0.0000000000
111906  19.643  -49.772  3.190 0.0000000000
111907  18.848  -49.651  3.477 0.0000000000
111908  18.044  -49.281  3.304 0.0000000000
111909  17.121  -48.869  3.158 0.0000000000
115379  15.521  -46.845  1.258 0.0000000000
115380  15.909  -46.755  0.992 0.0000000000
115381  14.950  -46.187  0.898 0.0000000000
116587  20.396  -44.303  -6.255 0.0000000000
116589  20.144  -44.534  -6.483 0.0000000000
116590  19.807  -44.731  -6.688 0.0000000000
119098  25.739  -55.188  0.435 0.0000000000
119099  25.296  -54.607  0.098 0.0000000000
119100  24.902  -53.972  -0.189 0.0000000000
119101  24.849  -53.088  0.414 0.0000000000
119102  24.734  -53.202  -0.084 0.0000000000
119103  24.570  -53.317  -0.530 0.0000000000
119104  24.319  -52.675  -0.864 0.0000000000
119105  24.088  -52.077  -1.218 0.0000000000
119106  23.892  -51.435  -1.515 0.0000000000
119107  18.012  -45.597  -1.439 0.0000000000
119108  19.043  -46.222  -1.371 0.0000000000
119109  18.259  -45.421  -1.729 0.0000000000
119110  18.504  -45.216  -2.032 0.0000000000
119111  18.679  -45.058  -2.282 0.0000000000
119112  16.832  -43.599  -2.574 0.0000000000
119113  17.882  -44.260  -2.585 0.0000000000
119114  18.871  -44.876  -2.556 0.0000000000
119115  19.092  -44.685  -2.839 0.0000000000
119116  19.319  -44.501  -3.103 0.0000000000
119117  19.487  -44.290  -3.391 0.0000000000
119118  19.668  -44.121  -3.678 0.0000000000
119119  18.535  -43.445  -3.665 0.0000000000
119120  17.749  -42.675  -3.928 0.0000000000
119121  17.041  -41.852  -4.191 0.0000000000
119122  16.086  -41.400  -3.774 0.0000000000
119123  16.264  -41.201  -4.070 0.0000000000
119124  16.463  -41.045  -4.317 0.0000000000
119125  16.136  -40.338  -4.384 0.0000000000
126036  20.262  -56.195  8.734 0.0000000000
126037  20.902  -56.616  8.630 0.0000000000
126038  21.266  -56.482  8.316 0.0000000000
126039  22.192  -56.824  7.993 0.0000000000
126040  23.114  -57.234  7.749 0.0000000000
126041  22.944  -56.556  7.669 0.0000000000
126042  23.519  -57.094  7.621 0.0000000000
126043  24.051  -57.639  7.577 0.0000000000
126044  25.038  -58.122  7.374 0.0000000000
126045  25.956  -58.633  7.144 0.0000000000
126046  26.741  -59.199  6.889 0.0000000000
126047  27.490  -59.795  6.626 0.0000000000
126048  27.150  -59.119  6.588 0.0000000000
126049  27.504  -58.992  6.262 0.0000000000
126050  27.894  -58.860  5.892 0.0000000000
126051  26.650  -57.571  6.447 0.0000000000
126052  27.454  -58.150  5.971 0.0000000000
126053  28.091  -58.690  5.468 0.0000000000
126054  28.193  -58.548  5.030 0.0000000000
126059  27.437  -56.862  4.412 0.0000000000
126060  26.831  -56.149  4.611 0.0000000000
126061  26.033  -55.745  5.711 0.0000000000
126062  26.143  -55.606  5.299 0.0000000000
126063  26.208  -55.396  4.813 0.0000000000
126064  25.473  -54.687  5.013 0.0000000000
126065  24.643  -53.995  5.187 0.0000000000
126066  23.812  -53.307  5.291 0.0000000000
126078  16.341  -49.300  4.028 0.0000000000
129125  22.401  -50.495  1.832 0.0000000000
129126  22.709  -50.486  1.412 0.0000000000
129127  22.011  -49.982  1.490 0.0000000000
129128  21.599  -49.414  1.139 0.0000000000
129129  21.128  -48.919  0.757 0.0000000000
129130  19.931  -48.566  1.049 0.0000000000
129131  20.291  -48.503  0.738 0.0000000000
129132  20.608  -48.406  0.402 0.0000000000
129133  19.991  -47.844  0.037 0.0000000000
129134  19.236  -47.223  -0.338 0.0000000000
129135  18.526  -46.532  -0.767 0.0000000000
129136  16.209  -46.651  0.714 0.0000000000
129137  16.495  -46.526  0.415 0.0000000000
129138  16.771  -46.384  0.103 0.0000000000
129139  15.191  -45.036  -0.328 0.0000000000
129140  16.092  -45.632  -0.281 0.0000000000
129141  17.045  -46.228  -0.230 0.0000000000
129142  17.292  -46.102  -0.539 0.0000000000
129143  17.530  -45.962  -0.846 0.0000000000
129144  17.761  -45.757  -1.159 0.0000000000
129145  17.012  -44.974  -1.493 0.0000000000
129146  16.218  -44.145  -1.822 0.0000000000
129147  15.467  -43.289  -1.992 0.0000000000
129148  14.539  -42.871  -1.526 0.0000000000
129149  14.714  -42.646  -1.809 0.0000000000
129150  14.903  -42.468  -2.069 0.0000000000
135414  19.641  -55.796  8.796 0.0000000000
135415  19.952  -55.626  8.475 0.0000000000
135416  20.312  -55.439  8.201 0.0000000000
135418  19.596  -55.007  8.253 0.0000000000
135419  20.619  -55.197  8.003 0.0000000000
135420  20.881  -54.985  7.768 0.0000000000
135421  21.143  -54.791  7.557 0.0000000000
135422  21.443  -54.592  7.344 0.0000000000
135423  21.713  -54.367  7.153 0.0000000000
135424  20.725  -54.129  7.325 0.0000000000
135425  19.994  -53.704  7.370 0.0000000000
139192  22.990  -50.468  0.973 0.0000000000
139193  23.203  -50.445  0.536 0.0000000000
139194  23.366  -50.464  0.080 0.0000000000
139195  22.452  -49.299  -0.060 0.0000000000
139196  23.014  -49.823  -0.162 0.0000000000
139197  23.516  -50.516  -0.411 0.0000000000
139198  23.644  -50.575  -0.918 0.0000000000
139199  23.661  -50.670  -1.347 0.0000000000
139200  23.627  -50.749  -1.766 0.0000000000
139201  20.092  -46.823  -1.295 0.0000000000
139202  21.112  -47.377  -1.311 0.0000000000
139203  21.914  -47.933  -1.386 0.0000000000
139204  21.411  -47.085  -2.034 0.0000000000
139205  22.077  -47.863  -1.774 0.0000000000
139206  22.573  -48.548  -1.558 0.0000000000
139207  23.053  -49.184  -1.786 0.0000000000
139208  23.386  -49.935  -2.016 0.0000000000
139209  23.523  -50.810  -2.183 0.0000000000
139210  23.329  -50.900  -2.548 0.0000000000
139211  23.079  -50.963  -2.871 0.0000000000
139212  22.785  -51.014  -3.163 0.0000000000
139213  22.752  -49.348  -3.326 0.0000000000
139214  22.672  -50.217  -3.417 0.0000000000
139215  22.444  -51.069  -3.410 0.0000000000
139216  22.078  -51.087  -3.604 0.0000000000
139221  21.114  -48.771  -4.931 0.0000000000
139222  21.702  -47.670  -4.653 0.0000000000
139223  21.437  -47.773  -4.924 0.0000000000
139228  19.891  -44.044  -3.947 0.0000000000
139229  20.139  -43.972  -4.243 0.0000000000
139230  20.301  -43.919  -4.570 0.0000000000
139231  18.580  -42.358  -4.687 0.0000000000
139232  19.592  -43.037  -4.726 0.0000000000
139233  20.392  -43.884  -4.919 0.0000000000
139234  20.524  -43.878  -5.231 0.0000000000
139235  20.537  -43.929  -5.565 0.0000000000
139236  20.489  -44.060  -5.909 0.0000000000
139237  20.133  -43.098  -6.011 0.0000000000
139238  19.638  -42.206  -6.137 0.0000000000
139239  19.098  -41.334  -6.292 0.0000000000
139240  17.907  -40.491  -5.910 0.0000000000
139241  18.210  -40.467  -6.184 0.0000000000
139242  18.517  -40.495  -6.465 0.0000000000
157155  21.446  -57.019  8.575 0.0000000000
157158  23.571  -58.341  7.843 0.0000000000
157212  27.144  -56.180  3.062 0.0000000000
157218  26.311  -55.365  1.136 0.0000000000
157219  26.015  -54.657  1.328 0.0000000000
157220  25.599  -53.961  1.537 0.0000000000
157221  25.573  -53.831  2.354 0.0000000000
157222  25.333  -53.509  2.054 0.0000000000
157223  25.112  -53.235  1.749 0.0000000000
157224  24.538  -52.556  1.881 0.0000000000
157225  23.937  -51.936  1.991 0.0000000000
157226  23.277  -51.360  2.098 0.0000000000
157227  21.966  -54.070  6.996 0.0000000000
157228  22.212  -53.842  6.820 0.0000000000
157229  22.417  -53.608  6.646 0.0000000000
157230  20.654  -52.984  6.701 0.0000000000
157231  21.601  -53.148  6.581 0.0000000000
157232  22.621  -53.424  6.393 0.0000000000
157233  22.805  -53.220  6.099 0.0000000000
157234  22.934  -52.968  5.722 0.0000000000
157235  22.994  -52.750  5.322 0.0000000000
157237  18.396  -51.535  6.184 0.0000000000
157238  19.361  -51.697  6.045 0.0000000000
157239  18.680  -51.037  5.598 0.0000000000
157240  19.464  -51.427  5.726 0.0000000000
157241  20.311  -51.840  5.874 0.0000000000
157242  21.223  -52.013  5.654 0.0000000000
157243  22.141  -52.245  5.326 0.0000000000
157244  22.994  -52.521  4.917 0.0000000000
157245  23.003  -52.357  4.490 0.0000000000
157246  23.024  -52.130  4.096 0.0000000000
157247  22.944  -51.881  3.661 0.0000000000
157248  21.329  -51.117  4.137 0.0000000000
157249  22.107  -51.335  3.759 0.0000000000
157250  22.876  -51.609  3.286 0.0000000000
157251  22.787  -51.345  2.896 0.0000000000
157252  22.669  -51.093  2.536 0.0000000000
157253  22.550  -50.802  2.192 0.0000000000
157254  21.808  -50.323  2.235 0.0000000000
157255  21.024  -49.846  2.193 0.0000000000
157256  20.215  -49.392  2.129 0.0000000000
157257  19.581  -49.504  2.804 0.0000000000
157258  19.471  -49.221  2.430 0.0000000000
157259  19.367  -48.956  2.054 0.0000000000
157260  18.492  -48.563  1.993 0.0000000000
157261  17.591  -48.158  1.887 0.0000000000
157262  16.666  -47.721  1.756 0.0000000000
157263  16.305  -49.021  3.665 0.0000000000
157268  16.148  -48.194  2.625 0.0000000000
157269  16.059  -47.906  2.294 0.0000000000
157270  15.955  -47.593  1.963 0.0000000000
