#!ascii label  , from subject fsaverage vox2ras=TkReg
502
66  14.332  -51.783  34.221 0.0000000000
186  12.784  -52.302  41.442 0.0000000000
408  10.972  -52.409  27.535 0.0000000000
917  11.048  -55.503  35.951 0.0000000000
921  12.934  -51.845  30.753 0.0000000000
1487  10.828  -55.673  39.343 0.0000000000
1488  13.978  -52.095  37.970 0.0000000000
2264  12.580  -48.023  40.783 0.0000000000
2265  15.042  -47.736  37.564 0.0000000000
2837  12.901  -53.679  35.222 0.0000000000
2839  12.626  -53.633  33.485 0.0000000000
2840  12.137  -53.709  31.793 0.0000000000
2841  13.867  -51.719  32.394 0.0000000000
3439  12.199  -54.060  40.413 0.0000000000
3440  12.474  -53.871  38.520 0.0000000000
3441  13.486  -52.214  39.789 0.0000000000
4202  10.555  -54.549  28.330 0.0000000000
4204  9.888  -54.880  26.493 0.0000000000
4206  10.207  -52.585  25.855 0.0000000000
5023  13.793  -47.939  39.235 0.0000000000
5024  12.645  -45.972  38.825 0.0000000000
6266  11.324  -54.065  30.113 0.0000000000
6267  11.929  -52.124  29.169 0.0000000000
7312  11.077  -55.748  37.542 0.0000000000
7313  12.764  -53.815  36.906 0.0000000000
7314  14.361  -51.933  36.101 0.0000000000
9354  13.052  -50.142  41.251 0.0000000000
9355  14.067  -50.140  39.629 0.0000000000
9356  14.933  -50.060  37.841 0.0000000000
9357  15.473  -49.858  35.788 0.0000000000
9364  14.088  -45.408  37.214 0.0000000000
9365  15.643  -47.359  35.463 0.0000000000
10517  13.624  -52.727  34.764 0.0000000000
10518  12.792  -53.593  34.376 0.0000000000
10519  13.550  -52.692  33.818 0.0000000000
10520  13.371  -52.709  32.964 0.0000000000
10521  14.139  -51.770  33.316 0.0000000000
11117  12.236  -53.279  41.737 0.0000000000
11118  11.866  -54.132  41.232 0.0000000000
11119  12.615  -53.289  40.973 0.0000000000
11120  12.860  -53.205  40.076 0.0000000000
11121  13.181  -52.312  40.636 0.0000000000
11882  10.989  -53.495  27.849 0.0000000000
11883  10.250  -54.755  27.466 0.0000000000
11884  10.621  -53.683  26.948 0.0000000000
11885  10.263  -53.771  26.049 0.0000000000
11886  10.566  -52.548  26.708 0.0000000000
14274  9.990  -56.354  35.531 0.0000000000
14282  12.684  -52.799  31.242 0.0000000000
14283  11.731  -53.847  30.980 0.0000000000
14284  12.218  -52.918  30.438 0.0000000000
14285  11.832  -53.106  29.569 0.0000000000
14286  12.405  -51.953  29.952 0.0000000000
16082  13.205  -52.962  38.240 0.0000000000
16083  12.649  -53.899  37.690 0.0000000000
16084  13.399  -52.931  37.378 0.0000000000
16085  13.587  -52.902  36.502 0.0000000000
16086  14.224  -52.031  37.040 0.0000000000
20826  12.252  -49.019  41.829 0.0000000000
20827  12.888  -49.030  41.037 0.0000000000
20828  13.539  -50.131  40.443 0.0000000000
20829  13.482  -49.038  40.271 0.0000000000
20830  14.432  -47.819  38.452 0.0000000000
20831  14.632  -48.983  38.618 0.0000000000
20832  15.137  -48.894  37.716 0.0000000000
20833  15.287  -49.947  36.845 0.0000000000
20834  15.513  -48.789  36.733 0.0000000000
23539  11.940  -54.571  35.588 0.0000000000
23540  10.933  -55.375  35.113 0.0000000000
23541  11.833  -54.484  34.781 0.0000000000
23542  11.686  -54.426  33.922 0.0000000000
23543  11.529  -54.440  33.052 0.0000000000
23545  12.404  -53.640  32.624 0.0000000000
23546  13.064  -52.775  32.076 0.0000000000
23547  13.470  -51.757  31.565 0.0000000000
24621  10.920  -54.819  41.548 0.0000000000
24622  11.290  -54.853  40.708 0.0000000000
24623  11.562  -54.810  39.892 0.0000000000
24624  11.699  -54.780  38.948 0.0000000000
24625  12.336  -53.974  39.464 0.0000000000
24626  13.012  -53.051  39.176 0.0000000000
24627  13.788  -52.136  38.907 0.0000000000
25996  9.810  -55.467  28.927 0.0000000000
25998  9.494  -55.660  27.986 0.0000000000
26002  9.502  -54.980  25.545 0.0000000000
26004  9.846  -52.632  24.913 0.0000000000
27472  11.975  -47.241  40.460 0.0000000000
27473  13.193  -48.017  40.016 0.0000000000
27474  12.683  -47.117  39.813 0.0000000000
27475  13.331  -46.944  39.081 0.0000000000
27476  14.043  -46.746  38.292 0.0000000000
28914  12.271  -52.279  42.193 0.0000000000
29980  10.937  -54.676  31.488 0.0000000000
29981  10.542  -54.919  30.641 0.0000000000
29982  10.203  -55.192  29.821 0.0000000000
29983  10.942  -54.332  29.238 0.0000000000
29984  11.447  -53.354  28.706 0.0000000000
29985  11.480  -52.297  28.357 0.0000000000
32466  11.128  -55.666  36.737 0.0000000000
32467  11.877  -54.850  38.050 0.0000000000
32468  11.956  -54.808  37.194 0.0000000000
32469  11.955  -54.720  36.395 0.0000000000
32470  12.835  -53.776  36.077 0.0000000000
32471  13.688  -52.816  35.630 0.0000000000
32472  14.387  -51.842  35.158 0.0000000000
38303  12.434  -50.177  42.000 0.0000000000
38304  12.979  -51.275  41.303 0.0000000000
38305  13.448  -51.266  40.557 0.0000000000
38306  13.876  -51.216  39.748 0.0000000000
38307  14.249  -51.197  38.862 0.0000000000
38308  14.015  -49.008  39.475 0.0000000000
38309  14.524  -50.120  38.783 0.0000000000
38310  14.562  -51.144  38.000 0.0000000000
38311  14.775  -51.056  36.959 0.0000000000
38312  14.953  -50.966  35.988 0.0000000000
38313  15.021  -50.846  34.918 0.0000000000
38333  13.448  -45.689  38.060 0.0000000000
38334  14.625  -46.535  37.401 0.0000000000
38336  15.084  -46.295  36.395 0.0000000000
38337  15.450  -47.565  36.521 0.0000000000
38338  15.740  -48.610  35.645 0.0000000000
38339  15.522  -49.709  34.708 0.0000000000
38340  14.906  -50.734  33.910 0.0000000000
38341  14.606  -50.700  32.986 0.0000000000
38342  14.206  -50.638  32.076 0.0000000000
38359  10.161  -51.444  26.815 0.0000000000
41237  13.987  -52.254  34.481 0.0000000000
41238  13.593  -52.688  34.274 0.0000000000
41239  13.945  -52.254  34.013 0.0000000000
41240  13.861  -52.247  33.565 0.0000000000
41241  14.240  -51.774  33.771 0.0000000000
41837  12.546  -52.818  41.628 0.0000000000
41838  12.479  -53.314  41.362 0.0000000000
41839  12.774  -52.830  41.241 0.0000000000
41840  12.932  -52.817  40.818 0.0000000000
41841  13.024  -52.309  41.057 0.0000000000
42602  11.028  -52.952  27.685 0.0000000000
42603  10.793  -53.611  27.411 0.0000000000
42604  10.791  -53.084  27.229 0.0000000000
42605  10.655  -53.125  26.799 0.0000000000
42606  10.772  -52.497  27.140 0.0000000000
44992  10.615  -56.006  36.129 0.0000000000
44994  10.559  -55.932  35.732 0.0000000000
45002  12.851  -52.306  31.000 0.0000000000
45003  12.462  -52.837  30.833 0.0000000000
45004  12.596  -52.346  30.592 0.0000000000
45005  12.348  -52.418  30.186 0.0000000000
45006  12.664  -51.902  30.348 0.0000000000
46802  13.574  -52.508  38.116 0.0000000000
46803  13.296  -52.952  37.803 0.0000000000
46804  13.687  -52.527  37.659 0.0000000000
46805  13.799  -52.508  37.213 0.0000000000
46806  14.099  -52.077  37.498 0.0000000000
51545  12.214  -48.048  41.155 0.0000000000
51546  12.427  -48.505  41.294 0.0000000000
51547  12.760  -48.474  40.916 0.0000000000
51548  13.196  -49.025  40.653 0.0000000000
51549  13.082  -48.506  40.534 0.0000000000
51550  14.730  -47.782  38.018 0.0000000000
51551  14.830  -48.345  38.100 0.0000000000
51552  15.124  -48.319  37.644 0.0000000000
51553  15.344  -48.846  37.228 0.0000000000
51554  15.331  -48.262  37.168 0.0000000000
54592  12.388  -54.090  35.417 0.0000000000
54593  11.893  -54.497  35.173 0.0000000000
54594  12.378  -54.071  35.000 0.0000000000
54595  12.714  -53.619  33.934 0.0000000000
54596  12.253  -54.036  34.160 0.0000000000
54597  12.185  -54.048  33.719 0.0000000000
54598  11.603  -54.423  33.465 0.0000000000
54599  12.108  -54.048  33.248 0.0000000000
54600  11.980  -54.045  32.849 0.0000000000
54601  12.518  -53.619  33.050 0.0000000000
54602  13.667  -52.225  32.690 0.0000000000
54603  13.224  -52.760  32.522 0.0000000000
54604  13.495  -52.239  32.247 0.0000000000
54605  13.310  -52.258  31.820 0.0000000000
54606  13.691  -51.715  31.975 0.0000000000
56395  12.043  -54.122  40.842 0.0000000000
56396  11.606  -54.491  40.982 0.0000000000
56397  11.766  -54.467  40.571 0.0000000000
56398  11.441  -54.833  40.304 0.0000000000
56399  11.896  -54.428  40.150 0.0000000000
56400  12.010  -54.401  39.747 0.0000000000
56401  12.282  -54.019  39.969 0.0000000000
56402  13.178  -52.710  39.930 0.0000000000
56403  12.946  -53.135  39.612 0.0000000000
56404  13.266  -52.634  39.494 0.0000000000
56405  13.373  -52.581  39.043 0.0000000000
56406  13.623  -52.170  39.346 0.0000000000
58687  10.235  -55.035  28.633 0.0000000000
58688  9.711  -55.579  28.467 0.0000000000
58689  10.056  -55.152  28.175 0.0000000000
58690  10.064  -54.825  26.994 0.0000000000
58691  9.727  -55.309  27.270 0.0000000000
58692  9.545  -55.398  26.762 0.0000000000
58696  9.704  -54.922  26.012 0.0000000000
58697  10.298  -53.173  25.914 0.0000000000
58699  10.109  -53.227  25.455 0.0000000000
58701  10.011  -52.616  25.391 0.0000000000
61147  11.609  -46.845  40.246 0.0000000000
61148  12.323  -47.185  40.092 0.0000000000
61149  11.944  -46.760  39.906 0.0000000000
61150  12.250  -46.107  39.122 0.0000000000
61151  12.653  -46.582  39.287 0.0000000000
61152  13.014  -46.461  38.958 0.0000000000
61153  13.702  -46.830  38.697 0.0000000000
61154  13.394  -46.333  38.585 0.0000000000
63605  11.999  -52.751  42.320 0.0000000000
65865  10.832  -55.296  34.704 0.0000000000
65866  10.345  -55.783  34.896 0.0000000000
65867  10.237  -55.697  34.500 0.0000000000
65887  11.723  -54.105  32.058 0.0000000000
65888  11.122  -54.563  31.905 0.0000000000
65889  11.554  -54.181  31.645 0.0000000000
65890  11.513  -53.961  30.560 0.0000000000
65891  11.157  -54.387  30.819 0.0000000000
65892  10.952  -54.536  30.400 0.0000000000
65893  10.366  -55.052  30.237 0.0000000000
65894  10.797  -54.650  29.976 0.0000000000
65895  10.612  -54.774  29.527 0.0000000000
65896  11.154  -54.185  29.667 0.0000000000
65897  11.942  -52.603  29.370 0.0000000000
65898  11.627  -53.244  29.146 0.0000000000
65899  11.725  -52.743  28.939 0.0000000000
65900  11.524  -52.836  28.523 0.0000000000
65901  11.718  -52.230  28.761 0.0000000000
71284  10.686  -56.172  37.355 0.0000000000
71285  10.694  -56.141  36.958 0.0000000000
71286  11.128  -55.715  37.147 0.0000000000
71287  12.138  -54.342  38.774 0.0000000000
71288  11.784  -54.827  38.487 0.0000000000
71289  12.215  -54.369  38.306 0.0000000000
71290  12.709  -53.861  37.304 0.0000000000
71291  12.334  -54.342  37.451 0.0000000000
71292  12.363  -54.309  37.051 0.0000000000
71293  11.983  -54.784  36.772 0.0000000000
71294  12.394  -54.262  36.654 0.0000000000
71295  12.392  -54.246  36.240 0.0000000000
71296  12.823  -53.816  36.503 0.0000000000
71297  13.985  -52.409  36.324 0.0000000000
71298  13.655  -52.874  36.072 0.0000000000
71299  14.042  -52.381  35.860 0.0000000000
71300  14.035  -52.349  35.420 0.0000000000
71301  14.385  -51.915  35.645 0.0000000000
85518  12.685  -49.582  41.586 0.0000000000
85519  12.358  -49.579  41.940 0.0000000000
85520  12.748  -50.175  41.641 0.0000000000
85521  12.757  -50.747  41.662 0.0000000000
85522  13.032  -50.715  41.310 0.0000000000
85523  13.212  -51.272  40.945 0.0000000000
85524  13.282  -50.709  40.916 0.0000000000
85525  13.799  -50.132  40.034 0.0000000000
85526  13.757  -50.700  40.122 0.0000000000
85527  13.998  -50.692  39.696 0.0000000000
85528  14.091  -51.201  39.304 0.0000000000
85529  14.241  -50.683  39.257 0.0000000000
85530  13.476  -47.972  39.607 0.0000000000
85531  13.645  -48.465  39.741 0.0000000000
85532  13.926  -48.470  39.334 0.0000000000
85533  14.842  -49.529  38.249 0.0000000000
85534  14.610  -49.558  38.720 0.0000000000
85535  14.725  -50.108  38.338 0.0000000000
85536  14.569  -50.655  38.422 0.0000000000
85537  14.769  -50.614  37.952 0.0000000000
85538  14.692  -51.100  37.526 0.0000000000
85539  14.923  -50.563  37.429 0.0000000000
85540  15.410  -49.905  36.327 0.0000000000
85541  15.158  -50.483  36.394 0.0000000000
85542  15.253  -50.437  35.864 0.0000000000
85543  14.991  -50.893  35.437 0.0000000000
85544  15.275  -50.361  35.341 0.0000000000
85593  13.349  -44.994  37.565 0.0000000000
85594  12.956  -45.147  37.983 0.0000000000
85595  13.744  -45.527  37.658 0.0000000000
85596  14.066  -46.066  37.778 0.0000000000
85597  14.353  -45.942  37.327 0.0000000000
85602  15.241  -46.198  35.846 0.0000000000
85603  15.419  -46.824  35.936 0.0000000000
85604  15.291  -46.914  36.452 0.0000000000
85605  15.565  -47.453  35.995 0.0000000000
85606  15.651  -48.069  36.102 0.0000000000
85607  15.716  -47.965  35.545 0.0000000000
85611  15.245  -50.221  34.286 0.0000000000
85613  14.780  -50.717  33.429 0.0000000000
85658  10.414  -51.401  27.200 0.0000000000
92659  13.282  -53.210  35.029 0.0000000000
92660  12.845  -53.638  34.807 0.0000000000
92661  13.233  -53.165  34.580 0.0000000000
92662  13.196  -53.135  34.097 0.0000000000
92663  13.122  -53.176  33.666 0.0000000000
92664  13.018  -53.185  33.238 0.0000000000
92665  13.472  -52.698  33.397 0.0000000000
92666  13.776  -52.227  33.134 0.0000000000
92667  14.012  -51.732  32.848 0.0000000000
93740  11.644  -54.123  41.634 0.0000000000
93741  12.106  -53.743  41.476 0.0000000000
93742  12.284  -53.744  41.098 0.0000000000
93743  12.414  -53.704  40.699 0.0000000000
93744  12.529  -53.656  40.253 0.0000000000
93745  12.754  -53.261  40.542 0.0000000000
93746  13.076  -52.794  40.382 0.0000000000
93747  13.352  -52.263  40.222 0.0000000000
95116  10.839  -54.036  28.077 0.0000000000
95117  10.386  -54.670  27.896 0.0000000000
95118  10.648  -54.150  27.636 0.0000000000
95119  10.478  -54.224  27.179 0.0000000000
95120  10.318  -54.284  26.702 0.0000000000
95121  10.131  -54.335  26.251 0.0000000000
95122  10.502  -53.739  26.476 0.0000000000
95123  10.476  -53.160  26.366 0.0000000000
95124  10.341  -52.582  26.262 0.0000000000
99436  12.429  -53.289  31.502 0.0000000000
99437  11.922  -53.772  31.377 0.0000000000
99438  12.232  -53.319  31.103 0.0000000000
99439  12.012  -53.408  30.709 0.0000000000
99440  11.810  -53.506  30.276 0.0000000000
99441  11.626  -53.584  29.820 0.0000000000
99442  12.028  -53.000  29.997 0.0000000000
99443  12.132  -52.510  29.767 0.0000000000
99444  12.172  -52.046  29.566 0.0000000000
102675  11.037  -55.753  37.974 0.0000000000
102676  12.838  -53.418  38.357 0.0000000000
102677  12.568  -53.893  38.087 0.0000000000
102678  12.936  -53.444  37.944 0.0000000000
102679  13.017  -53.416  37.530 0.0000000000
102680  13.107  -53.346  37.139 0.0000000000
102681  13.177  -53.345  36.725 0.0000000000
102682  13.508  -52.900  36.944 0.0000000000
102683  13.906  -52.447  36.768 0.0000000000
102684  14.298  -51.957  36.573 0.0000000000
111214  11.765  -48.569  42.045 0.0000000000
111215  12.102  -48.501  41.690 0.0000000000
111216  12.593  -49.037  41.426 0.0000000000
111217  12.982  -49.581  41.161 0.0000000000
111218  13.316  -50.141  40.853 0.0000000000
111219  13.240  -49.573  40.773 0.0000000000
111220  13.516  -49.571  40.360 0.0000000000
111221  13.797  -49.580  39.970 0.0000000000
111222  14.135  -47.893  38.858 0.0000000000
111223  14.258  -48.460  38.912 0.0000000000
111224  14.557  -48.393  38.522 0.0000000000
111225  14.897  -48.932  38.170 0.0000000000
111226  15.077  -49.465  37.784 0.0000000000
111227  15.129  -49.984  37.360 0.0000000000
111228  15.283  -49.409  37.303 0.0000000000
111229  15.433  -49.375  36.791 0.0000000000
111230  15.582  -49.338  36.278 0.0000000000
111262  13.677  -44.833  37.145 0.0000000000
116365  11.481  -55.027  35.772 0.0000000000
116366  10.986  -55.412  35.542 0.0000000000
116367  11.455  -54.956  35.348 0.0000000000
116368  11.392  -54.904  34.926 0.0000000000
116369  11.296  -54.856  34.527 0.0000000000
116370  12.353  -54.044  34.603 0.0000000000
116371  11.770  -54.443  34.350 0.0000000000
116372  11.211  -54.812  34.101 0.0000000000
116377  11.416  -54.460  32.663 0.0000000000
116378  11.846  -54.067  32.453 0.0000000000
116379  12.332  -53.649  32.212 0.0000000000
116380  12.898  -53.229  32.790 0.0000000000
116381  12.795  -53.237  32.364 0.0000000000
116382  12.629  -53.243  31.917 0.0000000000
116383  12.867  -52.796  31.648 0.0000000000
116384  13.103  -52.299  31.417 0.0000000000
116385  13.250  -51.798  31.168 0.0000000000
118890  11.384  -54.475  41.394 0.0000000000
118891  11.114  -54.835  41.139 0.0000000000
118895  11.180  -55.225  39.598 0.0000000000
118896  11.228  -55.244  39.112 0.0000000000
118897  11.631  -54.804  39.431 0.0000000000
118898  12.048  -54.370  39.235 0.0000000000
118899  12.412  -53.930  39.003 0.0000000000
118900  12.612  -53.598  39.773 0.0000000000
118901  12.690  -53.538  39.293 0.0000000000
118902  12.753  -53.465  38.810 0.0000000000
118903  13.099  -52.995  38.709 0.0000000000
118904  13.478  -52.538  38.576 0.0000000000
118905  13.884  -52.109  38.443 0.0000000000
122103  9.891  -55.232  27.713 0.0000000000
122113  9.942  -54.401  25.786 0.0000000000
125542  12.310  -47.628  40.633 0.0000000000
125543  12.902  -48.030  40.408 0.0000000000
125544  12.637  -47.610  40.256 0.0000000000
125545  12.968  -47.563  39.897 0.0000000000
125546  13.274  -47.491  39.551 0.0000000000
125547  12.300  -46.681  39.621 0.0000000000
125548  12.999  -47.034  39.443 0.0000000000
125549  13.613  -47.415  39.186 0.0000000000
125550  13.958  -47.347  38.786 0.0000000000
125551  14.281  -47.285  38.371 0.0000000000
125552  14.586  -47.245  37.941 0.0000000000
128950  11.965  -53.245  42.121 0.0000000000
128951  12.288  -52.781  41.987 0.0000000000
128952  12.540  -52.295  41.821 0.0000000000
131814  10.477  -55.856  35.329 0.0000000000
131815  9.858  -56.244  35.134 0.0000000000
131844  10.246  -55.187  31.341 0.0000000000
131845  11.372  -54.279  31.239 0.0000000000
131846  10.729  -54.797  31.075 0.0000000000
131847  10.023  -55.324  30.927 0.0000000000
131848  9.875  -55.427  30.502 0.0000000000
131849  9.693  -55.579  30.080 0.0000000000
131851  9.975  -55.332  29.356 0.0000000000
131852  10.422  -54.944  29.093 0.0000000000
131853  10.741  -54.448  28.778 0.0000000000
131854  11.420  -53.737  29.394 0.0000000000
131855  11.215  -53.861  28.959 0.0000000000
131856  11.013  -53.934  28.517 0.0000000000
131857  11.188  -53.404  28.286 0.0000000000
131858  11.261  -52.864  28.100 0.0000000000
131859  11.245  -52.311  27.969 0.0000000000
138648  11.100  -55.588  36.341 0.0000000000
138649  11.328  -55.253  38.659 0.0000000000
138650  11.405  -55.299  38.203 0.0000000000
138651  11.471  -55.309  37.770 0.0000000000
138652  12.281  -54.370  37.863 0.0000000000
138653  11.920  -54.839  37.614 0.0000000000
138654  11.527  -55.290  37.358 0.0000000000
138655  11.563  -55.267  36.932 0.0000000000
138656  11.533  -55.199  36.556 0.0000000000
138657  11.487  -55.127  36.181 0.0000000000
138658  11.944  -54.680  35.983 0.0000000000
138659  12.396  -54.190  35.829 0.0000000000
138660  12.867  -53.714  35.645 0.0000000000
138661  13.240  -53.366  36.289 0.0000000000
138662  13.291  -53.303  35.859 0.0000000000
138663  13.311  -53.246  35.429 0.0000000000
138664  13.678  -52.774  35.200 0.0000000000
138665  14.011  -52.294  34.962 0.0000000000
138666  14.398  -51.794  34.667 0.0000000000
155847  12.629  -51.789  41.749 0.0000000000
155869  11.905  -49.044  42.205 0.0000000000
155870  12.032  -49.578  42.300 0.0000000000
155871  12.112  -50.115  42.348 0.0000000000
155872  12.470  -50.729  42.012 0.0000000000
155873  12.717  -51.282  41.674 0.0000000000
155874  12.890  -51.805  41.357 0.0000000000
155875  13.120  -51.839  40.968 0.0000000000
155876  13.329  -51.801  40.589 0.0000000000
155877  13.548  -51.788  40.193 0.0000000000
155878  13.526  -50.720  40.533 0.0000000000
155879  13.671  -51.250  40.171 0.0000000000
155880  13.707  -51.732  39.775 0.0000000000
155881  13.887  -51.700  39.339 0.0000000000
155882  14.090  -51.694  38.922 0.0000000000
155883  14.177  -51.662  38.449 0.0000000000
155884  13.376  -48.504  40.149 0.0000000000
155885  13.748  -49.023  39.870 0.0000000000
155886  14.075  -49.558  39.556 0.0000000000
155887  14.307  -49.001  39.049 0.0000000000
155888  14.327  -49.560  39.142 0.0000000000
155889  14.309  -50.130  39.204 0.0000000000
155890  14.401  -50.668  38.828 0.0000000000
155891  14.388  -51.177  38.420 0.0000000000
155892  14.297  -51.634  37.991 0.0000000000
155893  14.425  -51.595  37.505 0.0000000000
155894  14.510  -51.541  37.006 0.0000000000
155895  14.624  -51.476  36.502 0.0000000000
155896  15.044  -50.546  36.887 0.0000000000
155897  14.881  -51.016  36.474 0.0000000000
155898  14.671  -51.448  36.037 0.0000000000
155899  14.685  -51.394  35.533 0.0000000000
155900  14.717  -51.337  35.034 0.0000000000
155901  14.717  -51.303  34.542 0.0000000000
155961  13.037  -45.820  38.455 0.0000000000
155962  13.766  -46.203  38.179 0.0000000000
155963  14.373  -46.682  37.873 0.0000000000
155964  14.864  -47.137  37.467 0.0000000000
155967  14.327  -45.282  36.762 0.0000000000
155969  14.855  -45.739  36.301 0.0000000000
155970  14.627  -45.856  36.860 0.0000000000
155971  14.877  -46.413  36.923 0.0000000000
155972  15.104  -47.030  36.956 0.0000000000
155973  15.257  -47.653  37.063 0.0000000000
155974  15.536  -48.185  36.664 0.0000000000
155975  15.667  -48.696  36.202 0.0000000000
155976  15.641  -49.244  35.717 0.0000000000
155978  15.693  -49.165  35.169 0.0000000000
155979  15.512  -49.789  35.240 0.0000000000
155980  15.281  -50.295  34.806 0.0000000000
155981  15.004  -50.772  34.406 0.0000000000
155982  14.632  -51.285  34.076 0.0000000000
155983  14.520  -51.261  33.605 0.0000000000
155984  14.386  -51.238  33.135 0.0000000000
155985  14.231  -51.212  32.680 0.0000000000
155986  14.798  -50.148  32.843 0.0000000000
155987  14.421  -50.668  32.534 0.0000000000
155988  14.046  -51.179  32.238 0.0000000000
155989  13.850  -51.213  31.813 0.0000000000
155990  13.598  -51.264  31.400 0.0000000000
155991  13.315  -51.340  31.000 0.0000000000
155999  13.375  -50.814  30.847 0.0000000000
156000  13.028  -51.382  30.602 0.0000000000
156009  11.138  -51.782  27.900 0.0000000000
156036  10.882  -51.858  27.503 0.0000000000
156037  10.641  -51.934  27.138 0.0000000000
156038  10.398  -51.976  26.697 0.0000000000
156039  10.184  -52.003  26.306 0.0000000000
156041  10.010  -51.445  26.447 0.0000000000
156042  10.009  -52.020  25.922 0.0000000000
156043  9.821  -52.033  25.478 0.0000000000
