#!ascii label  , from subject fsaverage vox2ras=TkReg
897
334  36.823  -22.844  -19.740 0.0000000000
608  26.647  -38.042  -8.292 0.0000000000
611  31.162  -28.772  -16.990 0.0000000000
814  32.992  -15.888  -25.560 0.0000000000
815  27.172  -11.173  -29.842 0.0000000000
1355  32.713  -38.060  -8.327 0.0000000000
1357  30.891  -35.162  -12.109 0.0000000000
1361  28.475  -21.450  -22.392 0.0000000000
1362  34.691  -26.344  -18.330 0.0000000000
1753  38.340  -19.053  -20.971 0.0000000000
1754  30.758  -18.976  -24.560 0.0000000000
2455  18.244  -40.942  1.604 0.0000000000
2456  20.313  -40.701  -1.316 0.0000000000
2459  27.022  -40.605  -4.617 0.0000000000
2469  35.610  -33.827  -13.310 0.0000000000
3276  32.091  -36.928  -10.501 0.0000000000
3277  34.605  -36.506  -10.598 0.0000000000
3282  27.229  -22.462  -20.972 0.0000000000
3881  28.176  -14.918  -27.713 0.0000000000
3882  31.761  -17.415  -25.236 0.0000000000
3883  26.882  -16.173  -26.743 0.0000000000
3884  26.101  -17.546  -25.417 0.0000000000
5496  21.077  -40.080  -2.875 0.0000000000
5497  23.788  -41.078  -2.826 0.0000000000
5503  27.037  -39.589  -6.722 0.0000000000
5504  24.131  -38.903  -6.322 0.0000000000
5521  39.740  -22.510  -18.201 0.0000000000
5523  39.132  -24.665  -17.667 0.0000000000
5524  33.037  -27.660  -17.690 0.0000000000
5525  37.077  -28.591  -16.485 0.0000000000
5526  35.476  -30.189  -15.800 0.0000000000
5527  37.443  -32.509  -14.020 0.0000000000
5528  33.558  -31.325  -15.135 0.0000000000
5529  31.432  -32.188  -14.548 0.0000000000
5530  29.168  -29.578  -16.139 0.0000000000
6072  36.741  -15.709  -23.752 0.0000000000
6074  29.832  -13.806  -28.055 0.0000000000
7047  29.900  -38.261  -8.361 0.0000000000
7049  29.182  -36.904  -10.149 0.0000000000
7057  32.889  -22.521  -21.318 0.0000000000
7058  35.932  -24.680  -19.015 0.0000000000
7059  31.746  -23.988  -20.468 0.0000000000
7060  30.230  -25.229  -19.544 0.0000000000
7929  37.570  -21.010  -20.401 0.0000000000
7930  35.830  -17.608  -23.286 0.0000000000
7931  34.953  -19.390  -22.710 0.0000000000
7932  33.908  -21.032  -22.089 0.0000000000
7933  29.620  -20.300  -23.573 0.0000000000
7934  25.220  -18.764  -23.990 0.0000000000
9921  16.520  -40.497  -0.428 0.0000000000
9923  19.383  -40.940  0.161 0.0000000000
9934  24.135  -40.340  -4.802 0.0000000000
9958  38.265  -26.676  -17.118 0.0000000000
9964  33.393  -34.660  -12.650 0.0000000000
9965  28.989  -32.748  -13.742 0.0000000000
11561  25.522  -13.673  -28.090 0.0000000000
11562  27.384  -15.497  -27.237 0.0000000000
11563  24.904  -14.322  -27.483 0.0000000000
11564  24.510  -14.981  -26.847 0.0000000000
13176  23.292  -41.127  -1.863 0.0000000000
13181  28.513  -38.900  -7.486 0.0000000000
13182  28.535  -39.469  -6.462 0.0000000000
13183  26.854  -38.875  -7.557 0.0000000000
13184  25.453  -38.600  -7.321 0.0000000000
13201  38.417  -22.747  -19.014 0.0000000000
13202  39.407  -23.603  -17.960 0.0000000000
13203  38.056  -23.790  -18.642 0.0000000000
13204  32.097  -28.218  -17.368 0.0000000000
13205  34.314  -28.898  -16.707 0.0000000000
13206  33.417  -29.500  -16.388 0.0000000000
13207  34.589  -30.821  -15.453 0.0000000000
13208  32.456  -30.081  -16.072 0.0000000000
13209  31.396  -30.574  -15.797 0.0000000000
13210  30.216  -29.239  -16.608 0.0000000000
13963  28.308  -12.497  -29.067 0.0000000000
13964  27.450  -12.941  -28.811 0.0000000000
15585  31.345  -38.215  -8.297 0.0000000000
15586  29.680  -37.718  -9.348 0.0000000000
15587  31.105  -37.648  -9.325 0.0000000000
15588  31.568  -36.090  -11.335 0.0000000000
15589  30.132  -36.141  -11.157 0.0000000000
15590  29.439  -35.170  -11.855 0.0000000000
15592  28.717  -34.173  -12.526 0.0000000000
15601  30.724  -22.067  -22.017 0.0000000000
15602  32.321  -23.246  -20.892 0.0000000000
15603  30.155  -22.732  -21.489 0.0000000000
15605  28.725  -23.817  -20.287 0.0000000000
15606  28.051  -24.288  -19.605 0.0000000000
15607  29.379  -25.668  -18.993 0.0000000000
17398  39.370  -19.739  -19.782 0.0000000000
17399  39.067  -20.764  -19.551 0.0000000000
17400  37.986  -20.048  -20.665 0.0000000000
17401  34.949  -15.916  -24.692 0.0000000000
17402  36.296  -16.677  -23.540 0.0000000000
17403  34.435  -16.764  -24.515 0.0000000000
17404  31.227  -18.209  -24.997 0.0000000000
17405  33.453  -18.442  -23.995 0.0000000000
17406  32.908  -19.254  -23.679 0.0000000000
17407  34.463  -20.196  -22.379 0.0000000000
17408  32.384  -20.056  -23.263 0.0000000000
17409  31.845  -20.740  -22.954 0.0000000000
17410  30.147  -19.673  -24.083 0.0000000000
17412  25.552  -18.106  -24.720 0.0000000000
22234  16.553  -41.308  1.962 0.0000000000
22235  16.999  -41.188  1.257 0.0000000000
22236  16.110  -40.911  0.265 0.0000000000
22237  17.653  -40.965  0.504 0.0000000000
22241  21.083  -41.035  -0.374 0.0000000000
22243  19.872  -40.880  -0.560 0.0000000000
22244  18.543  -40.457  -0.844 0.0000000000
22245  18.956  -40.186  -1.493 0.0000000000
22268  26.854  -40.842  -3.506 0.0000000000
22269  25.485  -41.089  -3.767 0.0000000000
22270  25.568  -40.686  -4.824 0.0000000000
22329  35.344  -25.523  -18.693 0.0000000000
22330  37.168  -25.687  -18.021 0.0000000000
22331  36.550  -26.594  -17.727 0.0000000000
22332  38.169  -29.745  -15.585 0.0000000000
22333  38.729  -28.768  -15.865 0.0000000000
22334  39.643  -29.722  -14.827 0.0000000000
22339  36.521  -33.181  -13.658 0.0000000000
22340  38.299  -33.537  -12.937 0.0000000000
22341  37.370  -34.279  -12.671 0.0000000000
22344  35.270  -35.405  -12.027 0.0000000000
22345  34.476  -34.218  -13.038 0.0000000000
22346  29.120  -31.252  -15.024 0.0000000000
22347  30.220  -32.515  -14.191 0.0000000000
24328  32.476  -37.582  -9.464 0.0000000000
24329  33.748  -37.360  -9.502 0.0000000000
24330  33.423  -36.739  -10.467 0.0000000000
24331  32.904  -35.994  -11.435 0.0000000000
24337  26.270  -20.619  -22.530 0.0000000000
24338  27.824  -21.933  -21.703 0.0000000000
25416  38.683  -18.048  -21.169 0.0000000000
25417  30.584  -15.563  -26.716 0.0000000000
25418  32.363  -16.651  -25.447 0.0000000000
25419  30.037  -16.271  -26.435 0.0000000000
25420  29.393  -16.988  -26.167 0.0000000000
25421  28.851  -17.742  -25.758 0.0000000000
25422  28.359  -18.379  -25.258 0.0000000000
25423  26.418  -16.871  -26.109 0.0000000000
28323  21.593  -41.012  -1.193 0.0000000000
28324  20.765  -40.416  -2.109 0.0000000000
28325  22.024  -40.850  -2.047 0.0000000000
28326  22.453  -40.669  -2.884 0.0000000000
28327  22.643  -40.295  -3.732 0.0000000000
28337  27.038  -40.154  -5.693 0.0000000000
28338  25.634  -40.086  -5.744 0.0000000000
28339  25.564  -39.408  -6.557 0.0000000000
28371  40.386  -23.225  -17.015 0.0000000000
28373  40.011  -25.437  -16.653 0.0000000000
28374  33.891  -27.020  -17.978 0.0000000000
28375  35.852  -27.408  -17.407 0.0000000000
28376  35.206  -28.200  -17.049 0.0000000000
28377  36.303  -29.396  -16.171 0.0000000000
28378  37.387  -30.623  -15.283 0.0000000000
28379  38.301  -31.706  -14.328 0.0000000000
28380  36.469  -31.402  -14.924 0.0000000000
28381  35.658  -32.086  -14.520 0.0000000000
28382  34.603  -32.545  -14.219 0.0000000000
28383  33.581  -33.018  -13.921 0.0000000000
28384  32.478  -31.768  -14.855 0.0000000000
28385  30.325  -31.006  -15.429 0.0000000000
29528  35.456  -14.998  -24.883 0.0000000000
29529  33.597  -15.089  -25.814 0.0000000000
29532  31.436  -14.895  -26.808 0.0000000000
29533  28.902  -14.293  -27.917 0.0000000000
29534  26.499  -13.357  -28.538 0.0000000000
31802  30.078  -38.747  -7.258 0.0000000000
31803  28.299  -38.241  -8.364 0.0000000000
31805  28.017  -37.535  -9.179 0.0000000000
31806  27.594  -36.787  -9.922 0.0000000000
31808  30.691  -37.004  -10.363 0.0000000000
31809  28.595  -36.022  -10.848 0.0000000000
31825  34.976  -22.745  -20.488 0.0000000000
31826  36.401  -23.755  -19.301 0.0000000000
31827  34.531  -23.583  -20.105 0.0000000000
31828  33.858  -24.400  -19.799 0.0000000000
31829  33.245  -25.169  -19.412 0.0000000000
31830  29.421  -23.268  -20.913 0.0000000000
31831  31.069  -24.635  -20.021 0.0000000000
31832  32.488  -25.849  -19.052 0.0000000000
31833  31.684  -26.475  -18.672 0.0000000000
31834  30.829  -27.024  -18.223 0.0000000000
31835  29.869  -27.474  -17.728 0.0000000000
34135  39.990  -21.500  -18.417 0.0000000000
34136  38.760  -21.796  -19.289 0.0000000000
34137  37.235  -21.966  -20.115 0.0000000000
34138  37.936  -16.346  -22.595 0.0000000000
34139  37.532  -17.385  -22.377 0.0000000000
34140  37.181  -18.367  -22.155 0.0000000000
34141  33.922  -17.633  -24.233 0.0000000000
34142  35.392  -18.521  -23.073 0.0000000000
34143  36.801  -19.337  -21.826 0.0000000000
34144  36.371  -20.281  -21.572 0.0000000000
34145  35.894  -21.118  -21.279 0.0000000000
34146  35.454  -21.964  -20.876 0.0000000000
34147  33.422  -21.776  -21.708 0.0000000000
34148  31.292  -21.478  -22.488 0.0000000000
34149  29.026  -20.847  -23.020 0.0000000000
34150  27.849  -19.007  -24.532 0.0000000000
34151  27.346  -19.555  -23.888 0.0000000000
34152  26.753  -20.076  -23.208 0.0000000000
40005  18.879  -40.982  0.869 0.0000000000
40006  18.064  -40.724  -0.161 0.0000000000
40007  17.002  -40.130  -1.079 0.0000000000
40037  24.019  -40.791  -3.883 0.0000000000
40038  22.747  -39.791  -4.553 0.0000000000
40039  24.226  -39.690  -5.634 0.0000000000
40040  22.743  -39.034  -5.328 0.0000000000
40108  37.661  -24.750  -18.351 0.0000000000
40109  38.734  -25.698  -17.385 0.0000000000
40110  39.602  -26.566  -16.465 0.0000000000
40111  37.709  -27.694  -16.802 0.0000000000
40112  39.238  -27.709  -16.121 0.0000000000
40127  34.176  -35.749  -11.641 0.0000000000
40128  32.247  -34.956  -12.386 0.0000000000
40129  32.510  -33.435  -13.636 0.0000000000
40130  31.269  -33.763  -13.298 0.0000000000
40131  30.030  -34.005  -12.959 0.0000000000
42282  25.132  -13.967  -27.845 0.0000000000
43901  27.578  -38.532  -7.985 0.0000000000
43902  27.662  -38.908  -7.587 0.0000000000
43903  26.788  -38.488  -7.942 0.0000000000
43904  26.052  -38.352  -7.845 0.0000000000
43905  25.878  -37.904  -8.167 0.0000000000
43921  37.617  -22.825  -19.414 0.0000000000
43922  38.276  -23.286  -18.810 0.0000000000
43923  37.445  -23.309  -19.236 0.0000000000
43924  31.687  -28.554  -17.139 0.0000000000
43925  32.773  -28.863  -16.869 0.0000000000
43926  32.308  -29.170  -16.703 0.0000000000
43927  32.938  -29.813  -16.225 0.0000000000
43928  31.824  -29.422  -16.551 0.0000000000
43929  31.352  -29.692  -16.382 0.0000000000
43930  30.701  -29.034  -16.806 0.0000000000
44681  28.276  -11.656  -29.455 0.0000000000
44683  27.751  -11.879  -29.419 0.0000000000
44684  27.199  -12.047  -29.364 0.0000000000
44685  26.683  -11.353  -29.677 0.0000000000
46305  32.020  -38.151  -8.356 0.0000000000
46306  31.243  -37.939  -8.816 0.0000000000
46307  31.975  -37.908  -8.827 0.0000000000
46308  31.244  -35.642  -11.738 0.0000000000
46309  30.481  -35.667  -11.655 0.0000000000
46310  30.158  -35.182  -12.014 0.0000000000
46311  29.094  -34.682  -12.206 0.0000000000
46312  29.818  -34.700  -12.356 0.0000000000
46321  29.565  -21.758  -22.272 0.0000000000
46322  30.414  -22.426  -21.757 0.0000000000
46323  29.320  -22.111  -21.948 0.0000000000
46327  27.598  -24.407  -19.221 0.0000000000
48116  39.044  -18.888  -20.479 0.0000000000
48118  38.848  -19.459  -20.368 0.0000000000
48119  38.732  -19.907  -20.200 0.0000000000
48120  38.164  -19.593  -20.783 0.0000000000
48121  33.934  -15.901  -25.132 0.0000000000
48122  34.624  -16.331  -24.628 0.0000000000
48123  33.676  -16.345  -25.090 0.0000000000
48124  30.984  -18.575  -24.741 0.0000000000
48125  32.108  -18.753  -24.318 0.0000000000
48126  31.857  -19.123  -24.139 0.0000000000
48127  32.579  -19.606  -23.537 0.0000000000
48128  31.531  -19.499  -23.971 0.0000000000
48129  31.345  -19.931  -23.704 0.0000000000
48130  30.372  -19.294  -24.362 0.0000000000
52954  17.408  -41.106  1.782 0.0000000000
52955  17.657  -41.089  1.434 0.0000000000
52956  17.301  -41.089  0.892 0.0000000000
52957  17.980  -41.040  1.054 0.0000000000
52961  20.710  -40.950  -0.869 0.0000000000
52962  20.476  -40.985  -0.475 0.0000000000
52963  20.099  -40.813  -0.940 0.0000000000
52964  19.455  -40.597  -1.032 0.0000000000
52965  19.694  -40.479  -1.383 0.0000000000
52966  19.172  -40.045  -1.815 0.0000000000
52967  19.892  -40.322  -1.744 0.0000000000
52984  27.753  -40.428  -4.396 0.0000000000
52986  27.656  -40.527  -3.878 0.0000000000
52987  27.539  -40.599  -3.344 0.0000000000
52988  26.946  -40.743  -4.076 0.0000000000
52989  26.220  -40.903  -4.211 0.0000000000
52990  26.304  -40.713  -4.717 0.0000000000
53044  40.559  -25.518  -15.590 0.0000000000
53049  35.025  -25.918  -18.503 0.0000000000
53050  35.949  -26.076  -18.194 0.0000000000
53051  35.648  -26.470  -18.009 0.0000000000
53052  38.637  -30.273  -15.115 0.0000000000
53053  38.952  -29.782  -15.256 0.0000000000
53054  39.347  -30.261  -14.765 0.0000000000
53059  36.063  -33.522  -13.437 0.0000000000
53060  36.963  -33.747  -13.148 0.0000000000
53061  36.488  -34.106  -12.986 0.0000000000
53063  36.000  -34.355  -12.882 0.0000000000
53064  35.440  -34.599  -12.745 0.0000000000
53065  35.044  -34.016  -13.231 0.0000000000
53067  28.538  -31.373  -14.741 0.0000000000
55906  33.874  -37.564  -8.971 0.0000000000
55909  34.168  -36.905  -10.032 0.0000000000
55910  34.016  -36.631  -10.529 0.0000000000
55911  33.176  -36.393  -10.980 0.0000000000
55912  33.813  -36.312  -11.019 0.0000000000
57718  39.373  -17.296  -20.779 0.0000000000
57719  39.342  -17.818  -20.669 0.0000000000
57720  38.815  -17.510  -21.272 0.0000000000
57721  29.355  -15.260  -27.228 0.0000000000
57722  30.265  -15.934  -26.581 0.0000000000
57723  29.040  -15.606  -27.068 0.0000000000
57724  27.150  -15.868  -27.024 0.0000000000
57725  28.391  -16.300  -26.751 0.0000000000
57726  28.158  -16.665  -26.525 0.0000000000
57727  29.086  -17.346  -25.950 0.0000000000
57728  27.847  -16.967  -26.257 0.0000000000
57729  27.668  -17.360  -25.973 0.0000000000
57730  26.659  -16.509  -26.414 0.0000000000
62566  21.795  -40.939  -1.633 0.0000000000
62567  22.421  -41.067  -1.562 0.0000000000
62568  23.564  -41.117  -2.323 0.0000000000
62569  22.891  -40.963  -2.399 0.0000000000
62570  23.104  -40.906  -2.847 0.0000000000
62571  22.549  -40.487  -3.304 0.0000000000
62572  23.236  -40.753  -3.351 0.0000000000
62584  27.764  -39.536  -6.639 0.0000000000
62585  28.548  -39.710  -5.911 0.0000000000
62586  27.821  -39.819  -6.061 0.0000000000
62587  27.821  -40.075  -5.491 0.0000000000
62588  27.016  -39.881  -6.202 0.0000000000
62589  26.288  -39.843  -6.290 0.0000000000
62590  26.323  -39.556  -6.628 0.0000000000
62641  40.192  -22.295  -17.762 0.0000000000
62643  40.096  -22.879  -17.597 0.0000000000
62644  39.248  -24.139  -17.826 0.0000000000
62645  39.840  -23.985  -17.436 0.0000000000
62646  39.753  -24.533  -17.290 0.0000000000
62647  40.120  -24.888  -16.772 0.0000000000
62648  39.614  -25.066  -17.157 0.0000000000
62649  33.455  -27.323  -17.885 0.0000000000
62650  34.576  -27.603  -17.496 0.0000000000
62651  34.022  -27.909  -17.411 0.0000000000
62652  34.939  -29.566  -16.250 0.0000000000
62653  35.292  -29.149  -16.475 0.0000000000
62654  35.948  -29.825  -15.990 0.0000000000
62655  36.832  -30.023  -15.721 0.0000000000
62656  36.470  -30.442  -15.535 0.0000000000
62657  37.000  -31.055  -15.050 0.0000000000
62658  36.033  -30.807  -15.350 0.0000000000
62659  34.096  -31.103  -15.268 0.0000000000
62660  35.118  -31.459  -14.989 0.0000000000
62661  34.591  -31.694  -14.823 0.0000000000
62662  35.137  -32.306  -14.353 0.0000000000
62663  34.123  -31.948  -14.673 0.0000000000
62664  33.562  -32.154  -14.536 0.0000000000
62665  33.054  -31.523  -15.017 0.0000000000
62666  30.283  -30.127  -16.040 0.0000000000
62667  30.848  -30.780  -15.636 0.0000000000
62668  29.709  -30.294  -15.846 0.0000000000
62669  29.105  -30.453  -15.617 0.0000000000
62670  28.584  -29.721  -15.867 0.0000000000
64919  34.534  -15.055  -25.350 0.0000000000
64924  30.332  -13.470  -28.024 0.0000000000
64926  30.968  -14.055  -27.470 0.0000000000
64927  31.723  -14.547  -26.904 0.0000000000
64928  30.549  -14.344  -27.443 0.0000000000
64929  30.145  -14.619  -27.442 0.0000000000
64930  29.376  -14.059  -27.978 0.0000000000
64931  26.186  -12.306  -29.009 0.0000000000
64932  26.791  -13.049  -28.722 0.0000000000
64933  25.537  -12.354  -28.831 0.0000000000
64934  25.059  -12.516  -28.608 0.0000000000
69791  30.730  -38.485  -7.771 0.0000000000
69793  29.998  -38.520  -7.832 0.0000000000
69794  29.188  -38.567  -7.911 0.0000000000
69795  29.095  -38.270  -8.392 0.0000000000
69796  28.184  -37.900  -8.732 0.0000000000
69797  29.017  -37.974  -8.837 0.0000000000
69798  29.463  -37.330  -9.765 0.0000000000
69799  28.685  -37.260  -9.673 0.0000000000
69800  28.422  -36.838  -10.047 0.0000000000
69802  28.114  -36.384  -10.383 0.0000000000
69803  32.294  -37.286  -9.981 0.0000000000
69804  31.677  -37.355  -9.909 0.0000000000
69805  31.392  -36.987  -10.440 0.0000000000
69806  29.042  -35.606  -11.341 0.0000000000
69807  29.362  -36.103  -10.989 0.0000000000
69808  28.281  -35.539  -11.182 0.0000000000
69841  33.965  -22.654  -20.909 0.0000000000
69842  34.752  -23.171  -20.311 0.0000000000
69843  33.672  -23.039  -20.737 0.0000000000
69844  32.083  -23.633  -20.694 0.0000000000
69845  33.131  -23.836  -20.340 0.0000000000
69846  32.879  -24.206  -20.144 0.0000000000
69847  33.627  -24.781  -19.570 0.0000000000
69848  32.491  -24.571  -19.956 0.0000000000
69849  27.581  -22.210  -21.306 0.0000000000
69850  28.671  -22.636  -21.295 0.0000000000
69851  28.326  -22.902  -20.983 0.0000000000
69852  29.496  -24.513  -19.919 0.0000000000
69853  29.913  -24.286  -20.213 0.0000000000
69854  30.684  -24.951  -19.791 0.0000000000
69855  31.828  -25.266  -19.550 0.0000000000
69856  31.393  -25.600  -19.360 0.0000000000
69857  32.092  -26.199  -18.883 0.0000000000
69858  30.995  -25.890  -19.129 0.0000000000
69859  28.910  -25.864  -18.698 0.0000000000
69860  30.079  -26.352  -18.652 0.0000000000
69861  29.638  -26.601  -18.368 0.0000000000
69862  30.376  -27.305  -17.991 0.0000000000
69863  29.209  -26.794  -18.064 0.0000000000
69864  28.718  -26.903  -17.771 0.0000000000
75234  40.356  -21.254  -17.929 0.0000000000
75236  38.309  -20.865  -19.989 0.0000000000
75237  38.884  -21.304  -19.433 0.0000000000
75238  38.159  -21.405  -19.842 0.0000000000
75239  37.992  -21.897  -19.723 0.0000000000
75240  37.355  -21.495  -20.278 0.0000000000
75241  37.544  -15.543  -23.250 0.0000000000
75242  38.096  -15.848  -22.655 0.0000000000
75243  37.380  -16.057  -23.161 0.0000000000
75244  36.085  -17.157  -23.405 0.0000000000
75245  36.922  -17.045  -22.948 0.0000000000
75246  36.721  -17.515  -22.826 0.0000000000
75247  37.320  -17.907  -22.264 0.0000000000
75248  36.460  -17.996  -22.757 0.0000000000
75249  32.070  -17.046  -25.317 0.0000000000
75250  33.179  -17.177  -24.859 0.0000000000
75251  32.909  -17.536  -24.722 0.0000000000
75252  34.201  -18.921  -23.337 0.0000000000
75253  34.455  -18.494  -23.511 0.0000000000
75254  35.208  -18.967  -22.861 0.0000000000
75255  36.195  -18.967  -22.371 0.0000000000
75256  35.908  -19.403  -22.284 0.0000000000
75257  36.622  -19.833  -21.674 0.0000000000
75258  35.681  -19.826  -22.117 0.0000000000
75259  34.203  -20.628  -22.238 0.0000000000
75260  35.170  -20.657  -21.857 0.0000000000
75261  34.973  -21.107  -21.644 0.0000000000
75262  35.740  -21.568  -21.073 0.0000000000
75263  34.750  -21.521  -21.469 0.0000000000
75264  34.447  -21.876  -21.278 0.0000000000
75265  33.753  -21.414  -21.866 0.0000000000
75266  30.755  -20.559  -23.305 0.0000000000
75267  31.550  -21.141  -22.703 0.0000000000
75268  30.472  -20.959  -23.017 0.0000000000
75269  30.180  -21.188  -22.813 0.0000000000
75270  29.410  -20.653  -23.289 0.0000000000
75271  27.210  -17.977  -25.394 0.0000000000
75272  28.089  -18.673  -24.912 0.0000000000
75273  26.882  -18.281  -25.026 0.0000000000
75274  25.412  -18.445  -24.335 0.0000000000
75275  26.424  -18.806  -24.334 0.0000000000
75276  26.302  -19.168  -23.930 0.0000000000
75277  27.097  -19.849  -23.526 0.0000000000
75278  25.964  -19.423  -23.606 0.0000000000
75279  25.718  -19.704  -23.299 0.0000000000
75280  24.930  -19.042  -23.721 0.0000000000
89741  16.119  -41.371  1.413 0.0000000000
89742  15.901  -41.492  1.780 0.0000000000
89748  16.323  -40.710  -0.089 0.0000000000
89764  19.954  -40.983  0.304 0.0000000000
89766  19.705  -40.963  0.696 0.0000000000
89767  19.432  -40.928  1.068 0.0000000000
89768  19.158  -40.973  0.527 0.0000000000
89769  18.543  -40.927  0.331 0.0000000000
89770  18.773  -40.856  0.022 0.0000000000
89771  18.026  -40.112  -1.261 0.0000000000
89772  17.809  -40.252  -0.979 0.0000000000
89773  17.228  -39.955  -1.380 0.0000000000
89783  20.897  -40.245  -2.506 0.0000000000
89784  20.214  -39.962  -2.486 0.0000000000
89785  20.372  -39.776  -2.857 0.0000000000
89846  24.817  -40.817  -4.372 0.0000000000
89847  24.779  -40.988  -3.881 0.0000000000
89848  24.072  -40.578  -4.353 0.0000000000
89849  23.356  -40.334  -4.262 0.0000000000
89850  23.406  -40.072  -4.684 0.0000000000
89851  24.963  -39.589  -6.074 0.0000000000
89852  24.933  -39.917  -5.741 0.0000000000
89853  24.197  -39.311  -5.988 0.0000000000
90024  36.204  -24.235  -19.152 0.0000000000
90025  37.037  -24.286  -18.817 0.0000000000
90026  36.841  -24.756  -18.635 0.0000000000
90027  37.703  -26.180  -17.570 0.0000000000
90028  38.013  -25.731  -17.670 0.0000000000
90029  38.525  -26.214  -17.223 0.0000000000
90030  39.242  -26.146  -16.925 0.0000000000
90031  38.999  -26.674  -16.789 0.0000000000
90032  36.477  -27.999  -16.946 0.0000000000
90033  36.809  -27.578  -17.093 0.0000000000
90034  37.361  -28.151  -16.656 0.0000000000
90036  39.018  -28.244  -16.000 0.0000000000
90054  37.907  -32.174  -14.162 0.0000000000
90055  38.730  -32.183  -13.792 0.0000000000
90056  38.367  -32.638  -13.632 0.0000000000
90057  38.612  -33.962  -12.339 0.0000000000
90071  34.365  -35.028  -12.355 0.0000000000
90072  34.703  -35.575  -11.845 0.0000000000
90073  33.804  -35.238  -12.138 0.0000000000
90074  33.255  -35.379  -11.988 0.0000000000
90075  32.852  -34.824  -12.471 0.0000000000
90076  32.466  -32.580  -14.233 0.0000000000
90077  33.035  -33.229  -13.763 0.0000000000
90078  31.962  -32.781  -14.074 0.0000000000
90079  29.630  -32.678  -13.964 0.0000000000
90080  30.767  -33.152  -13.741 0.0000000000
90081  30.098  -33.263  -13.570 0.0000000000
90082  30.599  -33.865  -13.164 0.0000000000
90083  29.471  -33.367  -13.364 0.0000000000
90084  28.921  -33.504  -13.114 0.0000000000
90085  28.389  -32.813  -13.472 0.0000000000
94537  26.773  -14.342  -28.005 0.0000000000
94538  27.771  -15.162  -27.468 0.0000000000
94539  26.409  -14.631  -27.756 0.0000000000
94540  26.134  -14.955  -27.421 0.0000000000
94541  25.872  -15.293  -27.143 0.0000000000
94542  25.676  -15.619  -26.845 0.0000000000
94543  24.640  -14.630  -27.185 0.0000000000
97446  24.126  -41.217  -1.658 0.0000000000
97447  24.349  -41.281  -2.168 0.0000000000
97453  29.415  -39.087  -6.742 0.0000000000
97454  29.371  -39.312  -6.214 0.0000000000
97455  28.557  -39.190  -6.963 0.0000000000
97456  27.689  -39.265  -7.163 0.0000000000
97457  26.924  -39.232  -7.154 0.0000000000
97458  26.258  -39.191  -7.057 0.0000000000
97459  26.144  -38.772  -7.484 0.0000000000
97489  39.137  -22.688  -18.583 0.0000000000
97490  39.589  -23.051  -18.024 0.0000000000
97491  38.949  -23.197  -18.467 0.0000000000
97492  38.777  -23.724  -18.325 0.0000000000
97493  38.602  -24.237  -18.166 0.0000000000
97494  32.581  -27.951  -17.522 0.0000000000
97495  33.732  -28.281  -17.187 0.0000000000
97496  33.239  -28.560  -17.054 0.0000000000
97497  33.924  -29.226  -16.531 0.0000000000
97498  34.526  -29.876  -16.059 0.0000000000
97499  35.025  -30.487  -15.645 0.0000000000
97500  34.001  -30.148  -15.924 0.0000000000
97501  33.566  -30.475  -15.741 0.0000000000
97502  33.025  -30.692  -15.568 0.0000000000
97503  32.485  -30.944  -15.474 0.0000000000
97504  31.937  -30.320  -15.927 0.0000000000
97505  30.859  -29.945  -16.197 0.0000000000
97506  29.738  -29.458  -16.365 0.0000000000
98860  29.484  -12.871  -28.595 0.0000000000
98861  29.123  -13.164  -28.548 0.0000000000
98862  28.701  -13.441  -28.487 0.0000000000
98863  27.896  -12.750  -28.949 0.0000000000
98864  26.699  -12.225  -29.211 0.0000000000
101780  31.435  -38.458  -7.715 0.0000000000
101781  30.655  -38.243  -8.292 0.0000000000
101782  29.805  -37.992  -8.848 0.0000000000
101783  30.550  -37.990  -8.807 0.0000000000
101784  30.397  -37.703  -9.315 0.0000000000
101785  30.110  -37.339  -9.825 0.0000000000
101786  31.846  -36.524  -10.924 0.0000000000
101787  31.125  -36.570  -10.892 0.0000000000
101788  30.840  -36.149  -11.280 0.0000000000
101789  29.790  -35.658  -11.504 0.0000000000
101790  28.679  -35.090  -11.697 0.0000000000
101792  28.319  -34.586  -12.044 0.0000000000
101809  31.788  -22.334  -21.705 0.0000000000
101810  32.526  -22.861  -21.163 0.0000000000
101811  31.488  -22.650  -21.478 0.0000000000
101812  31.242  -23.039  -21.229 0.0000000000
101813  30.895  -23.359  -20.991 0.0000000000
101814  26.884  -22.686  -20.637 0.0000000000
101815  27.992  -23.137  -20.636 0.0000000000
101817  28.351  -24.054  -19.937 0.0000000000
101818  29.163  -24.797  -19.636 0.0000000000
101819  29.855  -25.476  -19.282 0.0000000000
101820  28.688  -24.982  -19.304 0.0000000000
101821  28.309  -25.177  -18.977 0.0000000000
105044  39.799  -20.071  -19.209 0.0000000000
105045  39.720  -20.606  -19.086 0.0000000000
105046  39.249  -20.257  -19.699 0.0000000000
105047  38.566  -20.394  -20.083 0.0000000000
105048  37.801  -20.530  -20.489 0.0000000000
105049  35.884  -15.832  -24.231 0.0000000000
105050  36.511  -16.182  -23.631 0.0000000000
105051  35.607  -16.283  -24.119 0.0000000000
105052  35.360  -16.763  -24.022 0.0000000000
105053  35.193  -17.211  -23.906 0.0000000000
105054  31.573  -17.821  -25.103 0.0000000000
105055  32.707  -17.940  -24.631 0.0000000000
105056  32.411  -18.345  -24.490 0.0000000000
105057  33.204  -18.855  -23.844 0.0000000000
105058  33.923  -19.335  -23.167 0.0000000000
105059  34.680  -19.776  -22.568 0.0000000000
105060  33.660  -19.690  -23.025 0.0000000000
105061  33.453  -20.143  -22.824 0.0000000000
105062  33.150  -20.545  -22.681 0.0000000000
105063  32.921  -20.901  -22.508 0.0000000000
105064  32.108  -20.414  -23.138 0.0000000000
105065  31.033  -20.207  -23.538 0.0000000000
105066  29.876  -19.970  -23.859 0.0000000000
105067  24.967  -17.036  -25.450 0.0000000000
105068  25.765  -17.802  -25.065 0.0000000000
105069  24.766  -17.392  -25.096 0.0000000000
113748  16.890  -41.041  2.473 0.0000000000
113749  17.152  -41.080  2.143 0.0000000000
113750  16.794  -41.255  1.583 0.0000000000
113753  16.580  -41.078  0.754 0.0000000000
113754  16.886  -40.942  0.375 0.0000000000
113755  17.083  -40.767  0.031 0.0000000000
113764  20.234  -40.997  -0.079 0.0000000000
113765  19.633  -40.920  -0.192 0.0000000000
113766  19.001  -40.776  -0.313 0.0000000000
113767  19.231  -40.691  -0.666 0.0000000000
113768  18.745  -40.322  -1.169 0.0000000000
113769  18.199  -39.967  -1.545 0.0000000000
113771  18.351  -39.766  -1.904 0.0000000000
113774  21.216  -39.889  -3.230 0.0000000000
113809  27.444  -40.622  -2.685 0.0000000000
113810  26.732  -40.900  -2.917 0.0000000000
113811  26.067  -41.088  -3.064 0.0000000000
113812  26.155  -41.012  -3.652 0.0000000000
113813  25.530  -40.960  -4.306 0.0000000000
113814  24.859  -40.561  -4.858 0.0000000000
113919  35.654  -25.119  -18.852 0.0000000000
113920  36.579  -25.220  -18.516 0.0000000000
113921  36.265  -25.634  -18.381 0.0000000000
113922  36.856  -26.139  -17.914 0.0000000000
113923  37.435  -26.674  -17.435 0.0000000000
113924  37.642  -29.226  -16.042 0.0000000000
113925  37.898  -28.719  -16.200 0.0000000000
113926  38.462  -29.284  -15.732 0.0000000000
113927  39.234  -29.279  -15.332 0.0000000000
113937  37.000  -32.870  -13.840 0.0000000000
113938  37.916  -33.031  -13.523 0.0000000000
113939  37.411  -33.407  -13.337 0.0000000000
113940  37.824  -33.903  -12.797 0.0000000000
113941  38.138  -34.404  -12.204 0.0000000000
113946  36.107  -35.669  -11.706 0.0000000000
113947  35.795  -35.156  -12.231 0.0000000000
113948  34.879  -34.815  -12.546 0.0000000000
113949  33.970  -34.448  -12.835 0.0000000000
113950  30.257  -31.736  -14.829 0.0000000000
113951  30.828  -32.346  -14.378 0.0000000000
113952  29.631  -31.876  -14.640 0.0000000000
113953  29.087  -32.034  -14.369 0.0000000000
115934  28.731  -11.381  -29.459 0.0000000000
115935  27.742  -10.976  -29.856 0.0000000000
118204  32.624  -37.835  -8.902 0.0000000000
118205  33.248  -37.716  -8.847 0.0000000000
118206  33.115  -37.467  -9.402 0.0000000000
118207  32.971  -37.192  -9.969 0.0000000000
118208  34.307  -37.165  -9.558 0.0000000000
118209  33.599  -37.070  -9.997 0.0000000000
118210  32.825  -36.879  -10.481 0.0000000000
118211  32.559  -36.470  -10.933 0.0000000000
118212  32.265  -36.042  -11.381 0.0000000000
118213  31.934  -35.586  -11.824 0.0000000000
118225  27.404  -21.074  -22.460 0.0000000000
118226  28.178  -21.708  -22.068 0.0000000000
118227  27.044  -21.279  -22.107 0.0000000000
118228  26.734  -21.492  -21.723 0.0000000000
120743  39.159  -18.385  -20.643 0.0000000000
120744  38.533  -18.583  -21.039 0.0000000000
120745  31.823  -15.770  -26.126 0.0000000000
120746  32.665  -16.295  -25.530 0.0000000000
120747  31.484  -16.162  -26.070 0.0000000000
120748  31.183  -16.506  -25.933 0.0000000000
120749  30.893  -16.875  -25.842 0.0000000000
120750  28.756  -15.957  -26.893 0.0000000000
120751  29.616  -16.628  -26.385 0.0000000000
120752  30.619  -17.241  -25.709 0.0000000000
120753  30.383  -17.646  -25.540 0.0000000000
120754  29.996  -17.979  -25.420 0.0000000000
120755  29.749  -18.364  -25.193 0.0000000000
120756  29.544  -18.720  -24.932 0.0000000000
120757  28.595  -18.065  -25.495 0.0000000000
120758  27.421  -17.648  -25.677 0.0000000000
120759  26.280  -17.187  -25.766 0.0000000000
120760  25.430  -15.960  -26.461 0.0000000000
120761  25.307  -16.346  -26.143 0.0000000000
120762  25.192  -16.705  -25.796 0.0000000000
127526  21.346  -41.044  -0.778 0.0000000000
127527  20.957  -40.884  -1.254 0.0000000000
127528  20.546  -40.564  -1.713 0.0000000000
127529  21.191  -40.773  -1.673 0.0000000000
127530  21.394  -40.654  -2.083 0.0000000000
127531  21.581  -40.522  -2.499 0.0000000000
127532  22.659  -40.998  -1.982 0.0000000000
127533  22.247  -40.756  -2.462 0.0000000000
127534  21.764  -40.360  -2.911 0.0000000000
127535  21.891  -40.182  -3.291 0.0000000000
127554  29.295  -39.525  -5.706 0.0000000000
127558  27.812  -40.299  -4.941 0.0000000000
127559  27.053  -40.406  -5.162 0.0000000000
127560  26.330  -40.445  -5.251 0.0000000000
127561  26.316  -40.155  -5.778 0.0000000000
127562  25.624  -39.769  -6.144 0.0000000000
127563  24.899  -39.199  -6.426 0.0000000000
127564  25.523  -39.028  -6.946 0.0000000000
127565  24.779  -38.761  -6.806 0.0000000000
127566  24.049  -38.459  -6.675 0.0000000000
127638  39.956  -23.439  -17.505 0.0000000000
127639  40.295  -23.781  -16.932 0.0000000000
127642  40.391  -25.209  -16.204 0.0000000000
127643  40.299  -25.815  -16.076 0.0000000000
127644  34.242  -26.634  -18.194 0.0000000000
127645  35.346  -26.881  -17.832 0.0000000000
127646  34.830  -27.195  -17.693 0.0000000000
127647  35.488  -27.814  -17.221 0.0000000000
127648  36.118  -28.407  -16.770 0.0000000000
127649  34.744  -28.555  -16.927 0.0000000000
127650  35.781  -28.802  -16.612 0.0000000000
127651  36.713  -29.032  -16.326 0.0000000000
127652  37.291  -29.622  -15.888 0.0000000000
127653  37.818  -30.197  -15.429 0.0000000000
127656  37.853  -31.192  -14.818 0.0000000000
127657  37.445  -31.630  -14.633 0.0000000000
127658  36.911  -31.956  -14.506 0.0000000000
127659  35.513  -31.118  -15.218 0.0000000000
127660  36.005  -31.738  -14.755 0.0000000000
127661  36.544  -32.325  -14.311 0.0000000000
127662  36.074  -32.608  -14.104 0.0000000000
127663  35.640  -32.936  -13.878 0.0000000000
127664  35.162  -33.204  -13.750 0.0000000000
127665  34.604  -33.416  -13.641 0.0000000000
127666  34.125  -32.805  -14.075 0.0000000000
127667  33.067  -32.391  -14.365 0.0000000000
127668  31.938  -31.990  -14.706 0.0000000000
127669  31.949  -31.189  -15.341 0.0000000000
127670  31.406  -31.405  -15.193 0.0000000000
127671  30.853  -31.590  -15.009 0.0000000000
127672  29.651  -31.112  -15.270 0.0000000000
130614  36.105  -15.375  -24.330 0.0000000000
130615  35.297  -15.471  -24.782 0.0000000000
130616  34.283  -15.497  -25.241 0.0000000000
130617  33.232  -15.476  -25.689 0.0000000000
130624  32.839  -14.649  -26.419 0.0000000000
130625  32.553  -15.060  -26.282 0.0000000000
130626  32.123  -15.407  -26.224 0.0000000000
130627  31.036  -15.252  -26.811 0.0000000000
130628  29.820  -14.962  -27.319 0.0000000000
130629  28.480  -14.552  -27.806 0.0000000000
130630  28.090  -13.629  -28.465 0.0000000000
130631  27.704  -13.873  -28.277 0.0000000000
130632  27.220  -14.091  -28.142 0.0000000000
130633  25.888  -13.458  -28.316 0.0000000000
136789  29.302  -38.844  -7.368 0.0000000000
136790  28.424  -38.581  -7.936 0.0000000000
136791  27.443  -38.152  -8.354 0.0000000000
136793  27.352  -37.772  -8.681 0.0000000000
136794  27.190  -37.392  -9.031 0.0000000000
136795  26.982  -37.004  -9.419 0.0000000000
136796  28.868  -37.634  -9.283 0.0000000000
136797  27.815  -37.164  -9.590 0.0000000000
136802  31.857  -37.652  -9.355 0.0000000000
136803  30.870  -37.361  -9.923 0.0000000000
136804  29.893  -36.956  -10.264 0.0000000000
136805  30.429  -36.597  -10.774 0.0000000000
136806  29.665  -36.550  -10.655 0.0000000000
136807  28.908  -36.466  -10.519 0.0000000000
136808  27.840  -35.929  -10.701 0.0000000000
136849  36.013  -22.842  -20.072 0.0000000000
136850  36.616  -23.312  -19.577 0.0000000000
136851  35.721  -23.255  -19.947 0.0000000000
136852  35.492  -23.680  -19.704 0.0000000000
136853  35.293  -24.164  -19.510 0.0000000000
136854  33.432  -23.427  -20.502 0.0000000000
136855  34.271  -24.014  -19.890 0.0000000000
136856  34.956  -24.575  -19.373 0.0000000000
136857  34.673  -24.950  -19.220 0.0000000000
136858  34.349  -25.364  -19.028 0.0000000000
136859  33.974  -25.740  -18.856 0.0000000000
136860  28.964  -22.357  -21.635 0.0000000000
136861  29.731  -23.001  -21.221 0.0000000000
136862  30.579  -23.671  -20.745 0.0000000000
136863  29.142  -23.590  -20.626 0.0000000000
136864  30.243  -23.953  -20.477 0.0000000000
136865  31.347  -24.293  -20.276 0.0000000000
136866  32.156  -24.915  -19.762 0.0000000000
136867  32.952  -25.534  -19.198 0.0000000000
136868  33.599  -26.099  -18.699 0.0000000000
136869  33.208  -26.433  -18.504 0.0000000000
136870  32.787  -26.761  -18.362 0.0000000000
136871  32.373  -27.061  -18.193 0.0000000000
136872  30.527  -26.123  -18.896 0.0000000000
136873  31.201  -26.786  -18.465 0.0000000000
136874  31.925  -27.364  -17.982 0.0000000000
136875  31.412  -27.596  -17.837 0.0000000000
136876  31.030  -27.917  -17.590 0.0000000000
136877  30.458  -28.097  -17.388 0.0000000000
136878  30.035  -28.333  -17.182 0.0000000000
136879  29.345  -27.617  -17.500 0.0000000000
143474  40.287  -21.764  -17.825 0.0000000000
143475  39.860  -21.991  -18.330 0.0000000000
143476  39.535  -21.132  -19.002 0.0000000000
143477  39.441  -21.667  -18.863 0.0000000000
143478  39.299  -22.155  -18.754 0.0000000000
143479  38.536  -22.295  -19.187 0.0000000000
143480  37.779  -22.378  -19.585 0.0000000000
143481  36.966  -22.414  -19.991 0.0000000000
143485  37.159  -16.536  -23.047 0.0000000000
143486  37.735  -16.883  -22.477 0.0000000000
143487  38.277  -17.182  -21.886 0.0000000000
143488  38.102  -17.711  -21.766 0.0000000000
143489  37.974  -18.218  -21.661 0.0000000000
143490  37.860  -18.757  -21.482 0.0000000000
143491  33.451  -16.736  -24.981 0.0000000000
143492  34.229  -17.226  -24.396 0.0000000000
143493  34.912  -17.643  -23.770 0.0000000000
143494  33.700  -18.028  -24.143 0.0000000000
143495  34.671  -18.068  -23.664 0.0000000000
143496  35.592  -18.047  -23.207 0.0000000000
143497  36.291  -18.463  -22.652 0.0000000000
143498  37.030  -18.874  -21.982 0.0000000000
143499  37.636  -19.230  -21.379 0.0000000000
143500  37.407  -19.735  -21.220 0.0000000000
143501  37.218  -20.174  -21.104 0.0000000000
143502  37.014  -20.646  -20.959 0.0000000000
143503  35.446  -20.262  -21.943 0.0000000000
143504  36.195  -20.712  -21.355 0.0000000000
143505  36.729  -21.104  -20.839 0.0000000000
143506  36.602  -21.548  -20.688 0.0000000000
143507  36.401  -21.980  -20.490 0.0000000000
143508  36.144  -22.419  -20.309 0.0000000000
143509  35.196  -22.338  -20.686 0.0000000000
143510  34.198  -22.254  -21.102 0.0000000000
143511  33.157  -22.133  -21.531 0.0000000000
143512  32.618  -21.283  -22.320 0.0000000000
143513  32.395  -21.655  -22.137 0.0000000000
143514  32.085  -22.013  -21.913 0.0000000000
143515  30.960  -21.753  -22.297 0.0000000000
143516  29.843  -21.467  -22.519 0.0000000000
143517  28.716  -21.120  -22.724 0.0000000000
143518  29.242  -19.014  -24.684 0.0000000000
143519  29.018  -19.369  -24.347 0.0000000000
143520  28.640  -19.610  -24.099 0.0000000000
143521  26.668  -18.552  -24.698 0.0000000000
143522  27.543  -19.227  -24.265 0.0000000000
143523  28.454  -19.950  -23.788 0.0000000000
143524  28.286  -20.253  -23.432 0.0000000000
143525  27.953  -20.527  -23.107 0.0000000000
143526  27.619  -20.778  -22.810 0.0000000000
143527  26.601  -20.393  -22.863 0.0000000000
143528  25.515  -20.007  -22.929 0.0000000000
160939  16.310  -41.352  2.296 0.0000000000
160962  18.731  -40.785  1.770 0.0000000000
160970  19.117  -40.875  1.387 0.0000000000
160971  18.567  -40.972  1.221 0.0000000000
160972  18.282  -40.985  0.679 0.0000000000
160973  17.838  -40.837  0.145 0.0000000000
160974  17.293  -40.590  -0.310 0.0000000000
160975  18.307  -40.609  -0.461 0.0000000000
160976  17.546  -40.422  -0.652 0.0000000000
160977  16.761  -40.311  -0.757 0.0000000000
160990  20.037  -40.133  -2.108 0.0000000000
161064  24.517  -41.250  -2.731 0.0000000000
161065  25.385  -41.206  -3.176 0.0000000000
161066  24.660  -41.143  -3.311 0.0000000000
161067  23.960  -40.988  -3.385 0.0000000000
161068  23.310  -40.560  -3.825 0.0000000000
161069  22.732  -40.077  -4.177 0.0000000000
161071  25.616  -40.401  -5.292 0.0000000000
161072  24.890  -40.237  -5.341 0.0000000000
161073  24.222  -40.060  -5.230 0.0000000000
161075  23.524  -39.416  -5.476 0.0000000000
161076  23.482  -39.765  -5.096 0.0000000000
161077  22.738  -39.422  -4.938 0.0000000000
161278  37.267  -23.804  -18.981 0.0000000000
161279  37.843  -24.274  -18.515 0.0000000000
161280  38.411  -24.737  -18.037 0.0000000000
161281  37.386  -25.244  -18.160 0.0000000000
161282  38.186  -25.227  -17.858 0.0000000000
161283  38.955  -25.195  -17.508 0.0000000000
161284  39.491  -25.638  -17.018 0.0000000000
161285  39.846  -26.026  -16.539 0.0000000000
161287  36.267  -27.033  -17.524 0.0000000000
161288  37.129  -27.146  -17.275 0.0000000000
161289  37.989  -27.220  -16.975 0.0000000000
161290  38.212  -28.233  -16.351 0.0000000000
161291  38.498  -27.744  -16.512 0.0000000000
161292  38.758  -27.174  -16.659 0.0000000000
161293  39.486  -27.113  -16.266 0.0000000000
161335  35.551  -35.870  -11.500 0.0000000000
161336  35.007  -36.035  -11.276 0.0000000000
161337  34.448  -36.190  -11.168 0.0000000000
161338  33.573  -35.867  -11.525 0.0000000000
161339  32.608  -35.492  -11.912 0.0000000000
161340  31.567  -35.056  -12.266 0.0000000000
161341  34.082  -33.663  -13.475 0.0000000000
161342  33.503  -33.827  -13.312 0.0000000000
161343  32.991  -34.062  -13.138 0.0000000000
161344  31.389  -32.984  -13.919 0.0000000000
161345  31.910  -33.642  -13.448 0.0000000000
161346  32.349  -34.215  -13.001 0.0000000000
161347  31.762  -34.372  -12.865 0.0000000000
161348  31.101  -34.475  -12.731 0.0000000000
161349  30.483  -34.592  -12.538 0.0000000000
161350  29.394  -34.139  -12.733 0.0000000000
161359  29.526  -28.498  -16.931 0.0000000000
161360  29.161  -28.741  -16.634 0.0000000000
161361  28.626  -28.860  -16.380 0.0000000000
161364  28.050  -29.010  -16.065 0.0000000000
