#!ascii label  , from subject fsaverage vox2ras=TkReg
303
34  44.037  -67.727  6.992 0.0000000000
443  42.944  -73.786  0.657 0.0000000000
1990  47.369  -71.993  6.437 0.0000000000
1991  43.315  -71.231  3.675 0.0000000000
1992  46.704  -76.574  3.027 0.0000000000
2364  44.591  -69.483  10.303 0.0000000000
4366  48.542  -75.072  6.408 0.0000000000
4367  47.098  -74.775  4.556 0.0000000000
5265  47.215  -71.376  10.512 0.0000000000
5649  42.963  -72.991  2.136 0.0000000000
8554  45.342  -69.971  6.921 0.0000000000
8555  43.837  -69.270  5.231 0.0000000000
8556  45.534  -71.895  4.673 0.0000000000
8557  45.121  -74.077  3.209 0.0000000000
8558  44.879  -74.947  1.718 0.0000000000
9621  42.146  -66.503  8.203 0.0000000000
9647  42.004  -67.509  9.894 0.0000000000
9648  44.304  -69.091  8.616 0.0000000000
9649  46.399  -70.815  8.707 0.0000000000
9650  48.946  -72.875  8.652 0.0000000000
9651  48.949  -76.204  8.123 0.0000000000
13329  42.996  -73.325  1.334 0.0000000000
18856  46.260  -71.007  6.691 0.0000000000
18857  45.475  -70.851  5.782 0.0000000000
18858  46.518  -72.041  5.507 0.0000000000
18859  46.763  -75.964  3.776 0.0000000000
18860  46.097  -74.404  3.785 0.0000000000
18861  46.028  -75.294  3.073 0.0000000000
18862  45.061  -74.655  2.404 0.0000000000
18863  45.976  -75.647  2.484 0.0000000000
21550  43.405  -68.681  10.915 0.0000000000
21551  42.075  -67.646  10.822 0.0000000000
21552  43.280  -68.570  10.071 0.0000000000
21553  43.196  -68.407  9.288 0.0000000000
21554  44.524  -69.441  9.451 0.0000000000
21555  45.326  -69.944  8.654 0.0000000000
21556  45.619  -70.186  9.633 0.0000000000
21558  48.200  -71.980  9.774 0.0000000000
21560  49.433  -74.452  8.435 0.0000000000
22704  43.611  -70.226  4.389 0.0000000000
26290  48.217  -73.478  6.277 0.0000000000
26291  47.339  -73.451  5.392 0.0000000000
26292  47.762  -74.974  5.437 0.0000000000
26293  47.452  -76.270  4.602 0.0000000000
27909  45.882  -70.346  10.381 0.0000000000
27910  46.084  -70.687  11.085 0.0000000000
28599  43.039  -72.225  2.932 0.0000000000
32004  42.574  -74.600  -0.180 0.0000000000
32006  41.643  -73.538  -0.730 0.0000000000
35926  44.588  -68.937  6.863 0.0000000000
35927  44.130  -68.408  6.165 0.0000000000
35928  44.641  -69.668  5.993 0.0000000000
35929  44.574  -70.592  5.025 0.0000000000
35930  44.484  -71.631  4.134 0.0000000000
35931  46.455  -73.304  4.556 0.0000000000
35932  45.296  -73.020  3.894 0.0000000000
35933  44.190  -72.642  3.459 0.0000000000
35934  44.004  -73.544  2.658 0.0000000000
35935  43.957  -74.027  1.856 0.0000000000
35936  43.846  -74.405  1.204 0.0000000000
35945  43.508  -75.221  0.458 0.0000000000
39099  43.280  -67.200  7.724 0.0000000000
39176  40.894  -66.525  10.609 0.0000000000
39177  40.874  -66.204  9.585 0.0000000000
39178  41.932  -67.166  8.989 0.0000000000
39179  43.180  -67.996  8.449 0.0000000000
39180  44.268  -68.497  7.765 0.0000000000
39181  45.041  -69.524  7.760 0.0000000000
39182  45.960  -70.480  7.752 0.0000000000
39183  47.000  -71.331  7.609 0.0000000000
39184  46.886  -71.073  9.645 0.0000000000
39185  47.717  -71.718  8.708 0.0000000000
39186  48.267  -72.359  7.504 0.0000000000
39187  49.043  -73.811  7.422 0.0000000000
40558  43.459  -67.728  5.447 0.0000000000
41146  43.755  -67.096  7.053 0.0000000000
41148  43.827  -67.267  6.679 0.0000000000
44049  43.018  -73.541  0.971 0.0000000000
44051  42.462  -73.017  0.716 0.0000000000
49576  46.829  -71.528  6.524 0.0000000000
49577  46.463  -71.478  6.056 0.0000000000
49578  46.962  -72.031  5.949 0.0000000000
49579  46.746  -76.361  3.339 0.0000000000
49580  46.414  -75.618  3.409 0.0000000000
49581  46.413  -75.947  3.039 0.0000000000
49582  46.078  -75.547  2.789 0.0000000000
49583  46.402  -76.119  2.775 0.0000000000
52270  43.992  -69.043  10.603 0.0000000000
52271  43.309  -68.623  10.487 0.0000000000
52272  43.947  -69.025  10.205 0.0000000000
52273  43.929  -68.991  9.787 0.0000000000
52274  44.540  -69.472  9.888 0.0000000000
52275  45.042  -69.819  9.521 0.0000000000
52276  45.103  -69.832  9.959 0.0000000000
53424  43.429  -70.742  4.047 0.0000000000
53425  42.995  -69.909  4.164 0.0000000000
53426  42.845  -70.384  3.793 0.0000000000
59176  48.438  -74.255  6.321 0.0000000000
59177  48.007  -74.235  5.845 0.0000000000
59178  48.155  -75.012  5.897 0.0000000000
59180  47.702  -76.407  5.073 0.0000000000
59182  47.328  -76.880  4.179 0.0000000000
61875  45.408  -70.171  11.048 0.0000000000
63024  42.947  -72.673  2.537 0.0000000000
63025  42.431  -71.754  2.743 0.0000000000
63026  42.365  -72.196  2.332 0.0000000000
70225  42.082  -74.073  -0.459 0.0000000000
70226  41.938  -74.446  -0.939 0.0000000000
79606  44.998  -69.518  6.940 0.0000000000
79607  44.697  -69.267  6.484 0.0000000000
79608  45.023  -69.827  6.462 0.0000000000
79609  45.515  -71.388  5.191 0.0000000000
79610  45.039  -70.734  5.368 0.0000000000
79611  45.027  -71.306  4.893 0.0000000000
79612  44.541  -71.121  4.572 0.0000000000
79613  45.014  -71.791  4.393 0.0000000000
79614  47.221  -74.218  4.964 0.0000000000
79615  46.904  -73.415  4.976 0.0000000000
79616  46.810  -74.024  4.551 0.0000000000
79617  45.628  -74.257  3.489 0.0000000000
79618  45.747  -73.716  3.823 0.0000000000
79619  45.190  -73.556  3.579 0.0000000000
79620  44.756  -72.847  3.687 0.0000000000
79621  44.601  -73.354  3.330 0.0000000000
79622  44.030  -73.126  3.077 0.0000000000
79623  44.544  -73.838  2.943 0.0000000000
79624  44.974  -74.741  2.073 0.0000000000
79625  44.493  -74.358  2.117 0.0000000000
79626  44.405  -74.493  1.776 0.0000000000
79627  43.929  -74.164  1.540 0.0000000000
79628  44.336  -74.620  1.453 0.0000000000
79650  44.002  -75.497  0.752 0.0000000000
79652  43.273  -75.565  0.005 0.0000000000
87497  41.854  -65.859  8.068 0.0000000000
87501  42.706  -66.887  7.970 0.0000000000
87693  42.021  -67.576  10.351 0.0000000000
87694  41.431  -67.086  10.758 0.0000000000
87695  41.421  -66.987  10.255 0.0000000000
87696  40.894  -66.385  10.076 0.0000000000
87697  41.403  -66.885  9.745 0.0000000000
87698  41.369  -66.702  9.272 0.0000000000
87699  41.958  -67.387  9.433 0.0000000000
87700  43.784  -68.774  9.001 0.0000000000
87701  43.206  -68.263  8.874 0.0000000000
87702  43.754  -68.560  8.552 0.0000000000
87703  43.705  -68.224  8.122 0.0000000000
87704  44.240  -68.842  8.159 0.0000000000
87705  44.653  -69.002  7.764 0.0000000000
87706  44.725  -69.318  8.187 0.0000000000
87707  45.898  -70.397  8.682 0.0000000000
87708  45.733  -70.226  8.212 0.0000000000
87709  46.224  -70.701  8.205 0.0000000000
87710  46.451  -70.912  7.684 0.0000000000
87711  46.656  -71.088  8.153 0.0000000000
87712  46.535  -70.873  10.441 0.0000000000
87713  46.411  -70.722  10.055 0.0000000000
87714  47.077  -71.222  10.104 0.0000000000
87716  48.001  -71.863  9.222 0.0000000000
87717  48.385  -72.228  8.645 0.0000000000
87718  48.006  -72.029  8.113 0.0000000000
87719  48.592  -72.611  8.069 0.0000000000
87720  48.734  -73.060  7.441 0.0000000000
87721  49.077  -73.304  8.033 0.0000000000
87722  49.318  -75.319  8.292 0.0000000000
87723  49.273  -75.113  7.865 0.0000000000
91149  43.983  -68.791  5.700 0.0000000000
91150  43.819  -68.003  5.808 0.0000000000
91151  43.605  -68.515  5.335 0.0000000000
95411  48.222  -75.889  5.996 0.0000000000
97719  42.968  -73.152  1.737 0.0000000000
97720  42.388  -72.465  1.906 0.0000000000
107668  45.753  -70.471  6.836 0.0000000000
107669  45.401  -70.371  6.387 0.0000000000
107670  45.875  -70.933  6.235 0.0000000000
107671  46.004  -71.447  5.626 0.0000000000
107672  46.019  -72.059  5.077 0.0000000000
107673  46.923  -75.345  4.156 0.0000000000
107674  46.650  -74.572  4.157 0.0000000000
107675  46.425  -75.164  3.792 0.0000000000
107676  45.995  -74.927  3.437 0.0000000000
107677  45.557  -74.696  3.115 0.0000000000
107678  45.086  -74.444  2.814 0.0000000000
107679  45.617  -74.988  2.765 0.0000000000
107680  45.555  -75.053  2.421 0.0000000000
107681  45.457  -75.242  2.104 0.0000000000
112403  41.371  -65.475  8.263 0.0000000000
112404  41.608  -66.100  8.409 0.0000000000
112520  42.755  -68.188  10.878 0.0000000000
112521  42.633  -68.131  10.406 0.0000000000
112522  42.632  -68.077  9.984 0.0000000000
112523  42.591  -67.988  9.566 0.0000000000
112524  43.251  -68.517  9.667 0.0000000000
112525  43.869  -68.942  9.408 0.0000000000
112526  44.399  -69.288  9.037 0.0000000000
112527  44.810  -69.529  8.633 0.0000000000
112528  44.920  -69.693  9.066 0.0000000000
112529  45.481  -70.097  9.122 0.0000000000
112530  46.058  -70.513  9.178 0.0000000000
112532  47.797  -71.650  10.158 0.0000000000
112536  49.305  -73.624  8.555 0.0000000000
112538  49.392  -74.671  8.900 0.0000000000
112539  49.046  -75.542  8.713 0.0000000000
114594  43.698  -69.736  4.810 0.0000000000
114595  43.369  -68.963  4.911 0.0000000000
114596  43.208  -69.423  4.508 0.0000000000
122782  47.878  -72.685  6.303 0.0000000000
122783  47.407  -72.709  5.863 0.0000000000
122784  47.764  -73.463  5.826 0.0000000000
122785  47.603  -74.217  5.397 0.0000000000
122786  47.447  -74.962  4.997 0.0000000000
122787  47.887  -75.782  5.501 0.0000000000
122788  47.600  -75.664  5.047 0.0000000000
122789  47.303  -75.515  4.576 0.0000000000
122790  47.157  -76.133  4.149 0.0000000000
122791  47.058  -76.703  3.700 0.0000000000
122792  47.002  -76.970  3.348 0.0000000000
126560  44.712  -69.524  10.689 0.0000000000
126561  45.210  -69.854  10.354 0.0000000000
126562  45.334  -69.990  10.701 0.0000000000
126563  45.969  -70.503  10.720 0.0000000000
126564  46.621  -71.051  10.820 0.0000000000
128169  43.179  -71.738  3.301 0.0000000000
128170  42.705  -70.846  3.432 0.0000000000
137334  42.791  -74.235  0.291 0.0000000000
137335  42.358  -73.343  0.369 0.0000000000
137336  42.211  -73.779  -0.002 0.0000000000
137337  41.742  -73.198  -0.279 0.0000000000
137339  41.568  -73.909  -1.209 0.0000000000
137340  41.215  -72.904  -0.981 0.0000000000
148762  44.295  -68.356  6.934 0.0000000000
148763  44.127  -68.088  6.610 0.0000000000
148764  44.401  -68.690  6.512 0.0000000000
148765  44.355  -69.042  6.066 0.0000000000
148766  44.236  -69.472  5.570 0.0000000000
148767  45.015  -70.250  5.952 0.0000000000
148768  44.602  -70.104  5.493 0.0000000000
148769  44.144  -69.917  5.143 0.0000000000
148770  44.094  -70.402  4.690 0.0000000000
148771  44.018  -70.911  4.270 0.0000000000
148772  43.891  -71.432  3.930 0.0000000000
148773  46.965  -72.693  5.426 0.0000000000
148774  46.493  -72.687  4.993 0.0000000000
148775  46.029  -72.593  4.583 0.0000000000
148776  46.324  -73.864  4.161 0.0000000000
148777  45.919  -73.169  4.193 0.0000000000
148778  45.486  -72.457  4.239 0.0000000000
148779  44.943  -72.335  3.981 0.0000000000
148780  44.348  -72.142  3.803 0.0000000000
148781  43.756  -71.945  3.566 0.0000000000
148782  43.605  -72.434  3.209 0.0000000000
148783  43.495  -72.902  2.797 0.0000000000
148784  43.483  -73.272  2.389 0.0000000000
148785  44.528  -74.167  2.526 0.0000000000
148786  44.000  -73.860  2.242 0.0000000000
148787  43.494  -73.536  1.976 0.0000000000
148788  43.447  -73.680  1.599 0.0000000000
148789  43.469  -73.874  1.253 0.0000000000
148790  43.399  -74.176  0.920 0.0000000000
148808  46.632  -76.714  2.669 0.0000000000
148809  46.304  -76.252  2.353 0.0000000000
148810  45.871  -75.837  2.039 0.0000000000
148814  44.764  -75.273  1.386 0.0000000000
148815  44.206  -75.045  1.118 0.0000000000
148816  43.703  -74.830  0.884 0.0000000000
148817  43.295  -74.575  0.592 0.0000000000
148818  43.057  -74.928  0.128 0.0000000000
158253  43.741  -67.482  7.395 0.0000000000
158482  41.486  -67.202  11.219 0.0000000000
158489  41.469  -66.446  8.827 0.0000000000
158490  42.008  -66.869  8.601 0.0000000000
158491  42.525  -67.826  9.132 0.0000000000
158492  42.559  -67.664  8.717 0.0000000000
158493  42.616  -67.290  8.338 0.0000000000
158494  43.177  -67.612  8.079 0.0000000000
158495  43.765  -67.899  7.762 0.0000000000
158496  44.169  -68.154  7.368 0.0000000000
158497  44.503  -68.691  7.331 0.0000000000
158498  44.866  -69.242  7.338 0.0000000000
158499  45.261  -69.755  7.352 0.0000000000
158500  45.229  -69.768  8.203 0.0000000000
158501  45.524  -69.991  7.788 0.0000000000
158502  45.679  -70.224  7.336 0.0000000000
158503  46.097  -70.734  7.249 0.0000000000
158504  46.676  -71.171  7.120 0.0000000000
158505  47.220  -71.645  7.010 0.0000000000
158506  45.739  -70.237  10.011 0.0000000000
158507  46.220  -70.639  9.618 0.0000000000
158508  46.599  -70.947  9.192 0.0000000000
158509  47.566  -71.504  9.713 0.0000000000
158510  47.332  -71.391  9.220 0.0000000000
158511  47.006  -71.251  8.712 0.0000000000
158512  47.359  -71.540  8.150 0.0000000000
158513  47.614  -71.827  7.538 0.0000000000
158514  47.813  -72.197  6.930 0.0000000000
158515  48.348  -72.848  6.877 0.0000000000
158516  48.691  -73.609  6.824 0.0000000000
158517  48.896  -74.357  6.904 0.0000000000
158518  49.358  -74.090  7.936 0.0000000000
158519  49.132  -74.715  7.409 0.0000000000
162628  43.876  -67.649  6.251 0.0000000000
162629  43.628  -67.289  5.879 0.0000000000
162631  43.178  -68.160  4.999 0.0000000000
162637  42.293  -69.986  3.535 0.0000000000
