#!ascii label  , from subject fsaverage vox2ras=TkReg
540
55  34.419  49.829  7.749 0.0000000000
175  37.096  48.531  17.031 0.0000000000
176  38.078  42.922  8.999 0.0000000000
656  38.844  43.171  16.723 0.0000000000
887  38.496  51.882  5.895 0.0000000000
1467  36.104  49.290  12.378 0.0000000000
1468  39.320  49.615  9.700 0.0000000000
1469  39.084  45.633  13.211 0.0000000000
1470  37.290  40.297  12.773 0.0000000000
1868  40.112  45.957  5.681 0.0000000000
2806  35.345  51.370  4.558 0.0000000000
2807  36.288  51.518  7.058 0.0000000000
3405  37.000  49.349  15.013 0.0000000000
3406  38.511  48.737  13.522 0.0000000000
3407  38.930  47.576  15.480 0.0000000000
3409  38.356  41.687  14.846 0.0000000000
4103  38.676  45.889  9.329 0.0000000000
4104  39.681  47.843  7.787 0.0000000000
4105  39.139  44.510  7.269 0.0000000000
5788  38.617  45.976  17.258 0.0000000000
6206  36.849  40.309  8.620 0.0000000000
6207  37.817  41.567  6.852 0.0000000000
7263  35.080  49.858  10.115 0.0000000000
7264  37.259  51.480  9.346 0.0000000000
7265  37.903  50.181  11.205 0.0000000000
7266  38.773  47.319  11.374 0.0000000000
7267  38.210  44.250  11.007 0.0000000000
7268  39.177  44.515  14.799 0.0000000000
7269  38.823  42.892  12.743 0.0000000000
7270  37.587  41.657  10.718 0.0000000000
7271  36.154  38.991  10.756 0.0000000000
8222  39.269  51.266  8.031 0.0000000000
8223  40.100  49.390  6.149 0.0000000000
8225  39.215  42.711  5.464 0.0000000000
10485  33.978  49.755  6.479 0.0000000000
10486  34.851  50.581  6.173 0.0000000000
10487  35.269  50.839  7.440 0.0000000000
10495  33.652  48.798  8.408 0.0000000000
10497  33.282  48.684  7.028 0.0000000000
11085  37.091  49.104  16.016 0.0000000000
11086  38.226  48.896  15.474 0.0000000000
11087  38.219  48.354  16.384 0.0000000000
11783  38.455  44.366  9.105 0.0000000000
11784  38.946  45.286  8.412 0.0000000000
11785  38.566  43.732  8.148 0.0000000000
13486  38.405  46.065  19.536 0.0000000000
13487  38.944  45.530  20.607 0.0000000000
14178  36.925  51.847  5.283 0.0000000000
14182  39.287  51.505  5.129 0.0000000000
15975  35.543  49.548  11.181 0.0000000000
15976  36.481  50.376  10.688 0.0000000000
15977  36.990  49.818  11.759 0.0000000000
15978  39.038  47.275  13.464 0.0000000000
15979  38.818  48.038  12.374 0.0000000000
15980  38.796  46.448  12.330 0.0000000000
15981  38.482  45.682  11.231 0.0000000000
15982  38.610  44.966  12.026 0.0000000000
15983  38.898  44.557  16.890 0.0000000000
15984  38.924  45.235  15.980 0.0000000000
15985  38.990  43.860  15.617 0.0000000000
15986  37.899  40.991  13.842 0.0000000000
15987  38.697  42.297  13.764 0.0000000000
15988  38.268  41.639  12.823 0.0000000000
15989  38.214  42.217  11.732 0.0000000000
15990  37.542  41.041  11.730 0.0000000000
15991  36.855  40.418  10.728 0.0000000000
15992  36.736  39.640  11.853 0.0000000000
16015  35.185  48.819  13.317 0.0000000000
16017  34.771  48.821  12.010 0.0000000000
16018  34.352  49.010  10.884 0.0000000000
18068  38.721  51.070  9.665 0.0000000000
18069  38.342  51.615  8.769 0.0000000000
18070  39.534  50.598  8.950 0.0000000000
18071  39.888  46.862  6.730 0.0000000000
18072  40.011  48.741  6.961 0.0000000000
18073  40.238  47.581  5.913 0.0000000000
18074  40.353  48.252  5.079 0.0000000000
18075  40.495  46.527  4.921 0.0000000000
18076  37.975  40.733  6.008 0.0000000000
18077  38.464  42.193  6.063 0.0000000000
18078  38.723  41.288  5.399 0.0000000000
23484  35.912  51.307  5.785 0.0000000000
23485  37.454  51.839  6.465 0.0000000000
24561  36.505  49.361  13.861 0.0000000000
24562  37.495  49.584  13.083 0.0000000000
24563  37.968  49.225  14.454 0.0000000000
24564  38.879  48.150  14.601 0.0000000000
24565  39.239  46.652  14.325 0.0000000000
24567  38.627  42.448  15.710 0.0000000000
24568  38.003  40.959  15.886 0.0000000000
24569  37.574  40.265  14.960 0.0000000000
24586  35.576  48.954  14.557 0.0000000000
25817  38.980  47.739  9.468 0.0000000000
25818  39.449  48.785  8.714 0.0000000000
25819  39.180  46.965  8.550 0.0000000000
25820  39.440  46.119  7.612 0.0000000000
25821  39.706  45.314  6.565 0.0000000000
28864  38.112  47.471  17.355 0.0000000000
28865  38.114  46.725  18.379 0.0000000000
28866  38.732  45.310  18.229 0.0000000000
29840  37.411  41.554  8.707 0.0000000000
29841  37.882  42.306  7.931 0.0000000000
29842  37.250  40.884  7.656 0.0000000000
29843  37.366  40.173  6.730 0.0000000000
32331  34.718  49.910  8.974 0.0000000000
32332  35.674  50.922  8.667 0.0000000000
32333  36.047  50.841  9.744 0.0000000000
32334  37.613  50.972  10.210 0.0000000000
32335  38.728  50.184  10.517 0.0000000000
32336  38.219  49.455  12.303 0.0000000000
32337  38.758  49.062  11.452 0.0000000000
32338  38.957  48.463  10.477 0.0000000000
32339  38.607  46.640  10.310 0.0000000000
32340  38.318  44.918  10.140 0.0000000000
32341  38.152  43.587  9.987 0.0000000000
32342  38.767  46.759  16.330 0.0000000000
32343  39.073  45.948  15.184 0.0000000000
32344  39.203  45.089  13.910 0.0000000000
32345  39.013  43.091  14.642 0.0000000000
32346  39.210  43.627  13.697 0.0000000000
32347  39.025  44.192  12.906 0.0000000000
32348  38.489  43.496  11.826 0.0000000000
32349  38.042  42.890  10.833 0.0000000000
32350  37.698  42.261  9.794 0.0000000000
32351  37.085  41.004  9.626 0.0000000000
32352  36.440  39.717  9.687 0.0000000000
32386  33.924  48.954  9.771 0.0000000000
34964  36.831  51.651  8.205 0.0000000000
34965  37.954  51.932  7.634 0.0000000000
34966  38.944  51.697  7.056 0.0000000000
34967  39.747  49.769  7.966 0.0000000000
34968  39.894  50.458  7.166 0.0000000000
34969  39.662  50.941  6.207 0.0000000000
34970  40.037  50.106  5.238 0.0000000000
34973  38.501  43.038  7.028 0.0000000000
34974  39.137  43.733  6.272 0.0000000000
34975  39.872  44.354  5.608 0.0000000000
34978  40.590  44.978  4.887 0.0000000000
34979  40.621  45.606  4.091 0.0000000000
41205  34.219  49.801  7.117 0.0000000000
41206  34.652  50.344  7.003 0.0000000000
41207  34.837  50.365  7.609 0.0000000000
41215  34.048  49.260  8.058 0.0000000000
41216  33.492  48.677  7.664 0.0000000000
41217  33.854  49.236  7.365 0.0000000000
41218  33.634  49.211  6.728 0.0000000000
41805  37.112  48.908  16.505 0.0000000000
41806  37.706  48.874  16.241 0.0000000000
41807  37.749  48.676  16.794 0.0000000000
41815  36.512  48.160  17.438 0.0000000000
41817  36.472  48.562  16.834 0.0000000000
42503  38.320  43.659  9.071 0.0000000000
42504  38.532  44.077  8.627 0.0000000000
42505  38.326  43.335  8.577 0.0000000000
44206  38.281  46.085  20.572 0.0000000000
44898  37.755  51.952  5.592 0.0000000000
44900  38.248  52.022  5.296 0.0000000000
44902  38.935  51.782  5.567 0.0000000000
46695  35.834  49.369  11.732 0.0000000000
46696  36.282  49.709  11.455 0.0000000000
46697  36.538  49.548  12.050 0.0000000000
46698  39.084  46.458  13.392 0.0000000000
46699  38.946  46.857  12.916 0.0000000000
46700  38.905  46.034  12.772 0.0000000000
46701  38.701  45.656  12.177 0.0000000000
46702  38.855  45.295  12.598 0.0000000000
46703  38.925  43.878  16.737 0.0000000000
46704  38.915  44.242  16.208 0.0000000000
46705  38.878  43.510  16.083 0.0000000000
46707  38.082  41.327  13.330 0.0000000000
46708  37.789  40.980  12.797 0.0000000000
46709  37.893  41.343  12.270 0.0000000000
46710  37.443  40.665  12.256 0.0000000000
46711  37.120  40.350  11.738 0.0000000000
46712  37.012  39.973  12.308 0.0000000000
46735  35.616  49.040  12.871 0.0000000000
46736  34.985  48.784  12.663 0.0000000000
46737  35.443  49.055  12.207 0.0000000000
46738  35.144  49.161  11.607 0.0000000000
48788  39.190  50.438  9.763 0.0000000000
48789  39.149  50.843  9.326 0.0000000000
48790  39.435  50.097  9.324 0.0000000000
48791  39.951  46.420  6.143 0.0000000000
48792  40.099  47.218  6.295 0.0000000000
48793  40.212  46.720  5.785 0.0000000000
48794  40.415  47.015  5.417 0.0000000000
48795  40.357  46.225  5.303 0.0000000000
48797  38.307  41.039  5.717 0.0000000000
48798  38.524  40.622  5.356 0.0000000000
54498  35.576  51.085  6.665 0.0000000000
54499  35.358  50.946  6.004 0.0000000000
54500  36.121  51.372  6.419 0.0000000000
54501  36.682  51.612  6.127 0.0000000000
54502  36.858  51.718  6.750 0.0000000000
56295  36.798  49.363  14.441 0.0000000000
56296  37.250  49.474  14.146 0.0000000000
56297  37.490  49.352  14.747 0.0000000000
56298  38.654  48.309  15.536 0.0000000000
56299  38.637  48.575  15.079 0.0000000000
56300  38.948  47.896  15.091 0.0000000000
56301  39.136  47.429  14.520 0.0000000000
56302  39.151  47.129  14.905 0.0000000000
56304  38.217  41.339  16.296 0.0000000000
56335  36.408  49.172  15.334 0.0000000000
56336  35.662  48.934  15.053 0.0000000000
56337  36.323  49.207  14.822 0.0000000000
56338  36.157  49.201  14.274 0.0000000000
58388  38.806  46.792  9.372 0.0000000000
58389  39.045  47.332  8.966 0.0000000000
58390  38.899  46.428  8.914 0.0000000000
58391  39.057  44.906  7.839 0.0000000000
58392  39.192  45.725  8.010 0.0000000000
58393  39.312  45.318  7.485 0.0000000000
58394  39.567  45.695  7.069 0.0000000000
58395  39.380  44.924  6.932 0.0000000000
63498  38.833  45.417  19.406 0.0000000000
63499  38.602  45.718  18.852 0.0000000000
65588  37.079  40.885  8.630 0.0000000000
65589  37.292  41.189  8.175 0.0000000000
65590  37.036  40.561  8.108 0.0000000000
70965  34.874  49.898  9.569 0.0000000000
70966  35.335  50.444  9.402 0.0000000000
70967  35.504  50.385  9.939 0.0000000000
70968  37.251  50.361  10.943 0.0000000000
70969  37.034  50.733  10.457 0.0000000000
70970  37.713  50.552  10.687 0.0000000000
70971  38.246  50.694  10.393 0.0000000000
70972  38.287  50.206  10.856 0.0000000000
70973  38.062  49.292  13.360 0.0000000000
70974  37.850  49.544  12.674 0.0000000000
70975  38.361  49.079  12.893 0.0000000000
70976  38.838  47.651  11.878 0.0000000000
70977  38.794  48.531  11.937 0.0000000000
70978  38.844  48.176  11.432 0.0000000000
70979  38.893  48.768  10.974 0.0000000000
70980  38.864  47.814  10.916 0.0000000000
70981  38.808  47.561  10.392 0.0000000000
70982  38.663  47.027  10.863 0.0000000000
70983  38.359  44.925  11.080 0.0000000000
70984  38.338  45.280  10.649 0.0000000000
70985  38.225  44.567  10.577 0.0000000000
70986  38.230  44.249  10.020 0.0000000000
70987  38.132  43.902  10.498 0.0000000000
70988  38.414  46.720  17.326 0.0000000000
70989  38.506  47.156  16.874 0.0000000000
70990  38.641  46.362  16.774 0.0000000000
70991  39.087  44.884  15.385 0.0000000000
70992  39.025  45.601  15.577 0.0000000000
70993  39.124  45.215  14.971 0.0000000000
70994  39.148  45.545  14.560 0.0000000000
70995  39.197  44.806  14.372 0.0000000000
70996  38.511  42.110  15.313 0.0000000000
70997  38.819  42.786  15.146 0.0000000000
70998  38.706  42.397  14.736 0.0000000000
70999  38.791  42.587  13.238 0.0000000000
71000  39.003  42.947  13.696 0.0000000000
71001  39.051  43.235  13.204 0.0000000000
71002  39.135  43.914  13.282 0.0000000000
71003  38.995  43.525  12.767 0.0000000000
71004  38.760  43.860  12.334 0.0000000000
71005  38.693  43.159  12.269 0.0000000000
71006  37.908  41.950  11.232 0.0000000000
71007  38.114  42.515  11.262 0.0000000000
71008  37.853  42.254  10.776 0.0000000000
71009  37.871  42.590  10.334 0.0000000000
71010  37.594  41.977  10.284 0.0000000000
71011  37.394  41.631  9.686 0.0000000000
71012  37.309  41.359  10.158 0.0000000000
71013  36.505  39.706  10.800 0.0000000000
71014  36.592  40.070  10.212 0.0000000000
71015  36.291  39.372  10.202 0.0000000000
71095  34.718  49.382  10.461 0.0000000000
71096  34.146  48.999  10.315 0.0000000000
71097  34.510  49.424  9.897 0.0000000000
71098  34.315  49.390  9.351 0.0000000000
77243  36.440  51.305  9.040 0.0000000000
77244  36.225  51.336  8.447 0.0000000000
77245  37.041  51.620  8.807 0.0000000000
77246  38.863  51.467  8.399 0.0000000000
77247  38.191  51.840  8.211 0.0000000000
77248  38.709  51.718  7.868 0.0000000000
77249  38.482  51.921  7.381 0.0000000000
77250  39.171  51.524  7.578 0.0000000000
77251  39.545  48.327  8.229 0.0000000000
77252  39.617  49.268  8.351 0.0000000000
77253  39.721  48.798  7.855 0.0000000000
77254  40.100  49.102  6.569 0.0000000000
77255  40.020  49.652  7.077 0.0000000000
77256  39.999  49.961  6.674 0.0000000000
77257  39.747  50.733  6.704 0.0000000000
77258  39.995  50.252  6.261 0.0000000000
77259  39.898  50.510  5.759 0.0000000000
77260  40.087  49.698  5.731 0.0000000000
77261  40.351  47.683  4.589 0.0000000000
77262  40.208  48.613  4.684 0.0000000000
77266  37.806  41.953  7.358 0.0000000000
77267  38.202  42.685  7.506 0.0000000000
77268  38.152  42.316  6.932 0.0000000000
77269  38.827  42.449  5.709 0.0000000000
77270  38.792  42.953  6.142 0.0000000000
77271  39.141  43.260  5.799 0.0000000000
77272  39.487  44.043  5.922 0.0000000000
77273  39.544  43.530  5.518 0.0000000000
77275  39.358  41.124  4.726 0.0000000000
77281  40.726  44.483  4.531 0.0000000000
77282  40.734  45.292  4.498 0.0000000000
77283  40.847  44.840  4.103 0.0000000000
92603  34.410  50.209  6.328 0.0000000000
92604  35.082  50.713  6.821 0.0000000000
92605  35.773  51.204  7.260 0.0000000000
92619  33.279  48.410  8.817 0.0000000000
93681  37.072  49.256  15.537 0.0000000000
93682  37.643  49.262  15.312 0.0000000000
93683  37.687  49.109  15.784 0.0000000000
93684  38.253  48.710  15.902 0.0000000000
93685  38.644  48.029  15.981 0.0000000000
94937  38.543  45.088  9.292 0.0000000000
94938  38.786  45.601  8.888 0.0000000000
94939  38.673  44.831  8.770 0.0000000000
94940  38.810  44.495  8.202 0.0000000000
94941  38.849  44.124  7.682 0.0000000000
98004  38.622  45.780  20.035 0.0000000000
98005  39.107  45.132  19.996 0.0000000000
99248  36.169  51.645  4.916 0.0000000000
102483  35.306  49.726  10.669 0.0000000000
102484  35.744  50.197  10.431 0.0000000000
102485  36.000  49.993  10.917 0.0000000000
102486  36.749  50.064  11.185 0.0000000000
102487  37.453  50.027  11.475 0.0000000000
102488  38.852  48.043  13.520 0.0000000000
102489  38.731  48.419  12.957 0.0000000000
102490  38.933  47.643  12.879 0.0000000000
102491  38.855  47.244  12.359 0.0000000000
102492  38.761  46.850  11.851 0.0000000000
102493  38.631  46.500  11.319 0.0000000000
102494  38.650  46.067  11.791 0.0000000000
102495  38.526  45.318  11.643 0.0000000000
102496  38.397  44.599  11.502 0.0000000000
102497  38.748  45.198  17.078 0.0000000000
102498  38.734  45.611  16.593 0.0000000000
102499  38.840  44.923  16.390 0.0000000000
102500  39.006  44.587  15.798 0.0000000000
102501  39.109  44.205  15.216 0.0000000000
102502  38.144  41.325  14.339 0.0000000000
102503  38.562  42.001  14.325 0.0000000000
102504  38.332  41.658  13.838 0.0000000000
102505  38.508  41.975  13.321 0.0000000000
102506  38.587  42.269  12.785 0.0000000000
102507  38.527  42.515  12.238 0.0000000000
102508  38.283  41.960  12.273 0.0000000000
102509  37.926  41.666  11.737 0.0000000000
102510  37.559  41.358  11.217 0.0000000000
102511  37.242  41.054  10.686 0.0000000000
102512  37.176  40.724  11.229 0.0000000000
102513  36.788  40.037  11.298 0.0000000000
102514  36.401  39.324  11.348 0.0000000000
102561  34.549  48.909  11.453 0.0000000000
102562  34.909  49.284  11.057 0.0000000000
106250  38.049  51.405  9.552 0.0000000000
106251  37.833  51.648  9.097 0.0000000000
106252  38.589  51.371  9.230 0.0000000000
106253  39.056  51.179  8.883 0.0000000000
106254  39.392  50.948  8.472 0.0000000000
106255  39.817  47.329  7.283 0.0000000000
106256  39.864  48.297  7.360 0.0000000000
106257  39.979  47.771  6.846 0.0000000000
106258  40.097  48.214  6.431 0.0000000000
106259  40.175  48.492  6.026 0.0000000000
106260  40.189  48.794  5.614 0.0000000000
106261  40.318  47.873  5.495 0.0000000000
106262  40.428  47.357  4.982 0.0000000000
106264  37.866  41.151  6.400 0.0000000000
106265  38.131  41.886  6.449 0.0000000000
106266  38.187  41.452  6.040 0.0000000000
106267  38.519  41.738  5.709 0.0000000000
106268  38.940  41.963  5.430 0.0000000000
116236  35.639  51.302  5.116 0.0000000000
116237  36.470  51.557  5.485 0.0000000000
116238  37.281  51.754  5.844 0.0000000000
116239  38.035  51.889  6.198 0.0000000000
118749  36.291  49.302  13.059 0.0000000000
118750  36.786  49.489  12.686 0.0000000000
118751  37.010  49.467  13.443 0.0000000000
118752  37.702  49.395  13.768 0.0000000000
118753  38.286  49.028  13.996 0.0000000000
118754  38.132  49.089  14.997 0.0000000000
118755  38.508  48.758  14.566 0.0000000000
118756  38.724  48.437  14.077 0.0000000000
118757  39.029  47.741  14.051 0.0000000000
118758  39.172  46.956  13.939 0.0000000000
118759  39.143  46.152  13.759 0.0000000000
118761  38.729  42.779  16.138 0.0000000000
118762  38.475  42.105  16.263 0.0000000000
118763  38.328  41.732  15.824 0.0000000000
118764  38.135  41.346  15.387 0.0000000000
118766  37.773  40.599  15.452 0.0000000000
118767  37.949  40.972  14.880 0.0000000000
118768  37.729  40.634  14.384 0.0000000000
118771  36.839  39.613  12.864 0.0000000000
118809  35.477  48.942  14.003 0.0000000000
118810  35.835  49.100  13.570 0.0000000000
121679  39.185  48.696  9.592 0.0000000000
121680  39.428  49.222  9.223 0.0000000000
121681  39.221  48.283  9.083 0.0000000000
121682  39.324  47.868  8.606 0.0000000000
121683  39.465  47.392  8.168 0.0000000000
121684  39.042  46.118  8.506 0.0000000000
121685  39.308  46.551  8.115 0.0000000000
121686  39.587  46.947  7.717 0.0000000000
121687  39.660  46.486  7.171 0.0000000000
121688  39.764  46.067  6.618 0.0000000000
121689  39.914  45.697  6.118 0.0000000000
128811  37.052  48.142  17.621 0.0000000000
128812  37.650  48.121  17.281 0.0000000000
128813  37.652  47.680  17.782 0.0000000000
128814  38.070  47.037  17.826 0.0000000000
128815  38.401  46.355  17.816 0.0000000000
128816  38.220  46.381  18.908 0.0000000000
128817  38.485  46.025  18.302 0.0000000000
128818  38.639  45.596  17.721 0.0000000000
128819  38.816  44.871  17.564 0.0000000000
128820  38.948  44.216  17.406 0.0000000000
128821  38.955  43.553  17.322 0.0000000000
131462  37.758  42.217  8.856 0.0000000000
131463  38.010  42.572  8.505 0.0000000000
131464  37.633  41.893  8.304 0.0000000000
131465  37.518  41.594  7.761 0.0000000000
131466  37.521  41.231  7.258 0.0000000000
131467  37.044  40.239  7.582 0.0000000000
131468  37.296  40.542  7.179 0.0000000000
131469  37.559  40.850  6.792 0.0000000000
131470  37.692  40.457  6.338 0.0000000000
138255  34.577  49.860  8.361 0.0000000000
138256  35.008  50.408  8.258 0.0000000000
138257  35.178  50.443  8.826 0.0000000000
138258  35.851  50.933  9.237 0.0000000000
138259  36.652  51.283  9.566 0.0000000000
138260  36.184  50.677  10.222 0.0000000000
138261  36.836  51.027  10.004 0.0000000000
138262  37.471  51.308  9.778 0.0000000000
138263  38.165  51.113  9.937 0.0000000000
138264  38.702  50.641  10.063 0.0000000000
138265  39.010  49.941  10.110 0.0000000000
138266  37.228  49.681  12.368 0.0000000000
138267  37.666  49.860  12.031 0.0000000000
138268  38.055  49.796  11.719 0.0000000000
138269  38.618  48.822  12.399 0.0000000000
138270  38.521  49.286  11.884 0.0000000000
138271  38.439  49.795  11.373 0.0000000000
138272  38.699  49.620  10.954 0.0000000000
138273  38.943  49.379  10.528 0.0000000000
138274  39.088  49.089  10.061 0.0000000000
138275  38.985  48.165  9.967 0.0000000000
138276  38.749  47.206  9.843 0.0000000000
138277  38.625  46.227  9.801 0.0000000000
138278  38.459  46.097  10.748 0.0000000000
138279  38.450  45.707  10.224 0.0000000000
138280  38.462  45.365  9.726 0.0000000000
138281  38.354  44.617  9.589 0.0000000000
138282  38.273  43.939  9.499 0.0000000000
138283  38.114  43.259  9.508 0.0000000000
138284  38.204  47.948  16.895 0.0000000000
138285  38.570  47.594  16.417 0.0000000000
138286  38.864  47.176  15.889 0.0000000000
138287  38.845  45.976  16.190 0.0000000000
138288  38.959  46.370  15.759 0.0000000000
138289  39.070  46.766  15.326 0.0000000000
138290  39.140  46.312  14.751 0.0000000000
138291  39.142  45.870  14.130 0.0000000000
138292  39.140  45.374  13.552 0.0000000000
138293  38.860  43.139  15.606 0.0000000000
138294  39.034  43.472  15.088 0.0000000000
138295  39.209  43.779  14.680 0.0000000000
138296  38.875  42.690  14.164 0.0000000000
138297  39.204  43.361  14.172 0.0000000000
138298  39.239  44.076  14.243 0.0000000000
138299  39.239  44.346  13.789 0.0000000000
138300  39.155  44.632  13.391 0.0000000000
138301  39.080  44.901  12.991 0.0000000000
138302  38.809  44.578  12.448 0.0000000000
138303  38.550  44.236  11.885 0.0000000000
138304  38.299  43.896  11.413 0.0000000000
138305  38.395  42.804  11.761 0.0000000000
138306  38.237  43.189  11.328 0.0000000000
138307  38.157  43.561  10.910 0.0000000000
138308  38.071  43.246  10.400 0.0000000000
138309  37.967  42.911  9.902 0.0000000000
138310  37.856  42.556  9.357 0.0000000000
138311  37.528  41.906  9.186 0.0000000000
138312  37.197  41.269  9.135 0.0000000000
138313  36.920  40.652  9.131 0.0000000000
138314  36.943  40.737  10.174 0.0000000000
138315  36.755  40.388  9.682 0.0000000000
138316  36.628  40.025  9.161 0.0000000000
138320  36.584  39.267  12.396 0.0000000000
138414  33.785  48.603  10.732 0.0000000000
138415  33.586  48.575  10.184 0.0000000000
138416  33.395  48.511  9.536 0.0000000000
138417  33.766  48.894  9.118 0.0000000000
138418  34.175  49.338  8.727 0.0000000000
145910  35.489  50.886  8.057 0.0000000000
145911  36.009  51.336  7.844 0.0000000000
145912  36.534  51.627  7.645 0.0000000000
145913  37.602  51.764  8.533 0.0000000000
145914  37.386  51.894  7.935 0.0000000000
145915  37.101  51.852  7.365 0.0000000000
145916  37.653  51.948  7.069 0.0000000000
145917  38.223  51.908  6.805 0.0000000000
145918  38.738  51.852  6.534 0.0000000000
145919  39.548  49.697  8.850 0.0000000000
145920  39.632  50.194  8.448 0.0000000000
145921  39.717  50.667  8.029 0.0000000000
145922  39.911  49.271  7.469 0.0000000000
145923  39.874  50.140  7.563 0.0000000000
145924  39.645  50.898  7.617 0.0000000000
145925  39.529  51.182  7.177 0.0000000000
145926  39.322  51.374  6.664 0.0000000000
145927  39.135  51.540  6.110 0.0000000000
145928  39.510  51.185  5.666 0.0000000000
145929  39.738  50.876  5.218 0.0000000000
145930  39.839  50.473  4.701 0.0000000000
145931  40.186  49.152  5.212 0.0000000000
145932  40.052  49.571  4.715 0.0000000000
145933  39.880  50.011  4.178 0.0000000000
145937  38.253  43.007  8.072 0.0000000000
145938  38.542  43.381  7.603 0.0000000000
145939  38.834  43.750  7.134 0.0000000000
145940  38.447  42.637  6.504 0.0000000000
145941  38.822  43.385  6.634 0.0000000000
145942  39.109  44.142  6.771 0.0000000000
145943  39.411  44.508  6.415 0.0000000000
145944  39.773  44.890  6.052 0.0000000000
145945  40.058  45.235  5.671 0.0000000000
145946  38.943  40.872  5.057 0.0000000000
145947  39.154  41.509  5.115 0.0000000000
145948  39.302  42.158  5.193 0.0000000000
145953  40.179  44.691  5.246 0.0000000000
145954  40.292  45.492  5.258 0.0000000000
145955  40.576  45.760  4.890 0.0000000000
145956  40.590  46.061  4.500 0.0000000000
