#!ascii label  , from subject fsaverage vox2ras=TkReg
268
86  35.045  -82.677  0.649 0.0000000000
976  41.192  -80.731  3.843 0.0000000000
977  44.506  -81.935  2.485 0.0000000000
978  39.374  -85.388  0.306 0.0000000000
2367  35.748  -78.439  4.623 0.0000000000
2896  37.803  -81.742  2.080 0.0000000000
2897  39.799  -83.061  2.148 0.0000000000
2898  37.200  -83.937  0.333 0.0000000000
5271  36.296  -77.022  6.779 0.0000000000
5278  30.640  -80.555  6.307 0.0000000000
6366  42.882  -81.984  3.663 0.0000000000
6367  41.824  -83.855  1.550 0.0000000000
8566  38.652  -87.296  -2.411 0.0000000000
9656  38.350  -79.575  3.812 0.0000000000
9657  35.275  -80.524  2.452 0.0000000000
9663  34.631  -77.667  8.698 0.0000000000
9664  33.415  -78.309  6.328 0.0000000000
9665  32.380  -79.655  3.908 0.0000000000
10576  36.409  -82.186  1.261 0.0000000000
10577  37.371  -82.835  1.155 0.0000000000
10578  36.145  -83.239  0.380 0.0000000000
14448  42.072  -81.374  3.850 0.0000000000
14449  39.483  -84.194  1.264 0.0000000000
14450  40.793  -83.595  2.092 0.0000000000
14451  40.549  -84.707  1.029 0.0000000000
14452  41.543  -84.808  0.223 0.0000000000
14453  40.362  -85.814  -0.336 0.0000000000
21572  37.285  -77.955  4.998 0.0000000000
21574  37.096  -78.876  4.126 0.0000000000
21575  36.839  -80.011  3.188 0.0000000000
21576  35.524  -79.343  3.556 0.0000000000
21593  33.974  -77.955  7.528 0.0000000000
21594  32.734  -78.979  7.422 0.0000000000
21596  31.280  -79.855  5.094 0.0000000000
21598  32.025  -80.798  2.900 0.0000000000
23644  39.443  -81.212  2.902 0.0000000000
23645  40.396  -81.874  2.998 0.0000000000
23646  38.802  -82.380  2.068 0.0000000000
23647  38.458  -83.500  1.229 0.0000000000
23648  38.322  -84.619  0.405 0.0000000000
27921  35.985  -77.627  5.651 0.0000000000
30212  43.657  -82.130  3.169 0.0000000000
30213  41.258  -82.464  3.096 0.0000000000
30214  42.164  -82.961  2.767 0.0000000000
30215  43.154  -83.083  2.044 0.0000000000
30216  42.735  -83.696  0.638 0.0000000000
32675  34.773  -83.797  -0.183 0.0000000000
35955  35.993  -84.434  -0.343 0.0000000000
35956  37.076  -85.191  -0.360 0.0000000000
35957  38.083  -85.945  -0.533 0.0000000000
35960  39.087  -86.545  -0.965 0.0000000000
39203  39.998  -79.198  4.568 0.0000000000
39204  39.736  -80.220  3.678 0.0000000000
39205  38.117  -80.687  2.945 0.0000000000
39206  36.553  -81.173  2.156 0.0000000000
39207  35.054  -81.698  1.462 0.0000000000
39225  35.822  -76.756  8.925 0.0000000000
39226  35.244  -77.131  7.670 0.0000000000
39227  34.812  -77.629  6.543 0.0000000000
39228  34.418  -78.141  5.351 0.0000000000
39229  31.960  -79.250  6.262 0.0000000000
39230  32.802  -78.861  5.050 0.0000000000
39231  34.017  -78.886  4.062 0.0000000000
39232  33.696  -79.938  2.995 0.0000000000
39233  33.490  -81.109  1.958 0.0000000000
39234  33.448  -82.280  1.099 0.0000000000
41296  35.738  -82.433  0.928 0.0000000000
41297  36.273  -82.714  0.842 0.0000000000
41298  35.613  -82.942  0.484 0.0000000000
45166  42.081  -80.547  4.319 0.0000000000
45167  42.519  -80.843  4.321 0.0000000000
45168  41.666  -81.032  3.848 0.0000000000
45169  39.416  -84.767  0.792 0.0000000000
45170  40.012  -84.486  1.188 0.0000000000
45171  39.954  -85.062  0.690 0.0000000000
45172  40.488  -85.314  0.411 0.0000000000
45173  39.861  -85.682  0.017 0.0000000000
49584  44.850  -81.553  3.036 0.0000000000
52292  36.530  -78.198  4.804 0.0000000000
52293  37.196  -78.375  4.551 0.0000000000
52294  36.411  -78.612  4.345 0.0000000000
52295  36.320  -79.105  3.859 0.0000000000
52296  35.656  -78.840  4.115 0.0000000000
52316  30.343  -80.947  4.623 0.0000000000
54766  38.589  -81.473  2.488 0.0000000000
54767  39.070  -81.784  2.493 0.0000000000
54768  38.293  -82.045  2.045 0.0000000000
54769  37.270  -83.367  0.738 0.0000000000
54770  37.909  -83.157  1.186 0.0000000000
54771  37.823  -83.697  0.774 0.0000000000
54772  38.358  -84.073  0.784 0.0000000000
54773  37.803  -84.247  0.388 0.0000000000
61895  36.787  -77.407  5.826 0.0000000000
61896  36.140  -77.340  6.219 0.0000000000
66379  43.405  -81.388  4.135 0.0000000000
66382  44.137  -81.668  3.654 0.0000000000
66383  43.281  -82.107  3.438 0.0000000000
66384  39.987  -82.506  2.569 0.0000000000
66385  40.815  -82.201  3.102 0.0000000000
66386  40.507  -82.765  2.620 0.0000000000
66387  41.296  -83.760  1.880 0.0000000000
66388  41.459  -83.276  2.453 0.0000000000
66389  41.972  -83.394  2.159 0.0000000000
66390  42.630  -83.090  2.423 0.0000000000
66391  42.473  -83.472  1.780 0.0000000000
66392  42.971  -83.455  1.355 0.0000000000
66393  42.350  -83.874  1.129 0.0000000000
66394  41.377  -85.197  -0.511 0.0000000000
66395  41.884  -84.572  -0.297 0.0000000000
79675  35.384  -84.073  -0.290 0.0000000000
79676  35.304  -84.788  -0.531 0.0000000000
79679  36.967  -85.883  -0.710 0.0000000000
79680  37.609  -85.555  -0.371 0.0000000000
79681  37.443  -86.275  -0.854 0.0000000000
79688  38.404  -86.890  -1.286 0.0000000000
79689  38.910  -87.002  -1.679 0.0000000000
79690  39.583  -86.633  -1.403 0.0000000000
87760  38.493  -79.009  4.253 0.0000000000
87761  39.299  -78.850  4.596 0.0000000000
87762  39.111  -79.354  4.195 0.0000000000
87763  39.845  -79.730  4.158 0.0000000000
87764  39.018  -79.917  3.757 0.0000000000
87765  38.981  -80.467  3.294 0.0000000000
87766  38.268  -80.132  3.391 0.0000000000
87767  36.075  -80.236  2.821 0.0000000000
87768  36.694  -80.581  2.676 0.0000000000
87769  35.957  -80.835  2.300 0.0000000000
87770  35.828  -81.413  1.768 0.0000000000
87771  35.172  -81.094  1.964 0.0000000000
87816  35.569  -77.098  9.484 0.0000000000
87817  35.202  -77.168  8.796 0.0000000000
87818  35.520  -76.898  8.264 0.0000000000
87819  34.890  -77.340  8.178 0.0000000000
87820  33.710  -78.143  6.945 0.0000000000
87821  34.365  -77.735  7.038 0.0000000000
87822  34.145  -77.943  6.458 0.0000000000
87823  34.614  -77.880  5.953 0.0000000000
87824  33.873  -78.161  5.821 0.0000000000
87825  31.050  -80.318  6.852 0.0000000000
87826  31.678  -79.668  6.845 0.0000000000
87827  31.276  -79.860  6.275 0.0000000000
87828  31.709  -79.643  4.410 0.0000000000
87829  32.009  -79.318  5.030 0.0000000000
87830  32.530  -79.202  4.475 0.0000000000
87831  33.388  -78.822  4.553 0.0000000000
87832  33.220  -79.204  3.959 0.0000000000
87833  33.875  -79.385  3.542 0.0000000000
87834  33.031  -79.728  3.420 0.0000000000
87835  31.939  -81.382  2.397 0.0000000000
87836  32.702  -80.902  2.323 0.0000000000
87837  32.655  -81.507  1.899 0.0000000000
87838  33.444  -81.687  1.511 0.0000000000
87839  32.598  -82.102  1.521 0.0000000000
87840  32.718  -82.640  1.037 0.0000000000
92764  37.085  -81.988  1.673 0.0000000000
92765  37.574  -82.306  1.608 0.0000000000
92766  36.894  -82.494  1.229 0.0000000000
92767  36.745  -83.029  0.756 0.0000000000
92768  36.660  -83.570  0.334 0.0000000000
99733  42.963  -81.114  4.264 0.0000000000
99734  42.473  -81.684  3.806 0.0000000000
99735  39.611  -83.654  1.733 0.0000000000
99736  40.301  -83.343  2.172 0.0000000000
99737  40.135  -83.984  1.709 0.0000000000
99738  40.652  -84.187  1.570 0.0000000000
99739  41.175  -84.304  1.312 0.0000000000
99740  41.730  -84.322  0.928 0.0000000000
99741  41.094  -84.851  0.694 0.0000000000
99742  40.983  -85.365  0.004 0.0000000000
99743  40.843  -85.754  -0.761 0.0000000000
112558  38.010  -77.747  5.220 0.0000000000
112560  37.910  -78.170  4.808 0.0000000000
112561  37.859  -78.664  4.378 0.0000000000
112562  37.733  -79.206  3.940 0.0000000000
112563  37.594  -79.795  3.503 0.0000000000
112564  36.976  -79.416  3.684 0.0000000000
112565  36.188  -79.654  3.320 0.0000000000
112566  35.334  -79.938  2.952 0.0000000000
112595  34.307  -77.816  8.115 0.0000000000
112596  33.729  -78.335  8.055 0.0000000000
112597  33.382  -78.463  7.463 0.0000000000
112598  33.041  -78.599  6.874 0.0000000000
112599  30.270  -80.891  5.794 0.0000000000
112600  30.935  -80.147  5.719 0.0000000000
112601  30.621  -80.484  5.178 0.0000000000
112602  31.044  -80.246  4.520 0.0000000000
112603  31.576  -80.177  3.908 0.0000000000
112604  32.193  -80.205  3.376 0.0000000000
112605  31.395  -80.732  3.402 0.0000000000
112606  31.290  -81.324  2.952 0.0000000000
116608  40.354  -81.020  3.304 0.0000000000
116609  40.819  -81.292  3.379 0.0000000000
116610  39.930  -81.539  2.938 0.0000000000
116611  39.560  -82.136  2.538 0.0000000000
116612  39.312  -82.726  2.096 0.0000000000
116613  38.047  -82.614  1.621 0.0000000000
116614  38.590  -82.948  1.642 0.0000000000
116615  39.118  -83.298  1.685 0.0000000000
116616  39.003  -83.860  1.284 0.0000000000
116617  38.890  -84.429  0.822 0.0000000000
116618  38.835  -85.010  0.391 0.0000000000
122793  44.224  -82.371  1.824 0.0000000000
122794  44.851  -81.680  2.040 0.0000000000
126589  37.401  -77.557  5.457 0.0000000000
126590  36.649  -77.786  5.291 0.0000000000
126591  35.851  -78.012  5.131 0.0000000000
132469  44.497  -81.638  3.366 0.0000000000
132470  44.025  -82.119  2.862 0.0000000000
132471  41.240  -81.607  3.443 0.0000000000
132472  41.607  -81.959  3.478 0.0000000000
132473  42.020  -82.233  3.408 0.0000000000
132474  40.996  -83.014  2.589 0.0000000000
132475  41.710  -82.734  2.966 0.0000000000
132476  42.458  -82.456  3.264 0.0000000000
132477  42.896  -82.590  3.013 0.0000000000
132478  43.295  -82.661  2.655 0.0000000000
132479  43.777  -82.561  2.279 0.0000000000
132480  43.649  -82.923  1.617 0.0000000000
132481  43.387  -83.199  0.844 0.0000000000
132483  42.142  -84.202  0.439 0.0000000000
139247  34.885  -83.219  0.193 0.0000000000
148845  35.490  -83.477  0.039 0.0000000000
148846  36.097  -83.766  -0.058 0.0000000000
148847  36.635  -84.115  -0.044 0.0000000000
148849  36.561  -84.819  -0.357 0.0000000000
148850  37.169  -84.491  -0.009 0.0000000000
148851  37.709  -84.856  0.009 0.0000000000
148852  38.215  -85.240  -0.015 0.0000000000
148853  38.696  -85.665  -0.143 0.0000000000
148861  38.571  -86.280  -0.719 0.0000000000
148862  39.218  -85.994  -0.341 0.0000000000
148863  39.733  -86.206  -0.659 0.0000000000
148864  40.228  -86.232  -1.089 0.0000000000
158568  40.477  -80.509  3.711 0.0000000000
158569  39.670  -80.748  3.246 0.0000000000
158570  38.849  -81.014  2.846 0.0000000000
158571  37.900  -81.266  2.482 0.0000000000
158572  37.443  -80.333  3.076 0.0000000000
158573  37.294  -80.915  2.574 0.0000000000
158574  37.133  -81.498  2.093 0.0000000000
158575  36.445  -81.713  1.657 0.0000000000
158576  35.751  -81.947  1.308 0.0000000000
158577  35.025  -82.208  1.043 0.0000000000
158634  35.704  -77.002  7.226 0.0000000000
158635  34.589  -77.541  7.598 0.0000000000
158636  35.009  -77.369  7.119 0.0000000000
158637  35.526  -77.319  6.651 0.0000000000
158638  35.322  -77.617  6.059 0.0000000000
158639  35.152  -77.869  5.490 0.0000000000
158640  35.033  -78.248  4.952 0.0000000000
158642  32.347  -79.093  6.837 0.0000000000
158643  32.692  -78.740  6.269 0.0000000000
158644  31.580  -79.525  5.672 0.0000000000
158645  32.333  -79.000  5.599 0.0000000000
158646  33.095  -78.533  5.676 0.0000000000
158647  33.628  -78.456  5.174 0.0000000000
158648  34.212  -78.508  4.728 0.0000000000
158649  34.879  -78.672  4.407 0.0000000000
158650  34.776  -79.096  3.814 0.0000000000
158651  34.598  -79.625  3.216 0.0000000000
158652  34.437  -80.228  2.640 0.0000000000
158653  32.839  -80.329  2.895 0.0000000000
158654  33.566  -80.520  2.439 0.0000000000
158655  34.384  -80.778  2.162 0.0000000000
158656  34.312  -81.366  1.683 0.0000000000
158657  34.246  -81.972  1.243 0.0000000000
158658  34.253  -82.479  0.826 0.0000000000
158659  33.523  -82.789  0.655 0.0000000000
