#!ascii label  , from subject fsaverage vox2ras=TkReg
628
22  48.439  25.941  5.158 0.0000000000
383  54.608  23.837  12.211 0.0000000000
727  43.714  24.615  7.623 0.0000000000
738  51.297  28.518  1.345 0.0000000000
739  47.387  30.278  -0.546 0.0000000000
740  44.302  27.447  4.030 0.0000000000
1618  50.516  32.896  -5.147 0.0000000000
1619  44.891  32.298  -3.268 0.0000000000
1852  53.064  27.415  4.461 0.0000000000
1853  52.699  24.376  7.529 0.0000000000
2647  45.975  25.389  6.410 0.0000000000
2648  45.460  23.499  8.188 0.0000000000
2649  47.738  24.408  7.477 0.0000000000
2658  50.094  27.030  3.323 0.0000000000
2659  47.833  28.145  2.680 0.0000000000
2660  46.387  26.841  4.425 0.0000000000
2661  43.854  26.261  5.850 0.0000000000
3655  51.325  33.203  -3.179 0.0000000000
3656  44.054  30.222  0.882 0.0000000000
3657  46.006  31.486  -1.665 0.0000000000
3658  42.821  31.551  -0.335 0.0000000000
4073  53.694  27.423  6.204 0.0000000000
4116  52.950  29.461  3.241 0.0000000000
4770  54.291  23.929  9.285 0.0000000000
5920  44.763  21.175  8.885 0.0000000000
5936  51.914  30.285  -0.313 0.0000000000
5937  50.793  30.808  -1.701 0.0000000000
5938  49.062  29.080  0.431 0.0000000000
5939  45.452  28.822  1.876 0.0000000000
5940  42.332  28.492  3.228 0.0000000000
7615  49.353  31.657  -2.870 0.0000000000
7616  48.072  32.072  -4.354 0.0000000000
8182  51.161  26.360  4.391 0.0000000000
8183  50.537  25.391  6.371 0.0000000000
8184  52.866  26.072  5.795 0.0000000000
8185  54.203  25.804  7.806 0.0000000000
8186  54.260  25.638  10.142 0.0000000000
8189  53.641  25.150  13.267 0.0000000000
8237  52.570  29.860  1.446 0.0000000000
8238  52.334  27.819  2.890 0.0000000000
9051  49.911  23.272  7.948 0.0000000000
10327  47.143  25.668  5.732 0.0000000000
10328  46.832  24.897  6.955 0.0000000000
10329  47.945  25.278  6.368 0.0000000000
10338  49.184  26.488  4.168 0.0000000000
10339  48.234  27.022  3.811 0.0000000000
10340  47.387  26.336  4.731 0.0000000000
10341  46.100  26.086  5.374 0.0000000000
11336  42.483  30.226  1.615 0.0000000000
11337  43.433  31.013  0.306 0.0000000000
11338  41.832  30.946  1.176 0.0000000000
12450  54.553  23.908  10.641 0.0000000000
12451  54.090  22.886  10.126 0.0000000000
12452  54.448  22.884  11.600 0.0000000000
13704  43.466  23.619  8.484 0.0000000000
13705  46.208  22.884  8.259 0.0000000000
13706  45.073  22.357  8.558 0.0000000000
13707  45.836  21.730  8.511 0.0000000000
13733  51.769  29.323  0.494 0.0000000000
13734  50.848  29.455  -0.158 0.0000000000
13735  50.237  28.734  0.780 0.0000000000
13736  46.022  27.808  3.355 0.0000000000
13737  46.575  28.406  2.366 0.0000000000
13738  44.891  28.028  2.978 0.0000000000
13739  43.881  28.606  2.528 0.0000000000
13740  43.208  27.772  3.631 0.0000000000
13742  42.962  27.180  4.659 0.0000000000
13743  43.692  25.466  6.796 0.0000000000
13744  42.732  25.939  6.610 0.0000000000
16726  49.236  30.292  -1.162 0.0000000000
16727  50.084  31.281  -2.251 0.0000000000
16728  48.431  30.986  -1.639 0.0000000000
16729  45.386  31.929  -2.411 0.0000000000
16730  47.060  31.806  -3.028 0.0000000000
16731  46.518  32.183  -3.830 0.0000000000
17977  52.321  26.767  4.278 0.0000000000
17978  52.045  26.247  5.045 0.0000000000
17979  52.984  26.692  4.964 0.0000000000
17980  53.830  27.466  7.316 0.0000000000
17981  54.018  26.702  7.046 0.0000000000
17982  54.219  26.592  8.130 0.0000000000
17983  54.431  25.715  8.882 0.0000000000
17984  54.030  26.480  9.240 0.0000000000
18108  53.029  28.356  3.699 0.0000000000
18109  52.797  28.504  2.950 0.0000000000
18110  52.670  27.555  3.642 0.0000000000
18111  51.869  26.902  3.649 0.0000000000
20070  51.677  24.846  6.911 0.0000000000
20071  50.154  24.398  7.478 0.0000000000
20072  51.344  23.785  7.766 0.0000000000
23197  44.789  25.002  7.030 0.0000000000
23198  44.629  24.099  7.890 0.0000000000
23199  45.712  24.510  7.428 0.0000000000
23200  46.608  23.979  7.817 0.0000000000
23216  50.820  27.814  2.357 0.0000000000
23217  49.688  28.281  1.878 0.0000000000
23218  49.102  27.695  2.934 0.0000000000
23219  47.227  27.543  3.632 0.0000000000
23220  45.429  27.271  4.201 0.0000000000
23221  44.035  26.983  4.851 0.0000000000
23222  45.094  26.630  5.070 0.0000000000
23223  44.905  25.806  6.051 0.0000000000
25011  50.889  33.119  -4.158 0.0000000000
25012  45.649  30.233  0.248 0.0000000000
25013  46.746  30.961  -1.008 0.0000000000
25014  45.017  30.930  -0.402 0.0000000000
25015  44.409  31.519  -1.050 0.0000000000
25016  43.848  31.964  -1.827 0.0000000000
25017  43.343  32.280  -2.645 0.0000000000
25018  42.202  31.941  -1.059 0.0000000000
25762  53.249  28.415  4.627 0.0000000000
25763  53.480  27.436  5.271 0.0000000000
25764  53.413  28.285  5.599 0.0000000000
27018  53.684  24.019  8.277 0.0000000000
27019  52.459  23.276  8.203 0.0000000000
27020  53.408  22.976  8.992 0.0000000000
29172  44.270  23.005  8.566 0.0000000000
29173  44.002  21.827  8.998 0.0000000000
29212  51.348  30.392  -1.070 0.0000000000
29213  49.913  29.766  -0.769 0.0000000000
29214  48.076  29.605  -0.105 0.0000000000
29215  48.454  28.649  1.573 0.0000000000
29216  47.258  28.983  1.152 0.0000000000
29217  46.318  29.597  0.703 0.0000000000
29218  44.678  29.462  1.421 0.0000000000
29219  43.106  29.359  2.105 0.0000000000
30774  54.637  23.831  13.815 0.0000000000
33283  51.230  31.994  -2.523 0.0000000000
33284  50.664  32.220  -3.265 0.0000000000
33285  50.084  32.227  -4.040 0.0000000000
33286  47.724  31.487  -2.244 0.0000000000
33287  48.698  31.857  -3.529 0.0000000000
33288  49.526  32.177  -4.811 0.0000000000
33289  49.196  32.213  -5.671 0.0000000000
34852  49.824  26.150  4.713 0.0000000000
34853  49.465  25.700  5.736 0.0000000000
34854  50.823  25.964  5.319 0.0000000000
34855  51.767  25.681  5.936 0.0000000000
34856  52.742  25.309  6.699 0.0000000000
34857  53.533  26.708  5.917 0.0000000000
34858  53.604  25.960  6.786 0.0000000000
34859  53.663  24.996  7.486 0.0000000000
34860  54.339  24.917  8.503 0.0000000000
34861  54.511  24.813  9.647 0.0000000000
34862  54.438  24.751  11.095 0.0000000000
34869  53.561  26.258  10.483 0.0000000000
34870  53.866  25.423  11.568 0.0000000000
34871  54.296  24.624  12.791 0.0000000000
35010  52.339  30.066  0.599 0.0000000000
35011  52.196  29.110  1.244 0.0000000000
35012  52.802  29.556  2.361 0.0000000000
35013  52.590  28.884  2.161 0.0000000000
35014  51.899  28.169  2.130 0.0000000000
35015  51.422  27.336  3.011 0.0000000000
35016  50.650  26.591  3.814 0.0000000000
37395  49.076  24.945  6.939 0.0000000000
37396  48.820  23.911  7.837 0.0000000000
37397  48.399  22.800  8.045 0.0000000000
37398  50.945  22.686  8.163 0.0000000000
41047  47.764  25.805  5.420 0.0000000000
41048  47.545  25.454  6.037 0.0000000000
41049  48.170  25.608  5.728 0.0000000000
41058  48.792  26.233  4.647 0.0000000000
41059  48.254  26.448  4.412 0.0000000000
41060  47.890  26.124  4.896 0.0000000000
41061  47.219  26.001  5.188 0.0000000000
42057  42.128  30.593  1.426 0.0000000000
43170  54.579  23.869  11.400 0.0000000000
43171  54.568  23.446  11.140 0.0000000000
43172  54.614  23.376  11.913 0.0000000000
44422  43.154  24.423  7.945 0.0000000000
44423  43.032  23.941  8.387 0.0000000000
44424  43.659  24.175  8.076 0.0000000000
44426  46.001  22.317  8.382 0.0000000000
44453  51.567  28.853  0.865 0.0000000000
44454  51.097  28.934  0.537 0.0000000000
44455  50.796  28.591  1.026 0.0000000000
44456  45.182  27.618  3.637 0.0000000000
44457  45.426  27.859  3.183 0.0000000000
44458  44.611  27.705  3.520 0.0000000000
44459  44.085  27.887  3.294 0.0000000000
44460  43.731  27.550  3.881 0.0000000000
44461  43.058  27.443  4.160 0.0000000000
44462  43.617  27.325  4.334 0.0000000000
44463  43.663  25.037  7.223 0.0000000000
44465  43.146  24.846  7.538 0.0000000000
47441  50.706  33.435  -5.107 0.0000000000
47445  50.369  32.830  -5.591 0.0000000000
47446  48.315  30.204  -0.853 0.0000000000
47447  48.844  30.640  -1.403 0.0000000000
47448  47.999  30.600  -1.090 0.0000000000
47449  45.115  32.120  -2.823 0.0000000000
47450  45.952  32.116  -3.145 0.0000000000
47451  45.670  32.215  -3.519 0.0000000000
47452  46.266  32.253  -4.222 0.0000000000
47453  45.475  32.341  -3.967 0.0000000000
47455  44.719  32.402  -3.743 0.0000000000
48697  52.752  27.063  4.346 0.0000000000
48698  52.657  26.748  4.649 0.0000000000
48699  53.046  27.057  4.698 0.0000000000
48700  53.783  27.414  7.881 0.0000000000
48701  54.031  27.062  7.723 0.0000000000
48702  53.995  26.962  8.298 0.0000000000
48703  54.168  26.520  8.688 0.0000000000
48704  53.888  26.887  8.810 0.0000000000
48828  53.062  27.868  4.081 0.0000000000
48829  52.886  27.945  3.659 0.0000000000
48830  52.853  27.473  4.045 0.0000000000
48831  52.523  27.117  3.989 0.0000000000
50790  52.172  24.545  7.189 0.0000000000
50791  51.508  24.338  7.387 0.0000000000
50792  52.040  24.050  7.581 0.0000000000
54022  45.335  25.228  6.710 0.0000000000
54023  45.261  24.752  7.211 0.0000000000
54024  45.832  24.967  6.955 0.0000000000
54025  47.291  24.665  7.257 0.0000000000
54026  46.733  24.464  7.445 0.0000000000
54027  47.177  24.208  7.652 0.0000000000
54028  47.004  23.673  7.950 0.0000000000
54029  47.596  23.924  7.832 0.0000000000
54053  50.544  27.429  2.843 0.0000000000
54054  49.989  27.742  2.620 0.0000000000
54055  49.630  27.376  3.099 0.0000000000
54056  47.333  26.987  4.136 0.0000000000
54057  47.770  27.306  3.697 0.0000000000
54058  46.832  27.208  3.998 0.0000000000
54059  46.302  27.405  3.904 0.0000000000
54060  45.939  27.070  4.320 0.0000000000
54061  45.264  26.959  4.610 0.0000000000
54062  45.711  26.731  4.729 0.0000000000
54063  46.031  25.733  5.880 0.0000000000
54064  45.507  25.942  5.709 0.0000000000
54065  45.419  25.563  6.206 0.0000000000
54066  44.806  25.415  6.567 0.0000000000
57045  51.098  33.181  -3.657 0.0000000000
57046  44.855  30.243  0.572 0.0000000000
57047  45.384  30.588  -0.062 0.0000000000
57048  44.534  30.616  0.254 0.0000000000
57049  43.135  31.291  0.021 0.0000000000
57050  43.942  31.288  -0.373 0.0000000000
57051  43.622  31.555  -0.712 0.0000000000
57052  44.118  31.765  -1.422 0.0000000000
57053  43.324  31.768  -1.090 0.0000000000
57054  43.017  31.947  -1.472 0.0000000000
57055  42.521  31.758  -0.712 0.0000000000
58297  53.202  28.785  4.763 0.0000000000
58298  53.365  28.336  5.091 0.0000000000
58431  53.119  28.892  4.318 0.0000000000
60390  54.052  23.971  8.755 0.0000000000
60391  53.554  23.485  8.645 0.0000000000
60392  53.936  23.488  9.089 0.0000000000
64155  45.014  23.789  8.020 0.0000000000
64156  44.477  23.560  8.256 0.0000000000
64157  44.875  23.262  8.348 0.0000000000
64158  44.918  21.769  8.715 0.0000000000
64159  44.529  22.090  8.797 0.0000000000
64160  44.403  21.496  8.971 0.0000000000
64161  43.891  21.227  9.167 0.0000000000
64240  51.632  30.329  -0.691 0.0000000000
64241  50.017  29.208  0.081 0.0000000000
64242  50.364  29.569  -0.488 0.0000000000
64243  49.454  29.386  -0.187 0.0000000000
64244  49.037  29.672  -0.468 0.0000000000
64245  48.485  29.297  0.133 0.0000000000
64246  48.867  28.274  2.248 0.0000000000
64247  49.099  28.513  1.691 0.0000000000
64248  48.133  28.408  2.121 0.0000000000
64249  45.978  28.569  2.145 0.0000000000
64250  46.904  28.686  1.814 0.0000000000
64251  46.330  28.936  1.555 0.0000000000
64252  46.740  29.301  0.915 0.0000000000
64253  45.864  29.224  1.301 0.0000000000
64254  45.445  29.527  1.100 0.0000000000
64255  45.050  29.139  1.630 0.0000000000
64256  43.115  28.549  2.864 0.0000000000
64257  43.510  28.988  2.325 0.0000000000
64258  42.732  28.965  2.662 0.0000000000
64259  42.352  29.366  2.442 0.0000000000
64260  41.960  28.917  3.036 0.0000000000
64268  43.925  26.634  5.342 0.0000000000
64269  43.357  26.819  5.250 0.0000000000
64270  43.297  26.455  5.743 0.0000000000
73216  51.337  31.193  -1.783 0.0000000000
73217  51.447  31.853  -2.143 0.0000000000
73218  51.065  31.393  -2.116 0.0000000000
73219  49.732  31.513  -2.588 0.0000000000
73220  50.405  31.775  -2.775 0.0000000000
73221  50.064  31.877  -3.089 0.0000000000
73222  50.417  32.251  -3.638 0.0000000000
73223  49.742  31.987  -3.463 0.0000000000
73224  46.355  31.228  -1.338 0.0000000000
73225  47.227  31.234  -1.616 0.0000000000
73226  46.866  31.464  -1.983 0.0000000000
73227  47.573  31.950  -3.739 0.0000000000
73228  47.896  31.794  -3.331 0.0000000000
73229  48.377  31.960  -3.949 0.0000000000
73230  49.100  32.054  -4.154 0.0000000000
73231  48.844  32.098  -4.586 0.0000000000
73232  49.346  32.190  -5.285 0.0000000000
73233  48.640  32.114  -5.017 0.0000000000
73246  42.506  32.242  -2.250 0.0000000000
76972  50.506  26.266  4.531 0.0000000000
76973  50.350  26.071  5.031 0.0000000000
76974  50.980  26.162  4.847 0.0000000000
76975  52.476  26.167  5.380 0.0000000000
76976  51.945  26.000  5.461 0.0000000000
76977  52.372  25.848  5.850 0.0000000000
76978  52.291  25.473  6.336 0.0000000000
76979  52.802  25.728  6.287 0.0000000000
76980  53.618  27.444  5.744 0.0000000000
76981  53.514  27.047  5.540 0.0000000000
76982  53.697  27.100  6.013 0.0000000000
76983  54.148  26.250  7.434 0.0000000000
76984  53.859  26.321  6.899 0.0000000000
76985  53.934  25.874  7.283 0.0000000000
76986  53.613  25.486  7.130 0.0000000000
76987  53.956  25.404  7.632 0.0000000000
76988  54.058  24.943  7.990 0.0000000000
76989  54.271  25.359  8.160 0.0000000000
76990  54.384  25.675  9.469 0.0000000000
76991  54.509  25.291  9.264 0.0000000000
76992  54.448  25.242  9.892 0.0000000000
76993  54.493  24.798  10.339 0.0000000000
76994  54.361  25.205  10.586 0.0000000000
77014  53.474  25.687  11.786 0.0000000000
77015  53.714  25.304  12.387 0.0000000000
77016  54.071  25.019  12.162 0.0000000000
77017  54.018  24.914  13.049 0.0000000000
77018  54.263  24.569  13.643 0.0000000000
77019  53.974  24.835  13.885 0.0000000000
77358  52.490  30.410  1.151 0.0000000000
77359  52.401  30.525  0.683 0.0000000000
77360  52.455  29.980  0.990 0.0000000000
77361  52.294  29.572  0.921 0.0000000000
77362  52.445  29.504  1.345 0.0000000000
77365  52.859  29.447  2.798 0.0000000000
77366  52.655  28.141  2.918 0.0000000000
77367  52.719  28.702  2.579 0.0000000000
77368  52.475  28.336  2.516 0.0000000000
77369  52.319  28.512  2.110 0.0000000000
77370  52.135  28.004  2.506 0.0000000000
77371  51.680  27.756  2.584 0.0000000000
77372  51.933  27.540  2.919 0.0000000000
77373  51.528  26.593  3.971 0.0000000000
77374  51.307  26.705  3.702 0.0000000000
77375  50.910  26.448  4.083 0.0000000000
77376  50.209  26.362  4.245 0.0000000000
83250  49.967  25.555  6.039 0.0000000000
83251  49.238  25.362  6.339 0.0000000000
83252  49.740  25.167  6.674 0.0000000000
83253  50.107  23.871  7.783 0.0000000000
83254  49.521  24.173  7.636 0.0000000000
83255  49.365  23.607  7.891 0.0000000000
83256  48.605  23.376  8.005 0.0000000000
83257  49.140  23.032  8.024 0.0000000000
83258  52.285  22.762  8.505 0.0000000000
83259  51.700  22.943  8.190 0.0000000000
92317  46.570  25.549  6.088 0.0000000000
92318  46.408  25.150  6.689 0.0000000000
92319  46.955  25.294  6.365 0.0000000000
92320  47.365  25.082  6.675 0.0000000000
92321  47.837  24.860  6.975 0.0000000000
92336  49.608  26.737  3.718 0.0000000000
92337  49.176  27.028  3.532 0.0000000000
92338  48.685  26.719  3.957 0.0000000000
92339  47.782  26.693  4.255 0.0000000000
92340  46.903  26.588  4.591 0.0000000000
92341  46.214  26.463  4.889 0.0000000000
92342  46.696  26.215  5.037 0.0000000000
92343  46.621  25.890  5.550 0.0000000000
94131  51.487  33.217  -2.730 0.0000000000
94132  43.252  30.207  1.247 0.0000000000
94133  43.736  30.622  0.589 0.0000000000
94134  42.936  30.638  0.973 0.0000000000
94135  42.633  30.967  0.745 0.0000000000
94136  42.334  31.292  0.454 0.0000000000
94137  42.014  31.543  0.099 0.0000000000
96138  54.474  23.871  9.926 0.0000000000
96139  54.218  23.392  9.693 0.0000000000
96140  54.423  23.369  10.387 0.0000000000
98397  45.840  23.182  8.254 0.0000000000
98398  45.254  22.933  8.400 0.0000000000
98399  45.620  22.608  8.377 0.0000000000
98400  45.448  22.040  8.500 0.0000000000
98401  45.290  21.455  8.669 0.0000000000
98447  51.847  29.785  0.063 0.0000000000
98448  51.458  29.803  -0.274 0.0000000000
98449  51.353  29.366  0.146 0.0000000000
98450  50.582  29.072  0.312 0.0000000000
98451  49.652  28.937  0.645 0.0000000000
98452  46.905  27.988  3.063 0.0000000000
98453  47.184  28.276  2.534 0.0000000000
98454  46.288  28.094  2.884 0.0000000000
98455  45.686  28.211  2.677 0.0000000000
98456  45.081  28.424  2.433 0.0000000000
98457  44.647  28.715  2.186 0.0000000000
98458  44.325  28.287  2.742 0.0000000000
98459  43.541  28.175  3.050 0.0000000000
98460  42.732  28.083  3.406 0.0000000000
98462  42.520  27.652  3.934 0.0000000000
98465  43.825  25.891  6.346 0.0000000000
98466  43.287  26.091  6.226 0.0000000000
98467  43.229  25.700  6.695 0.0000000000
103834  50.049  30.476  -1.472 0.0000000000
103835  50.468  31.021  -1.965 0.0000000000
103836  49.710  30.769  -1.715 0.0000000000
103837  49.273  31.147  -1.983 0.0000000000
103838  48.895  31.324  -2.243 0.0000000000
103839  45.655  31.703  -2.008 0.0000000000
103840  46.522  31.657  -2.336 0.0000000000
103841  46.239  31.874  -2.719 0.0000000000
103842  46.761  32.001  -3.430 0.0000000000
103843  47.276  32.088  -4.107 0.0000000000
103844  47.830  32.133  -4.743 0.0000000000
103845  47.032  32.185  -4.458 0.0000000000
103846  46.867  32.275  -4.927 0.0000000000
106087  51.771  26.512  4.285 0.0000000000
106088  51.584  26.258  4.701 0.0000000000
106089  52.163  26.491  4.653 0.0000000000
106090  52.538  26.434  4.971 0.0000000000
106091  52.925  26.373  5.335 0.0000000000
106092  53.767  27.414  6.724 0.0000000000
106093  53.841  27.047  6.593 0.0000000000
106094  53.969  27.080  7.172 0.0000000000
106095  54.149  26.660  7.579 0.0000000000
106096  54.308  26.201  7.971 0.0000000000
106097  54.422  25.763  8.343 0.0000000000
106098  54.343  26.144  8.510 0.0000000000
106099  54.279  26.101  9.054 0.0000000000
106100  54.139  26.079  9.693 0.0000000000
106322  52.996  28.879  3.420 0.0000000000
106323  52.890  28.922  3.054 0.0000000000
106324  52.903  28.394  3.305 0.0000000000
106325  52.756  28.016  3.281 0.0000000000
106326  52.582  27.628  3.268 0.0000000000
106327  52.142  27.338  3.275 0.0000000000
106328  52.353  27.182  3.626 0.0000000000
106329  52.075  26.828  3.935 0.0000000000
109854  51.112  25.151  6.639 0.0000000000
109855  50.314  24.921  6.978 0.0000000000
109856  50.922  24.638  7.197 0.0000000000
109857  50.778  24.087  7.603 0.0000000000
109858  50.626  23.526  7.857 0.0000000000
115567  44.241  24.792  7.330 0.0000000000
115568  44.188  24.356  7.755 0.0000000000
115569  44.714  24.540  7.488 0.0000000000
115570  45.136  24.282  7.644 0.0000000000
115571  45.584  24.020  7.841 0.0000000000
115572  46.276  24.730  7.212 0.0000000000
115573  46.156  24.247  7.638 0.0000000000
115574  46.019  23.732  8.000 0.0000000000
115575  46.419  23.431  8.117 0.0000000000
115576  46.802  23.127  8.140 0.0000000000
115610  51.050  28.177  1.851 0.0000000000
115611  50.501  28.322  1.583 0.0000000000
115612  50.233  28.051  2.095 0.0000000000
115613  49.417  28.014  2.422 0.0000000000
115614  48.541  27.980  2.816 0.0000000000
115615  48.719  27.322  3.381 0.0000000000
115616  48.177  27.608  3.264 0.0000000000
115617  47.543  27.858  3.191 0.0000000000
115618  46.634  27.711  3.511 0.0000000000
115619  45.747  27.547  3.785 0.0000000000
115620  44.896  27.401  4.077 0.0000000000
115621  44.173  27.255  4.423 0.0000000000
115622  44.743  27.139  4.487 0.0000000000
115623  44.592  26.816  4.932 0.0000000000
115624  44.445  26.449  5.456 0.0000000000
115625  45.584  26.355  5.221 0.0000000000
115626  44.964  26.256  5.553 0.0000000000
115627  44.384  26.059  5.949 0.0000000000
115628  44.308  25.644  6.436 0.0000000000
115629  44.205  25.227  6.922 0.0000000000
119798  50.839  33.573  -4.521 0.0000000000
119799  50.662  32.981  -4.653 0.0000000000
119800  46.515  30.282  -0.152 0.0000000000
119801  47.085  30.633  -0.761 0.0000000000
119802  46.211  30.615  -0.389 0.0000000000
119803  45.876  30.916  -0.699 0.0000000000
119804  45.521  31.259  -1.026 0.0000000000
119805  44.210  30.965  -0.076 0.0000000000
119806  44.698  31.263  -0.724 0.0000000000
119807  45.205  31.529  -1.356 0.0000000000
119808  44.876  31.726  -1.717 0.0000000000
119809  44.615  31.940  -2.124 0.0000000000
119810  44.379  32.143  -2.550 0.0000000000
119811  44.161  32.315  -3.002 0.0000000000
119812  43.610  32.155  -2.238 0.0000000000
119813  42.753  32.115  -1.846 0.0000000000
119814  41.923  32.075  -1.402 0.0000000000
121552  53.220  27.879  4.551 0.0000000000
121553  53.265  27.460  4.838 0.0000000000
121554  53.366  27.942  4.955 0.0000000000
121555  53.505  27.861  5.428 0.0000000000
121556  53.576  27.816  5.917 0.0000000000
121559  53.604  27.817  6.392 0.0000000000
121560  53.623  27.860  6.931 0.0000000000
121739  53.048  28.841  3.842 0.0000000000
121740  53.133  28.363  4.147 0.0000000000
124482  53.233  24.186  7.873 0.0000000000
124483  52.622  23.823  7.896 0.0000000000
124484  53.114  23.614  8.237 0.0000000000
124485  52.968  23.091  8.572 0.0000000000
124487  53.797  22.935  9.469 0.0000000000
129648  44.072  23.865  8.154 0.0000000000
129649  43.882  23.310  8.514 0.0000000000
129651  44.680  22.698  8.631 0.0000000000
129652  44.112  22.422  8.809 0.0000000000
129654  43.472  21.557  9.210 0.0000000000
129756  51.084  30.542  -1.395 0.0000000000
129757  51.087  29.886  -0.623 0.0000000000
129758  50.734  29.986  -0.968 0.0000000000
129759  50.367  30.175  -1.268 0.0000000000
129760  49.558  30.032  -0.980 0.0000000000
129761  48.668  29.951  -0.675 0.0000000000
129762  47.704  29.877  -0.296 0.0000000000
129763  49.941  28.513  1.342 0.0000000000
129764  49.346  28.718  1.172 0.0000000000
129765  48.751  28.856  1.042 0.0000000000
129766  47.510  28.534  1.987 0.0000000000
129767  47.838  28.776  1.406 0.0000000000
129768  48.158  29.025  0.782 0.0000000000
129769  47.606  29.280  0.514 0.0000000000
129770  47.127  29.592  0.317 0.0000000000
129771  46.825  29.944  0.080 0.0000000000
129772  45.962  29.913  0.483 0.0000000000
129773  45.117  29.843  0.864 0.0000000000
129774  44.346  29.839  1.158 0.0000000000
129775  44.302  29.067  1.951 0.0000000000
129776  43.912  29.402  1.753 0.0000000000
129777  43.556  29.787  1.508 0.0000000000
129778  42.759  29.764  1.873 0.0000000000
129779  42.034  29.793  2.230 0.0000000000
129791  43.481  27.089  4.789 0.0000000000
129794  42.736  26.321  6.119 0.0000000000
133998  54.637  23.871  13.065 0.0000000000
133999  54.698  23.398  12.770 0.0000000000
141008  51.525  32.499  -2.499 0.0000000000
141009  51.312  32.613  -2.894 0.0000000000
141010  50.747  31.598  -2.436 0.0000000000
141011  50.957  32.140  -2.903 0.0000000000
141012  51.063  32.664  -3.295 0.0000000000
141013  50.843  32.670  -3.733 0.0000000000
141014  50.617  32.607  -4.165 0.0000000000
141015  50.372  32.511  -4.631 0.0000000000
141016  47.615  30.952  -1.335 0.0000000000
141017  48.051  31.251  -1.907 0.0000000000
141018  48.568  31.532  -2.546 0.0000000000
141019  47.345  31.630  -2.651 0.0000000000
141020  48.230  31.700  -2.882 0.0000000000
141021  49.018  31.792  -3.184 0.0000000000
141022  49.408  32.010  -3.802 0.0000000000
141023  49.786  32.210  -4.426 0.0000000000
141024  50.143  32.445  -5.044 0.0000000000
141025  49.935  32.442  -5.436 0.0000000000
141026  49.826  32.450  -5.875 0.0000000000
141043  43.929  32.361  -3.472 0.0000000000
145582  49.124  26.063  4.909 0.0000000000
145583  48.959  25.808  5.435 0.0000000000
145584  49.631  25.946  5.198 0.0000000000
145585  50.148  25.839  5.515 0.0000000000
145586  50.649  25.729  5.806 0.0000000000
145587  51.446  26.081  5.149 0.0000000000
145588  51.303  25.845  5.625 0.0000000000
145589  51.174  25.539  6.121 0.0000000000
145590  51.718  25.291  6.424 0.0000000000
145591  52.245  25.015  6.798 0.0000000000
145592  52.700  24.857  7.103 0.0000000000
145593  53.291  27.043  5.104 0.0000000000
145594  53.295  26.662  5.381 0.0000000000
145595  53.264  26.354  5.843 0.0000000000
145596  53.765  26.720  6.474 0.0000000000
145597  53.553  26.356  6.374 0.0000000000
145598  53.237  26.004  6.282 0.0000000000
145599  53.204  25.616  6.684 0.0000000000
145600  53.163  25.189  7.027 0.0000000000
145601  53.208  24.689  7.479 0.0000000000
145602  53.755  24.524  7.874 0.0000000000
145603  54.081  24.453  8.365 0.0000000000
145604  54.308  24.400  8.889 0.0000000000
145605  54.470  25.342  8.711 0.0000000000
145606  54.470  24.865  9.061 0.0000000000
145607  54.460  24.352  9.440 0.0000000000
145608  54.529  24.349  10.122 0.0000000000
145609  54.536  24.327  10.870 0.0000000000
145610  54.512  24.295  11.651 0.0000000000
145630  53.806  26.402  9.849 0.0000000000
145631  53.923  25.982  10.319 0.0000000000
145633  53.680  25.854  11.011 0.0000000000
145634  54.050  25.552  10.809 0.0000000000
145635  54.202  25.106  11.336 0.0000000000
145636  54.336  24.703  11.901 0.0000000000
145637  54.501  24.284  12.486 0.0000000000
145638  54.499  24.271  13.361 0.0000000000
145639  54.455  24.163  14.163 0.0000000000
146049  52.337  30.600  0.273 0.0000000000
146050  52.147  30.160  0.152 0.0000000000
146051  52.106  29.678  0.528 0.0000000000
146052  51.977  29.210  0.869 0.0000000000
146053  51.806  28.760  1.260 0.0000000000
146056  52.701  29.699  1.912 0.0000000000
146057  52.812  29.060  2.673 0.0000000000
146058  52.736  29.211  2.243 0.0000000000
146059  52.596  29.371  1.801 0.0000000000
146060  52.410  29.020  1.720 0.0000000000
146061  52.087  28.607  1.655 0.0000000000
146062  51.609  28.341  1.725 0.0000000000
146063  51.383  27.966  2.242 0.0000000000
146064  51.156  27.587  2.694 0.0000000000
146065  50.806  27.161  3.151 0.0000000000
146066  51.657  27.074  3.327 0.0000000000
146067  51.089  26.886  3.440 0.0000000000
146068  50.378  26.803  3.570 0.0000000000
146069  49.922  26.528  3.975 0.0000000000
146070  49.493  26.298  4.431 0.0000000000
153147  48.717  25.503  6.036 0.0000000000
153148  48.526  25.152  6.637 0.0000000000
153149  48.412  24.698  7.254 0.0000000000
153150  49.596  24.693  7.246 0.0000000000
153151  48.951  24.451  7.466 0.0000000000
153152  48.268  24.183  7.689 0.0000000000
153153  48.083  23.661  7.938 0.0000000000
153156  51.897  23.527  7.920 0.0000000000
153157  51.158  23.216  7.976 0.0000000000
153158  50.427  22.959  8.011 0.0000000000
153161  49.679  22.708  8.021 0.0000000000
153162  48.905  22.480  8.062 0.0000000000
153174  54.609  22.913  12.447 0.0000000000
