#!ascii label  , from subject fsaverage vox2ras=TkReg
242
297  21.848  -84.605  37.416 0.0000000000
775  18.448  -78.153  41.870 0.0000000000
776  22.040  -79.376  42.773 0.0000000000
777  19.146  -83.896  39.793 0.0000000000
2695  19.456  -79.119  40.013 0.0000000000
2696  19.696  -80.622  41.419 0.0000000000
3768  22.508  -82.021  40.382 0.0000000000
3769  23.754  -79.145  41.119 0.0000000000
3770  23.672  -81.837  38.382 0.0000000000
6005  19.902  -79.065  43.315 0.0000000000
6006  21.013  -81.676  41.571 0.0000000000
6007  20.475  -84.463  39.284 0.0000000000
7772  22.126  -76.568  43.399 0.0000000000
7773  23.766  -75.449  42.026 0.0000000000
10376  19.448  -80.921  39.132 0.0000000000
11448  22.323  -83.354  39.060 0.0000000000
11449  23.138  -81.999  39.519 0.0000000000
11450  22.939  -83.333  37.913 0.0000000000
11451  23.269  -83.237  36.717 0.0000000000
13847  19.014  -78.699  42.825 0.0000000000
13848  19.669  -82.254  40.545 0.0000000000
13849  20.374  -81.265  41.676 0.0000000000
13850  20.237  -82.776  40.722 0.0000000000
13851  20.904  -83.156  40.439 0.0000000000
13852  19.710  -84.246  39.715 0.0000000000
13853  18.843  -85.387  38.842 0.0000000000
13854  18.169  -85.029  39.081 0.0000000000
17063  21.048  -78.148  43.636 0.0000000000
17064  21.022  -77.009  43.910 0.0000000000
17065  22.251  -78.076  43.150 0.0000000000
17067  23.924  -77.419  41.652 0.0000000000
17072  24.987  -77.278  38.076 0.0000000000
23283  18.890  -78.541  41.163 0.0000000000
23284  19.291  -79.291  42.014 0.0000000000
23285  19.450  -79.908  40.854 0.0000000000
23286  19.441  -81.596  39.994 0.0000000000
23287  18.699  -83.313  39.413 0.0000000000
25214  22.398  -80.688  41.608 0.0000000000
25215  22.989  -79.331  42.008 0.0000000000
25216  23.206  -80.641  40.742 0.0000000000
25217  23.853  -80.472  39.800 0.0000000000
25218  24.327  -80.059  38.726 0.0000000000
25219  24.615  -79.386  37.663 0.0000000000
25220  24.058  -81.458  37.149 0.0000000000
29370  19.743  -78.111  43.786 0.0000000000
29371  20.943  -79.237  43.220 0.0000000000
29372  19.932  -79.894  42.539 0.0000000000
29373  20.691  -80.249  42.550 0.0000000000
29374  21.546  -80.559  42.172 0.0000000000
29375  21.718  -82.000  41.052 0.0000000000
29376  21.608  -83.303  39.898 0.0000000000
29377  21.210  -84.570  38.519 0.0000000000
29379  19.626  -85.523  38.167 0.0000000000
29382  16.456  -85.565  38.523 0.0000000000
33713  23.241  -77.849  42.458 0.0000000000
33714  23.092  -76.069  42.811 0.0000000000
33722  24.899  -78.590  36.580 0.0000000000
35426  18.213  -77.589  40.739 0.0000000000
35427  18.877  -77.873  40.040 0.0000000000
35428  19.662  -78.421  38.866 0.0000000000
42168  22.140  -84.005  38.268 0.0000000000
42169  22.673  -83.339  38.520 0.0000000000
42170  22.505  -83.964  37.724 0.0000000000
42171  22.670  -84.038  37.011 0.0000000000
44568  19.437  -83.100  40.186 0.0000000000
44569  19.931  -82.561  40.695 0.0000000000
44570  19.728  -83.339  40.250 0.0000000000
44571  20.049  -83.545  40.213 0.0000000000
44572  19.396  -84.124  39.806 0.0000000000
44573  18.948  -84.673  39.409 0.0000000000
44574  18.667  -84.480  39.428 0.0000000000
47783  21.633  -78.759  43.234 0.0000000000
47784  21.737  -78.181  43.376 0.0000000000
47785  22.196  -78.749  42.950 0.0000000000
47792  24.822  -77.693  38.582 0.0000000000
54165  19.158  -78.784  40.625 0.0000000000
54166  19.257  -79.183  41.102 0.0000000000
54167  19.450  -79.550  40.483 0.0000000000
54168  19.155  -81.857  38.715 0.0000000000
54169  19.403  -81.279  39.580 0.0000000000
54170  19.134  -82.186  39.212 0.0000000000
54171  19.157  -82.472  39.686 0.0000000000
54172  18.658  -83.019  39.026 0.0000000000
57383  22.437  -81.363  41.014 0.0000000000
57384  22.808  -80.690  41.176 0.0000000000
57385  22.862  -81.349  40.571 0.0000000000
57386  23.405  -81.964  38.977 0.0000000000
57387  23.514  -81.277  39.664 0.0000000000
57388  23.775  -81.154  39.131 0.0000000000
57389  24.101  -80.303  39.290 0.0000000000
57390  24.018  -80.967  38.562 0.0000000000
57391  24.218  -80.745  37.973 0.0000000000
57392  23.900  -81.664  37.791 0.0000000000
64578  19.262  -78.514  43.396 0.0000000000
64580  19.820  -78.599  43.566 0.0000000000
64581  20.349  -78.642  43.618 0.0000000000
64582  20.385  -79.146  43.347 0.0000000000
64583  19.534  -79.950  41.823 0.0000000000
64584  19.574  -79.634  42.330 0.0000000000
64585  19.842  -80.282  41.994 0.0000000000
64586  20.678  -81.445  41.681 0.0000000000
64587  20.521  -80.733  42.138 0.0000000000
64588  20.904  -80.939  42.055 0.0000000000
64589  21.136  -80.406  42.391 0.0000000000
64590  21.302  -81.126  41.895 0.0000000000
64591  21.642  -81.312  41.615 0.0000000000
64592  21.368  -81.877  41.335 0.0000000000
64593  20.683  -83.835  39.897 0.0000000000
64594  21.231  -83.260  40.212 0.0000000000
64595  21.069  -83.913  39.601 0.0000000000
64596  21.436  -83.958  39.246 0.0000000000
64597  20.825  -84.569  38.883 0.0000000000
64598  20.411  -85.043  38.326 0.0000000000
64599  20.042  -85.044  38.711 0.0000000000
64600  17.975  -85.746  38.629 0.0000000000
64601  18.418  -85.863  38.342 0.0000000000
74231  21.636  -76.781  43.690 0.0000000000
74232  20.892  -76.289  43.986 0.0000000000
74233  21.480  -76.014  43.770 0.0000000000
74234  21.197  -75.257  43.908 0.0000000000
74235  21.918  -75.734  43.549 0.0000000000
74236  23.387  -79.267  41.571 0.0000000000
74237  23.140  -78.620  42.260 0.0000000000
74238  23.567  -78.530  41.792 0.0000000000
74239  23.898  -76.375  41.881 0.0000000000
74240  23.609  -76.683  42.295 0.0000000000
74241  23.485  -75.784  42.425 0.0000000000
74258  24.516  -80.041  36.883 0.0000000000
74259  24.753  -78.949  37.154 0.0000000000
74260  24.630  -79.679  36.341 0.0000000000
78383  18.495  -77.743  40.415 0.0000000000
78384  18.549  -77.380  39.825 0.0000000000
78385  19.543  -77.389  38.340 0.0000000000
78386  19.426  -77.733  38.954 0.0000000000
78387  19.800  -78.139  38.216 0.0000000000
92403  19.702  -79.510  39.173 0.0000000000
92404  19.593  -79.971  39.642 0.0000000000
92405  19.599  -80.517  38.705 0.0000000000
94334  22.426  -82.664  39.757 0.0000000000
94335  22.857  -81.998  39.981 0.0000000000
94336  22.774  -82.680  39.304 0.0000000000
94337  23.085  -82.666  38.723 0.0000000000
94338  23.326  -82.626  38.159 0.0000000000
94339  23.524  -82.535  37.593 0.0000000000
94340  23.104  -83.342  37.282 0.0000000000
98653  19.392  -78.905  43.151 0.0000000000
98654  19.738  -81.423  40.927 0.0000000000
98655  19.964  -80.968  41.542 0.0000000000
98656  20.059  -81.741  41.090 0.0000000000
98657  20.352  -82.003  41.174 0.0000000000
98658  20.657  -82.220  41.135 0.0000000000
98659  21.045  -82.405  40.963 0.0000000000
98660  20.586  -82.988  40.602 0.0000000000
98661  20.364  -83.732  40.096 0.0000000000
98662  20.100  -84.346  39.571 0.0000000000
98663  19.672  -84.944  39.091 0.0000000000
98664  19.269  -84.840  39.309 0.0000000000
98665  18.469  -85.241  39.036 0.0000000000
98666  17.610  -85.572  38.709 0.0000000000
104441  20.432  -77.658  43.877 0.0000000000
104442  20.374  -77.144  43.981 0.0000000000
104443  21.092  -77.611  43.747 0.0000000000
104444  21.697  -77.535  43.583 0.0000000000
104445  22.253  -77.410  43.326 0.0000000000
115767  18.657  -78.387  41.554 0.0000000000
115768  18.882  -78.725  42.073 0.0000000000
115769  19.084  -78.912  41.618 0.0000000000
115770  19.378  -79.557  41.479 0.0000000000
115771  19.536  -80.264  41.203 0.0000000000
115772  19.525  -80.350  40.054 0.0000000000
115773  19.529  -80.686  40.412 0.0000000000
115774  19.626  -81.055  40.726 0.0000000000
115775  19.515  -81.922  40.312 0.0000000000
115776  19.233  -82.777  39.999 0.0000000000
115777  18.871  -83.610  39.658 0.0000000000
115778  18.425  -84.239  39.372 0.0000000000
120272  22.316  -79.993  42.125 0.0000000000
120273  22.571  -79.377  42.390 0.0000000000
120274  22.765  -79.993  41.758 0.0000000000
120275  23.165  -79.993  41.341 0.0000000000
120276  23.579  -79.871  40.913 0.0000000000
120277  23.219  -81.307  40.152 0.0000000000
120278  23.563  -80.569  40.280 0.0000000000
120279  23.837  -79.792  40.442 0.0000000000
120280  24.118  -79.628  39.934 0.0000000000
120281  24.361  -79.402  39.409 0.0000000000
120282  24.553  -79.113  38.874 0.0000000000
120283  24.719  -78.745  38.357 0.0000000000
120284  24.480  -79.778  38.171 0.0000000000
120285  24.354  -80.489  37.377 0.0000000000
120286  24.208  -81.149  36.584 0.0000000000
120287  23.701  -82.369  36.999 0.0000000000
130186  19.710  -77.680  43.988 0.0000000000
130187  20.374  -78.133  43.783 0.0000000000
130188  21.014  -78.699  43.452 0.0000000000
130189  21.521  -79.326  43.005 0.0000000000
130190  19.160  -79.024  42.531 0.0000000000
130191  19.508  -79.263  42.826 0.0000000000
130192  19.908  -79.448  43.020 0.0000000000
130193  20.169  -80.523  42.114 0.0000000000
130194  20.242  -80.040  42.639 0.0000000000
130195  20.377  -79.597  43.072 0.0000000000
130196  20.895  -79.732  42.957 0.0000000000
130197  21.344  -79.871  42.749 0.0000000000
130198  21.829  -79.972  42.451 0.0000000000
130199  21.930  -80.690  41.909 0.0000000000
130200  22.019  -81.361  41.364 0.0000000000
130201  22.032  -82.017  40.825 0.0000000000
130202  21.371  -82.588  40.805 0.0000000000
130203  21.703  -82.645  40.494 0.0000000000
130204  22.059  -82.660  40.142 0.0000000000
130205  21.959  -83.321  39.534 0.0000000000
130206  21.791  -83.989  38.797 0.0000000000
130207  21.485  -84.606  37.962 0.0000000000
130209  20.787  -85.025  37.862 0.0000000000
130210  20.001  -85.456  37.756 0.0000000000
130211  19.196  -85.898  37.613 0.0000000000
130212  19.244  -85.482  38.536 0.0000000000
130213  18.788  -85.922  38.024 0.0000000000
130218  17.900  -84.842  39.070 0.0000000000
130219  17.322  -85.375  38.748 0.0000000000
130220  16.682  -85.837  38.461 0.0000000000
142253  22.695  -78.697  42.616 0.0000000000
142254  22.753  -77.984  42.839 0.0000000000
142255  22.719  -77.193  42.925 0.0000000000
142256  23.647  -77.668  42.049 0.0000000000
142257  23.226  -76.925  42.654 0.0000000000
142258  22.609  -76.333  43.107 0.0000000000
142259  22.426  -75.500  43.273 0.0000000000
142280  24.794  -78.329  37.916 0.0000000000
142281  24.949  -77.895  37.374 0.0000000000
142282  25.152  -77.393  36.845 0.0000000000
142284  25.042  -78.077  36.101 0.0000000000
142285  25.342  -76.863  36.317 0.0000000000
147284  18.328  -77.939  41.294 0.0000000000
147285  18.549  -78.083  41.003 0.0000000000
147286  18.819  -78.216  40.583 0.0000000000
147287  19.168  -78.465  40.080 0.0000000000
147288  18.990  -77.527  39.494 0.0000000000
147289  19.287  -78.074  39.558 0.0000000000
147290  19.540  -78.758  39.455 0.0000000000
147291  19.864  -79.208  38.617 0.0000000000
