#!ascii label  , from subject fsaverage vox2ras=TkReg
862
352  42.038  -50.493  -12.045 0.0000000000
631  51.657  -44.430  -19.521 0.0000000000
632  47.037  -39.414  -19.096 0.0000000000
633  51.878  -27.182  -27.314 0.0000000000
1413  50.560  -49.721  -15.883 0.0000000000
1415  44.472  -44.644  -14.394 0.0000000000
1417  44.791  -36.970  -19.058 0.0000000000
1784  45.312  -52.339  -11.965 0.0000000000
2530  47.222  -46.771  -14.406 0.0000000000
2531  49.182  -41.792  -19.032 0.0000000000
2532  51.682  -37.213  -24.563 0.0000000000
2533  49.515  -33.527  -23.400 0.0000000000
2534  47.388  -30.362  -22.153 0.0000000000
3333  49.668  -52.457  -14.785 0.0000000000
5679  43.605  -51.251  -11.513 0.0000000000
5680  46.240  -49.679  -13.134 0.0000000000
5681  44.677  -48.379  -12.541 0.0000000000
5682  45.862  -41.990  -16.673 0.0000000000
5683  47.009  -43.118  -16.337 0.0000000000
5684  48.098  -40.830  -19.200 0.0000000000
5685  50.446  -39.511  -21.866 0.0000000000
5686  49.309  -38.392  -21.933 0.0000000000
5687  50.425  -35.533  -24.169 0.0000000000
5688  48.194  -36.675  -21.502 0.0000000000
5690  46.317  -33.784  -20.367 0.0000000000
5691  45.228  -32.822  -20.363 0.0000000000
5692  46.157  -29.577  -21.631 0.0000000000
5759  52.071  -23.623  -29.230 0.0000000000
5761  50.192  -25.575  -26.782 0.0000000000
7152  41.200  -49.999  -13.513 0.0000000000
7153  43.128  -47.415  -12.924 0.0000000000
7154  42.043  -46.949  -14.167 0.0000000000
7155  43.370  -43.828  -15.448 0.0000000000
7156  44.691  -40.829  -17.121 0.0000000000
7157  45.893  -38.153  -18.983 0.0000000000
7158  43.525  -40.068  -17.928 0.0000000000
7201  53.540  -28.744  -27.558 0.0000000000
8002  42.485  -54.213  -10.692 0.0000000000
8003  41.078  -53.701  -11.634 0.0000000000
8006  40.616  -53.325  -13.447 0.0000000000
10144  47.905  -51.026  -13.942 0.0000000000
10145  48.789  -48.169  -15.073 0.0000000000
10146  49.649  -45.453  -16.555 0.0000000000
10147  45.750  -45.625  -14.002 0.0000000000
10148  48.221  -44.099  -16.219 0.0000000000
10149  50.309  -42.967  -18.953 0.0000000000
10154  51.811  -32.045  -26.060 0.0000000000
10155  50.537  -30.276  -25.539 0.0000000000
10156  47.266  -35.032  -20.951 0.0000000000
10157  48.571  -31.665  -22.677 0.0000000000
10158  49.524  -28.435  -24.828 0.0000000000
10159  47.987  -27.288  -24.024 0.0000000000
11012  50.472  -53.259  -15.335 0.0000000000
13356  52.582  -43.938  -21.181 0.0000000000
13359  42.722  -50.849  -11.575 0.0000000000
13360  44.123  -49.764  -12.070 0.0000000000
13361  43.324  -49.295  -12.086 0.0000000000
13362  46.513  -40.774  -17.691 0.0000000000
13363  47.001  -41.446  -17.660 0.0000000000
13364  47.617  -40.199  -18.998 0.0000000000
13365  48.739  -39.608  -20.525 0.0000000000
13366  48.187  -38.874  -20.508 0.0000000000
13367  48.801  -37.637  -21.755 0.0000000000
13368  47.568  -38.058  -20.417 0.0000000000
13372  44.603  -32.750  -20.345 0.0000000000
13437  53.027  -26.279  -28.449 0.0000000000
13438  53.211  -24.516  -29.532 0.0000000000
13439  51.984  -25.408  -28.372 0.0000000000
13440  51.247  -24.625  -28.119 0.0000000000
13441  51.076  -26.365  -27.114 0.0000000000
15754  51.508  -50.538  -16.377 0.0000000000
15758  50.976  -48.430  -16.482 0.0000000000
15759  41.100  -49.828  -14.418 0.0000000000
15760  41.573  -48.372  -13.797 0.0000000000
15761  41.365  -48.161  -14.728 0.0000000000
15763  42.331  -45.083  -15.464 0.0000000000
15764  42.874  -43.391  -16.149 0.0000000000
15765  44.055  -42.270  -16.312 0.0000000000
15767  44.057  -40.442  -17.362 0.0000000000
17556  41.289  -55.577  -10.913 0.0000000000
17557  41.727  -53.993  -11.025 0.0000000000
17558  40.823  -55.386  -11.617 0.0000000000
22794  46.071  -52.998  -12.351 0.0000000000
22795  47.355  -52.414  -13.407 0.0000000000
22796  46.551  -51.816  -12.966 0.0000000000
22797  46.777  -48.227  -13.671 0.0000000000
22798  47.538  -48.854  -14.145 0.0000000000
22799  47.995  -47.437  -14.756 0.0000000000
22800  49.232  -46.822  -15.690 0.0000000000
22801  48.444  -46.068  -15.400 0.0000000000
22802  43.782  -46.015  -13.523 0.0000000000
22803  44.496  -46.453  -13.272 0.0000000000
22804  45.084  -45.064  -14.112 0.0000000000
22805  48.170  -42.518  -17.687 0.0000000000
22806  47.583  -43.632  -16.311 0.0000000000
22807  48.703  -42.947  -17.519 0.0000000000
22808  49.355  -43.456  -17.470 0.0000000000
22809  49.701  -42.330  -18.931 0.0000000000
22811  50.263  -41.255  -20.332 0.0000000000
22812  51.041  -38.311  -23.306 0.0000000000
22818  52.439  -35.611  -25.295 0.0000000000
22819  49.968  -34.415  -23.888 0.0000000000
22820  51.035  -33.658  -25.195 0.0000000000
22821  50.543  -32.858  -24.914 0.0000000000
22822  51.169  -31.180  -25.791 0.0000000000
22823  49.983  -31.967  -24.496 0.0000000000
22824  45.326  -37.566  -19.106 0.0000000000
22825  46.569  -36.586  -19.843 0.0000000000
22826  46.070  -35.866  -19.864 0.0000000000
22827  46.940  -31.969  -21.259 0.0000000000
22828  47.473  -32.794  -21.454 0.0000000000
22829  47.987  -30.982  -22.298 0.0000000000
22830  48.871  -30.021  -23.787 0.0000000000
22831  48.364  -29.310  -23.405 0.0000000000
22832  48.840  -27.996  -24.462 0.0000000000
22833  47.865  -28.829  -23.022 0.0000000000
22835  46.387  -28.042  -22.378 0.0000000000
23037  49.087  -23.181  -27.361 0.0000000000
24431  50.140  -51.091  -15.348 0.0000000000
24433  41.331  -48.009  -15.750 0.0000000000
28653  44.474  -51.786  -11.660 0.0000000000
28654  45.762  -51.130  -12.547 0.0000000000
28655  44.996  -50.379  -12.280 0.0000000000
28656  45.470  -48.986  -12.777 0.0000000000
28657  46.020  -47.578  -13.319 0.0000000000
28658  45.171  -43.285  -15.464 0.0000000000
28659  45.745  -43.812  -15.253 0.0000000000
28660  46.422  -42.592  -16.462 0.0000000000
28661  47.563  -42.037  -17.772 0.0000000000
28662  48.648  -41.396  -19.176 0.0000000000
28663  49.815  -40.749  -20.349 0.0000000000
28664  49.288  -40.137  -20.553 0.0000000000
28665  49.911  -38.970  -22.035 0.0000000000
28666  50.536  -37.618  -23.430 0.0000000000
28667  51.078  -36.426  -24.504 0.0000000000
28668  49.950  -36.917  -23.124 0.0000000000
28669  49.454  -35.980  -22.704 0.0000000000
28670  48.930  -35.104  -22.447 0.0000000000
28672  45.513  -35.339  -19.763 0.0000000000
28673  44.964  -35.070  -19.681 0.0000000000
28674  45.681  -33.431  -20.345 0.0000000000
28675  46.310  -31.767  -21.076 0.0000000000
28676  46.725  -29.926  -21.870 0.0000000000
28677  45.686  -31.202  -20.906 0.0000000000
28800  50.286  -23.823  -27.675 0.0000000000
28801  49.350  -24.826  -26.507 0.0000000000
32045  51.546  -45.754  -18.301 0.0000000000
32046  41.436  -50.172  -12.713 0.0000000000
32047  42.553  -48.906  -12.429 0.0000000000
32048  41.986  -48.604  -13.007 0.0000000000
32049  42.532  -47.105  -13.404 0.0000000000
32050  43.187  -45.592  -14.058 0.0000000000
32051  41.757  -46.651  -15.085 0.0000000000
32052  42.653  -45.369  -14.626 0.0000000000
32053  43.880  -44.209  -14.847 0.0000000000
32054  44.600  -42.767  -15.775 0.0000000000
32055  45.273  -41.391  -16.904 0.0000000000
32056  45.882  -40.141  -17.811 0.0000000000
32057  46.503  -38.789  -18.986 0.0000000000
32058  45.298  -39.461  -18.124 0.0000000000
32059  44.677  -39.005  -18.191 0.0000000000
32060  44.093  -38.637  -18.446 0.0000000000
32161  52.724  -27.986  -27.487 0.0000000000
34330  45.529  -54.021  -11.661 0.0000000000
34331  44.787  -53.562  -11.343 0.0000000000
34333  43.220  -54.453  -10.602 0.0000000000
34334  43.915  -53.112  -11.057 0.0000000000
34335  43.060  -52.788  -11.027 0.0000000000
34336  42.205  -52.397  -11.277 0.0000000000
34337  41.498  -52.005  -11.747 0.0000000000
34344  40.493  -55.159  -12.502 0.0000000000
34345  40.774  -53.402  -12.512 0.0000000000
34346  41.083  -51.808  -12.501 0.0000000000
34347  40.899  -51.627  -13.432 0.0000000000
34348  40.839  -51.408  -14.368 0.0000000000
40666  48.291  -53.103  -13.807 0.0000000000
40667  48.770  -51.712  -14.369 0.0000000000
40668  49.245  -50.320  -14.832 0.0000000000
40669  47.015  -50.360  -13.589 0.0000000000
40670  48.367  -49.560  -14.548 0.0000000000
40671  49.672  -48.997  -15.486 0.0000000000
40672  50.084  -47.601  -16.064 0.0000000000
40673  50.458  -46.272  -16.877 0.0000000000
40674  50.725  -44.951  -17.916 0.0000000000
40675  43.843  -47.846  -12.668 0.0000000000
40676  45.211  -46.933  -13.147 0.0000000000
40677  46.448  -46.156  -14.127 0.0000000000
40678  46.353  -44.350  -15.121 0.0000000000
40679  47.005  -44.886  -15.187 0.0000000000
40680  47.686  -45.368  -15.335 0.0000000000
40681  48.888  -44.691  -16.308 0.0000000000
40682  50.044  -44.135  -17.684 0.0000000000
40683  50.998  -43.691  -19.193 0.0000000000
40684  51.281  -42.549  -20.510 0.0000000000
40687  50.855  -40.048  -21.601 0.0000000000
40696  51.702  -34.710  -25.343 0.0000000000
40697  52.521  -33.110  -26.139 0.0000000000
40699  52.616  -30.517  -26.818 0.0000000000
40700  51.895  -29.424  -26.626 0.0000000000
40701  51.206  -28.510  -26.380 0.0000000000
40702  46.989  -37.367  -20.148 0.0000000000
40703  47.774  -35.865  -21.125 0.0000000000
40704  48.455  -34.264  -22.044 0.0000000000
40705  46.831  -34.189  -20.668 0.0000000000
40706  48.008  -33.319  -21.692 0.0000000000
40707  49.045  -32.552  -23.009 0.0000000000
40708  49.419  -30.896  -24.166 0.0000000000
40709  50.057  -29.356  -25.226 0.0000000000
40710  50.533  -27.717  -26.154 0.0000000000
40711  49.733  -27.057  -25.963 0.0000000000
40712  49.187  -26.413  -25.523 0.0000000000
40713  48.443  -26.065  -25.145 0.0000000000
40714  47.008  -28.436  -22.753 0.0000000000
40715  47.373  -26.735  -23.717 0.0000000000
40716  47.738  -25.311  -24.649 0.0000000000
44074  52.022  -44.828  -19.716 0.0000000000
44076  52.087  -44.279  -20.323 0.0000000000
44078  51.793  -43.834  -20.173 0.0000000000
44079  42.342  -50.671  -11.797 0.0000000000
44080  43.073  -50.026  -11.796 0.0000000000
44081  42.675  -49.843  -12.047 0.0000000000
44082  46.770  -40.221  -18.347 0.0000000000
44083  47.013  -40.532  -18.317 0.0000000000
44084  47.332  -39.912  -18.969 0.0000000000
44085  47.879  -39.568  -19.795 0.0000000000
44086  47.594  -39.210  -19.713 0.0000000000
44087  47.890  -38.597  -20.341 0.0000000000
44088  47.286  -38.747  -19.757 0.0000000000
44157  52.421  -26.642  -27.888 0.0000000000
44158  52.407  -25.815  -28.454 0.0000000000
44159  51.931  -26.189  -27.758 0.0000000000
44160  51.475  -25.761  -27.680 0.0000000000
44161  51.471  -26.751  -27.226 0.0000000000
46474  51.068  -50.138  -16.118 0.0000000000
46475  51.652  -49.901  -16.705 0.0000000000
46476  51.190  -49.392  -16.406 0.0000000000
46477  51.380  -48.768  -16.755 0.0000000000
46478  50.795  -49.054  -16.205 0.0000000000
46479  41.084  -49.617  -14.923 0.0000000000
46480  41.194  -49.020  -14.507 0.0000000000
46481  41.197  -48.863  -15.013 0.0000000000
48277  41.001  -55.470  -11.236 0.0000000000
53514  45.704  -52.679  -12.141 0.0000000000
53515  46.282  -52.412  -12.640 0.0000000000
53516  45.917  -52.118  -12.405 0.0000000000
53517  47.017  -47.504  -14.015 0.0000000000
53518  47.392  -47.760  -14.217 0.0000000000
53519  47.609  -47.055  -14.588 0.0000000000
53520  48.207  -46.718  -15.050 0.0000000000
53521  47.844  -46.346  -14.930 0.0000000000
53522  44.158  -45.286  -13.956 0.0000000000
53523  44.428  -45.547  -13.761 0.0000000000
53524  44.763  -44.870  -14.170 0.0000000000
53525  48.662  -42.173  -18.346 0.0000000000
53526  48.355  -42.676  -17.592 0.0000000000
53527  48.904  -42.422  -18.277 0.0000000000
53528  49.239  -42.582  -18.221 0.0000000000
53529  49.411  -42.056  -18.907 0.0000000000
53530  49.997  -41.829  -19.598 0.0000000000
53531  49.750  -41.529  -19.677 0.0000000000
53532  51.371  -37.779  -24.031 0.0000000000
53533  51.641  -38.091  -23.916 0.0000000000
53538  51.993  -36.511  -24.936 0.0000000000
53539  49.739  -33.921  -23.596 0.0000000000
53540  50.245  -33.436  -24.333 0.0000000000
53541  50.032  -33.173  -24.127 0.0000000000
53542  50.279  -32.320  -24.722 0.0000000000
53543  49.763  -32.759  -23.966 0.0000000000
53544  45.066  -37.240  -19.113 0.0000000000
53545  45.742  -36.789  -19.398 0.0000000000
53546  45.379  -36.484  -19.432 0.0000000000
53547  47.196  -31.426  -21.604 0.0000000000
53548  47.444  -31.633  -21.778 0.0000000000
53549  47.716  -30.765  -22.181 0.0000000000
53550  48.180  -30.158  -22.846 0.0000000000
53551  47.861  -29.747  -22.727 0.0000000000
53552  48.095  -29.130  -23.189 0.0000000000
53553  47.609  -29.651  -22.564 0.0000000000
56074  50.071  -52.804  -15.046 0.0000000000
56075  50.747  -52.654  -15.603 0.0000000000
56076  50.327  -52.194  -15.334 0.0000000000
56077  50.597  -51.558  -15.591 0.0000000000
56078  49.921  -51.760  -15.085 0.0000000000
63114  44.048  -51.466  -11.551 0.0000000000
63115  44.746  -51.137  -11.982 0.0000000000
63116  44.315  -50.733  -11.865 0.0000000000
63117  44.380  -49.021  -12.296 0.0000000000
63118  44.834  -49.351  -12.417 0.0000000000
63119  45.066  -48.671  -12.683 0.0000000000
63120  45.761  -48.309  -13.020 0.0000000000
63121  45.365  -47.955  -12.940 0.0000000000
63122  45.467  -42.679  -15.983 0.0000000000
63123  45.798  -42.945  -15.952 0.0000000000
63124  46.049  -42.384  -16.456 0.0000000000
63125  47.568  -41.097  -18.385 0.0000000000
63126  47.271  -41.770  -17.627 0.0000000000
63127  47.820  -41.468  -18.427 0.0000000000
63128  48.121  -41.638  -18.467 0.0000000000
63129  48.433  -41.155  -19.187 0.0000000000
63130  48.951  -40.774  -19.814 0.0000000000
63131  48.734  -40.529  -19.891 0.0000000000
63132  49.091  -39.002  -21.277 0.0000000000
63133  49.328  -39.292  -21.290 0.0000000000
63134  49.667  -38.615  -21.940 0.0000000000
63135  50.245  -38.367  -22.636 0.0000000000
63136  49.939  -37.925  -22.686 0.0000000000
63137  50.238  -37.324  -23.286 0.0000000000
63138  49.712  -37.700  -22.486 0.0000000000
63139  48.497  -37.247  -21.627 0.0000000000
63140  49.110  -36.971  -22.274 0.0000000000
63141  48.856  -36.402  -22.046 0.0000000000
63142  49.234  -35.574  -22.575 0.0000000000
63143  48.580  -35.984  -21.927 0.0000000000
63145  44.568  -35.880  -19.425 0.0000000000
63147  44.733  -33.766  -20.208 0.0000000000
63148  45.012  -34.172  -19.995 0.0000000000
63149  45.472  -33.143  -20.232 0.0000000000
63150  46.054  -32.558  -20.725 0.0000000000
63151  45.811  -32.174  -20.710 0.0000000000
63152  46.016  -31.285  -21.092 0.0000000000
63153  45.428  -32.271  -20.701 0.0000000000
63350  52.654  -24.106  -29.379 0.0000000000
63357  50.691  -25.075  -27.391 0.0000000000
63358  50.677  -24.147  -27.829 0.0000000000
63359  50.103  -24.616  -27.235 0.0000000000
63360  49.659  -24.269  -27.111 0.0000000000
63361  49.754  -25.150  -26.608 0.0000000000
70313  51.428  -46.392  -17.792 0.0000000000
70314  41.345  -50.103  -13.103 0.0000000000
70315  41.717  -49.347  -12.831 0.0000000000
70316  41.564  -49.197  -13.207 0.0000000000
70317  41.799  -47.635  -13.952 0.0000000000
70318  41.993  -47.824  -13.548 0.0000000000
70319  42.265  -47.026  -13.748 0.0000000000
70320  42.827  -46.385  -13.707 0.0000000000
70321  42.584  -46.280  -14.038 0.0000000000
70322  41.419  -47.257  -15.871 0.0000000000
70323  41.525  -47.310  -15.417 0.0000000000
70324  41.726  -46.483  -15.641 0.0000000000
70325  42.790  -44.346  -15.427 0.0000000000
70326  42.463  -45.179  -15.109 0.0000000000
70327  43.024  -44.597  -15.022 0.0000000000
70328  43.280  -44.724  -14.736 0.0000000000
70329  43.617  -44.082  -15.095 0.0000000000
70330  44.253  -43.503  -15.307 0.0000000000
70331  43.941  -43.261  -15.607 0.0000000000
70332  44.375  -41.550  -16.774 0.0000000000
70333  44.598  -41.858  -16.418 0.0000000000
70334  44.946  -41.179  -16.910 0.0000000000
70335  45.658  -40.728  -17.374 0.0000000000
70336  45.312  -40.461  -17.497 0.0000000000
70337  45.562  -39.781  -17.894 0.0000000000
70338  44.944  -40.216  -17.502 0.0000000000
70340  44.400  -39.714  -17.854 0.0000000000
70341  44.098  -39.571  -17.936 0.0000000000
70342  44.421  -38.825  -18.411 0.0000000000
70343  43.756  -39.310  -18.195 0.0000000000
70560  53.303  -27.472  -27.962 0.0000000000
70561  53.145  -28.371  -27.541 0.0000000000
75696  44.795  -54.359  -11.117 0.0000000000
75697  45.197  -53.709  -11.561 0.0000000000
75698  44.471  -54.150  -11.027 0.0000000000
75702  42.138  -54.957  -10.548 0.0000000000
75704  42.909  -54.401  -10.657 0.0000000000
75705  43.584  -53.796  -10.827 0.0000000000
75706  43.201  -53.711  -10.843 0.0000000000
75707  43.511  -52.985  -11.049 0.0000000000
75708  42.797  -53.543  -10.879 0.0000000000
75709  41.381  -53.860  -11.268 0.0000000000
75710  41.956  -53.222  -11.124 0.0000000000
75711  41.605  -53.066  -11.348 0.0000000000
75712  41.827  -52.247  -11.471 0.0000000000
75713  41.300  -52.885  -11.712 0.0000000000
75730  40.411  -56.002  -12.491 0.0000000000
75732  40.502  -54.158  -13.458 0.0000000000
75733  40.554  -54.263  -12.962 0.0000000000
75734  40.682  -53.351  -12.976 0.0000000000
75735  40.901  -52.541  -12.501 0.0000000000
75736  40.811  -52.520  -12.987 0.0000000000
75737  40.944  -51.729  -12.977 0.0000000000
75738  40.770  -52.421  -13.448 0.0000000000
91421  47.501  -53.404  -13.351 0.0000000000
91422  47.618  -51.722  -13.653 0.0000000000
91423  48.074  -52.055  -13.850 0.0000000000
91424  48.344  -51.335  -14.135 0.0000000000
91425  49.000  -51.007  -14.659 0.0000000000
91426  48.578  -50.626  -14.448 0.0000000000
91427  46.021  -50.480  -12.847 0.0000000000
91428  46.405  -50.748  -13.060 0.0000000000
91429  46.617  -50.039  -13.391 0.0000000000
91430  48.182  -48.486  -14.662 0.0000000000
91431  47.942  -49.234  -14.365 0.0000000000
91432  48.576  -48.864  -14.826 0.0000000000
91433  48.988  -49.279  -14.983 0.0000000000
91434  49.253  -48.545  -15.326 0.0000000000
91435  49.892  -48.284  -15.768 0.0000000000
91436  49.475  -47.872  -15.590 0.0000000000
91437  49.500  -46.106  -16.100 0.0000000000
91438  49.862  -46.517  -16.249 0.0000000000
91439  50.014  -45.839  -16.678 0.0000000000
91440  50.593  -45.607  -17.411 0.0000000000
91441  50.213  -45.223  -17.198 0.0000000000
91442  42.832  -48.160  -12.672 0.0000000000
91443  43.236  -48.337  -12.529 0.0000000000
91444  43.518  -47.611  -12.801 0.0000000000
91445  45.136  -45.950  -13.588 0.0000000000
91446  44.861  -46.699  -13.172 0.0000000000
91447  45.458  -46.262  -13.517 0.0000000000
91448  45.868  -46.561  -13.578 0.0000000000
91449  46.126  -45.912  -14.030 0.0000000000
91450  46.381  -43.445  -15.822 0.0000000000
91451  46.026  -44.037  -15.202 0.0000000000
91452  46.737  -43.694  -15.755 0.0000000000
91453  47.961  -43.873  -16.262 0.0000000000
91454  47.298  -44.272  -15.759 0.0000000000
91455  47.619  -44.477  -15.768 0.0000000000
91456  47.345  -45.145  -15.322 0.0000000000
91457  47.974  -44.756  -15.744 0.0000000000
91458  48.227  -45.062  -15.744 0.0000000000
91459  48.556  -44.347  -16.290 0.0000000000
91460  49.854  -43.180  -18.223 0.0000000000
91461  49.672  -43.772  -17.589 0.0000000000
91462  50.219  -43.554  -18.279 0.0000000000
91463  50.516  -43.980  -18.364 0.0000000000
91464  50.652  -43.279  -19.056 0.0000000000
91465  51.129  -43.064  -19.859 0.0000000000
91466  50.810  -42.680  -19.713 0.0000000000
91472  50.163  -40.030  -21.192 0.0000000000
91473  50.392  -40.340  -21.131 0.0000000000
91474  50.660  -39.841  -21.721 0.0000000000
91494  50.735  -35.940  -24.440 0.0000000000
91495  51.384  -35.660  -24.926 0.0000000000
91496  51.043  -34.997  -24.929 0.0000000000
91497  51.372  -32.921  -25.635 0.0000000000
91498  51.699  -33.395  -25.760 0.0000000000
91499  52.126  -32.630  -26.131 0.0000000000
91500  52.862  -32.200  -26.459 0.0000000000
91501  52.519  -31.776  -26.483 0.0000000000
91502  52.949  -31.003  -26.878 0.0000000000
91503  52.153  -31.260  -26.491 0.0000000000
91504  50.818  -30.740  -25.694 0.0000000000
91505  51.515  -30.392  -26.240 0.0000000000
91506  51.225  -30.034  -26.107 0.0000000000
91507  51.546  -28.967  -26.506 0.0000000000
91508  50.931  -29.498  -25.977 0.0000000000
91509  46.235  -38.422  -19.059 0.0000000000
91510  46.789  -38.031  -19.673 0.0000000000
91511  46.479  -37.718  -19.531 0.0000000000
91512  46.878  -35.720  -20.492 0.0000000000
91513  47.046  -36.180  -20.656 0.0000000000
91514  47.505  -35.288  -21.113 0.0000000000
91515  48.150  -34.996  -21.581 0.0000000000
91516  47.832  -34.538  -21.501 0.0000000000
91517  45.979  -34.551  -20.101 0.0000000000
91518  46.206  -34.894  -20.135 0.0000000000
91519  46.585  -33.991  -20.583 0.0000000000
91520  48.079  -32.247  -21.955 0.0000000000
91521  47.800  -32.956  -21.638 0.0000000000
91522  48.277  -32.391  -22.198 0.0000000000
91523  48.571  -32.876  -22.337 0.0000000000
91524  48.764  -32.079  -22.870 0.0000000000
91525  49.272  -31.686  -23.578 0.0000000000
91526  49.002  -31.318  -23.423 0.0000000000
91527  49.181  -28.928  -24.299 0.0000000000
91528  49.455  -29.467  -24.518 0.0000000000
91529  49.698  -28.785  -25.017 0.0000000000
91530  50.331  -28.563  -25.660 0.0000000000
91531  49.932  -28.126  -25.528 0.0000000000
91532  50.156  -27.430  -26.053 0.0000000000
91533  49.540  -27.754  -25.417 0.0000000000
91534  48.471  -27.613  -24.290 0.0000000000
91535  48.984  -27.183  -25.009 0.0000000000
91536  48.649  -26.687  -24.765 0.0000000000
91537  48.865  -26.107  -25.270 0.0000000000
91538  48.281  -26.521  -24.613 0.0000000000
91539  46.438  -29.656  -21.750 0.0000000000
91540  46.932  -29.355  -22.223 0.0000000000
91541  46.539  -29.048  -22.193 0.0000000000
91543  46.764  -27.502  -23.044 0.0000000000
91544  47.051  -26.508  -23.460 0.0000000000
91545  47.476  -26.020  -24.068 0.0000000000
91546  47.114  -25.753  -23.954 0.0000000000
93548  50.887  -53.597  -15.570 0.0000000000
93550  49.806  -53.451  -14.747 0.0000000000
93551  49.391  -53.118  -14.538 0.0000000000
97773  43.183  -51.077  -11.503 0.0000000000
97774  43.879  -50.531  -11.781 0.0000000000
97775  43.467  -50.301  -11.774 0.0000000000
97776  43.738  -49.527  -12.092 0.0000000000
97777  43.999  -48.762  -12.343 0.0000000000
97778  46.098  -41.513  -17.085 0.0000000000
97779  46.421  -41.706  -17.111 0.0000000000
97780  46.710  -41.133  -17.669 0.0000000000
97781  47.319  -40.845  -18.335 0.0000000000
97782  47.814  -40.556  -19.207 0.0000000000
97783  48.473  -40.209  -19.857 0.0000000000
97784  48.150  -39.874  -19.868 0.0000000000
97785  48.506  -39.224  -20.568 0.0000000000
97786  48.775  -38.627  -21.236 0.0000000000
97787  49.099  -38.000  -21.908 0.0000000000
97788  48.512  -38.181  -21.222 0.0000000000
97789  48.165  -37.948  -21.089 0.0000000000
97790  47.915  -37.554  -20.901 0.0000000000
97795  44.660  -33.484  -20.127 0.0000000000
97796  44.923  -32.727  -20.295 0.0000000000
97797  44.295  -33.448  -20.179 0.0000000000
97798  43.988  -33.163  -20.164 0.0000000000
97915  53.110  -25.452  -29.072 0.0000000000
97916  52.653  -25.006  -28.967 0.0000000000
97917  52.070  -24.498  -28.871 0.0000000000
97918  51.540  -24.097  -28.688 0.0000000000
97919  51.644  -25.048  -28.260 0.0000000000
97920  51.140  -25.450  -27.554 0.0000000000
97921  50.622  -25.995  -26.974 0.0000000000
102092  51.112  -47.717  -16.923 0.0000000000
102093  41.166  -49.876  -13.988 0.0000000000
102094  41.384  -49.144  -13.652 0.0000000000
102095  41.317  -48.994  -14.063 0.0000000000
102096  41.444  -48.345  -14.175 0.0000000000
102097  41.679  -47.496  -14.399 0.0000000000
102099  41.892  -45.725  -15.751 0.0000000000
102101  42.562  -44.184  -15.769 0.0000000000
102102  43.132  -43.550  -15.808 0.0000000000
102103  43.709  -43.100  -15.801 0.0000000000
102104  43.514  -42.822  -16.097 0.0000000000
102105  43.780  -42.050  -16.495 0.0000000000
102106  44.067  -41.259  -16.920 0.0000000000
102107  44.413  -40.572  -17.303 0.0000000000
102108  43.770  -41.131  -17.054 0.0000000000
105328  41.834  -54.900  -10.742 0.0000000000
105329  42.094  -54.098  -10.825 0.0000000000
105330  41.496  -54.783  -10.934 0.0000000000
105331  41.212  -54.655  -11.239 0.0000000000
105332  40.936  -54.525  -11.578 0.0000000000
105347  40.556  -53.167  -13.936 0.0000000000
114756  46.437  -53.277  -12.582 0.0000000000
114757  47.058  -53.119  -13.192 0.0000000000
114758  46.670  -52.734  -12.919 0.0000000000
114759  46.938  -52.106  -13.198 0.0000000000
114760  47.172  -51.433  -13.486 0.0000000000
114761  46.498  -48.921  -13.412 0.0000000000
114762  46.888  -49.292  -13.625 0.0000000000
114763  47.144  -48.567  -13.886 0.0000000000
114764  47.782  -48.122  -14.443 0.0000000000
114765  48.413  -47.804  -14.903 0.0000000000
114766  49.040  -47.448  -15.391 0.0000000000
114767  48.624  -47.123  -15.178 0.0000000000
114768  48.831  -46.418  -15.510 0.0000000000
114769  48.999  -45.768  -15.890 0.0000000000
114770  43.447  -46.717  -13.215 0.0000000000
114771  43.809  -46.895  -13.080 0.0000000000
114772  44.105  -46.211  -13.377 0.0000000000
114773  44.775  -45.703  -13.603 0.0000000000
114774  45.408  -45.343  -14.042 0.0000000000
114775  47.564  -42.862  -16.996 0.0000000000
114776  47.288  -43.332  -16.318 0.0000000000
114777  47.866  -43.199  -16.985 0.0000000000
114778  48.196  -43.258  -16.927 0.0000000000
114779  48.463  -43.503  -16.844 0.0000000000
114780  48.785  -43.719  -16.843 0.0000000000
114781  49.035  -43.241  -17.473 0.0000000000
114782  49.508  -42.872  -18.197 0.0000000000
114783  50.047  -42.670  -18.908 0.0000000000
114784  50.533  -42.379  -19.673 0.0000000000
114785  50.219  -42.053  -19.598 0.0000000000
114786  50.507  -41.457  -20.305 0.0000000000
114787  50.760  -40.827  -20.996 0.0000000000
114788  50.797  -38.831  -22.686 0.0000000000
114789  50.993  -39.141  -22.501 0.0000000000
114790  51.381  -38.553  -23.236 0.0000000000
114801  50.215  -35.001  -24.080 0.0000000000
114802  50.746  -34.523  -24.749 0.0000000000
114803  50.526  -34.121  -24.626 0.0000000000
114804  50.826  -33.186  -25.052 0.0000000000
114805  51.058  -32.353  -25.577 0.0000000000
114806  51.460  -31.574  -25.949 0.0000000000
114807  50.782  -31.891  -25.454 0.0000000000
114808  50.500  -31.426  -25.266 0.0000000000
114809  50.241  -31.044  -25.064 0.0000000000
114810  45.678  -37.866  -19.064 0.0000000000
114811  46.238  -37.356  -19.569 0.0000000000
114812  45.916  -37.126  -19.546 0.0000000000
114813  46.225  -36.268  -19.976 0.0000000000
114814  46.704  -35.446  -20.276 0.0000000000
114815  46.663  -32.898  -20.835 0.0000000000
114816  46.818  -33.204  -20.968 0.0000000000
114817  47.318  -32.347  -21.210 0.0000000000
114818  47.755  -31.845  -21.913 0.0000000000
114819  48.212  -31.315  -22.488 0.0000000000
114820  48.795  -30.838  -23.211 0.0000000000
114821  48.472  -30.454  -23.057 0.0000000000
114822  48.715  -29.589  -23.468 0.0000000000
114823  48.861  -28.777  -24.133 0.0000000000
114824  49.079  -28.166  -24.677 0.0000000000
114825  48.615  -28.509  -23.902 0.0000000000
114826  48.227  -28.307  -23.750 0.0000000000
114827  47.909  -28.166  -23.578 0.0000000000
114828  45.728  -29.468  -21.396 0.0000000000
114829  46.197  -28.851  -21.893 0.0000000000
118444  50.823  -50.858  -15.864 0.0000000000
118445  50.359  -50.423  -15.617 0.0000000000
118447  41.234  -48.787  -15.596 0.0000000000
128295  44.882  -52.090  -11.775 0.0000000000
128296  45.557  -51.759  -12.253 0.0000000000
128297  45.178  -51.374  -12.104 0.0000000000
128298  45.369  -50.769  -12.392 0.0000000000
128299  45.594  -50.038  -12.687 0.0000000000
128300  44.577  -50.043  -12.153 0.0000000000
128301  45.206  -49.640  -12.523 0.0000000000
128302  45.834  -49.271  -12.912 0.0000000000
128303  46.133  -48.602  -13.188 0.0000000000
128304  46.397  -47.891  -13.427 0.0000000000
128305  46.620  -47.162  -13.794 0.0000000000
128306  44.820  -44.031  -14.836 0.0000000000
128307  45.095  -44.219  -14.729 0.0000000000
128308  45.396  -43.629  -15.305 0.0000000000
128309  46.038  -43.167  -15.846 0.0000000000
128310  46.728  -42.876  -16.429 0.0000000000
128311  46.707  -42.005  -17.073 0.0000000000
128312  46.992  -42.233  -16.996 0.0000000000
128313  47.269  -42.557  -17.013 0.0000000000
128314  47.841  -42.316  -17.729 0.0000000000
128315  48.424  -42.004  -18.421 0.0000000000
128316  48.914  -41.549  -19.101 0.0000000000
128317  49.515  -41.313  -19.781 0.0000000000
128318  49.229  -41.033  -19.877 0.0000000000
128319  49.553  -40.374  -20.463 0.0000000000
128320  49.867  -39.848  -21.233 0.0000000000
128321  49.004  -39.909  -20.506 0.0000000000
128322  49.599  -39.553  -21.228 0.0000000000
128323  50.195  -39.268  -21.949 0.0000000000
128324  50.510  -38.576  -22.684 0.0000000000
128325  50.785  -37.954  -23.442 0.0000000000
128326  51.047  -37.405  -24.056 0.0000000000
128327  51.398  -36.863  -24.620 0.0000000000
128328  50.730  -37.072  -24.007 0.0000000000
128329  50.484  -36.641  -23.878 0.0000000000
128330  50.261  -36.207  -23.691 0.0000000000
128331  49.401  -37.333  -22.353 0.0000000000
128332  49.743  -36.556  -22.910 0.0000000000
128333  49.984  -35.794  -23.452 0.0000000000
128334  49.771  -35.202  -23.301 0.0000000000
128335  49.494  -34.839  -23.054 0.0000000000
128336  49.297  -34.308  -22.870 0.0000000000
128337  44.582  -36.799  -19.143 0.0000000000
128338  45.131  -36.258  -19.399 0.0000000000
128339  44.949  -36.014  -19.469 0.0000000000
128340  45.292  -35.259  -19.705 0.0000000000
128341  45.687  -34.224  -20.110 0.0000000000
128342  44.767  -34.851  -19.793 0.0000000000
128343  45.430  -34.276  -20.018 0.0000000000
128344  46.072  -33.475  -20.386 0.0000000000
128345  46.376  -32.731  -20.749 0.0000000000
128346  46.715  -31.820  -21.097 0.0000000000
128347  46.919  -31.003  -21.546 0.0000000000
128348  47.117  -30.373  -21.939 0.0000000000
128349  46.546  -30.815  -21.529 0.0000000000
128350  46.247  -30.519  -21.431 0.0000000000
128351  45.950  -30.413  -21.175 0.0000000000
128636  51.153  -23.704  -28.562 0.0000000000
128637  50.527  -23.178  -28.252 0.0000000000
128639  49.775  -23.524  -27.678 0.0000000000
128640  49.334  -23.942  -26.925 0.0000000000
128641  48.979  -24.565  -26.353 0.0000000000
137446  52.033  -45.574  -19.094 0.0000000000
137447  51.615  -45.106  -18.903 0.0000000000
137448  41.747  -50.298  -12.358 0.0000000000
137449  42.298  -49.624  -12.255 0.0000000000
137450  41.994  -49.529  -12.497 0.0000000000
137451  42.230  -48.689  -12.675 0.0000000000
137452  42.502  -48.017  -12.899 0.0000000000
137453  41.758  -48.485  -13.356 0.0000000000
137454  42.263  -47.840  -13.209 0.0000000000
137455  42.778  -47.310  -13.159 0.0000000000
137456  43.101  -46.583  -13.411 0.0000000000
137457  43.448  -45.812  -13.742 0.0000000000
137458  43.825  -45.089  -14.162 0.0000000000
137459  41.320  -48.098  -15.227 0.0000000000
137460  41.547  -47.431  -14.951 0.0000000000
137461  41.943  -46.757  -14.647 0.0000000000
137462  42.035  -45.852  -15.248 0.0000000000
137463  42.197  -45.923  -14.872 0.0000000000
137464  42.309  -46.150  -14.363 0.0000000000
137465  42.932  -45.512  -14.382 0.0000000000
137466  43.537  -44.902  -14.432 0.0000000000
137467  44.196  -44.440  -14.648 0.0000000000
137468  44.501  -43.754  -15.067 0.0000000000
137469  44.842  -43.095  -15.614 0.0000000000
137470  45.175  -42.447  -16.125 0.0000000000
137471  44.288  -42.569  -16.010 0.0000000000
137472  44.952  -42.115  -16.353 0.0000000000
137473  45.574  -41.745  -16.617 0.0000000000
137474  45.872  -41.151  -17.190 0.0000000000
137475  46.167  -40.407  -17.748 0.0000000000
137476  46.555  -39.758  -18.396 0.0000000000
137477  46.870  -39.067  -18.998 0.0000000000
137478  46.267  -39.397  -18.384 0.0000000000
137479  45.885  -39.169  -18.493 0.0000000000
137480  45.633  -38.888  -18.536 0.0000000000
137481  44.715  -40.028  -17.708 0.0000000000
137482  44.957  -39.336  -18.249 0.0000000000
137483  45.347  -38.506  -18.756 0.0000000000
137484  44.996  -38.266  -18.717 0.0000000000
137485  44.686  -38.151  -18.670 0.0000000000
137486  44.441  -37.858  -18.810 0.0000000000
137492  43.127  -39.896  -18.007 0.0000000000
137493  43.507  -39.112  -18.283 0.0000000000
137494  43.817  -38.478  -18.604 0.0000000000
137495  44.172  -37.551  -18.956 0.0000000000
137759  53.563  -26.727  -28.478 0.0000000000
137760  52.880  -27.062  -27.967 0.0000000000
137761  52.305  -27.603  -27.386 0.0000000000
144038  46.152  -53.802  -12.208 0.0000000000
144039  45.860  -53.506  -12.069 0.0000000000
144040  45.480  -53.201  -11.870 0.0000000000
144041  45.062  -52.949  -11.659 0.0000000000
144047  43.646  -54.512  -10.608 0.0000000000
144048  44.010  -53.938  -10.865 0.0000000000
144049  44.362  -53.361  -11.182 0.0000000000
144050  44.634  -52.675  -11.479 0.0000000000
144051  44.240  -52.408  -11.341 0.0000000000
144052  43.799  -52.234  -11.271 0.0000000000
144053  43.325  -52.044  -11.250 0.0000000000
144054  42.393  -53.336  -10.952 0.0000000000
144055  42.681  -52.612  -11.098 0.0000000000
144056  42.938  -51.799  -11.272 0.0000000000
144057  42.474  -51.630  -11.407 0.0000000000
144058  42.072  -51.466  -11.601 0.0000000000
144059  41.747  -51.297  -11.883 0.0000000000
144078  40.560  -56.133  -12.051 0.0000000000
144079  40.681  -55.258  -12.051 0.0000000000
144080  40.778  -54.393  -12.028 0.0000000000
144081  40.417  -55.076  -12.994 0.0000000000
144082  40.618  -54.253  -12.510 0.0000000000
144083  40.903  -53.583  -12.030 0.0000000000
144084  41.067  -52.770  -12.062 0.0000000000
144085  41.283  -51.938  -12.101 0.0000000000
144086  41.490  -51.146  -12.193 0.0000000000
144087  41.266  -51.039  -12.578 0.0000000000
144088  41.153  -51.002  -13.029 0.0000000000
144089  41.043  -50.824  -13.435 0.0000000000
144090  40.691  -52.313  -13.914 0.0000000000
144091  40.838  -51.468  -13.910 0.0000000000
144092  40.989  -50.709  -13.917 0.0000000000
144093  40.974  -50.613  -14.360 0.0000000000
144094  40.983  -50.432  -14.880 0.0000000000
162953  48.720  -53.453  -14.018 0.0000000000
162954  48.976  -52.786  -14.286 0.0000000000
162955  47.808  -52.786  -13.603 0.0000000000
162956  48.562  -52.394  -14.038 0.0000000000
162957  49.222  -52.134  -14.571 0.0000000000
162958  49.444  -51.419  -14.818 0.0000000000
162959  49.676  -50.692  -15.068 0.0000000000
162960  49.899  -50.000  -15.359 0.0000000000
162961  46.145  -51.471  -12.754 0.0000000000
162962  46.771  -51.097  -13.282 0.0000000000
162963  47.434  -50.737  -13.781 0.0000000000
162964  47.290  -49.650  -13.844 0.0000000000
162965  47.684  -49.990  -14.096 0.0000000000
162966  48.111  -50.295  -14.241 0.0000000000
162967  48.803  -49.914  -14.723 0.0000000000
162968  49.455  -49.642  -15.186 0.0000000000
162969  50.122  -49.373  -15.644 0.0000000000
162970  50.329  -48.659  -15.950 0.0000000000
162971  50.545  -48.029  -16.264 0.0000000000
162972  50.698  -47.298  -16.697 0.0000000000
162973  49.670  -47.213  -15.846 0.0000000000
162974  50.226  -46.857  -16.428 0.0000000000
162975  50.878  -46.658  -17.082 0.0000000000
162976  51.009  -45.994  -17.575 0.0000000000
162977  51.154  -45.340  -18.058 0.0000000000
162978  51.219  -44.733  -18.711 0.0000000000
162979  42.954  -49.129  -12.266 0.0000000000
162980  43.571  -48.475  -12.359 0.0000000000
162981  44.294  -48.057  -12.575 0.0000000000
162982  44.199  -47.171  -12.967 0.0000000000
162983  44.601  -47.421  -12.854 0.0000000000
162984  44.950  -47.672  -12.831 0.0000000000
162985  45.634  -47.267  -13.234 0.0000000000
162986  46.263  -46.835  -13.672 0.0000000000
162987  46.836  -46.487  -14.276 0.0000000000
162988  45.402  -44.425  -14.678 0.0000000000
162989  45.733  -44.669  -14.575 0.0000000000
162990  46.034  -44.985  -14.525 0.0000000000
162991  46.999  -43.957  -15.725 0.0000000000
162992  46.706  -44.543  -15.185 0.0000000000
162993  46.378  -45.216  -14.603 0.0000000000
162994  46.699  -45.498  -14.660 0.0000000000
162995  47.075  -45.782  -14.730 0.0000000000
162996  47.438  -46.059  -14.889 0.0000000000
162997  48.064  -45.731  -15.318 0.0000000000
162998  48.622  -45.394  -15.837 0.0000000000
162999  49.285  -45.051  -16.434 0.0000000000
163000  49.133  -44.063  -16.901 0.0000000000
163001  49.475  -44.367  -16.970 0.0000000000
163002  49.836  -44.818  -17.036 0.0000000000
163003  50.362  -44.588  -17.746 0.0000000000
163004  50.837  -44.309  -18.519 0.0000000000
163005  51.319  -44.112  -19.333 0.0000000000
163006  51.448  -43.474  -20.001 0.0000000000
163009  50.973  -42.111  -20.370 0.0000000000
163015  50.032  -41.062  -20.340 0.0000000000
163016  50.593  -40.581  -21.025 0.0000000000
163018  51.212  -39.418  -22.320 0.0000000000
163042  51.684  -36.097  -24.959 0.0000000000
163043  52.082  -35.244  -25.384 0.0000000000
163044  52.454  -34.409  -25.759 0.0000000000
163045  51.370  -34.241  -25.232 0.0000000000
163046  52.085  -33.952  -25.802 0.0000000000
163047  52.894  -33.581  -26.098 0.0000000000
163052  53.431  -29.999  -27.161 0.0000000000
163053  53.099  -29.653  -27.138 0.0000000000
163054  51.826  -30.834  -26.369 0.0000000000
163055  52.245  -29.957  -26.719 0.0000000000
163056  52.711  -29.226  -27.106 0.0000000000
163057  52.323  -28.760  -27.031 0.0000000000
163058  51.945  -28.234  -26.889 0.0000000000
163059  51.580  -27.795  -26.778 0.0000000000
163060  47.049  -38.450  -19.622 0.0000000000
163061  47.294  -37.702  -20.309 0.0000000000
163062  47.554  -37.091  -20.867 0.0000000000
163063  46.828  -36.939  -20.127 0.0000000000
163064  47.321  -36.634  -20.841 0.0000000000
163065  48.021  -36.246  -21.333 0.0000000000
163066  48.341  -35.608  -21.762 0.0000000000
163067  48.667  -34.638  -22.263 0.0000000000
163068  49.036  -33.819  -22.666 0.0000000000
163069  45.874  -35.552  -19.743 0.0000000000
163070  46.379  -35.025  -20.315 0.0000000000
163071  47.023  -34.551  -20.823 0.0000000000
163072  47.237  -33.370  -21.044 0.0000000000
163073  47.426  -33.946  -21.172 0.0000000000
163074  47.690  -34.188  -21.274 0.0000000000
163075  48.249  -33.835  -21.824 0.0000000000
163076  48.778  -33.423  -22.549 0.0000000000
163077  49.286  -32.984  -23.225 0.0000000000
163078  49.439  -32.177  -23.815 0.0000000000
163079  49.728  -31.397  -24.354 0.0000000000
163080  49.939  -30.554  -24.877 0.0000000000
163081  49.174  -30.459  -23.987 0.0000000000
163082  49.707  -30.052  -24.729 0.0000000000
163083  50.275  -29.759  -25.401 0.0000000000
163084  50.670  -29.033  -25.838 0.0000000000
163085  50.943  -28.131  -26.261 0.0000000000
163086  51.187  -27.375  -26.683 0.0000000000
163087  50.801  -27.033  -26.584 0.0000000000
163088  50.417  -26.750  -26.482 0.0000000000
163089  50.006  -26.391  -26.343 0.0000000000
163090  49.277  -27.424  -25.210 0.0000000000
163091  49.417  -26.684  -25.759 0.0000000000
163092  49.629  -26.010  -26.221 0.0000000000
163093  49.225  -25.600  -26.024 0.0000000000
163094  48.854  -25.290  -25.804 0.0000000000
163095  48.486  -25.005  -25.558 0.0000000000
163096  47.309  -29.356  -22.401 0.0000000000
163097  47.449  -28.724  -22.890 0.0000000000
163098  47.559  -27.823  -23.395 0.0000000000
163099  46.664  -28.262  -22.597 0.0000000000
163100  47.162  -27.650  -23.249 0.0000000000
163101  47.646  -27.246  -23.926 0.0000000000
163102  47.961  -26.524  -24.395 0.0000000000
163103  47.989  -25.632  -24.875 0.0000000000
