#!ascii label  , from subject fsaverage vox2ras=TkReg
568
30  19.216  -81.150  36.372 0.0000000000
555  19.162  -73.986  20.539 0.0000000000
764  12.739  -84.141  36.899 0.0000000000
766  13.670  -81.182  32.136 0.0000000000
1223  20.133  -72.236  26.501 0.0000000000
1905  20.178  -76.390  32.797 0.0000000000
2301  17.458  -77.962  27.530 0.0000000000
2302  13.980  -77.878  22.996 0.0000000000
2304  22.268  -67.182  22.489 0.0000000000
2684  16.119  -83.199  36.053 0.0000000000
2685  12.803  -82.458  34.758 0.0000000000
2686  16.408  -81.705  33.825 0.0000000000
2697  18.656  -82.704  38.419 0.0000000000
2698  16.098  -84.859  38.119 0.0000000000
5108  19.387  -77.511  29.885 0.0000000000
5109  19.772  -74.538  29.190 0.0000000000
5110  19.879  -73.430  23.647 0.0000000000
5111  18.060  -76.438  23.800 0.0000000000
5112  16.460  -76.308  21.245 0.0000000000
5114  15.005  -74.554  19.716 0.0000000000
5987  9.883  -81.695  33.234 0.0000000000
5988  11.415  -80.630  30.341 0.0000000000
6812  21.196  -70.076  24.298 0.0000000000
8324  19.880  -77.794  37.561 0.0000000000
8325  20.043  -78.959  34.404 0.0000000000
9459  18.151  -79.803  31.505 0.0000000000
9460  15.635  -79.786  29.552 0.0000000000
9461  13.677  -79.849  27.623 0.0000000000
9462  18.889  -75.511  26.478 0.0000000000
9463  16.032  -78.617  25.172 0.0000000000
9464  11.877  -78.526  25.574 0.0000000000
9470  21.161  -70.902  21.208 0.0000000000
9471  22.651  -67.677  19.584 0.0000000000
9472  20.799  -70.852  18.256 0.0000000000
9473  17.961  -73.080  18.252 0.0000000000
10364  17.720  -82.434  36.013 0.0000000000
10365  16.163  -82.449  34.914 0.0000000000
10366  17.827  -81.754  34.889 0.0000000000
10375  19.745  -80.078  38.232 0.0000000000
10377  18.832  -82.027  37.395 0.0000000000
10378  17.513  -83.181  37.173 0.0000000000
12788  19.854  -73.967  30.607 0.0000000000
12790  19.618  -73.946  22.025 0.0000000000
12791  18.531  -75.328  22.064 0.0000000000
12792  17.907  -75.229  20.751 0.0000000000
12793  15.665  -75.616  20.249 0.0000000000
12794  17.152  -74.835  19.591 0.0000000000
13814  11.264  -84.524  37.292 0.0000000000
13816  10.980  -83.563  36.533 0.0000000000
13817  13.169  -81.773  33.479 0.0000000000
13818  11.231  -82.019  34.057 0.0000000000
13819  11.715  -81.564  32.664 0.0000000000
13820  10.598  -81.125  31.682 0.0000000000
13821  12.428  -81.073  31.298 0.0000000000
15193  21.202  -69.452  25.735 0.0000000000
18315  19.899  -76.765  36.399 0.0000000000
21082  20.236  -77.702  33.507 0.0000000000
21083  19.262  -79.651  32.732 0.0000000000
21084  19.768  -78.344  31.956 0.0000000000
21085  18.350  -77.741  28.633 0.0000000000
21086  17.621  -78.735  29.482 0.0000000000
21087  16.639  -78.884  28.450 0.0000000000
21088  14.674  -80.039  28.699 0.0000000000
21089  15.801  -79.248  27.478 0.0000000000
21090  20.169  -71.580  27.984 0.0000000000
21091  19.712  -73.329  27.852 0.0000000000
21092  19.557  -73.965  26.398 0.0000000000
21093  16.167  -77.707  23.108 0.0000000000
21094  17.054  -77.631  24.374 0.0000000000
21095  15.003  -78.437  23.975 0.0000000000
21096  13.826  -78.980  25.190 0.0000000000
21097  12.950  -78.301  24.195 0.0000000000
21099  12.076  -77.492  23.349 0.0000000000
21111  21.729  -68.614  23.331 0.0000000000
21112  21.833  -69.060  21.829 0.0000000000
21113  23.465  -66.062  18.977 0.0000000000
21114  23.352  -65.827  20.450 0.0000000000
21115  22.677  -67.730  18.209 0.0000000000
21117  20.342  -70.456  16.987 0.0000000000
21118  18.774  -71.375  17.061 0.0000000000
21119  19.426  -72.093  18.029 0.0000000000
21120  17.341  -72.076  17.636 0.0000000000
23264  14.552  -83.808  36.432 0.0000000000
23265  12.735  -83.291  35.914 0.0000000000
23266  14.459  -82.965  35.340 0.0000000000
23267  14.633  -82.097  34.189 0.0000000000
23268  15.111  -81.351  32.962 0.0000000000
23288  17.749  -84.518  38.956 0.0000000000
23289  17.528  -83.904  38.225 0.0000000000
23290  16.074  -84.005  37.348 0.0000000000
27625  19.985  -74.829  32.283 0.0000000000
27626  19.960  -77.034  31.271 0.0000000000
27627  20.018  -75.570  30.776 0.0000000000
27628  19.661  -76.145  29.374 0.0000000000
27629  18.957  -76.517  28.094 0.0000000000
27630  20.086  -72.910  25.067 0.0000000000
27631  19.353  -74.608  24.950 0.0000000000
27632  19.014  -75.064  23.545 0.0000000000
27633  17.348  -76.593  22.494 0.0000000000
27634  15.109  -77.216  22.007 0.0000000000
27635  13.150  -77.024  22.110 0.0000000000
27636  14.365  -76.386  21.143 0.0000000000
27637  13.692  -75.106  20.746 0.0000000000
27638  13.335  -73.675  20.616 0.0000000000
29329  10.948  -82.688  35.385 0.0000000000
29330  9.369  -82.222  34.676 0.0000000000
31253  20.629  -70.527  26.860 0.0000000000
31254  20.680  -71.229  25.297 0.0000000000
31255  20.615  -71.833  23.825 0.0000000000
31256  20.477  -72.381  22.307 0.0000000000
35264  19.992  -79.537  37.067 0.0000000000
35265  19.611  -80.226  35.321 0.0000000000
35266  20.224  -78.393  35.980 0.0000000000
35267  20.256  -77.255  34.962 0.0000000000
35268  20.039  -75.974  34.104 0.0000000000
35271  19.738  -74.556  33.505 0.0000000000
38613  18.511  -80.766  33.782 0.0000000000
38614  17.287  -80.809  32.628 0.0000000000
38615  15.958  -80.564  31.662 0.0000000000
38616  18.842  -78.691  30.604 0.0000000000
38617  16.855  -79.698  30.519 0.0000000000
38618  14.638  -80.549  30.765 0.0000000000
38619  13.565  -80.557  29.961 0.0000000000
38623  19.388  -75.115  27.799 0.0000000000
38624  18.219  -76.798  26.840 0.0000000000
38625  18.536  -76.014  25.138 0.0000000000
38626  17.672  -77.249  25.624 0.0000000000
38627  16.789  -78.312  26.441 0.0000000000
38628  14.891  -79.318  26.316 0.0000000000
38629  12.703  -79.271  26.511 0.0000000000
38646  21.575  -68.116  24.845 0.0000000000
38647  21.187  -70.660  22.724 0.0000000000
38648  20.280  -72.547  20.751 0.0000000000
38650  23.077  -65.574  21.866 0.0000000000
38651  22.529  -67.482  21.040 0.0000000000
38652  21.609  -69.243  17.415 0.0000000000
38653  21.805  -69.404  18.824 0.0000000000
38654  21.830  -69.396  20.239 0.0000000000
38655  21.056  -71.031  19.675 0.0000000000
38656  19.960  -72.526  19.292 0.0000000000
38657  18.600  -73.799  19.218 0.0000000000
38658  16.525  -73.859  18.867 0.0000000000
41084  18.464  -81.846  36.140 0.0000000000
41085  17.750  -82.095  35.432 0.0000000000
41086  18.523  -81.537  35.577 0.0000000000
41095  19.574  -80.646  37.286 0.0000000000
41096  19.424  -81.109  37.775 0.0000000000
41097  19.009  -81.609  36.853 0.0000000000
41098  18.295  -82.278  36.691 0.0000000000
43510  19.419  -73.986  21.279 0.0000000000
43511  18.882  -74.677  21.277 0.0000000000
43512  18.571  -74.648  20.610 0.0000000000
43513  17.533  -75.113  20.153 0.0000000000
43514  18.235  -74.542  19.984 0.0000000000
44534  11.933  -84.319  37.128 0.0000000000
44535  11.088  -84.045  36.968 0.0000000000
44536  11.854  -83.871  36.714 0.0000000000
44537  13.416  -81.464  32.820 0.0000000000
44538  12.446  -81.666  33.100 0.0000000000
44539  12.709  -81.402  32.382 0.0000000000
44540  12.036  -81.351  31.954 0.0000000000
44541  13.018  -81.161  31.715 0.0000000000
44578  12.050  -84.816  37.467 0.0000000000
51802  20.240  -77.081  33.155 0.0000000000
51803  20.044  -78.076  32.708 0.0000000000
51804  20.123  -77.383  32.372 0.0000000000
51805  17.844  -77.811  28.045 0.0000000000
51806  17.495  -78.313  28.495 0.0000000000
51807  17.063  -78.441  27.959 0.0000000000
51808  16.203  -79.066  27.960 0.0000000000
51809  16.687  -78.627  27.453 0.0000000000
51810  20.156  -71.882  27.263 0.0000000000
51811  19.920  -72.756  27.156 0.0000000000
51812  19.866  -73.134  26.422 0.0000000000
51813  15.062  -77.931  22.962 0.0000000000
51814  15.587  -78.115  23.514 0.0000000000
51815  14.514  -78.190  23.455 0.0000000000
51816  13.951  -78.438  24.044 0.0000000000
51817  13.470  -78.097  23.575 0.0000000000
51818  12.505  -77.923  23.755 0.0000000000
51819  12.984  -77.711  23.136 0.0000000000
51830  22.151  -66.962  23.202 0.0000000000
51831  22.011  -67.915  22.880 0.0000000000
51832  22.079  -68.113  22.147 0.0000000000
51834  23.084  -66.902  18.608 0.0000000000
51835  22.637  -67.718  17.471 0.0000000000
51837  18.487  -70.898  16.759 0.0000000000
54134  15.364  -83.522  36.218 0.0000000000
54135  14.463  -83.373  35.881 0.0000000000
54136  15.305  -83.091  35.605 0.0000000000
54137  16.198  -82.105  34.395 0.0000000000
54138  15.366  -82.319  34.537 0.0000000000
54139  15.500  -81.918  33.983 0.0000000000
54140  14.863  -81.720  33.572 0.0000000000
54141  15.772  -81.523  33.369 0.0000000000
54173  18.149  -83.647  38.832 0.0000000000
54174  18.120  -83.325  38.324 0.0000000000
54175  16.833  -83.254  36.601 0.0000000000
54176  16.824  -83.628  37.217 0.0000000000
54177  16.096  -83.621  36.725 0.0000000000
54178  15.309  -83.958  36.880 0.0000000000
61402  19.797  -74.097  32.076 0.0000000000
61403  20.022  -75.246  31.528 0.0000000000
61404  19.904  -74.453  31.371 0.0000000000
61405  19.855  -74.266  29.864 0.0000000000
61406  19.901  -75.095  29.973 0.0000000000
61407  19.731  -75.367  29.247 0.0000000000
61408  19.337  -76.331  28.723 0.0000000000
61409  19.468  -75.618  28.576 0.0000000000
61410  20.020  -73.170  24.378 0.0000000000
61411  19.643  -74.059  24.305 0.0000000000
61412  19.468  -74.241  23.571 0.0000000000
61413  17.592  -75.935  21.566 0.0000000000
61414  17.972  -75.963  22.229 0.0000000000
61415  16.924  -76.501  21.839 0.0000000000
61416  16.224  -77.037  22.160 0.0000000000
61417  15.761  -76.820  21.600 0.0000000000
61418  14.712  -76.860  21.534 0.0000000000
61419  15.331  -76.476  21.103 0.0000000000
61420  15.279  -75.145  19.952 0.0000000000
61421  14.598  -75.414  20.421 0.0000000000
61422  14.306  -74.826  20.229 0.0000000000
61423  13.471  -74.397  20.613 0.0000000000
61424  14.133  -74.126  20.066 0.0000000000
64492  12.758  -82.869  35.360 0.0000000000
64493  11.783  -82.986  35.707 0.0000000000
64494  11.838  -82.544  35.074 0.0000000000
64495  10.515  -81.859  33.682 0.0000000000
64496  10.318  -82.130  34.377 0.0000000000
64497  9.577  -81.935  34.013 0.0000000000
64498  8.735  -81.964  34.117 0.0000000000
64502  11.005  -80.856  30.997 0.0000000000
64503  10.116  -80.793  31.170 0.0000000000
64605  16.944  -84.813  38.504 0.0000000000
64606  17.103  -85.132  38.706 0.0000000000
64607  16.241  -85.269  38.365 0.0000000000
68618  20.672  -70.841  26.082 0.0000000000
68619  20.937  -70.001  26.292 0.0000000000
68620  21.195  -69.735  25.052 0.0000000000
68621  20.972  -70.659  24.793 0.0000000000
68622  20.922  -71.040  24.030 0.0000000000
68623  20.533  -72.142  23.079 0.0000000000
68624  20.881  -71.338  23.268 0.0000000000
77984  20.038  -78.615  37.356 0.0000000000
77985  20.135  -78.945  36.497 0.0000000000
77986  20.112  -78.068  36.758 0.0000000000
77987  19.831  -76.149  35.907 0.0000000000
77988  20.127  -76.960  35.736 0.0000000000
77989  20.056  -76.361  35.218 0.0000000000
77990  20.166  -76.674  34.492 0.0000000000
77991  19.945  -75.739  34.742 0.0000000000
78000  19.561  -73.829  33.310 0.0000000000
78388  19.958  -78.933  37.998 0.0000000000
86287  19.853  -79.603  34.881 0.0000000000
86288  19.094  -80.554  34.507 0.0000000000
86289  19.408  -79.997  33.978 0.0000000000
86290  18.749  -79.797  32.069 0.0000000000
86291  18.352  -80.353  32.581 0.0000000000
86292  17.753  -80.305  31.972 0.0000000000
86293  16.650  -80.667  32.127 0.0000000000
86294  17.065  -80.219  31.538 0.0000000000
86295  19.718  -77.316  30.527 0.0000000000
86296  19.579  -77.954  30.851 0.0000000000
86297  19.136  -78.115  30.216 0.0000000000
86298  16.650  -79.215  29.448 0.0000000000
86299  17.267  -79.221  30.001 0.0000000000
86300  16.226  -79.651  29.987 0.0000000000
86301  15.725  -80.118  30.551 0.0000000000
86302  15.125  -80.183  30.147 0.0000000000
86303  14.058  -80.560  30.356 0.0000000000
86304  14.610  -80.259  29.738 0.0000000000
86305  14.193  -79.970  28.198 0.0000000000
86306  13.627  -80.240  28.823 0.0000000000
86307  13.115  -80.031  28.292 0.0000000000
86309  12.615  -79.782  27.719 0.0000000000
86313  19.375  -74.446  27.146 0.0000000000
86314  19.548  -74.239  27.826 0.0000000000
86315  19.125  -75.273  27.144 0.0000000000
86316  18.874  -75.974  27.254 0.0000000000
86317  18.558  -76.204  26.633 0.0000000000
86318  18.708  -75.614  24.308 0.0000000000
86319  18.963  -75.319  25.036 0.0000000000
86320  18.298  -76.267  24.445 0.0000000000
86321  16.511  -78.140  24.750 0.0000000000
86322  17.370  -77.506  25.000 0.0000000000
86323  16.950  -78.032  25.395 0.0000000000
86324  17.219  -77.792  25.996 0.0000000000
86325  16.480  -78.513  25.833 0.0000000000
86326  15.935  -78.936  26.327 0.0000000000
86327  15.434  -78.985  25.709 0.0000000000
86328  12.834  -78.768  25.358 0.0000000000
86329  13.280  -79.126  25.856 0.0000000000
86330  12.306  -78.878  26.058 0.0000000000
86340  12.874  -76.444  21.874 0.0000000000
86341  12.284  -76.733  22.379 0.0000000000
86373  21.502  -69.833  22.260 0.0000000000
86374  21.480  -69.654  23.024 0.0000000000
86375  21.190  -70.818  21.949 0.0000000000
86376  20.820  -71.662  21.718 0.0000000000
86377  20.756  -71.748  20.945 0.0000000000
86381  23.028  -66.737  20.052 0.0000000000
86382  23.230  -65.678  21.184 0.0000000000
86383  22.952  -66.646  20.750 0.0000000000
86384  22.837  -66.522  21.459 0.0000000000
86385  22.597  -67.620  20.265 0.0000000000
86387  21.458  -69.112  16.748 0.0000000000
86388  20.770  -69.658  16.591 0.0000000000
86389  20.612  -70.644  17.603 0.0000000000
86390  21.204  -70.024  17.828 0.0000000000
86391  21.289  -70.180  18.454 0.0000000000
86392  21.805  -69.434  19.505 0.0000000000
86393  21.377  -70.251  19.182 0.0000000000
86394  21.450  -70.250  19.916 0.0000000000
86395  20.910  -70.994  18.941 0.0000000000
86396  18.703  -72.616  18.099 0.0000000000
86397  19.735  -72.334  18.627 0.0000000000
86398  19.019  -72.949  18.608 0.0000000000
86399  19.291  -73.213  19.211 0.0000000000
86400  18.272  -73.462  18.682 0.0000000000
86401  17.562  -73.947  18.896 0.0000000000
86402  17.225  -73.479  18.505 0.0000000000
92384  16.866  -82.873  35.962 0.0000000000
92385  16.110  -82.819  35.460 0.0000000000
92386  16.940  -82.525  35.393 0.0000000000
92387  17.022  -82.194  34.836 0.0000000000
92388  17.124  -81.816  34.300 0.0000000000
92406  19.244  -81.483  38.235 0.0000000000
92407  18.720  -82.381  37.968 0.0000000000
92408  18.122  -82.983  37.798 0.0000000000
92409  18.167  -82.637  37.266 0.0000000000
92410  17.589  -82.823  36.599 0.0000000000
96746  19.765  -73.669  31.306 0.0000000000
96749  19.829  -73.453  29.826 0.0000000000
96750  19.748  -73.692  22.854 0.0000000000
96751  19.274  -74.443  22.802 0.0000000000
96752  19.083  -74.663  21.986 0.0000000000
96753  18.234  -75.326  21.363 0.0000000000
96754  17.185  -75.778  20.961 0.0000000000
96755  16.032  -75.997  20.708 0.0000000000
96756  16.806  -75.564  20.395 0.0000000000
96757  16.402  -75.263  19.888 0.0000000000
96758  16.057  -74.798  19.527 0.0000000000
98599  12.958  -82.111  34.112 0.0000000000
98600  11.967  -82.200  34.424 0.0000000000
98601  12.176  -81.919  33.758 0.0000000000
98602  11.456  -81.779  33.365 0.0000000000
98603  10.792  -81.653  32.949 0.0000000000
98604  10.222  -81.426  32.450 0.0000000000
98605  11.135  -81.398  32.193 0.0000000000
98606  11.513  -81.135  31.494 0.0000000000
98607  11.887  -80.892  30.856 0.0000000000
98667  15.310  -84.821  37.853 0.0000000000
98668  15.317  -85.293  38.068 0.0000000000
98669  14.501  -85.109  37.862 0.0000000000
101075  21.140  -69.140  26.525 0.0000000000
101076  21.289  -68.207  26.801 0.0000000000
101077  21.371  -68.477  26.078 0.0000000000
101078  21.377  -68.792  25.333 0.0000000000
106695  19.908  -77.295  36.953 0.0000000000
106696  19.611  -76.537  37.044 0.0000000000
106697  19.536  -75.973  36.528 0.0000000000
111676  20.166  -78.336  33.899 0.0000000000
111677  19.689  -79.379  33.491 0.0000000000
111678  19.901  -78.740  33.071 0.0000000000
111679  19.545  -79.025  32.312 0.0000000000
111680  19.101  -79.195  31.628 0.0000000000
111681  18.869  -77.632  29.242 0.0000000000
111682  18.575  -78.185  29.613 0.0000000000
111683  18.038  -78.266  29.015 0.0000000000
111684  17.091  -78.778  28.960 0.0000000000
111685  16.143  -79.356  28.985 0.0000000000
111686  15.140  -79.918  29.137 0.0000000000
111687  15.679  -79.509  28.533 0.0000000000
111688  15.241  -79.669  28.067 0.0000000000
111689  14.754  -79.691  27.569 0.0000000000
111693  19.635  -73.606  27.123 0.0000000000
111694  19.227  -74.754  26.410 0.0000000000
111695  17.218  -77.163  23.400 0.0000000000
111696  17.583  -77.062  24.052 0.0000000000
111697  16.670  -77.705  23.751 0.0000000000
111698  16.078  -78.153  24.119 0.0000000000
111699  15.505  -78.573  24.578 0.0000000000
111700  14.931  -78.923  25.122 0.0000000000
111701  14.400  -78.749  24.568 0.0000000000
111702  13.385  -78.633  24.686 0.0000000000
111703  12.411  -78.437  24.863 0.0000000000
111705  11.998  -78.075  24.415 0.0000000000
111706  11.564  -77.673  24.020 0.0000000000
111727  21.794  -67.401  24.375 0.0000000000
111728  21.931  -67.707  23.608 0.0000000000
111729  21.801  -68.873  22.581 0.0000000000
111730  21.511  -69.998  21.513 0.0000000000
111731  23.732  -65.073  20.067 0.0000000000
111732  23.611  -64.982  20.750 0.0000000000
111733  23.448  -65.969  19.685 0.0000000000
111734  23.080  -66.857  19.299 0.0000000000
111735  22.690  -67.703  18.942 0.0000000000
111739  19.573  -70.952  16.941 0.0000000000
111740  19.913  -71.233  17.465 0.0000000000
111741  20.113  -71.516  18.057 0.0000000000
111742  19.104  -71.787  17.434 0.0000000000
111743  18.353  -72.251  17.621 0.0000000000
111744  17.630  -72.647  17.880 0.0000000000
111745  16.930  -72.975  18.247 0.0000000000
111746  16.641  -72.338  18.095 0.0000000000
115724  13.689  -84.013  36.648 0.0000000000
115725  12.682  -83.723  36.432 0.0000000000
115726  13.625  -83.587  36.132 0.0000000000
115727  13.603  -83.140  35.626 0.0000000000
115728  13.631  -82.731  35.062 0.0000000000
115729  15.332  -82.704  35.061 0.0000000000
115730  14.522  -82.562  34.783 0.0000000000
115731  13.749  -82.325  34.457 0.0000000000
115732  13.927  -81.940  33.836 0.0000000000
115733  14.122  -81.551  33.220 0.0000000000
115734  14.385  -81.218  32.600 0.0000000000
115779  18.246  -83.898  39.219 0.0000000000
115780  17.619  -84.208  38.658 0.0000000000
115781  16.788  -84.391  38.161 0.0000000000
115782  17.526  -83.541  37.743 0.0000000000
115783  16.801  -84.007  37.751 0.0000000000
115784  16.047  -84.412  37.789 0.0000000000
115785  15.296  -84.366  37.447 0.0000000000
115786  14.485  -84.214  37.063 0.0000000000
125899  20.095  -75.621  32.502 0.0000000000
125900  20.127  -76.703  32.028 0.0000000000
125901  20.093  -76.011  31.757 0.0000000000
125902  19.996  -76.361  30.989 0.0000000000
125903  19.844  -76.618  30.268 0.0000000000
125904  19.933  -74.779  30.675 0.0000000000
125905  19.914  -75.873  30.079 0.0000000000
125906  19.548  -76.842  29.570 0.0000000000
125907  19.109  -77.022  28.938 0.0000000000
125908  18.673  -77.156  28.331 0.0000000000
125909  18.242  -77.341  27.679 0.0000000000
125910  20.114  -72.596  25.784 0.0000000000
125911  19.812  -73.461  25.690 0.0000000000
125912  19.770  -73.789  24.971 0.0000000000
125913  19.177  -74.889  24.269 0.0000000000
125914  18.498  -75.785  23.627 0.0000000000
125915  18.785  -75.193  22.816 0.0000000000
125916  18.262  -75.881  22.953 0.0000000000
125917  17.730  -76.543  23.149 0.0000000000
125918  16.746  -77.185  22.741 0.0000000000
125919  15.584  -77.520  22.535 0.0000000000
125920  14.514  -77.600  22.472 0.0000000000
125921  13.479  -77.504  22.529 0.0000000000
125922  14.104  -77.185  22.002 0.0000000000
125923  13.791  -76.727  21.615 0.0000000000
125924  13.458  -76.123  21.395 0.0000000000
125925  14.965  -75.967  20.665 0.0000000000
125926  14.027  -75.769  20.908 0.0000000000
125927  13.133  -75.435  21.241 0.0000000000
125928  12.824  -74.690  21.155 0.0000000000
130075  11.820  -83.427  36.239 0.0000000000
130076  10.922  -83.109  35.985 0.0000000000
130077  10.072  -82.785  35.656 0.0000000000
130078  11.073  -82.316  34.740 0.0000000000
130079  10.193  -82.443  35.036 0.0000000000
130221  15.547  -85.633  38.242 0.0000000000
135289  20.343  -70.753  28.171 0.0000000000
135290  20.380  -71.042  27.415 0.0000000000
135299  20.379  -71.403  26.672 0.0000000000
135300  20.387  -71.726  25.935 0.0000000000
135301  20.386  -72.068  25.156 0.0000000000
135302  20.342  -72.367  24.468 0.0000000000
135303  20.959  -70.363  25.515 0.0000000000
135304  20.686  -71.549  24.589 0.0000000000
135305  20.254  -72.645  23.723 0.0000000000
135306  20.157  -72.903  22.941 0.0000000000
135307  20.069  -73.175  22.171 0.0000000000
135308  19.923  -73.253  21.379 0.0000000000
146804  19.658  -80.357  36.724 0.0000000000
146805  19.365  -80.724  35.861 0.0000000000
146806  19.839  -79.860  36.200 0.0000000000
146807  20.024  -79.277  35.662 0.0000000000
146808  20.161  -78.694  35.215 0.0000000000
146809  20.156  -77.575  36.240 0.0000000000
146810  20.264  -77.841  35.476 0.0000000000
146811  20.233  -78.106  34.685 0.0000000000
146812  20.235  -77.504  34.223 0.0000000000
146813  20.187  -76.866  33.824 0.0000000000
146814  20.104  -76.179  33.462 0.0000000000
146822  19.899  -75.268  33.769 0.0000000000
146823  19.988  -75.461  33.123 0.0000000000
146824  19.855  -74.713  32.906 0.0000000000
146825  19.687  -73.956  32.711 0.0000000000
147292  19.853  -79.812  37.648 0.0000000000
156795  18.781  -81.067  35.052 0.0000000000
156796  18.147  -81.265  34.350 0.0000000000
156797  17.471  -81.329  33.754 0.0000000000
156798  18.896  -80.232  33.224 0.0000000000
156799  17.909  -80.851  33.156 0.0000000000
156800  16.844  -81.255  33.228 0.0000000000
156801  16.227  -81.108  32.766 0.0000000000
156802  15.562  -80.954  32.322 0.0000000000
156803  14.862  -80.852  31.864 0.0000000000
156804  19.896  -77.682  31.603 0.0000000000
156805  19.414  -78.573  31.240 0.0000000000
156806  18.512  -79.256  31.041 0.0000000000
156807  18.232  -78.716  30.044 0.0000000000
156808  17.912  -79.248  30.527 0.0000000000
156809  17.495  -79.749  31.009 0.0000000000
156810  16.393  -80.148  31.053 0.0000000000
156811  15.314  -80.492  31.160 0.0000000000
156812  14.169  -80.889  31.422 0.0000000000
156813  13.550  -80.870  31.023 0.0000000000
156814  12.984  -80.805  30.619 0.0000000000
156815  12.438  -80.665  30.200 0.0000000000
156816  14.151  -80.313  29.325 0.0000000000
156817  13.032  -80.488  29.479 0.0000000000
156824  19.805  -73.674  29.204 0.0000000000
156825  19.808  -73.087  28.528 0.0000000000
156826  19.704  -73.977  28.505 0.0000000000
156827  19.593  -74.826  28.515 0.0000000000
156828  19.182  -75.835  27.917 0.0000000000
156829  18.587  -76.624  27.464 0.0000000000
156830  17.845  -77.412  27.159 0.0000000000
156831  19.471  -74.292  25.681 0.0000000000
156832  19.111  -75.045  25.725 0.0000000000
156833  18.703  -75.771  25.777 0.0000000000
156834  17.876  -76.944  24.647 0.0000000000
156835  18.100  -76.664  25.315 0.0000000000
156836  18.319  -76.421  25.992 0.0000000000
156837  17.918  -77.014  26.253 0.0000000000
156838  17.512  -77.578  26.586 0.0000000000
156839  17.110  -78.125  27.000 0.0000000000
156840  16.321  -78.792  26.929 0.0000000000
156841  15.405  -79.349  26.908 0.0000000000
156842  14.295  -79.609  26.956 0.0000000000
156843  14.349  -79.202  25.732 0.0000000000
156844  13.812  -79.426  26.382 0.0000000000
156845  13.185  -79.630  27.023 0.0000000000
156858  12.593  -77.277  22.708 0.0000000000
156859  11.722  -77.003  22.986 0.0000000000
156895  21.540  -67.861  25.571 0.0000000000
156896  21.410  -69.099  24.570 0.0000000000
156897  21.631  -68.348  24.093 0.0000000000
156898  21.440  -69.386  23.813 0.0000000000
156899  21.205  -70.372  23.511 0.0000000000
156900  20.852  -71.547  22.486 0.0000000000
156901  20.413  -72.459  21.544 0.0000000000
156902  19.764  -73.290  20.647 0.0000000000
156910  22.675  -66.315  22.217 0.0000000000
156911  22.398  -67.335  21.772 0.0000000000
156912  22.071  -68.486  17.063 0.0000000000
156913  22.176  -68.530  17.775 0.0000000000
156914  22.237  -68.597  18.426 0.0000000000
156915  21.009  -69.862  17.186 0.0000000000
156916  21.758  -69.342  18.134 0.0000000000
156917  22.244  -68.584  19.157 0.0000000000
156918  22.232  -68.540  19.909 0.0000000000
156919  22.183  -68.462  20.654 0.0000000000
156920  22.131  -68.320  21.382 0.0000000000
156921  21.833  -69.236  21.044 0.0000000000
156922  21.491  -70.122  20.747 0.0000000000
156923  21.120  -70.990  20.462 0.0000000000
156924  20.341  -71.700  18.730 0.0000000000
156925  20.558  -71.789  19.453 0.0000000000
156926  20.691  -71.807  20.178 0.0000000000
156927  20.129  -72.599  19.956 0.0000000000
156928  19.533  -73.313  19.888 0.0000000000
156929  18.896  -73.936  19.887 0.0000000000
156930  17.913  -74.369  19.405 0.0000000000
156931  16.830  -74.392  19.181 0.0000000000
156932  15.757  -74.225  19.254 0.0000000000
156934  15.458  -73.567  19.145 0.0000000000
156935  14.764  -73.853  19.585 0.0000000000
