#!ascii label  , from subject fsaverage vox2ras=TkReg
556
62  11.659  1.827  39.875 0.0000000000
183  5.135  8.922  35.678 0.0000000000
401  5.729  -14.054  39.551 0.0000000000
402  5.127  -2.810  39.369 0.0000000000
908  7.735  -5.458  41.120 0.0000000000
909  7.749  -0.195  40.499 0.0000000000
1481  8.309  5.575  38.193 0.0000000000
1896  8.863  -10.851  40.004 0.0000000000
1897  5.266  -8.481  39.579 0.0000000000
1899  4.623  3.092  38.085 0.0000000000
2828  9.187  -1.842  41.280 0.0000000000
2829  9.866  0.723  39.929 0.0000000000
4165  6.165  -4.168  40.694 0.0000000000
4166  6.465  -6.940  40.593 0.0000000000
4167  5.176  -5.660  39.454 0.0000000000
4168  4.603  -7.284  37.449 0.0000000000
4169  4.685  -4.498  37.216 0.0000000000
4170  6.588  7.465  37.467 0.0000000000
4171  6.324  4.560  38.408 0.0000000000
4172  4.895  6.123  36.870 0.0000000000
5040  7.875  -15.106  39.162 0.0000000000
5042  6.594  -17.424  39.370 0.0000000000
6244  7.477  -2.966  41.185 0.0000000000
6245  5.858  -1.374  40.721 0.0000000000
6247  4.702  6.927  34.109 0.0000000000
7294  11.794  4.584  38.935 0.0000000000
7295  10.017  3.503  38.721 0.0000000000
8300  7.326  -12.544  39.720 0.0000000000
8302  6.822  -9.732  40.156 0.0000000000
8303  5.374  -11.308  39.618 0.0000000000
8307  8.150  2.591  39.129 0.0000000000
8308  5.964  1.572  39.761 0.0000000000
8309  4.697  0.088  39.134 0.0000000000
8310  4.615  4.024  35.251 0.0000000000
8311  4.634  1.205  36.317 0.0000000000
10507  11.427  0.522  40.474 0.0000000000
10508  10.572  0.007  40.455 0.0000000000
10509  10.798  1.248  39.765 0.0000000000
11845  5.559  -3.388  40.136 0.0000000000
11846  5.635  -4.743  40.191 0.0000000000
11847  5.190  -4.207  39.433 0.0000000000
11848  4.919  -5.074  38.442 0.0000000000
11849  4.983  -3.667  38.349 0.0000000000
11850  5.741  8.344  36.726 0.0000000000
11851  5.608  6.909  37.316 0.0000000000
11852  5.057  7.498  36.246 0.0000000000
12720  6.781  -14.610  39.486 0.0000000000
12721  7.213  -16.244  39.259 0.0000000000
12722  6.210  -15.680  39.384 0.0000000000
14245  8.579  -1.024  40.853 0.0000000000
14246  8.296  -2.394  41.264 0.0000000000
14247  7.564  -1.594  41.003 0.0000000000
14248  6.717  -2.218  41.022 0.0000000000
14249  6.690  -0.825  40.823 0.0000000000
18252  9.154  -12.157  39.589 0.0000000000
18253  8.379  -12.998  39.404 0.0000000000
18254  8.143  -11.709  39.806 0.0000000000
18255  8.490  -6.168  41.220 0.0000000000
18258  5.764  -7.713  40.221 0.0000000000
18259  6.632  -8.335  40.365 0.0000000000
18260  5.937  -9.100  40.042 0.0000000000
18261  6.112  -10.498  39.916 0.0000000000
18262  5.307  -9.899  39.604 0.0000000000
18263  4.831  -10.703  38.843 0.0000000000
18264  4.876  -9.305  38.723 0.0000000000
18270  9.162  4.505  38.481 0.0000000000
18271  9.139  3.033  38.839 0.0000000000
18272  8.286  4.019  38.586 0.0000000000
18273  5.270  3.949  38.415 0.0000000000
18274  6.154  3.053  39.076 0.0000000000
18275  5.116  2.428  39.090 0.0000000000
18276  5.021  0.869  39.757 0.0000000000
18277  4.600  1.586  38.667 0.0000000000
18279  4.654  5.544  34.611 0.0000000000
18284  4.735  -0.210  36.689 0.0000000000
20883  7.885  -19.648  39.204 0.0000000000
23524  9.541  -0.561  40.660 0.0000000000
23525  8.860  0.293  40.196 0.0000000000
25929  6.934  -4.832  40.954 0.0000000000
25930  7.082  -6.232  40.877 0.0000000000
25931  6.309  -5.519  40.644 0.0000000000
25932  5.697  -6.244  40.246 0.0000000000
25933  5.174  -7.051  39.555 0.0000000000
25934  4.888  -7.850  38.620 0.0000000000
25935  4.899  -6.469  38.518 0.0000000000
25936  4.662  -5.837  37.320 0.0000000000
25939  7.461  5.081  38.318 0.0000000000
25940  6.475  6.067  37.943 0.0000000000
25941  5.433  5.451  37.842 0.0000000000
25942  4.692  4.612  37.423 0.0000000000
27506  8.287  -16.788  38.989 0.0000000000
27507  7.622  -17.991  39.188 0.0000000000
27508  6.813  -19.139  39.488 0.0000000000
29927  8.298  -4.889  41.323 0.0000000000
29928  8.874  -3.134  41.605 0.0000000000
29929  8.228  -3.677  41.356 0.0000000000
29930  7.580  -4.234  41.204 0.0000000000
29931  6.844  -3.528  40.972 0.0000000000
29932  6.024  -2.776  40.714 0.0000000000
29933  5.346  -2.076  40.200 0.0000000000
29934  4.973  9.301  34.314 0.0000000000
29935  4.805  7.924  34.936 0.0000000000
31152  5.008  -13.525  39.131 0.0000000000
31153  5.292  -15.169  39.144 0.0000000000
32416  11.728  3.200  39.344 0.0000000000
32417  10.881  2.640  39.184 0.0000000000
32418  10.966  4.044  38.798 0.0000000000
32435  5.269  10.237  35.008 0.0000000000
35191  7.555  -13.849  39.417 0.0000000000
35192  6.459  -13.362  39.716 0.0000000000
35196  7.258  -7.569  40.723 0.0000000000
35197  7.497  -8.990  40.431 0.0000000000
35198  7.878  -10.348  40.076 0.0000000000
35199  7.121  -11.185  39.977 0.0000000000
35200  6.248  -12.013  39.855 0.0000000000
35201  5.481  -12.756  39.685 0.0000000000
35202  4.870  -12.165  39.014 0.0000000000
35211  9.990  2.106  39.279 0.0000000000
35212  9.053  1.638  39.471 0.0000000000
35213  8.008  1.183  39.824 0.0000000000
35214  7.286  3.503  38.808 0.0000000000
35215  7.082  2.124  39.432 0.0000000000
35216  6.862  0.656  40.195 0.0000000000
35217  5.761  0.081  40.433 0.0000000000
35218  5.089  -0.647  40.168 0.0000000000
35219  4.912  -1.392  39.316 0.0000000000
35220  4.698  6.561  35.522 0.0000000000
35221  4.604  5.051  36.132 0.0000000000
35222  4.507  3.592  36.739 0.0000000000
35224  4.607  2.595  35.772 0.0000000000
35225  4.490  2.193  37.318 0.0000000000
35226  4.580  0.687  37.853 0.0000000000
35227  4.760  -0.762  38.099 0.0000000000
35228  4.928  -2.217  38.222 0.0000000000
35229  4.731  -3.099  37.009 0.0000000000
36526  12.022  0.171  41.134 0.0000000000
36555  12.519  4.303  39.519 0.0000000000
38377  5.600  -16.879  39.281 0.0000000000
41227  11.539  1.162  40.176 0.0000000000
41228  11.127  0.858  40.118 0.0000000000
41229  11.216  1.527  39.810 0.0000000000
42565  5.311  -3.082  39.815 0.0000000000
42566  5.360  -3.749  39.825 0.0000000000
42567  5.185  -3.455  39.384 0.0000000000
42568  5.068  -3.924  38.920 0.0000000000
42569  5.066  -3.220  38.882 0.0000000000
42570  5.367  8.691  36.286 0.0000000000
42571  5.346  7.941  36.545 0.0000000000
42572  5.098  8.212  35.958 0.0000000000
43440  6.225  -14.362  39.564 0.0000000000
43441  6.480  -15.073  39.440 0.0000000000
43442  5.962  -14.853  39.459 0.0000000000
44965  8.175  -0.616  40.656 0.0000000000
44966  8.068  -1.296  40.929 0.0000000000
44967  7.629  -0.922  40.794 0.0000000000
44968  7.137  -1.223  40.894 0.0000000000
44969  7.196  -0.513  40.673 0.0000000000
48972  9.000  -11.516  39.817 0.0000000000
48973  8.643  -11.942  39.734 0.0000000000
48974  8.519  -11.266  39.878 0.0000000000
48975  8.111  -5.821  41.173 0.0000000000
48976  8.191  -6.472  41.080 0.0000000000
48977  7.788  -6.087  41.062 0.0000000000
48978  5.482  -8.084  39.913 0.0000000000
48979  5.849  -8.401  40.139 0.0000000000
48980  5.588  -8.792  39.887 0.0000000000
48981  5.630  -9.498  39.849 0.0000000000
48982  5.328  -9.192  39.594 0.0000000000
48983  5.049  -9.586  39.217 0.0000000000
48984  5.067  -8.858  39.180 0.0000000000
48990  8.663  5.043  38.377 0.0000000000
48991  8.780  4.237  38.523 0.0000000000
48992  8.284  4.801  38.392 0.0000000000
48993  4.855  3.548  38.287 0.0000000000
48994  5.188  3.179  38.727 0.0000000000
48995  4.768  2.774  38.625 0.0000000000
48996  4.740  2.029  38.966 0.0000000000
48997  4.588  2.331  38.387 0.0000000000
54565  10.237  0.323  40.187 0.0000000000
54566  10.088  -0.288  40.539 0.0000000000
54567  9.752  0.044  40.294 0.0000000000
54568  9.259  -0.145  40.413 0.0000000000
54569  9.399  0.487  40.061 0.0000000000
58575  6.572  -4.505  40.829 0.0000000000
58576  6.605  -5.204  40.823 0.0000000000
58577  6.247  -4.842  40.663 0.0000000000
58578  5.349  -5.245  39.844 0.0000000000
58579  5.677  -5.478  40.210 0.0000000000
58580  5.383  -5.947  39.907 0.0000000000
58581  5.401  -6.662  39.939 0.0000000000
58582  5.175  -6.347  39.511 0.0000000000
58583  4.997  -6.749  39.068 0.0000000000
58584  5.016  -6.059  39.013 0.0000000000
58585  4.828  -4.777  37.840 0.0000000000
58586  4.808  -5.454  37.886 0.0000000000
58587  4.677  -5.165  37.277 0.0000000000
58588  4.491  -5.562  36.683 0.0000000000
58589  4.502  -4.895  36.674 0.0000000000
58591  7.025  6.319  37.931 0.0000000000
58592  6.518  6.765  37.767 0.0000000000
58593  5.224  6.529  37.128 0.0000000000
58594  5.511  6.178  37.604 0.0000000000
58595  5.120  5.825  37.406 0.0000000000
58596  5.036  5.058  37.652 0.0000000000
58597  4.796  5.387  37.127 0.0000000000
61200  8.414  -15.338  38.974 0.0000000000
61201  8.634  -16.190  38.886 0.0000000000
61202  8.083  -15.948  39.053 0.0000000000
61203  6.906  -16.820  39.296 0.0000000000
61204  7.425  -17.122  39.203 0.0000000000
61205  7.086  -17.713  39.288 0.0000000000
61206  7.238  -18.586  39.304 0.0000000000
61207  6.706  -18.248  39.397 0.0000000000
65773  8.661  -5.199  41.416 0.0000000000
65774  8.594  -4.594  41.433 0.0000000000
65777  9.007  -2.491  41.501 0.0000000000
65778  7.871  -2.682  41.245 0.0000000000
65779  8.233  -3.075  41.331 0.0000000000
65780  7.848  -3.334  41.279 0.0000000000
65781  7.881  -3.959  41.290 0.0000000000
65782  7.501  -3.615  41.185 0.0000000000
65783  7.212  -3.862  41.058 0.0000000000
65784  7.153  -3.241  41.070 0.0000000000
65785  6.297  -1.806  40.898 0.0000000000
65786  6.345  -2.485  40.918 0.0000000000
65787  5.946  -2.088  40.743 0.0000000000
65788  5.671  -2.417  40.506 0.0000000000
65789  5.529  -1.688  40.546 0.0000000000
68401  4.843  -14.078  38.790 0.0000000000
71167  11.758  3.861  39.162 0.0000000000
71168  11.337  3.573  39.066 0.0000000000
71169  11.404  4.273  38.875 0.0000000000
71171  10.522  5.233  38.335 0.0000000000
71211  5.519  10.661  35.213 0.0000000000
71212  5.358  10.871  34.620 0.0000000000
77800  7.845  -12.794  39.571 0.0000000000
77801  7.974  -13.426  39.383 0.0000000000
77802  7.430  -13.240  39.552 0.0000000000
77803  7.019  -13.622  39.600 0.0000000000
77804  6.902  -12.977  39.713 0.0000000000
77813  6.763  -6.582  40.716 0.0000000000
77814  7.164  -6.907  40.809 0.0000000000
77815  6.870  -7.273  40.652 0.0000000000
77816  6.724  -9.056  40.243 0.0000000000
77817  7.038  -8.724  40.410 0.0000000000
77818  7.159  -9.364  40.271 0.0000000000
77819  7.693  -9.690  40.255 0.0000000000
77820  7.332  -10.045  40.142 0.0000000000
77821  7.516  -10.748  40.026 0.0000000000
77822  6.965  -10.465  40.072 0.0000000000
77823  5.732  -10.893  39.776 0.0000000000
77824  6.156  -11.271  39.887 0.0000000000
77825  5.761  -11.697  39.772 0.0000000000
77826  5.874  -12.395  39.782 0.0000000000
77827  5.418  -12.049  39.643 0.0000000000
77828  5.129  -12.458  39.395 0.0000000000
77829  5.084  -11.727  39.341 0.0000000000
77830  4.645  -10.444  38.327 0.0000000000
77831  4.651  -11.141  38.463 0.0000000000
77835  4.756  -7.572  38.043 0.0000000000
77836  4.757  -8.314  38.114 0.0000000000
77837  4.600  -8.063  37.523 0.0000000000
77850  10.469  3.088  38.928 0.0000000000
77851  10.431  2.366  39.209 0.0000000000
77852  10.042  2.800  38.986 0.0000000000
77853  8.640  2.810  39.004 0.0000000000
77854  9.111  2.304  39.156 0.0000000000
77855  8.608  2.099  39.305 0.0000000000
77856  8.548  1.411  39.629 0.0000000000
77857  8.083  1.862  39.467 0.0000000000
77858  6.891  4.809  38.337 0.0000000000
77859  7.360  4.273  38.540 0.0000000000
77860  6.813  4.026  38.644 0.0000000000
77861  6.050  2.318  39.388 0.0000000000
77862  6.627  2.596  39.249 0.0000000000
77863  6.519  1.881  39.628 0.0000000000
77864  6.984  1.400  39.805 0.0000000000
77865  6.422  1.147  40.009 0.0000000000
77866  6.260  0.413  40.371 0.0000000000
77867  5.870  0.826  40.126 0.0000000000
77868  4.808  0.471  39.482 0.0000000000
77869  5.034  0.068  39.996 0.0000000000
77870  4.870  -0.290  39.654 0.0000000000
77871  4.968  -1.029  39.767 0.0000000000
77872  4.794  -0.655  39.231 0.0000000000
77873  4.736  7.443  34.518 0.0000000000
77874  4.741  7.236  35.229 0.0000000000
77875  4.688  6.757  34.825 0.0000000000
77876  4.629  4.794  34.945 0.0000000000
77877  4.631  5.309  35.387 0.0000000000
77878  4.597  4.517  35.717 0.0000000000
77879  4.547  4.304  36.440 0.0000000000
77880  4.554  3.784  36.039 0.0000000000
77885  4.646  2.129  35.250 0.0000000000
77886  4.615  1.907  36.049 0.0000000000
77887  4.554  2.384  36.561 0.0000000000
77888  4.557  1.690  36.850 0.0000000000
77889  4.519  1.440  37.614 0.0000000000
77890  4.586  0.968  37.113 0.0000000000
77891  4.785  -0.923  36.784 0.0000000000
77892  4.737  -0.508  37.395 0.0000000000
77893  4.797  -1.227  37.488 0.0000000000
77894  4.860  -1.485  38.159 0.0000000000
77895  4.859  -1.949  37.567 0.0000000000
77896  4.882  -2.669  37.624 0.0000000000
77897  4.741  -2.377  36.965 0.0000000000
81091  12.163  0.798  40.839 0.0000000000
85703  5.057  -15.752  38.902 0.0000000000
85704  5.454  -16.026  39.201 0.0000000000
92643  11.019  0.257  40.421 0.0000000000
92644  10.706  0.608  40.093 0.0000000000
92645  10.341  0.996  39.818 0.0000000000
95049  5.830  -3.722  40.443 0.0000000000
95050  5.897  -4.406  40.477 0.0000000000
95051  5.593  -4.036  40.183 0.0000000000
95052  5.355  -4.465  39.836 0.0000000000
95053  5.184  -4.942  39.435 0.0000000000
95054  5.034  -5.371  38.969 0.0000000000
95055  5.050  -4.656  38.965 0.0000000000
95056  4.947  -4.361  38.391 0.0000000000
95057  4.842  -4.086  37.754 0.0000000000
95058  6.155  7.914  37.132 0.0000000000
95059  6.081  7.195  37.446 0.0000000000
95060  5.702  7.635  37.027 0.0000000000
95061  5.307  7.224  36.839 0.0000000000
95062  4.998  6.794  36.570 0.0000000000
96624  7.344  -14.875  39.329 0.0000000000
96625  7.547  -15.690  39.227 0.0000000000
96626  7.005  -15.387  39.350 0.0000000000
96627  6.689  -15.934  39.337 0.0000000000
96628  6.424  -16.559  39.361 0.0000000000
99369  8.904  -1.451  41.056 0.0000000000
99370  8.710  -2.100  41.316 0.0000000000
99371  8.413  -1.705  41.109 0.0000000000
99372  7.927  -1.979  41.135 0.0000000000
99373  7.501  -2.289  41.130 0.0000000000
99374  7.087  -2.598  41.102 0.0000000000
99375  7.130  -1.910  41.049 0.0000000000
99376  6.697  -1.557  40.949 0.0000000000
99377  6.240  -1.101  40.809 0.0000000000
102605  11.381  5.008  38.619 0.0000000000
106584  8.798  -12.542  39.481 0.0000000000
106585  8.260  -12.362  39.622 0.0000000000
106586  7.749  -12.118  39.757 0.0000000000
106587  8.863  -6.450  41.273 0.0000000000
106588  8.981  -7.067  41.182 0.0000000000
106589  8.582  -6.772  41.113 0.0000000000
106592  6.118  -7.309  40.411 0.0000000000
106593  6.547  -7.620  40.499 0.0000000000
106594  6.192  -7.983  40.321 0.0000000000
106595  6.298  -8.693  40.179 0.0000000000
106596  6.391  -9.415  40.119 0.0000000000
106597  6.472  -10.152  40.069 0.0000000000
106598  6.034  -9.796  39.985 0.0000000000
106599  5.683  -10.181  39.812 0.0000000000
106600  5.338  -10.583  39.608 0.0000000000
106601  5.060  -10.978  39.273 0.0000000000
106602  5.037  -10.297  39.248 0.0000000000
106603  4.824  -10.022  38.757 0.0000000000
106604  4.676  -9.751  38.260 0.0000000000
106614  9.593  3.979  38.605 0.0000000000
106615  9.593  3.249  38.802 0.0000000000
106616  9.183  3.735  38.677 0.0000000000
106617  8.698  3.517  38.744 0.0000000000
106618  8.198  3.301  38.827 0.0000000000
106619  5.751  4.295  38.470 0.0000000000
106620  6.245  3.795  38.749 0.0000000000
106621  5.675  3.523  38.784 0.0000000000
106622  5.600  2.779  39.102 0.0000000000
106623  5.517  2.015  39.446 0.0000000000
106624  5.457  1.249  39.826 0.0000000000
106625  5.061  1.662  39.439 0.0000000000
106626  4.782  1.252  39.227 0.0000000000
106627  4.646  0.841  38.916 0.0000000000
106629  4.663  6.243  34.396 0.0000000000
106631  4.650  4.978  34.198 0.0000000000
106632  4.628  4.249  34.481 0.0000000000
106638  4.672  0.499  36.522 0.0000000000
111319  8.405  -19.890  39.059 0.0000000000
116330  9.391  -1.224  40.977 0.0000000000
116331  9.084  -0.791  40.750 0.0000000000
116332  8.721  -0.363  40.537 0.0000000000
116333  8.296  0.060  40.343 0.0000000000
121941  7.332  -5.126  41.059 0.0000000000
121942  7.398  -5.847  41.020 0.0000000000
121943  6.998  -5.522  40.928 0.0000000000
121944  6.685  -5.894  40.768 0.0000000000
121945  6.369  -6.216  40.634 0.0000000000
121946  5.976  -5.094  40.445 0.0000000000
121947  6.008  -5.841  40.467 0.0000000000
121948  6.054  -6.593  40.458 0.0000000000
121949  5.682  -7.005  40.248 0.0000000000
121950  5.427  -7.379  39.942 0.0000000000
121951  5.199  -7.763  39.568 0.0000000000
121952  5.015  -8.171  39.168 0.0000000000
121953  4.992  -7.451  39.126 0.0000000000
121954  4.887  -7.154  38.564 0.0000000000
121955  4.773  -6.853  37.976 0.0000000000
121956  4.904  -5.785  38.480 0.0000000000
121957  4.795  -6.153  37.923 0.0000000000
121958  4.643  -6.545  37.372 0.0000000000
121962  7.919  6.099  38.039 0.0000000000
121963  7.904  5.354  38.247 0.0000000000
121964  7.502  5.870  38.102 0.0000000000
121965  6.984  5.604  38.131 0.0000000000
121966  6.405  5.331  38.144 0.0000000000
121967  5.993  6.491  37.721 0.0000000000
121968  5.915  5.808  37.914 0.0000000000
121969  5.829  5.104  38.159 0.0000000000
121970  5.354  4.713  38.104 0.0000000000
121971  4.941  4.315  37.973 0.0000000000
121972  4.625  3.827  37.764 0.0000000000
125621  7.748  -16.548  39.137 0.0000000000
125622  7.970  -17.382  39.087 0.0000000000
125624  7.772  -18.840  39.203 0.0000000000
125625  7.343  -19.415  39.349 0.0000000000
125626  6.873  -19.985  39.517 0.0000000000
131697  8.742  -5.852  41.360 0.0000000000
131698  8.391  -5.527  41.285 0.0000000000
131699  8.032  -5.176  41.222 0.0000000000
131703  8.591  -2.796  41.435 0.0000000000
131704  8.521  -3.414  41.460 0.0000000000
131706  8.239  -4.278  41.353 0.0000000000
131707  7.953  -4.567  41.276 0.0000000000
131708  7.671  -4.848  41.171 0.0000000000
131709  7.252  -4.489  41.071 0.0000000000
131710  6.892  -4.164  40.956 0.0000000000
131711  6.511  -3.825  40.836 0.0000000000
131712  6.750  -2.865  41.033 0.0000000000
131713  6.429  -3.150  40.864 0.0000000000
131714  6.101  -3.428  40.648 0.0000000000
131715  5.758  -3.075  40.438 0.0000000000
131716  5.463  -2.744  40.172 0.0000000000
131717  5.209  -2.438  39.814 0.0000000000
131718  5.025  9.135  35.018 0.0000000000
131719  4.945  8.430  35.312 0.0000000000
131720  4.894  8.621  34.635 0.0000000000
131721  4.808  8.130  34.259 0.0000000000
131722  4.753  7.604  33.825 0.0000000000
135024  5.337  -13.781  39.404 0.0000000000
135025  5.513  -14.601  39.359 0.0000000000
135026  5.149  -14.333  39.137 0.0000000000
135027  4.949  -14.877  38.833 0.0000000000
138503  11.299  2.232  39.509 0.0000000000
138504  11.317  2.897  39.264 0.0000000000
138505  10.903  3.319  38.977 0.0000000000
138506  10.503  3.798  38.718 0.0000000000
138507  10.970  4.757  38.585 0.0000000000
138508  10.544  4.514  38.586 0.0000000000
138509  10.024  4.219  38.573 0.0000000000
138527  6.624  8.133  37.163 0.0000000000
138528  6.170  8.613  36.824 0.0000000000
138529  5.756  9.018  36.432 0.0000000000
138530  5.410  9.372  35.991 0.0000000000
138556  5.461  10.029  35.613 0.0000000000
138557  5.186  9.611  35.392 0.0000000000
138558  5.122  9.786  34.676 0.0000000000
146582  8.265  -14.662  39.049 0.0000000000
146583  8.550  -13.565  39.178 0.0000000000
146584  8.123  -14.025  39.207 0.0000000000
146585  7.706  -14.458  39.280 0.0000000000
146586  7.151  -14.232  39.496 0.0000000000
146587  6.598  -13.989  39.613 0.0000000000
146588  6.064  -13.709  39.669 0.0000000000
146597  8.707  -10.168  40.224 0.0000000000
146598  7.480  -6.524  40.947 0.0000000000
146599  7.559  -7.197  40.851 0.0000000000
146600  7.643  -7.878  40.735 0.0000000000
146601  6.986  -7.985  40.556 0.0000000000
146602  7.355  -8.274  40.592 0.0000000000
146603  7.761  -8.566  40.606 0.0000000000
146604  7.979  -9.267  40.416 0.0000000000
146605  8.192  -9.927  40.238 0.0000000000
146606  8.378  -10.591  40.059 0.0000000000
146607  8.011  -11.038  39.956 0.0000000000
146608  7.669  -11.468  39.915 0.0000000000
146609  7.235  -11.868  39.863 0.0000000000
146610  6.550  -10.895  40.007 0.0000000000
146611  6.640  -11.582  39.918 0.0000000000
146612  6.783  -12.298  39.838 0.0000000000
146613  6.379  -12.700  39.805 0.0000000000
146614  5.961  -13.057  39.744 0.0000000000
146615  5.578  -13.386  39.617 0.0000000000
146616  5.215  -13.130  39.417 0.0000000000
146617  4.920  -12.869  39.089 0.0000000000
146619  4.845  -11.426  38.930 0.0000000000
146625  4.888  -8.570  38.677 0.0000000000
146626  4.721  -9.037  38.215 0.0000000000
146643  10.838  1.959  39.474 0.0000000000
146644  10.388  1.678  39.512 0.0000000000
146645  9.925  1.426  39.582 0.0000000000
146646  9.588  2.555  39.062 0.0000000000
146647  9.526  1.860  39.363 0.0000000000
146648  9.449  1.158  39.676 0.0000000000
146649  8.972  0.975  39.821 0.0000000000
146650  8.456  0.769  39.990 0.0000000000
146651  7.906  0.527  40.171 0.0000000000
146652  7.816  4.547  38.452 0.0000000000
146653  7.793  3.794  38.659 0.0000000000
146654  7.724  3.061  38.916 0.0000000000
146655  6.724  3.292  38.941 0.0000000000
146656  7.184  2.829  39.075 0.0000000000
146657  7.618  2.338  39.248 0.0000000000
146658  7.542  1.636  39.606 0.0000000000
146659  7.455  0.936  39.994 0.0000000000
146660  7.311  0.217  40.372 0.0000000000
146661  6.725  -0.082  40.571 0.0000000000
146662  6.207  -0.353  40.638 0.0000000000
146663  5.767  -0.652  40.631 0.0000000000
146664  5.395  0.463  40.131 0.0000000000
146665  5.374  -0.250  40.364 0.0000000000
146666  5.415  -0.954  40.504 0.0000000000
146667  5.215  -1.364  40.204 0.0000000000
146668  5.095  -1.739  39.815 0.0000000000
146669  5.026  -2.114  39.361 0.0000000000
146670  4.885  7.733  35.603 0.0000000000
146671  4.811  7.038  35.909 0.0000000000
146672  4.736  6.309  36.231 0.0000000000
146673  4.658  6.055  35.100 0.0000000000
146674  4.660  5.817  35.824 0.0000000000
146675  4.678  5.575  36.528 0.0000000000
146676  4.606  4.827  36.803 0.0000000000
146677  4.548  4.076  37.115 0.0000000000
146678  4.523  3.365  37.443 0.0000000000
146681  4.622  3.509  34.750 0.0000000000
146683  4.629  2.815  35.008 0.0000000000
146684  4.605  3.285  35.528 0.0000000000
146685  4.555  3.081  36.280 0.0000000000
146686  4.485  2.900  37.049 0.0000000000
146687  4.514  2.641  37.747 0.0000000000
146688  4.502  1.878  38.033 0.0000000000
146689  4.527  1.151  38.321 0.0000000000
146690  4.599  0.424  38.529 0.0000000000
146691  4.666  0.228  37.285 0.0000000000
146692  4.671  -0.056  37.995 0.0000000000
146693  4.703  -0.296  38.676 0.0000000000
146694  4.822  -1.035  38.752 0.0000000000
146695  4.937  -1.772  38.787 0.0000000000
146696  5.020  -2.512  38.843 0.0000000000
146697  4.966  -2.939  38.295 0.0000000000
146698  4.858  -3.370  37.671 0.0000000000
146699  4.690  -3.822  37.072 0.0000000000
146700  4.571  -2.806  36.319 0.0000000000
146701  4.536  -3.523  36.411 0.0000000000
146702  4.509  -4.227  36.535 0.0000000000
150549  11.735  0.327  40.777 0.0000000000
150550  11.882  1.007  40.477 0.0000000000
150634  12.126  3.730  39.434 0.0000000000
150635  12.173  4.426  39.211 0.0000000000
156091  5.718  -15.425  39.321 0.0000000000
156092  5.929  -16.284  39.327 0.0000000000
156093  6.085  -17.152  39.367 0.0000000000
156095  5.717  -17.747  39.377 0.0000000000
156096  6.222  -18.018  39.416 0.0000000000
156097  6.290  -18.870  39.531 0.0000000000
156098  6.341  -19.720  39.618 0.0000000000
