#!ascii label  , from subject fsaverage vox2ras=TkReg
602
181  10.111  29.035  23.303 0.0000000000
452  10.180  21.897  38.795 0.0000000000
661  12.869  25.489  26.541 0.0000000000
1479  7.766  32.762  19.901 0.0000000000
2012  12.744  22.583  34.884 0.0000000000
2013  13.736  27.634  30.718 0.0000000000
2014  10.517  27.407  34.688 0.0000000000
2208  14.673  30.074  25.935 0.0000000000
2209  14.389  32.336  21.084 0.0000000000
2580  11.650  22.942  27.917 0.0000000000
2581  13.582  23.863  28.477 0.0000000000
3422  9.002  26.974  25.246 0.0000000000
3424  7.128  28.938  23.828 0.0000000000
3426  8.670  31.082  21.734 0.0000000000
4412  11.516  22.337  36.872 0.0000000000
4413  11.794  25.035  34.843 0.0000000000
4414  10.180  24.744  36.569 0.0000000000
4543  10.758  19.326  40.307 0.0000000000
4545  12.032  19.747  38.416 0.0000000000
4883  14.315  28.945  28.441 0.0000000000
4886  14.987  33.761  23.416 0.0000000000
4887  15.116  34.885  20.895 0.0000000000
4888  13.996  33.457  18.883 0.0000000000
5798  10.548  24.904  26.476 0.0000000000
5799  11.719  27.110  24.826 0.0000000000
6392  9.331  21.431  40.617 0.0000000000
6393  8.845  24.301  38.388 0.0000000000
6472  9.713  18.725  42.078 0.0000000000
8612  13.647  22.573  32.809 0.0000000000
8613  14.094  25.027  30.701 0.0000000000
8614  13.202  25.193  32.900 0.0000000000
8615  12.254  27.657  32.831 0.0000000000
8617  9.119  27.093  36.533 0.0000000000
9186  14.295  26.286  28.332 0.0000000000
9187  14.088  27.616  26.095 0.0000000000
9188  13.336  28.950  23.922 0.0000000000
9190  14.687  31.155  23.448 0.0000000000
9191  12.446  30.420  21.868 0.0000000000
9192  11.728  31.990  19.908 0.0000000000
9193  11.034  33.412  18.050 0.0000000000
10259  13.319  21.596  29.932 0.0000000000
10260  13.100  22.447  28.953 0.0000000000
10261  13.750  23.095  29.457 0.0000000000
11102  9.515  27.995  24.326 0.0000000000
11104  8.576  29.071  23.647 0.0000000000
11105  7.709  30.119  22.823 0.0000000000
11106  9.330  30.064  22.541 0.0000000000
12092  10.811  22.160  37.820 0.0000000000
12093  10.854  23.554  36.705 0.0000000000
12094  10.072  23.242  37.662 0.0000000000
12223  10.537  20.632  39.587 0.0000000000
12224  11.389  19.540  39.297 0.0000000000
12225  11.135  20.845  38.582 0.0000000000
12226  11.793  21.036  37.653 0.0000000000
12566  14.841  35.678  22.103 0.0000000000
12567  15.000  36.214  20.849 0.0000000000
13502  12.356  24.193  27.209 0.0000000000
13503  11.160  23.886  27.197 0.0000000000
13504  11.710  25.130  26.400 0.0000000000
13505  11.152  26.046  25.652 0.0000000000
13506  12.346  26.280  25.683 0.0000000000
14492  8.956  21.101  41.509 0.0000000000
14625  9.177  19.757  42.324 0.0000000000
14626  9.588  20.077  41.421 0.0000000000
18992  13.297  22.552  33.882 0.0000000000
18993  13.483  23.887  32.888 0.0000000000
18994  12.937  23.894  33.892 0.0000000000
18995  11.191  26.258  34.811 0.0000000000
18996  11.956  26.417  33.915 0.0000000000
18997  11.353  27.583  33.793 0.0000000000
18998  11.654  28.869  32.760 0.0000000000
19000  8.489  25.507  38.235 0.0000000000
19001  8.881  25.711  37.505 0.0000000000
20407  14.018  26.369  30.741 0.0000000000
20408  14.266  25.671  29.488 0.0000000000
20409  14.236  27.012  29.571 0.0000000000
20410  14.536  29.545  27.107 0.0000000000
20411  14.436  28.243  27.213 0.0000000000
20412  14.430  28.817  25.980 0.0000000000
20413  13.726  28.269  24.951 0.0000000000
20414  14.335  29.405  24.763 0.0000000000
20418  14.970  32.976  22.219 0.0000000000
20419  15.017  32.398  23.436 0.0000000000
20420  14.547  31.694  22.270 0.0000000000
20421  13.842  30.636  22.463 0.0000000000
20422  13.535  31.310  21.416 0.0000000000
20423  12.039  31.230  20.886 0.0000000000
20424  13.247  31.976  20.391 0.0000000000
20426  12.748  33.259  18.281 0.0000000000
23077  12.109  21.937  28.682 0.0000000000
23078  12.747  23.322  28.034 0.0000000000
23079  13.278  24.710  27.414 0.0000000000
24592  8.375  25.885  26.168 0.0000000000
24599  7.047  31.009  21.962 0.0000000000
24600  8.206  31.994  20.878 0.0000000000
26372  12.165  22.476  35.883 0.0000000000
26373  12.347  23.845  34.857 0.0000000000
26374  11.615  23.704  35.824 0.0000000000
26375  11.040  24.926  35.693 0.0000000000
26376  10.394  26.085  35.594 0.0000000000
27221  14.068  28.288  29.548 0.0000000000
27222  13.702  29.605  29.511 0.0000000000
27223  14.106  30.240  28.280 0.0000000000
27224  14.442  30.772  27.125 0.0000000000
27227  14.691  35.121  23.350 0.0000000000
27228  15.081  34.311  22.172 0.0000000000
27229  14.931  33.541  21.000 0.0000000000
27230  14.241  32.916  19.979 0.0000000000
27231  14.876  34.054  19.763 0.0000000000
28889  9.867  23.752  27.429 0.0000000000
28890  9.230  24.788  26.741 0.0000000000
28891  9.839  25.936  25.818 0.0000000000
28892  10.392  26.954  24.988 0.0000000000
28893  10.960  28.072  24.041 0.0000000000
30272  9.696  21.712  39.703 0.0000000000
30273  9.468  23.073  38.589 0.0000000000
30459  10.229  19.065  41.187 0.0000000000
30460  10.054  20.415  40.479 0.0000000000
36093  14.048  23.708  30.589 0.0000000000
36094  13.858  23.853  31.757 0.0000000000
36095  13.778  25.188  31.803 0.0000000000
36096  13.474  26.476  31.859 0.0000000000
36097  12.507  25.158  33.938 0.0000000000
36098  12.762  26.430  32.933 0.0000000000
36099  13.049  27.716  31.884 0.0000000000
36100  12.539  28.908  31.770 0.0000000000
36103  9.395  24.428  37.563 0.0000000000
36104  9.518  25.910  36.552 0.0000000000
37800  14.124  24.367  29.493 0.0000000000
37801  14.037  25.035  28.372 0.0000000000
37802  13.821  25.755  27.307 0.0000000000
37803  14.389  27.635  28.377 0.0000000000
37804  14.223  26.956  27.250 0.0000000000
37805  13.524  26.470  26.312 0.0000000000
37806  13.099  27.174  25.315 0.0000000000
37807  12.537  27.990  24.339 0.0000000000
37808  11.895  28.878  23.366 0.0000000000
37811  14.765  31.373  25.961 0.0000000000
37813  14.956  31.880  24.688 0.0000000000
37814  14.736  30.590  24.724 0.0000000000
37815  14.143  29.929  23.619 0.0000000000
37816  12.905  29.672  22.850 0.0000000000
37817  11.229  29.688  22.538 0.0000000000
37818  10.668  30.613  21.676 0.0000000000
37819  10.203  31.536  20.795 0.0000000000
37820  9.799  32.329  19.934 0.0000000000
37821  13.006  32.613  19.301 0.0000000000
37822  11.349  32.691  18.997 0.0000000000
37823  9.463  33.121  19.000 0.0000000000
37824  9.157  33.847  18.032 0.0000000000
40979  13.618  21.939  30.210 0.0000000000
40980  13.545  22.339  29.691 0.0000000000
40981  13.795  22.727  29.982 0.0000000000
41822  9.803  28.524  23.823 0.0000000000
41823  9.067  28.514  24.000 0.0000000000
41824  9.319  29.050  23.446 0.0000000000
41825  8.876  29.609  23.093 0.0000000000
41826  9.719  29.513  22.914 0.0000000000
42812  10.481  22.035  38.305 0.0000000000
42813  10.429  22.706  37.728 0.0000000000
42814  10.095  22.622  38.219 0.0000000000
42943  10.377  21.262  39.189 0.0000000000
42944  10.823  20.732  39.102 0.0000000000
42945  10.669  21.372  38.698 0.0000000000
42946  10.981  21.505  38.194 0.0000000000
43286  14.763  36.609  21.419 0.0000000000
44222  12.585  24.877  26.830 0.0000000000
44223  12.046  24.658  26.800 0.0000000000
44224  12.318  25.301  26.440 0.0000000000
44225  12.091  25.717  26.053 0.0000000000
44226  12.637  25.896  26.118 0.0000000000
45212  8.769  20.940  41.932 0.0000000000
45213  8.690  21.696  41.354 0.0000000000
45214  8.499  21.485  41.823 0.0000000000
45345  8.899  20.239  42.363 0.0000000000
45346  9.103  20.451  41.916 0.0000000000
49712  13.032  22.586  34.368 0.0000000000
49713  13.091  23.220  33.890 0.0000000000
49714  12.856  23.252  34.350 0.0000000000
49715  10.847  26.841  34.742 0.0000000000
49716  11.239  26.937  34.332 0.0000000000
49717  10.919  27.496  34.244 0.0000000000
49718  11.019  28.155  33.730 0.0000000000
51127  13.893  27.014  30.729 0.0000000000
51128  14.132  26.697  30.146 0.0000000000
51129  14.040  27.349  30.148 0.0000000000
51130  14.600  29.800  26.531 0.0000000000
51131  14.550  29.174  26.585 0.0000000000
51132  14.578  29.414  25.957 0.0000000000
51133  14.402  29.089  25.360 0.0000000000
51134  14.610  29.664  25.352 0.0000000000
51138  14.758  32.611  21.630 0.0000000000
51139  14.826  32.311  22.217 0.0000000000
51140  14.472  32.007  21.684 0.0000000000
51141  14.116  31.468  21.802 0.0000000000
51142  14.001  31.809  21.240 0.0000000000
51143  13.391  31.667  20.891 0.0000000000
51144  13.877  32.109  20.714 0.0000000000
53822  13.355  23.166  28.702 0.0000000000
53823  12.961  22.896  28.486 0.0000000000
53824  13.216  23.574  28.217 0.0000000000
53825  13.088  24.027  27.764 0.0000000000
53826  13.455  24.267  27.948 0.0000000000
56347  8.743  26.439  25.691 0.0000000000
56356  6.771  29.324  23.355 0.0000000000
56357  8.182  30.637  22.291 0.0000000000
56358  7.406  30.547  22.372 0.0000000000
56359  7.869  31.087  21.862 0.0000000000
56360  7.570  31.556  21.441 0.0000000000
56361  8.430  31.543  21.298 0.0000000000
59312  11.851  22.399  36.384 0.0000000000
59313  11.893  23.105  35.823 0.0000000000
59314  11.547  23.042  36.309 0.0000000000
59315  10.507  24.154  36.633 0.0000000000
59316  10.916  24.242  36.200 0.0000000000
59317  10.611  24.835  36.134 0.0000000000
59318  10.739  25.519  35.667 0.0000000000
59319  10.303  25.436  36.067 0.0000000000
59706  11.728  19.619  38.831 0.0000000000
59713  11.635  21.685  37.273 0.0000000000
59714  12.063  21.120  37.197 0.0000000000
59715  11.944  21.746  36.785 0.0000000000
59716  12.261  21.779  36.273 0.0000000000
60732  13.962  30.838  28.261 0.0000000000
60733  14.283  30.544  27.692 0.0000000000
60734  14.174  31.150  27.705 0.0000000000
60737  14.450  35.769  23.338 0.0000000000
60738  15.030  35.282  21.503 0.0000000000
60739  15.010  34.991  22.105 0.0000000000
60740  15.102  34.620  21.517 0.0000000000
60741  15.099  33.932  21.530 0.0000000000
60742  15.065  34.196  20.939 0.0000000000
60743  14.915  33.791  20.406 0.0000000000
60744  15.056  34.443  20.310 0.0000000000
63549  11.028  22.799  27.979 0.0000000000
63550  10.868  24.414  26.844 0.0000000000
63551  10.517  23.829  27.294 0.0000000000
63552  10.244  24.387  26.925 0.0000000000
63553  9.542  24.285  27.077 0.0000000000
63554  9.898  24.879  26.594 0.0000000000
63555  9.528  25.425  26.273 0.0000000000
63556  10.195  25.441  26.146 0.0000000000
63557  11.439  26.559  25.233 0.0000000000
63558  10.789  26.496  25.329 0.0000000000
63559  11.050  27.003  24.876 0.0000000000
63560  10.654  27.496  24.523 0.0000000000
63561  11.323  27.583  24.441 0.0000000000
66512  9.492  21.592  40.175 0.0000000000
66513  9.355  22.306  39.546 0.0000000000
66514  9.185  22.192  39.970 0.0000000000
66910  10.014  18.230  41.880 0.0000000000
66911  10.278  18.395  41.462 0.0000000000
66912  9.969  18.887  41.624 0.0000000000
66913  9.480  20.764  41.042 0.0000000000
66914  9.811  20.238  40.951 0.0000000000
66915  9.692  20.929  40.575 0.0000000000
66916  9.909  21.063  40.115 0.0000000000
80013  13.875  23.182  31.709 0.0000000000
80014  13.749  23.234  32.283 0.0000000000
80015  13.355  24.556  32.884 0.0000000000
80016  13.612  24.540  32.340 0.0000000000
80017  13.500  25.202  32.361 0.0000000000
80018  13.632  25.848  31.875 0.0000000000
80019  13.319  25.774  32.451 0.0000000000
80020  12.088  24.439  34.848 0.0000000000
80021  12.426  24.491  34.393 0.0000000000
80022  12.142  25.090  34.409 0.0000000000
80023  12.118  27.037  33.359 0.0000000000
80024  12.364  26.436  33.426 0.0000000000
80025  12.519  27.056  32.867 0.0000000000
80026  12.911  27.088  32.391 0.0000000000
80027  12.658  27.689  32.365 0.0000000000
80028  12.817  28.291  31.866 0.0000000000
80029  12.386  28.267  32.351 0.0000000000
80030  11.307  29.470  32.713 0.0000000000
80031  11.756  29.523  32.230 0.0000000000
80035  9.143  23.651  38.479 0.0000000000
80036  9.374  23.743  38.083 0.0000000000
80037  9.096  24.333  38.004 0.0000000000
80038  9.050  26.421  36.985 0.0000000000
80039  9.183  25.784  37.068 0.0000000000
80040  9.297  26.510  36.534 0.0000000000
80041  9.618  26.611  36.053 0.0000000000
80042  9.393  27.162  36.063 0.0000000000
84262  14.095  24.374  30.640 0.0000000000
84263  14.090  24.032  30.044 0.0000000000
84264  14.202  24.722  30.074 0.0000000000
84265  14.298  25.991  28.930 0.0000000000
84266  14.207  25.349  28.930 0.0000000000
84267  14.192  25.643  28.366 0.0000000000
84268  13.935  25.394  27.815 0.0000000000
84269  14.122  25.996  27.804 0.0000000000
84270  14.195  28.634  28.992 0.0000000000
84271  14.279  27.971  28.991 0.0000000000
84272  14.375  28.308  28.428 0.0000000000
84273  14.325  27.909  26.605 0.0000000000
84274  14.349  27.592  27.211 0.0000000000
84275  14.156  27.273  26.698 0.0000000000
84276  13.947  26.663  26.769 0.0000000000
84277  13.837  26.997  26.235 0.0000000000
84278  13.350  26.852  25.775 0.0000000000
84279  13.643  27.378  25.649 0.0000000000
84280  13.547  28.609  24.450 0.0000000000
84281  13.190  28.099  24.588 0.0000000000
84282  12.922  28.478  24.095 0.0000000000
84283  12.231  28.426  23.847 0.0000000000
84284  12.655  28.866  23.559 0.0000000000
84292  14.708  31.959  25.995 0.0000000000
84293  14.795  34.134  24.058 0.0000000000
84296  14.883  31.778  23.435 0.0000000000
84297  14.983  32.136  24.078 0.0000000000
84298  14.902  31.492  24.089 0.0000000000
84299  14.877  31.226  24.707 0.0000000000
84300  14.741  30.840  24.086 0.0000000000
84301  14.495  30.266  24.136 0.0000000000
84302  14.436  30.539  23.505 0.0000000000
84303  13.188  30.465  22.101 0.0000000000
84304  13.373  30.129  22.633 0.0000000000
84305  12.669  30.036  22.336 0.0000000000
84306  12.128  29.638  22.633 0.0000000000
84307  11.843  30.044  22.178 0.0000000000
84308  10.953  30.166  22.101 0.0000000000
84309  11.599  30.462  21.730 0.0000000000
84310  11.881  31.619  20.422 0.0000000000
84311  11.169  31.335  20.796 0.0000000000
84312  11.003  31.727  20.338 0.0000000000
84313  9.997  31.930  20.379 0.0000000000
84314  10.779  32.112  19.920 0.0000000000
84315  14.113  33.195  19.427 0.0000000000
84316  13.670  32.715  19.601 0.0000000000
84317  13.519  33.010  19.071 0.0000000000
84318  11.902  33.285  18.128 0.0000000000
84319  12.064  32.941  18.600 0.0000000000
84320  11.172  33.051  18.494 0.0000000000
84321  10.437  32.862  18.996 0.0000000000
84322  10.271  33.233  18.517 0.0000000000
84323  9.287  33.481  18.528 0.0000000000
84324  10.142  33.582  18.049 0.0000000000
92196  12.788  21.707  29.222 0.0000000000
92197  13.220  22.002  29.413 0.0000000000
92198  13.471  22.727  29.173 0.0000000000
92199  13.702  23.464  28.978 0.0000000000
93712  9.244  27.480  24.799 0.0000000000
93713  8.509  27.491  24.949 0.0000000000
93714  8.705  28.047  24.479 0.0000000000
93715  8.259  28.533  24.161 0.0000000000
93716  7.820  29.047  23.807 0.0000000000
93717  7.378  29.536  23.374 0.0000000000
93718  8.103  29.628  23.262 0.0000000000
93719  8.502  30.132  22.706 0.0000000000
93720  8.992  30.580  22.144 0.0000000000
95492  11.157  22.271  37.346 0.0000000000
95493  11.175  22.957  36.793 0.0000000000
95494  10.802  22.849  37.261 0.0000000000
95495  10.471  23.411  37.162 0.0000000000
95496  10.099  23.973  37.118 0.0000000000
95727  10.660  19.986  39.955 0.0000000000
95728  11.061  19.446  39.792 0.0000000000
95729  10.952  20.101  39.469 0.0000000000
95730  11.267  20.198  38.970 0.0000000000
95731  11.606  20.286  38.489 0.0000000000
95732  11.944  20.367  38.030 0.0000000000
95733  11.480  20.948  38.108 0.0000000000
95734  11.325  21.617  37.727 0.0000000000
96345  14.292  36.646  22.677 0.0000000000
96346  14.569  36.044  22.712 0.0000000000
96347  14.650  36.322  22.065 0.0000000000
96348  14.906  35.947  21.482 0.0000000000
96349  15.081  35.557  20.892 0.0000000000
96350  15.148  35.170  20.274 0.0000000000
98032  12.020  23.564  27.551 0.0000000000
98033  11.419  23.420  27.566 0.0000000000
98034  11.763  24.025  27.177 0.0000000000
98035  11.496  24.509  26.789 0.0000000000
98036  11.149  25.002  26.426 0.0000000000
98037  10.816  25.490  26.058 0.0000000000
98038  11.439  25.591  26.034 0.0000000000
98039  11.778  26.149  25.649 0.0000000000
98040  12.031  26.678  25.250 0.0000000000
99812  9.144  21.269  41.065 0.0000000000
99813  9.040  22.057  40.408 0.0000000000
99814  8.876  21.888  40.883 0.0000000000
100051  9.428  19.233  42.231 0.0000000000
100052  9.658  19.391  41.773 0.0000000000
100053  9.388  19.951  41.876 0.0000000000
100054  9.296  20.615  41.486 0.0000000000
107912  13.482  22.566  33.365 0.0000000000
107913  13.570  23.246  32.875 0.0000000000
107914  13.337  23.227  33.404 0.0000000000
107915  13.198  23.889  33.412 0.0000000000
107916  13.057  24.550  33.411 0.0000000000
107917  11.476  25.662  34.841 0.0000000000
107918  11.831  25.676  34.424 0.0000000000
107919  11.535  26.327  34.417 0.0000000000
107920  11.685  26.995  33.851 0.0000000000
107921  11.828  27.640  33.326 0.0000000000
107922  11.940  28.264  32.838 0.0000000000
107923  11.479  28.254  33.309 0.0000000000
107924  11.199  28.829  33.234 0.0000000000
107926  8.621  24.933  38.309 0.0000000000
107927  8.845  24.981  37.937 0.0000000000
107928  8.666  25.586  37.869 0.0000000000
107929  8.852  26.318  37.419 0.0000000000
107930  8.960  26.966  36.946 0.0000000000
110461  14.074  25.674  30.707 0.0000000000
110462  14.237  25.343  30.067 0.0000000000
110463  14.197  26.004  30.100 0.0000000000
110464  14.271  26.335  29.530 0.0000000000
110465  14.345  26.631  28.936 0.0000000000
110466  14.411  29.259  27.770 0.0000000000
110467  14.425  28.599  27.835 0.0000000000
110468  14.486  28.908  27.214 0.0000000000
110469  14.466  28.559  26.611 0.0000000000
110470  14.269  28.220  26.014 0.0000000000
110471  13.906  27.946  25.520 0.0000000000
110472  14.140  28.515  25.409 0.0000000000
110473  14.041  28.827  24.815 0.0000000000
110474  13.891  29.130  24.319 0.0000000000
110480  15.047  33.352  22.825 0.0000000000
110481  15.027  33.073  23.429 0.0000000000
110482  14.997  32.708  22.833 0.0000000000
110483  14.860  32.067  22.812 0.0000000000
110484  14.630  31.437  22.824 0.0000000000
110485  14.337  30.862  22.902 0.0000000000
110486  14.230  31.147  22.347 0.0000000000
110487  13.683  30.952  21.929 0.0000000000
110488  13.005  30.820  21.615 0.0000000000
110489  12.229  30.808  21.399 0.0000000000
110490  12.830  31.199  21.122 0.0000000000
110491  12.660  31.578  20.641 0.0000000000
110492  12.530  31.930  20.122 0.0000000000
110497  11.760  33.627  17.646 0.0000000000
110498  10.903  33.777  17.564 0.0000000000
115287  11.895  22.433  28.289 0.0000000000
115288  12.661  22.173  28.770 0.0000000000
115289  12.450  22.636  28.353 0.0000000000
115290  12.225  23.088  27.933 0.0000000000
115291  12.582  23.774  27.615 0.0000000000
115292  12.862  24.467  27.266 0.0000000000
115293  13.071  25.103  26.954 0.0000000000
118837  7.033  29.949  22.858 0.0000000000
118841  7.294  31.951  20.981 0.0000000000
118842  7.941  32.402  20.398 0.0000000000
122972  12.446  22.554  35.403 0.0000000000
122973  12.553  23.218  34.883 0.0000000000
122974  12.232  23.167  35.374 0.0000000000
122975  11.991  23.779  35.341 0.0000000000
122976  11.743  24.381  35.291 0.0000000000
122977  11.222  23.646  36.292 0.0000000000
122978  11.338  24.318  35.747 0.0000000000
122979  11.465  25.020  35.238 0.0000000000
122980  11.126  25.639  35.239 0.0000000000
122981  10.810  26.174  35.203 0.0000000000
122982  10.469  26.750  35.141 0.0000000000
123538  12.532  21.870  35.739 0.0000000000
124954  13.570  28.287  30.714 0.0000000000
124955  13.921  27.995  30.115 0.0000000000
124956  13.746  28.652  30.097 0.0000000000
124957  13.910  28.979  29.535 0.0000000000
124958  14.082  29.294  28.960 0.0000000000
124960  13.925  29.907  28.929 0.0000000000
124961  14.222  29.615  28.328 0.0000000000
124962  14.368  29.913  27.689 0.0000000000
124963  14.504  30.156  27.112 0.0000000000
124964  14.612  30.436  26.527 0.0000000000
124968  14.599  34.844  23.989 0.0000000000
124969  14.879  34.442  23.393 0.0000000000
124970  14.777  35.382  22.727 0.0000000000
124971  14.937  34.714  22.754 0.0000000000
124972  15.040  34.033  22.809 0.0000000000
124973  15.063  33.641  22.199 0.0000000000
124974  14.960  33.266  21.599 0.0000000000
124975  14.717  32.926  21.048 0.0000000000
124976  14.306  32.637  20.559 0.0000000000
124977  14.656  33.198  20.465 0.0000000000
124978  14.608  33.450  19.859 0.0000000000
124979  14.501  33.708  19.302 0.0000000000
124980  15.049  34.705  19.692 0.0000000000
124981  14.813  34.318  19.182 0.0000000000
124982  14.422  33.988  18.741 0.0000000000
128881  10.772  23.294  27.647 0.0000000000
128882  10.130  23.219  27.767 0.0000000000
128885  8.813  24.210  27.277 0.0000000000
128887  8.819  25.307  26.464 0.0000000000
128888  9.126  25.908  25.980 0.0000000000
128889  9.457  26.453  25.523 0.0000000000
128890  10.488  25.972  25.727 0.0000000000
128891  10.122  26.463  25.422 0.0000000000
128892  9.708  26.979  25.107 0.0000000000
128893  9.990  27.438  24.664 0.0000000000
128894  10.234  28.017  24.171 0.0000000000
128895  10.552  28.547  23.676 0.0000000000
132632  9.927  21.811  39.233 0.0000000000
132633  9.803  22.528  38.692 0.0000000000
132634  9.566  22.401  39.122 0.0000000000
132635  9.255  22.964  38.997 0.0000000000
132636  8.929  23.569  38.875 0.0000000000
132639  8.656  24.201  38.783 0.0000000000
132640  8.454  24.820  38.703 0.0000000000
132641  8.337  25.464  38.611 0.0000000000
133139  10.497  19.210  40.744 0.0000000000
133140  9.892  19.527  41.312 0.0000000000
133141  10.139  19.737  40.843 0.0000000000
133142  10.390  19.873  40.406 0.0000000000
133143  10.277  20.534  40.044 0.0000000000
133144  10.114  21.190  39.644 0.0000000000
149253  13.958  23.056  30.578 0.0000000000
149254  13.948  23.124  31.137 0.0000000000
149255  14.001  23.798  31.173 0.0000000000
149256  13.985  24.453  31.238 0.0000000000
149257  13.684  23.880  32.328 0.0000000000
149258  13.827  24.512  31.791 0.0000000000
149259  13.942  25.108  31.279 0.0000000000
149260  13.879  25.792  31.298 0.0000000000
149261  13.756  26.468  31.311 0.0000000000
149262  13.601  27.060  31.318 0.0000000000
149263  12.673  23.884  34.359 0.0000000000
149264  12.750  24.526  33.915 0.0000000000
149265  12.879  25.174  33.425 0.0000000000
149266  12.224  25.796  33.917 0.0000000000
149267  12.641  25.787  33.437 0.0000000000
149268  13.010  25.782  32.944 0.0000000000
149269  13.159  26.439  32.398 0.0000000000
149270  13.276  27.088  31.872 0.0000000000
149271  13.423  27.658  31.316 0.0000000000
149272  13.221  28.297  31.303 0.0000000000
149273  12.970  28.909  31.232 0.0000000000
149275  12.093  28.892  32.292 0.0000000000
149276  12.218  29.526  31.703 0.0000000000
149281  9.718  23.180  38.152 0.0000000000
149282  9.711  23.830  37.609 0.0000000000
149283  9.749  24.569  37.077 0.0000000000
149284  9.114  25.048  37.533 0.0000000000
149285  9.429  25.183  37.067 0.0000000000
149286  9.861  25.329  36.527 0.0000000000
149287  9.912  26.036  36.016 0.0000000000
149288  10.060  26.675  35.574 0.0000000000
149289  10.135  27.330  35.113 0.0000000000
149292  9.024  27.597  36.491 0.0000000000
149294  9.062  28.189  36.031 0.0000000000
149295  9.202  27.697  36.061 0.0000000000
154362  13.952  23.378  30.015 0.0000000000
154363  13.950  23.717  29.503 0.0000000000
154364  13.912  24.081  28.960 0.0000000000
154365  14.222  25.036  29.492 0.0000000000
154366  14.093  24.716  28.918 0.0000000000
154367  13.829  24.454  28.404 0.0000000000
154368  13.722  24.830  27.873 0.0000000000
154369  13.556  25.213  27.360 0.0000000000
154370  13.396  25.567  26.902 0.0000000000
154371  14.170  27.659  29.585 0.0000000000
154372  14.334  27.307  28.950 0.0000000000
154373  14.359  26.954  28.335 0.0000000000
154374  14.432  27.939  27.806 0.0000000000
154375  14.368  27.278  27.774 0.0000000000
154376  14.262  26.623  27.779 0.0000000000
154377  14.058  26.338  27.280 0.0000000000
154378  13.688  26.092  26.820 0.0000000000
154379  13.204  25.964  26.423 0.0000000000
154380  12.985  26.360  25.936 0.0000000000
154381  12.723  26.702  25.498 0.0000000000
154382  12.455  27.077  25.053 0.0000000000
154383  13.409  27.729  25.110 0.0000000000
154384  12.825  27.569  24.807 0.0000000000
154385  12.146  27.523  24.585 0.0000000000
154386  11.803  27.991  24.146 0.0000000000
154387  11.473  28.459  23.689 0.0000000000
154388  11.046  28.901  23.319 0.0000000000
154396  14.608  31.066  26.539 0.0000000000
154397  14.748  30.746  25.936 0.0000000000
154403  14.824  32.244  25.363 0.0000000000
154404  14.861  31.615  25.333 0.0000000000
154405  14.833  30.980  25.339 0.0000000000
154406  14.738  30.299  25.348 0.0000000000
154407  14.546  29.983  24.749 0.0000000000
154408  14.216  29.688  24.210 0.0000000000
154409  13.737  29.425  23.772 0.0000000000
154410  13.976  30.296  23.035 0.0000000000
154411  13.571  29.781  23.183 0.0000000000
154412  13.141  29.313  23.344 0.0000000000
154413  12.406  29.261  23.091 0.0000000000
154414  11.564  29.276  22.966 0.0000000000
154415  10.652  29.342  22.926 0.0000000000
154416  10.330  29.826  22.506 0.0000000000
154417  9.984  30.348  22.107 0.0000000000
154418  9.659  30.835  21.703 0.0000000000
154419  11.360  30.884  21.266 0.0000000000
154420  10.405  31.105  21.225 0.0000000000
154421  9.427  31.321  21.266 0.0000000000
154422  9.210  31.778  20.835 0.0000000000
154423  8.986  32.185  20.407 0.0000000000
154424  8.810  32.566  19.933 0.0000000000
154425  13.777  32.417  20.163 0.0000000000
154426  13.146  32.280  19.836 0.0000000000
154427  12.416  32.282  19.567 0.0000000000
154428  12.844  32.934  18.796 0.0000000000
154429  12.238  32.604  19.081 0.0000000000
154430  11.531  32.339  19.477 0.0000000000
154431  10.607  32.484  19.476 0.0000000000
154432  9.640  32.714  19.474 0.0000000000
154433  8.645  32.958  19.460 0.0000000000
154434  8.423  33.345  18.988 0.0000000000
