#!ascii label  , from subject fsaverage vox2ras=TkReg
361
179  5.943  19.026  30.052 0.0000000000
660  7.736  24.682  27.182 0.0000000000
1477  5.902  21.498  25.372 0.0000000000
1482  8.879  10.861  35.612 0.0000000000
1483  5.878  13.948  32.810 0.0000000000
3419  5.627  17.124  28.777 0.0000000000
3421  5.757  20.338  27.861 0.0000000000
3430  7.312  17.743  31.875 0.0000000000
3431  7.025  15.391  33.518 0.0000000000
3432  5.924  16.535  31.519 0.0000000000
3433  5.487  14.695  30.175 0.0000000000
5795  7.756  19.990  30.222 0.0000000000
5796  6.527  21.968  28.920 0.0000000000
5797  9.086  22.533  28.415 0.0000000000
7288  5.914  23.475  26.757 0.0000000000
7289  6.062  24.393  24.052 0.0000000000
7296  10.138  6.504  37.880 0.0000000000
7297  8.561  8.337  37.073 0.0000000000
7298  6.805  10.146  36.112 0.0000000000
7299  8.934  13.450  34.482 0.0000000000
7300  6.889  12.735  34.829 0.0000000000
7301  5.471  11.485  34.246 0.0000000000
7302  5.308  12.121  31.543 0.0000000000
11099  5.767  18.185  29.461 0.0000000000
11100  5.721  18.799  28.295 0.0000000000
11101  5.774  19.700  28.974 0.0000000000
11110  6.472  18.441  31.160 0.0000000000
11111  6.405  17.257  31.910 0.0000000000
11112  5.931  17.813  30.782 0.0000000000
11113  5.833  16.869  30.172 0.0000000000
13500  8.315  21.264  29.356 0.0000000000
16027  7.085  23.432  28.114 0.0000000000
16028  6.120  22.813  27.917 0.0000000000
16029  6.461  24.299  27.262 0.0000000000
16031  5.955  25.523  24.799 0.0000000000
16032  6.063  25.770  23.433 0.0000000000
16042  11.863  6.054  38.490 0.0000000000
16043  10.939  5.476  38.336 0.0000000000
16044  11.181  6.920  37.851 0.0000000000
16045  9.734  9.996  36.091 0.0000000000
16046  9.547  8.751  36.801 0.0000000000
16047  8.756  9.600  36.327 0.0000000000
16048  7.777  9.200  36.596 0.0000000000
16049  7.889  10.484  35.867 0.0000000000
16052  8.967  14.761  33.925 0.0000000000
16053  6.274  14.771  33.265 0.0000000000
16054  6.966  14.121  34.122 0.0000000000
16055  6.238  13.475  33.930 0.0000000000
16056  5.999  12.216  34.690 0.0000000000
16057  5.786  12.656  33.453 0.0000000000
16058  5.434  11.821  32.909 0.0000000000
16059  5.614  13.053  32.233 0.0000000000
24589  5.558  17.815  27.647 0.0000000000
24590  5.713  19.440  27.173 0.0000000000
24591  5.824  20.939  26.637 0.0000000000
24607  8.092  15.748  33.327 0.0000000000
24608  7.183  16.591  32.706 0.0000000000
24609  6.280  16.082  32.640 0.0000000000
24610  5.913  15.242  32.158 0.0000000000
24611  5.698  14.310  31.522 0.0000000000
24612  5.785  15.591  30.871 0.0000000000
24613  5.561  15.907  29.477 0.0000000000
25938  7.510  6.597  37.864 0.0000000000
28883  6.646  19.568  30.336 0.0000000000
28884  6.196  20.460  29.539 0.0000000000
28885  7.122  20.996  29.649 0.0000000000
28886  7.698  22.412  28.802 0.0000000000
28887  8.444  23.632  27.810 0.0000000000
28903  7.543  18.841  31.010 0.0000000000
32398  5.912  21.239  28.517 0.0000000000
32399  5.863  21.936  27.316 0.0000000000
32400  5.870  22.470  26.044 0.0000000000
32401  6.026  24.990  26.111 0.0000000000
32402  5.924  23.962  25.433 0.0000000000
32403  6.011  23.025  24.744 0.0000000000
32419  10.072  4.974  38.378 0.0000000000
32420  9.197  5.971  38.092 0.0000000000
32421  10.390  7.821  37.331 0.0000000000
32422  9.342  7.403  37.506 0.0000000000
32423  8.421  6.958  37.759 0.0000000000
32424  7.636  7.925  37.274 0.0000000000
32425  6.664  8.818  36.831 0.0000000000
32426  5.776  9.697  36.129 0.0000000000
32429  8.914  12.126  35.005 0.0000000000
32430  7.963  14.459  34.093 0.0000000000
32431  7.911  13.118  34.674 0.0000000000
32432  7.927  11.767  35.228 0.0000000000
32433  6.812  11.428  35.433 0.0000000000
32434  5.819  10.998  35.366 0.0000000000
32439  5.385  13.399  30.866 0.0000000000
41819  5.792  18.607  29.800 0.0000000000
41820  5.732  18.979  29.199 0.0000000000
41821  5.802  19.395  29.529 0.0000000000
41830  6.177  18.772  30.632 0.0000000000
41831  6.153  18.175  31.002 0.0000000000
41832  5.950  18.426  30.408 0.0000000000
41833  5.867  17.962  30.148 0.0000000000
46742  5.862  20.767  25.678 0.0000000000
46746  6.067  21.748  24.818 0.0000000000
46747  7.406  24.073  27.670 0.0000000000
46748  6.752  23.896  27.754 0.0000000000
46749  7.031  24.556  27.336 0.0000000000
46751  6.024  26.419  23.832 0.0000000000
46753  6.088  25.988  22.762 0.0000000000
46763  11.514  6.483  38.172 0.0000000000
46765  9.317  10.411  35.833 0.0000000000
46766  9.224  9.788  36.194 0.0000000000
46767  8.837  10.237  35.943 0.0000000000
46768  8.352  10.053  36.085 0.0000000000
46769  8.388  10.674  35.723 0.0000000000
46772  9.063  15.384  33.543 0.0000000000
46773  6.066  14.374  33.051 0.0000000000
46774  6.282  14.113  33.579 0.0000000000
46775  6.053  13.707  33.373 0.0000000000
46776  5.969  13.075  33.748 0.0000000000
46777  5.856  13.288  33.105 0.0000000000
46778  5.718  12.844  32.825 0.0000000000
46779  5.752  13.499  32.519 0.0000000000
56339  5.489  16.679  28.448 0.0000000000
56341  5.589  17.460  28.230 0.0000000000
56342  5.758  19.573  28.064 0.0000000000
56343  5.727  19.109  27.727 0.0000000000
56344  5.744  19.890  27.490 0.0000000000
56345  5.764  20.208  26.873 0.0000000000
56346  5.780  20.667  27.248 0.0000000000
56370  7.842  17.296  32.169 0.0000000000
56371  7.748  16.726  32.596 0.0000000000
56372  7.282  17.149  32.284 0.0000000000
56373  6.067  16.951  31.759 0.0000000000
56374  6.343  16.672  32.278 0.0000000000
56375  6.024  16.354  32.100 0.0000000000
56376  6.025  15.686  32.413 0.0000000000
56377  5.925  15.893  31.841 0.0000000000
56378  5.866  15.441  31.561 0.0000000000
56379  5.852  16.055  31.213 0.0000000000
56380  5.758  17.002  29.461 0.0000000000
56381  5.727  16.370  29.802 0.0000000000
56382  5.600  16.494  29.120 0.0000000000
56383  5.439  16.057  28.826 0.0000000000
58590  7.068  7.036  37.684 0.0000000000
63539  7.159  19.811  30.328 0.0000000000
63540  6.878  20.284  29.993 0.0000000000
63541  7.436  20.493  29.934 0.0000000000
63542  8.686  21.905  28.889 0.0000000000
63543  7.995  21.853  29.080 0.0000000000
63544  8.388  22.495  28.633 0.0000000000
63545  8.069  23.044  28.330 0.0000000000
63546  8.768  23.097  28.123 0.0000000000
63581  8.157  18.940  30.844 0.0000000000
63582  7.641  19.428  30.611 0.0000000000
63583  7.070  19.231  30.711 0.0000000000
71122  6.327  21.197  29.246 0.0000000000
71123  5.976  20.917  29.077 0.0000000000
71124  6.083  21.657  28.786 0.0000000000
71125  5.964  23.191  27.332 0.0000000000
71126  5.884  22.391  27.667 0.0000000000
71127  5.895  22.706  27.037 0.0000000000
71128  5.878  22.220  26.677 0.0000000000
71129  5.876  22.972  26.431 0.0000000000
71133  5.996  24.956  24.430 0.0000000000
71134  5.933  24.760  25.121 0.0000000000
71135  5.982  24.211  24.754 0.0000000000
71136  5.964  23.471  25.074 0.0000000000
71137  6.032  23.723  24.386 0.0000000000
71170  10.552  5.989  38.095 0.0000000000
71172  10.128  5.732  38.140 0.0000000000
71173  9.633  5.453  38.246 0.0000000000
71174  9.669  6.220  37.989 0.0000000000
71175  11.033  8.690  36.950 0.0000000000
71176  10.885  8.026  37.294 0.0000000000
71177  10.501  8.487  36.997 0.0000000000
71178  9.015  8.544  36.958 0.0000000000
71179  9.440  8.100  37.159 0.0000000000
71180  8.947  7.886  37.294 0.0000000000
71181  8.857  7.162  37.637 0.0000000000
71182  8.492  7.666  37.414 0.0000000000
71183  8.064  7.471  37.495 0.0000000000
71184  8.136  8.151  37.176 0.0000000000
71185  7.309  9.673  36.369 0.0000000000
71186  7.227  9.015  36.715 0.0000000000
71187  6.723  9.497  36.468 0.0000000000
71188  6.187  9.285  36.503 0.0000000000
71189  6.212  9.960  36.164 0.0000000000
71196  9.395  12.334  34.913 0.0000000000
71197  8.922  12.800  34.749 0.0000000000
71198  7.538  15.595  33.437 0.0000000000
71199  7.989  15.167  33.752 0.0000000000
71200  7.494  14.987  33.812 0.0000000000
71201  6.918  13.456  34.450 0.0000000000
71202  7.404  13.661  34.424 0.0000000000
71203  7.425  12.956  34.727 0.0000000000
71204  7.979  12.454  34.898 0.0000000000
71205  7.422  12.276  35.023 0.0000000000
71206  7.380  11.595  35.341 0.0000000000
71207  6.836  12.103  35.138 0.0000000000
71208  5.687  11.869  34.492 0.0000000000
71209  5.861  11.618  35.028 0.0000000000
71210  5.565  11.275  34.839 0.0000000000
71214  5.309  11.059  33.954 0.0000000000
71215  5.385  11.954  32.224 0.0000000000
71216  5.300  11.329  32.571 0.0000000000
71220  5.601  14.504  30.852 0.0000000000
71221  5.545  13.847  31.196 0.0000000000
71222  5.449  14.085  30.517 0.0000000000
93707  5.729  17.695  29.132 0.0000000000
93708  5.688  17.967  28.548 0.0000000000
93709  5.704  18.529  28.864 0.0000000000
93710  5.722  19.272  28.637 0.0000000000
93711  5.774  20.022  28.446 0.0000000000
93726  6.851  18.123  31.534 0.0000000000
93727  6.805  17.522  31.963 0.0000000000
93728  6.421  17.867  31.526 0.0000000000
93729  6.112  17.556  31.386 0.0000000000
93730  5.908  17.157  31.182 0.0000000000
93731  5.862  16.695  30.866 0.0000000000
93732  5.879  17.348  30.510 0.0000000000
93733  5.814  17.512  29.822 0.0000000000
98028  8.027  20.609  29.812 0.0000000000
98029  8.643  20.717  29.626 0.0000000000
98030  8.983  21.359  29.166 0.0000000000
98031  9.382  21.973  28.712 0.0000000000
102577  6.781  22.730  28.534 0.0000000000
102578  6.276  22.426  28.490 0.0000000000
102579  6.459  23.190  28.127 0.0000000000
102580  6.277  23.575  27.591 0.0000000000
102581  6.039  23.963  27.081 0.0000000000
102583  5.995  26.061  25.187 0.0000000000
102584  6.010  26.296  24.525 0.0000000000
102585  6.017  25.687  24.124 0.0000000000
102586  6.071  25.102  23.736 0.0000000000
102587  6.167  24.577  23.408 0.0000000000
102588  6.135  25.270  23.063 0.0000000000
102604  11.815  5.318  38.695 0.0000000000
102606  11.416  5.761  38.401 0.0000000000
102607  11.004  6.225  38.109 0.0000000000
102608  10.655  6.695  37.854 0.0000000000
102610  10.078  8.935  36.704 0.0000000000
102611  9.656  9.366  36.440 0.0000000000
102612  9.118  9.164  36.579 0.0000000000
102613  8.642  8.977  36.712 0.0000000000
102614  8.192  8.776  36.825 0.0000000000
102615  8.284  9.414  36.458 0.0000000000
102616  7.870  9.864  36.240 0.0000000000
102617  7.350  10.308  36.024 0.0000000000
102622  8.950  14.099  34.211 0.0000000000
102623  6.586  15.117  33.442 0.0000000000
102624  7.000  14.758  33.813 0.0000000000
102625  6.550  14.481  33.743 0.0000000000
102626  6.553  13.841  34.088 0.0000000000
102627  6.496  13.166  34.419 0.0000000000
102628  6.423  12.511  34.776 0.0000000000
102629  6.138  12.840  34.300 0.0000000000
102630  5.824  12.471  34.133 0.0000000000
102631  5.631  12.070  33.882 0.0000000000
102632  5.464  11.656  33.597 0.0000000000
102633  5.607  12.252  33.205 0.0000000000
102634  5.551  12.421  32.565 0.0000000000
102635  5.457  12.590  31.948 0.0000000000
118816  5.671  18.296  27.962 0.0000000000
118817  5.657  18.627  27.380 0.0000000000
118818  5.664  18.937  26.855 0.0000000000
118819  5.718  19.710  26.580 0.0000000000
118820  5.791  20.467  26.292 0.0000000000
118821  5.865  21.222  26.005 0.0000000000
118822  8.100  25.252  26.657 0.0000000000
118823  7.327  25.228  26.849 0.0000000000
118824  7.638  25.866  26.356 0.0000000000
118853  9.336  11.026  35.512 0.0000000000
118855  8.668  15.882  33.196 0.0000000000
118856  8.203  16.300  32.900 0.0000000000
118857  7.617  16.162  33.031 0.0000000000
118858  7.090  15.995  33.126 0.0000000000
118859  6.775  16.923  32.354 0.0000000000
118860  6.674  16.367  32.736 0.0000000000
118861  6.623  15.761  33.117 0.0000000000
118862  6.242  15.476  32.989 0.0000000000
118863  6.051  15.032  32.738 0.0000000000
118864  5.912  14.607  32.488 0.0000000000
118865  5.795  14.156  32.193 0.0000000000
118866  5.836  14.795  31.876 0.0000000000
118867  5.751  14.975  31.207 0.0000000000
118868  5.651  15.145  30.533 0.0000000000
118869  5.802  16.176  30.511 0.0000000000
118870  5.681  15.741  30.153 0.0000000000
118871  5.521  15.297  29.828 0.0000000000
118872  5.385  15.473  29.169 0.0000000000
128867  6.219  19.351  30.245 0.0000000000
128868  6.058  19.739  29.750 0.0000000000
128869  6.400  20.025  29.949 0.0000000000
128870  6.581  20.736  29.666 0.0000000000
128871  6.787  21.484  29.331 0.0000000000
128872  7.705  21.161  29.543 0.0000000000
128873  7.374  21.717  29.240 0.0000000000
128874  7.037  22.243  28.938 0.0000000000
128875  7.382  22.969  28.490 0.0000000000
128876  7.745  23.582  28.016 0.0000000000
128877  8.094  24.178  27.510 0.0000000000
128883  9.466  23.147  27.929 0.0000000000
128884  9.140  23.681  27.604 0.0000000000
128886  8.496  24.717  26.972 0.0000000000
128918  7.917  17.841  31.748 0.0000000000
128920  8.056  18.360  31.294 0.0000000000
128921  7.429  18.277  31.434 0.0000000000
128922  6.967  18.676  31.115 0.0000000000
128923  6.545  19.008  30.764 0.0000000000
138448  5.882  20.160  29.308 0.0000000000
138449  5.870  20.482  28.797 0.0000000000
138450  5.824  20.801  28.227 0.0000000000
138451  6.000  22.026  28.243 0.0000000000
138452  5.852  21.592  27.952 0.0000000000
138453  5.824  21.146  27.621 0.0000000000
138454  5.846  21.450  26.991 0.0000000000
138455  5.871  21.707  26.341 0.0000000000
138456  5.898  21.977  25.706 0.0000000000
138457  6.677  24.997  26.876 0.0000000000
138458  6.156  24.700  26.762 0.0000000000
138459  5.947  24.243  26.444 0.0000000000
138460  5.931  25.284  25.480 0.0000000000
138461  5.901  24.501  25.774 0.0000000000
138462  5.871  23.740  26.112 0.0000000000
138463  5.888  23.206  25.749 0.0000000000
138464  5.920  22.750  25.407 0.0000000000
138465  5.968  22.275  25.070 0.0000000000
138510  9.585  4.730  38.433 0.0000000000
138511  9.154  5.244  38.301 0.0000000000
138512  8.734  5.774  38.159 0.0000000000
138514  10.795  7.362  37.597 0.0000000000
138515  10.282  7.144  37.631 0.0000000000
138516  9.980  8.303  37.069 0.0000000000
138517  9.882  7.611  37.394 0.0000000000
138518  9.758  6.939  37.698 0.0000000000
138519  9.239  6.684  37.827 0.0000000000
138520  8.789  6.461  37.921 0.0000000000
138521  8.344  6.271  37.992 0.0000000000
138522  7.980  6.793  37.789 0.0000000000
138523  7.576  7.268  37.587 0.0000000000
138524  7.112  7.700  37.390 0.0000000000
138525  7.700  8.561  36.939 0.0000000000
138526  7.166  8.350  37.054 0.0000000000
138538  9.371  11.678  35.193 0.0000000000
138539  8.907  11.491  35.307 0.0000000000
138540  8.541  15.288  33.634 0.0000000000
138541  8.460  14.626  34.013 0.0000000000
138542  8.454  13.907  34.319 0.0000000000
138543  7.463  14.319  34.143 0.0000000000
138544  7.927  13.770  34.406 0.0000000000
138545  8.420  13.243  34.606 0.0000000000
138546  8.460  12.584  34.831 0.0000000000
138547  8.459  11.940  35.101 0.0000000000
138548  8.414  11.293  35.433 0.0000000000
138549  7.893  11.118  35.544 0.0000000000
138550  7.316  10.937  35.686 0.0000000000
138551  6.790  10.782  35.757 0.0000000000
138552  6.339  11.877  35.117 0.0000000000
138553  6.288  11.227  35.417 0.0000000000
138554  6.256  10.616  35.793 0.0000000000
138555  5.808  10.378  35.735 0.0000000000
138561  5.321  11.177  33.283 0.0000000000
138567  5.651  13.693  31.874 0.0000000000
138568  5.498  13.223  31.576 0.0000000000
138569  5.353  12.759  31.214 0.0000000000
