#!ascii label  , from subject fsaverage vox2ras=TkReg
742
25  27.717  20.883  -8.495 0.0000000000
519  30.954  27.766  -5.732 0.0000000000
520  31.150  21.515  1.736 0.0000000000
1140  33.606  29.911  -3.487 0.0000000000
1141  29.165  25.798  -1.347 0.0000000000
1142  29.932  28.570  1.384 0.0000000000
1957  29.844  18.064  -5.549 0.0000000000
2199  28.660  24.581  -7.149 0.0000000000
2200  29.151  21.995  -3.260 0.0000000000
2201  34.300  18.712  -1.694 0.0000000000
2204  31.825  16.707  3.983 0.0000000000
3059  38.217  29.852  -5.561 0.0000000000
3060  34.931  30.411  -2.382 0.0000000000
3061  31.486  29.687  -1.065 0.0000000000
3062  32.629  30.309  0.215 0.0000000000
4856  35.447  28.089  -7.493 0.0000000000
4858  33.796  27.092  -8.385 0.0000000000
4859  32.173  26.142  -9.120 0.0000000000
4860  29.713  26.231  -6.523 0.0000000000
4861  28.236  23.486  -5.079 0.0000000000
4862  28.711  25.565  -4.366 0.0000000000
4863  29.783  23.476  0.353 0.0000000000
4864  30.682  22.011  -1.015 0.0000000000
4865  32.844  20.072  0.112 0.0000000000
4867  33.551  18.353  1.229 0.0000000000
6659  36.852  28.989  -6.490 0.0000000000
6660  32.280  29.049  -4.688 0.0000000000
6661  29.467  27.392  -3.491 0.0000000000
6662  30.406  28.872  -2.368 0.0000000000
6663  29.447  27.306  -0.061 0.0000000000
6664  29.309  25.138  1.825 0.0000000000
8467  28.404  19.381  -6.770 0.0000000000
9159  27.985  22.858  -7.788 0.0000000000
9160  28.118  21.472  -5.804 0.0000000000
9161  29.402  19.975  -4.270 0.0000000000
9162  31.968  18.869  -3.534 0.0000000000
9163  29.027  24.063  -2.370 0.0000000000
9164  31.633  20.566  -2.306 0.0000000000
9165  34.859  17.631  -3.389 0.0000000000
9170  29.469  26.515  3.487 0.0000000000
9171  29.931  22.882  3.543 0.0000000000
9174  31.859  19.428  2.976 0.0000000000
10402  27.529  21.564  -9.498 0.0000000000
10403  27.314  20.490  -9.861 0.0000000000
10404  27.686  19.902  -8.981 0.0000000000
10740  35.470  30.550  -1.897 0.0000000000
10741  33.759  30.394  -1.102 0.0000000000
10742  34.276  30.631  -0.579 0.0000000000
12536  33.034  28.168  -6.580 0.0000000000
12537  34.620  27.631  -7.958 0.0000000000
12538  32.255  27.585  -7.042 0.0000000000
12539  31.509  26.936  -7.438 0.0000000000
12540  30.320  26.996  -6.146 0.0000000000
12541  29.059  26.009  -5.419 0.0000000000
12542  29.532  26.837  -5.024 0.0000000000
12543  30.449  22.429  1.045 0.0000000000
12544  31.198  21.546  0.237 0.0000000000
12545  31.945  20.761  0.946 0.0000000000
12546  33.306  19.357  0.696 0.0000000000
12547  32.467  19.925  1.560 0.0000000000
14936  35.934  29.947  -4.375 0.0000000000
14937  37.562  29.441  -6.004 0.0000000000
14938  35.229  29.599  -4.924 0.0000000000
14939  34.513  29.153  -5.543 0.0000000000
14940  33.023  29.555  -4.133 0.0000000000
14941  31.278  29.110  -3.547 0.0000000000
14942  31.886  29.640  -2.925 0.0000000000
14943  30.616  29.230  0.174 0.0000000000
14944  30.203  28.797  -0.528 0.0000000000
14945  29.656  27.962  0.611 0.0000000000
14946  29.259  26.289  0.944 0.0000000000
14947  29.284  27.026  1.658 0.0000000000
18652  29.041  18.693  -6.129 0.0000000000
18653  29.475  17.662  -6.652 0.0000000000
20329  37.619  25.811  -10.725 0.0000000000
20336  30.116  25.579  -8.072 0.0000000000
20337  31.347  25.611  -9.407 0.0000000000
20338  29.489  24.900  -8.409 0.0000000000
20340  28.224  23.781  -7.486 0.0000000000
20341  27.882  22.214  -6.813 0.0000000000
20342  28.022  23.200  -6.440 0.0000000000
20343  28.511  22.803  -4.135 0.0000000000
20344  28.522  21.721  -4.550 0.0000000000
20345  29.289  20.963  -3.721 0.0000000000
20346  30.515  19.346  -3.762 0.0000000000
20347  30.383  20.386  -3.184 0.0000000000
20348  29.213  26.690  -2.424 0.0000000000
20349  28.881  25.844  -2.894 0.0000000000
20350  29.075  24.949  -1.863 0.0000000000
20351  32.518  20.213  -1.261 0.0000000000
20352  31.189  21.309  -1.650 0.0000000000
20353  33.040  19.582  -2.062 0.0000000000
20354  33.352  19.012  -2.807 0.0000000000
20355  34.677  18.107  -2.585 0.0000000000
20356  35.880  16.848  -3.058 0.0000000000
20357  35.572  17.481  -2.178 0.0000000000
20368  29.468  25.368  4.463 0.0000000000
20369  29.424  24.651  3.597 0.0000000000
20374  31.327  17.296  5.023 0.0000000000
20375  30.762  19.180  5.463 0.0000000000
20376  31.235  18.683  4.518 0.0000000000
20377  31.154  19.953  3.877 0.0000000000
20378  31.891  18.097  3.486 0.0000000000
20379  32.595  17.600  2.554 0.0000000000
20380  32.439  16.223  2.990 0.0000000000
23334  27.061  20.931  -10.781 0.0000000000
23938  38.687  30.181  -5.152 0.0000000000
23939  36.525  30.220  -3.908 0.0000000000
23940  34.279  30.185  -2.854 0.0000000000
23941  32.535  29.957  -2.314 0.0000000000
23942  33.105  30.172  -1.641 0.0000000000
23943  31.996  30.008  -0.375 0.0000000000
23944  31.128  29.631  0.900 0.0000000000
26167  30.921  17.429  -5.102 0.0000000000
27172  37.817  27.620  -8.457 0.0000000000
27173  39.371  26.471  -9.902 0.0000000000
27174  37.087  27.133  -8.923 0.0000000000
27175  36.218  26.753  -9.344 0.0000000000
27176  35.348  26.395  -9.720 0.0000000000
27177  34.465  26.065  -10.136 0.0000000000
27178  32.973  26.590  -8.752 0.0000000000
27179  30.775  26.266  -7.797 0.0000000000
27180  29.106  25.356  -6.808 0.0000000000
27181  28.270  24.136  -6.119 0.0000000000
27182  28.646  25.094  -5.783 0.0000000000
27183  28.429  24.572  -4.743 0.0000000000
27184  28.507  23.820  -3.764 0.0000000000
27185  29.324  24.709  -0.433 0.0000000000
27186  29.505  23.869  -1.010 0.0000000000
27187  30.207  22.749  -0.350 0.0000000000
27188  31.879  20.820  -0.482 0.0000000000
27189  33.638  19.379  -0.783 0.0000000000
27190  34.965  18.039  -1.222 0.0000000000
27191  34.189  18.697  -0.249 0.0000000000
30894  40.753  27.759  -9.219 0.0000000000
30895  39.838  29.271  -7.407 0.0000000000
30896  39.126  28.732  -7.652 0.0000000000
30897  38.473  28.144  -7.978 0.0000000000
30898  36.171  28.552  -6.983 0.0000000000
30899  33.808  28.686  -6.091 0.0000000000
30900  31.578  28.447  -5.198 0.0000000000
30901  30.049  27.677  -4.588 0.0000000000
30902  30.677  28.448  -4.102 0.0000000000
30903  29.955  28.177  -2.988 0.0000000000
30904  29.523  27.506  -1.856 0.0000000000
30905  30.961  29.331  -1.725 0.0000000000
30906  29.785  28.164  -1.208 0.0000000000
30907  29.312  26.642  -0.754 0.0000000000
30908  29.243  25.494  0.270 0.0000000000
30909  29.443  24.329  1.157 0.0000000000
30910  29.977  23.173  1.848 0.0000000000
35677  27.990  20.164  -7.642 0.0000000000
35678  28.206  19.076  -8.025 0.0000000000
35679  28.741  18.384  -7.306 0.0000000000
37638  27.877  22.563  -9.328 0.0000000000
37719  27.806  21.894  -8.124 0.0000000000
37720  27.919  21.123  -7.191 0.0000000000
37721  28.275  20.349  -6.304 0.0000000000
37722  28.810  19.656  -5.521 0.0000000000
37723  28.129  22.534  -5.476 0.0000000000
37724  28.644  20.719  -5.010 0.0000000000
37725  29.629  18.999  -4.873 0.0000000000
37726  30.659  18.395  -4.386 0.0000000000
37727  32.019  17.896  -4.142 0.0000000000
37728  33.574  17.365  -4.140 0.0000000000
37729  29.046  26.509  -3.954 0.0000000000
37730  28.677  24.914  -3.349 0.0000000000
37731  29.041  23.023  -2.861 0.0000000000
37732  29.782  23.063  -1.550 0.0000000000
37733  29.997  22.273  -2.107 0.0000000000
37734  30.243  21.311  -2.642 0.0000000000
37735  31.870  19.768  -2.925 0.0000000000
37736  33.471  18.334  -3.502 0.0000000000
37737  35.029  16.795  -4.167 0.0000000000
37747  33.215  30.586  0.885 0.0000000000
37749  30.434  29.009  2.181 0.0000000000
37752  29.579  27.663  2.416 0.0000000000
37753  29.273  25.865  2.655 0.0000000000
37754  29.584  23.994  2.673 0.0000000000
37755  30.471  22.196  2.639 0.0000000000
37762  30.264  21.691  4.265 0.0000000000
37763  30.907  21.144  3.317 0.0000000000
37764  31.669  20.500  2.375 0.0000000000
37765  32.659  18.853  2.138 0.0000000000
41122  27.616  21.228  -8.963 0.0000000000
41123  27.546  20.727  -9.193 0.0000000000
41124  27.684  20.395  -8.738 0.0000000000
41460  35.710  30.619  -1.684 0.0000000000
41461  34.854  30.584  -1.233 0.0000000000
41462  35.119  30.707  -0.991 0.0000000000
43256  31.927  28.026  -6.128 0.0000000000
43257  32.680  27.884  -6.814 0.0000000000
43258  31.599  27.721  -6.361 0.0000000000
43259  31.232  27.346  -6.601 0.0000000000
43260  30.629  27.369  -5.942 0.0000000000
43261  29.894  26.954  -5.578 0.0000000000
43262  30.167  27.342  -5.378 0.0000000000
43263  30.830  21.941  1.400 0.0000000000
43264  31.161  21.542  0.991 0.0000000000
43265  31.595  21.086  1.340 0.0000000000
43266  32.259  20.339  1.266 0.0000000000
43267  31.830  20.724  1.667 0.0000000000
45656  34.732  29.973  -3.900 0.0000000000
45657  35.607  29.808  -4.620 0.0000000000
45658  34.414  29.798  -4.198 0.0000000000
45659  34.076  29.621  -4.514 0.0000000000
45660  33.272  29.735  -3.799 0.0000000000
45661  32.423  29.639  -3.537 0.0000000000
45662  32.705  29.794  -3.192 0.0000000000
45663  30.248  28.920  0.800 0.0000000000
45664  30.068  28.679  0.408 0.0000000000
45665  29.763  28.274  1.005 0.0000000000
45666  29.454  27.515  1.149 0.0000000000
45667  29.548  27.835  1.525 0.0000000000
49372  29.408  18.381  -5.840 0.0000000000
49373  29.653  17.893  -6.118 0.0000000000
49374  30.108  17.569  -5.862 0.0000000000
51056  29.310  25.174  -7.632 0.0000000000
51057  29.790  25.244  -8.222 0.0000000000
51058  29.027  24.773  -7.775 0.0000000000
51059  28.741  24.384  -7.944 0.0000000000
51060  28.416  24.207  -7.304 0.0000000000
51061  28.079  23.524  -6.966 0.0000000000
51062  28.260  23.914  -6.793 0.0000000000
51063  28.730  22.388  -3.700 0.0000000000
51064  28.795  21.884  -3.889 0.0000000000
51065  29.203  21.501  -3.490 0.0000000000
51066  29.791  20.673  -3.426 0.0000000000
51067  29.744  21.123  -3.142 0.0000000000
51068  29.166  26.255  -1.883 0.0000000000
51069  29.051  25.850  -2.130 0.0000000000
51070  29.120  25.359  -1.628 0.0000000000
51071  33.487  19.433  -1.457 0.0000000000
51072  32.752  19.903  -1.657 0.0000000000
51073  33.701  19.114  -1.891 0.0000000000
51074  33.938  18.744  -2.307 0.0000000000
51075  34.485  18.404  -2.164 0.0000000000
51076  35.149  17.777  -2.418 0.0000000000
51077  34.960  18.072  -1.951 0.0000000000
51089  29.464  24.445  4.504 0.0000000000
51094  31.556  17.009  4.502 0.0000000000
51095  31.266  17.993  4.766 0.0000000000
51096  31.526  17.689  4.239 0.0000000000
51097  31.551  18.364  3.966 0.0000000000
51098  31.817  17.400  3.720 0.0000000000
51099  32.145  17.166  3.249 0.0000000000
51100  32.101  16.458  3.496 0.0000000000
54249  27.248  21.491  -10.609 0.0000000000
54250  27.453  19.685  -9.633 0.0000000000
55256  36.018  30.450  -2.933 0.0000000000
55257  36.835  30.345  -3.702 0.0000000000
55258  35.759  30.352  -3.172 0.0000000000
55259  35.419  30.217  -3.374 0.0000000000
55260  34.640  30.298  -2.633 0.0000000000
55261  33.695  30.214  -2.290 0.0000000000
55262  34.030  30.321  -2.001 0.0000000000
55263  33.169  30.367  -0.446 0.0000000000
55264  32.851  30.234  -0.707 0.0000000000
55265  32.324  30.154  -0.061 0.0000000000
55266  31.508  29.852  0.276 0.0000000000
55267  31.867  30.033  0.572 0.0000000000
60646  36.647  27.880  -7.981 0.0000000000
60647  37.472  27.367  -8.701 0.0000000000
60648  36.310  27.663  -8.220 0.0000000000
60649  34.191  27.365  -8.173 0.0000000000
60650  35.446  27.225  -8.642 0.0000000000
60651  35.029  26.988  -8.859 0.0000000000
60652  35.776  26.578  -9.534 0.0000000000
60653  34.582  26.780  -9.041 0.0000000000
60654  34.193  26.553  -9.266 0.0000000000
60655  33.367  26.844  -8.568 0.0000000000
60656  30.532  26.612  -6.982 0.0000000000
60657  31.124  26.619  -7.618 0.0000000000
60658  30.219  26.274  -7.189 0.0000000000
60659  29.874  25.865  -7.310 0.0000000000
60660  29.408  25.794  -6.675 0.0000000000
60661  28.813  25.234  -6.286 0.0000000000
60662  29.095  25.691  -6.138 0.0000000000
60663  28.859  25.818  -4.887 0.0000000000
60664  28.661  25.354  -5.083 0.0000000000
60665  28.571  25.085  -4.547 0.0000000000
60666  28.450  24.225  -4.233 0.0000000000
60667  28.541  24.740  -4.055 0.0000000000
60668  29.513  24.107  -0.036 0.0000000000
60669  29.612  23.686  -0.348 0.0000000000
60670  29.960  23.084  0.006 0.0000000000
60671  32.019  20.780  0.195 0.0000000000
60672  31.540  21.222  -0.117 0.0000000000
60673  32.451  20.429  -0.182 0.0000000000
60674  32.797  20.078  -0.613 0.0000000000
60675  33.234  19.733  -0.328 0.0000000000
60676  33.944  19.080  -0.521 0.0000000000
60677  33.563  19.409  -0.054 0.0000000000
60678  33.467  18.855  0.971 0.0000000000
67846  39.353  29.828  -6.305 0.0000000000
67847  40.196  29.530  -7.294 0.0000000000
67848  39.054  29.579  -6.494 0.0000000000
67849  37.193  29.221  -6.201 0.0000000000
67850  38.351  29.114  -6.821 0.0000000000
67851  37.980  28.849  -7.024 0.0000000000
67852  38.767  28.423  -7.785 0.0000000000
67853  37.689  28.595  -7.271 0.0000000000
67854  37.359  28.341  -7.484 0.0000000000
67855  36.539  28.758  -6.758 0.0000000000
67856  33.383  29.156  -5.106 0.0000000000
67857  34.161  28.923  -5.825 0.0000000000
67858  33.020  28.901  -5.382 0.0000000000
67859  32.627  28.652  -5.626 0.0000000000
67860  31.909  28.760  -4.955 0.0000000000
67861  31.108  28.467  -4.653 0.0000000000
67862  31.380  28.803  -4.405 0.0000000000
67863  30.799  29.047  -2.941 0.0000000000
67864  30.550  28.716  -3.261 0.0000000000
67865  30.174  28.522  -2.703 0.0000000000
67866  29.702  27.872  -2.426 0.0000000000
67867  29.859  28.255  -2.111 0.0000000000
67868  32.012  29.852  -1.705 0.0000000000
67869  31.683  29.714  -2.016 0.0000000000
67870  31.271  29.593  -1.427 0.0000000000
67871  29.743  28.096  -0.273 0.0000000000
67872  30.012  28.492  -0.853 0.0000000000
67873  29.594  27.734  -0.617 0.0000000000
67874  29.507  27.437  -0.983 0.0000000000
67875  29.375  26.953  -0.406 0.0000000000
67876  29.241  26.076  -0.206 0.0000000000
67877  29.282  26.447  0.140 0.0000000000
67878  29.212  25.784  1.396 0.0000000000
67879  29.264  25.351  1.055 0.0000000000
67880  29.371  24.754  1.473 0.0000000000
67881  29.697  23.738  1.495 0.0000000000
67882  29.551  24.135  1.869 0.0000000000
78997  28.148  19.760  -7.189 0.0000000000
78998  28.273  19.264  -7.417 0.0000000000
78999  28.556  18.864  -7.030 0.0000000000
79001  29.765  17.175  -6.993 0.0000000000
83856  27.963  22.802  -9.833 0.0000000000
84024  38.959  26.271  -10.107 0.0000000000
84046  33.333  26.157  -9.673 0.0000000000
84048  32.827  25.989  -9.786 0.0000000000
84056  28.329  23.636  -8.242 0.0000000000
84058  28.144  23.194  -8.412 0.0000000000
84059  27.975  22.786  -8.553 0.0000000000
84060  27.854  22.393  -7.936 0.0000000000
84061  27.836  21.508  -7.646 0.0000000000
84062  27.816  22.041  -7.448 0.0000000000
84063  27.962  21.837  -6.280 0.0000000000
84064  27.950  21.291  -6.523 0.0000000000
84065  28.107  20.920  -6.064 0.0000000000
84066  28.495  19.993  -5.903 0.0000000000
84067  28.356  20.509  -5.610 0.0000000000
84068  28.215  23.820  -5.604 0.0000000000
84069  28.118  23.373  -5.791 0.0000000000
84070  28.157  22.980  -5.289 0.0000000000
84071  28.918  20.851  -4.381 0.0000000000
84072  28.574  21.231  -4.787 0.0000000000
84073  28.995  20.359  -4.639 0.0000000000
84074  29.089  19.832  -4.889 0.0000000000
84075  29.517  19.500  -4.583 0.0000000000
84076  30.108  18.681  -4.619 0.0000000000
84077  30.010  19.159  -4.301 0.0000000000
84078  31.206  19.099  -3.613 0.0000000000
84079  31.281  18.594  -3.899 0.0000000000
84080  31.991  18.403  -3.838 0.0000000000
84082  32.784  18.125  -3.830 0.0000000000
84083  29.724  27.570  -4.020 0.0000000000
84084  29.477  27.135  -4.263 0.0000000000
84085  29.261  26.959  -3.729 0.0000000000
84086  28.837  24.969  -2.587 0.0000000000
84087  28.753  25.413  -3.124 0.0000000000
84088  28.798  24.483  -2.845 0.0000000000
84089  28.768  23.973  -3.082 0.0000000000
84090  29.004  23.545  -2.622 0.0000000000
84091  29.991  22.981  -0.971 0.0000000000
84092  29.630  23.491  -1.289 0.0000000000
84093  30.155  22.638  -1.253 0.0000000000
84094  31.423  20.961  -1.990 0.0000000000
84095  30.577  21.857  -1.849 0.0000000000
84096  30.769  21.413  -2.159 0.0000000000
84097  30.140  21.792  -2.369 0.0000000000
84098  30.915  20.966  -2.422 0.0000000000
84099  30.974  20.562  -2.723 0.0000000000
84100  31.763  20.162  -2.611 0.0000000000
84101  34.164  18.298  -3.087 0.0000000000
84102  33.457  18.699  -3.146 0.0000000000
84103  34.152  18.064  -3.452 0.0000000000
84104  34.243  17.597  -3.827 0.0000000000
84105  34.935  17.279  -3.784 0.0000000000
84107  35.564  16.855  -3.670 0.0000000000
84108  36.169  16.487  -2.841 0.0000000000
84113  35.101  17.722  -0.969 0.0000000000
84114  35.451  17.396  -1.435 0.0000000000
84134  31.025  29.552  1.946 0.0000000000
84139  29.595  26.861  3.900 0.0000000000
84141  29.623  27.391  3.378 0.0000000000
84142  29.749  27.906  2.847 0.0000000000
84143  29.501  27.088  2.957 0.0000000000
84144  29.373  26.779  2.555 0.0000000000
84145  29.352  26.203  3.064 0.0000000000
84146  29.618  23.782  3.575 0.0000000000
84147  29.480  24.361  3.128 0.0000000000
84148  29.761  23.459  3.109 0.0000000000
84149  29.972  23.028  2.668 0.0000000000
84150  30.205  22.518  3.074 0.0000000000
84168  30.402  21.081  4.555 0.0000000000
84169  31.477  19.727  3.455 0.0000000000
84170  31.044  20.560  3.609 0.0000000000
84171  31.404  20.312  3.177 0.0000000000
84172  31.266  20.849  2.852 0.0000000000
84173  31.783  19.984  2.704 0.0000000000
84174  32.203  19.657  2.264 0.0000000000
84175  32.243  19.145  2.566 0.0000000000
89325  28.674  18.209  -7.909 0.0000000000
92452  27.486  21.848  -9.975 0.0000000000
92453  27.319  21.275  -10.125 0.0000000000
92454  27.422  21.024  -9.658 0.0000000000
92455  27.498  20.217  -9.403 0.0000000000
92456  27.696  19.402  -9.208 0.0000000000
93059  36.254  30.519  -2.691 0.0000000000
93060  35.212  30.493  -2.147 0.0000000000
93061  34.347  30.412  -1.747 0.0000000000
93062  34.632  30.491  -1.504 0.0000000000
93063  34.056  30.513  -0.854 0.0000000000
93064  33.458  30.500  -0.168 0.0000000000
96292  34.247  28.164  -7.027 0.0000000000
96293  35.090  27.852  -7.729 0.0000000000
96294  33.874  27.953  -7.257 0.0000000000
96295  33.432  27.669  -7.494 0.0000000000
96296  32.995  27.386  -7.706 0.0000000000
96297  32.602  27.089  -7.902 0.0000000000
96298  31.879  27.263  -7.250 0.0000000000
96299  30.871  26.974  -6.793 0.0000000000
96300  29.986  26.593  -6.322 0.0000000000
96301  29.299  26.126  -5.955 0.0000000000
96302  29.619  26.555  -5.766 0.0000000000
96303  29.304  26.439  -5.219 0.0000000000
96304  29.018  26.256  -4.712 0.0000000000
96305  30.104  22.897  0.689 0.0000000000
96306  30.363  22.500  0.307 0.0000000000
96307  30.757  21.992  0.636 0.0000000000
96308  31.573  21.171  0.602 0.0000000000
96309  32.371  20.429  0.538 0.0000000000
96310  33.105  19.754  0.406 0.0000000000
96311  32.670  20.050  0.870 0.0000000000
96312  32.893  19.581  1.129 0.0000000000
96313  33.012  19.141  1.412 0.0000000000
100611  41.585  28.856  -8.907 0.0000000000
100612  37.076  29.912  -4.916 0.0000000000
100613  37.905  29.657  -5.793 0.0000000000
100614  36.762  29.726  -5.188 0.0000000000
100615  36.390  29.551  -5.399 0.0000000000
100616  36.020  29.326  -5.678 0.0000000000
100617  35.669  29.107  -5.987 0.0000000000
100618  34.871  29.387  -5.216 0.0000000000
100619  33.756  29.381  -4.828 0.0000000000
100620  32.643  29.326  -4.406 0.0000000000
100621  31.754  29.117  -4.116 0.0000000000
100622  32.114  29.390  -3.846 0.0000000000
100623  31.596  29.388  -3.242 0.0000000000
100624  31.114  29.304  -2.641 0.0000000000
100625  30.998  29.496  -0.423 0.0000000000
100626  30.813  29.335  -0.814 0.0000000000
100627  30.409  29.028  -0.202 0.0000000000
100628  29.897  28.392  0.059 0.0000000000
100629  29.513  27.638  0.282 0.0000000000
100630  29.335  26.805  0.463 0.0000000000
100631  29.391  27.170  0.774 0.0000000000
100632  29.279  26.705  1.272 0.0000000000
100633  29.231  26.131  1.747 0.0000000000
107302  28.721  19.007  -6.434 0.0000000000
107303  28.880  18.495  -6.673 0.0000000000
107304  29.242  18.178  -6.368 0.0000000000
107305  29.911  17.398  -6.414 0.0000000000
110332  31.098  25.919  -8.576 0.0000000000
110333  31.741  25.875  -9.228 0.0000000000
110334  30.722  25.616  -8.715 0.0000000000
110335  30.373  25.360  -8.933 0.0000000000
110338  29.170  24.564  -8.548 0.0000000000
110339  28.507  24.041  -8.105 0.0000000000
110340  28.090  23.315  -7.638 0.0000000000
110341  27.899  22.538  -7.298 0.0000000000
110342  27.968  23.050  -7.144 0.0000000000
110343  27.957  22.710  -6.600 0.0000000000
110344  28.012  22.369  -6.087 0.0000000000
110345  28.336  23.146  -4.588 0.0000000000
110346  28.281  22.593  -4.766 0.0000000000
110347  28.501  22.258  -4.323 0.0000000000
110348  28.848  21.367  -4.135 0.0000000000
110349  29.355  20.471  -4.010 0.0000000000
110350  29.914  19.625  -3.979 0.0000000000
110351  29.867  20.134  -3.699 0.0000000000
110352  30.437  19.886  -3.468 0.0000000000
110353  31.128  19.623  -3.291 0.0000000000
110354  29.313  27.113  -2.970 0.0000000000
110355  29.118  26.674  -3.197 0.0000000000
110356  29.045  26.284  -2.669 0.0000000000
110357  28.943  25.421  -2.362 0.0000000000
110358  29.026  24.525  -2.109 0.0000000000
110359  31.559  21.019  -1.091 0.0000000000
110360  30.898  21.686  -1.304 0.0000000000
110361  31.822  20.751  -1.458 0.0000000000
110362  32.097  20.427  -1.828 0.0000000000
110363  32.339  20.104  -2.202 0.0000000000
110364  32.508  19.755  -2.535 0.0000000000
110365  33.201  19.318  -2.457 0.0000000000
110366  34.055  18.550  -2.717 0.0000000000
110367  34.833  17.929  -3.028 0.0000000000
110368  35.454  17.204  -3.265 0.0000000000
110369  35.344  17.517  -2.824 0.0000000000
110370  35.698  17.171  -2.617 0.0000000000
110371  35.949  16.850  -2.377 0.0000000000
110390  29.468  25.942  4.001 0.0000000000
110391  29.395  25.565  3.576 0.0000000000
110392  29.426  24.989  4.061 0.0000000000
110393  29.518  24.101  4.052 0.0000000000
110394  29.755  23.204  4.000 0.0000000000
110402  31.060  18.252  5.271 0.0000000000
110403  30.987  18.939  4.987 0.0000000000
110404  30.906  19.585  4.683 0.0000000000
110405  30.818  20.207  4.372 0.0000000000
110406  31.209  19.356  4.171 0.0000000000
110407  31.560  19.041  3.709 0.0000000000
110408  31.895  18.798  3.224 0.0000000000
110409  32.273  18.544  2.767 0.0000000000
110410  32.216  17.859  2.997 0.0000000000
110411  32.515  16.896  2.737 0.0000000000
110412  32.759  16.020  2.474 0.0000000000
115887  27.160  20.739  -10.307 0.0000000000
117294  38.491  30.016  -5.378 0.0000000000
117296  37.629  30.192  -4.484 0.0000000000
117297  37.365  30.061  -4.691 0.0000000000
117298  36.239  30.085  -4.137 0.0000000000
117299  35.095  30.087  -3.612 0.0000000000
117300  33.963  30.069  -3.189 0.0000000000
117301  33.050  29.974  -2.895 0.0000000000
117302  33.404  30.105  -2.600 0.0000000000
117303  32.841  30.082  -2.001 0.0000000000
117304  32.255  29.964  -1.337 0.0000000000
117305  33.473  30.299  -1.368 0.0000000000
117306  32.544  30.101  -1.001 0.0000000000
117307  31.728  29.834  -0.703 0.0000000000
117308  31.258  29.660  -0.077 0.0000000000
117309  30.829  29.431  0.559 0.0000000000
117310  30.502  29.162  1.174 0.0000000000
122497  30.330  17.786  -5.256 0.0000000000
122498  30.587  17.267  -5.617 0.0000000000
124840  38.977  27.324  -8.967 0.0000000000
124842  38.632  27.051  -9.170 0.0000000000
124843  38.262  26.796  -9.414 0.0000000000
124844  37.835  26.595  -9.602 0.0000000000
124845  35.898  27.451  -8.429 0.0000000000
124846  36.647  26.941  -9.113 0.0000000000
124847  37.406  26.403  -9.794 0.0000000000
124848  36.939  26.247  -10.025 0.0000000000
124849  36.517  26.093  -10.217 0.0000000000
124850  36.070  25.991  -10.406 0.0000000000
124852  34.961  26.234  -9.912 0.0000000000
124853  33.765  26.349  -9.449 0.0000000000
124854  32.588  26.384  -8.918 0.0000000000
124855  32.191  26.784  -8.082 0.0000000000
124856  31.790  26.492  -8.255 0.0000000000
124857  31.470  26.236  -8.444 0.0000000000
124858  30.420  25.923  -7.922 0.0000000000
124859  29.562  25.501  -7.442 0.0000000000
124860  28.844  24.990  -6.973 0.0000000000
124861  28.424  24.345  -6.626 0.0000000000
124862  28.599  24.790  -6.455 0.0000000000
124863  28.436  24.583  -5.938 0.0000000000
124864  28.336  24.340  -5.420 0.0000000000
124865  28.840  25.541  -5.606 0.0000000000
124866  28.486  24.855  -5.262 0.0000000000
124867  28.296  24.014  -4.889 0.0000000000
124868  28.387  23.709  -4.414 0.0000000000
124869  28.510  23.304  -3.959 0.0000000000
124870  28.735  22.901  -3.491 0.0000000000
124871  29.229  25.247  -0.835 0.0000000000
124872  29.241  24.836  -1.146 0.0000000000
124873  29.407  24.271  -0.711 0.0000000000
124874  29.832  23.312  -0.662 0.0000000000
124875  30.450  22.351  -0.702 0.0000000000
124876  30.667  22.149  -0.048 0.0000000000
124877  30.979  21.747  -0.405 0.0000000000
124878  31.283  21.366  -0.767 0.0000000000
124879  32.259  20.492  -0.891 0.0000000000
124880  33.184  19.743  -1.048 0.0000000000
124881  34.004  19.044  -1.244 0.0000000000
124882  34.721  18.352  -1.480 0.0000000000
124883  34.342  18.713  -1.004 0.0000000000
124884  34.565  18.386  -0.749 0.0000000000
124885  34.752  18.006  -0.464 0.0000000000
124886  33.776  19.036  0.226 0.0000000000
124887  34.336  18.300  0.038 0.0000000000
124888  34.778  17.627  -0.201 0.0000000000
124912  31.603  16.306  4.749 0.0000000000
124913  31.834  16.020  4.221 0.0000000000
134322  40.419  27.391  -9.343 0.0000000000
134324  40.876  29.225  -8.161 0.0000000000
134325  40.566  28.926  -8.248 0.0000000000
134326  38.727  29.350  -6.675 0.0000000000
134327  39.475  29.024  -7.517 0.0000000000
134328  40.224  28.594  -8.347 0.0000000000
134329  39.883  28.254  -8.452 0.0000000000
134330  39.619  27.920  -8.555 0.0000000000
134331  39.330  27.593  -8.768 0.0000000000
134332  38.171  27.850  -8.223 0.0000000000
134333  37.023  28.106  -7.748 0.0000000000
134334  35.806  28.304  -7.239 0.0000000000
134335  35.304  28.883  -6.245 0.0000000000
134336  34.970  28.647  -6.511 0.0000000000
134337  34.601  28.411  -6.756 0.0000000000
134338  33.417  28.436  -6.327 0.0000000000
134339  32.242  28.346  -5.863 0.0000000000
134340  31.248  28.099  -5.456 0.0000000000
134341  30.462  27.735  -5.170 0.0000000000
134342  30.772  28.120  -4.898 0.0000000000
134343  30.376  28.085  -4.340 0.0000000000
134344  30.023  27.986  -3.805 0.0000000000
134345  30.960  28.820  -3.814 0.0000000000
134346  30.287  28.385  -3.538 0.0000000000
134347  29.736  27.802  -3.255 0.0000000000
134348  29.520  27.518  -2.703 0.0000000000
134349  29.373  27.136  -2.171 0.0000000000
134350  29.279  26.688  -1.580 0.0000000000
134351  32.169  29.786  -2.594 0.0000000000
134352  31.390  29.513  -2.321 0.0000000000
134353  30.674  29.122  -2.052 0.0000000000
134354  30.581  29.100  -1.131 0.0000000000
134355  30.311  28.827  -1.453 0.0000000000
134356  30.063  28.569  -1.793 0.0000000000
134357  29.668  27.862  -1.553 0.0000000000
134358  29.407  27.087  -1.298 0.0000000000
134359  29.247  26.188  -1.044 0.0000000000
134360  29.240  25.697  -0.568 0.0000000000
134361  29.250  25.172  -0.122 0.0000000000
134362  29.396  24.494  0.326 0.0000000000
134363  29.246  25.893  0.609 0.0000000000
134364  29.310  24.918  0.702 0.0000000000
134365  29.614  23.899  0.724 0.0000000000
134366  29.887  23.341  1.098 0.0000000000
134367  30.202  22.809  1.451 0.0000000000
134368  30.540  22.295  1.803 0.0000000000
148027  27.843  20.536  -8.071 0.0000000000
148028  27.862  19.982  -8.231 0.0000000000
148029  28.070  19.605  -7.803 0.0000000000
148030  28.459  18.730  -7.653 0.0000000000
148031  28.955  17.889  -7.583 0.0000000000
148032  29.100  17.996  -6.962 0.0000000000
148033  29.348  17.527  -7.274 0.0000000000
153874  27.721  22.335  -9.911 0.0000000000
153875  27.691  22.058  -9.387 0.0000000000
153876  27.696  21.754  -8.880 0.0000000000
154117  28.128  23.060  -9.186 0.0000000000
154118  27.823  22.273  -8.726 0.0000000000
154119  27.757  21.402  -8.314 0.0000000000
154120  27.835  21.031  -7.858 0.0000000000
154121  27.948  20.627  -7.404 0.0000000000
154122  28.123  20.242  -6.962 0.0000000000
154123  27.857  21.649  -6.978 0.0000000000
154124  28.054  20.754  -6.739 0.0000000000
154125  28.364  19.855  -6.549 0.0000000000
154126  28.644  19.471  -6.173 0.0000000000
154127  28.904  19.165  -5.835 0.0000000000
154128  29.304  18.833  -5.489 0.0000000000
154129  28.155  23.665  -6.290 0.0000000000
154130  28.031  22.934  -5.945 0.0000000000
154131  28.128  22.022  -5.625 0.0000000000
154132  28.286  22.118  -5.007 0.0000000000
154133  28.314  21.610  -5.202 0.0000000000
154134  28.355  21.075  -5.389 0.0000000000
154135  28.715  20.157  -5.236 0.0000000000
154136  29.206  19.322  -5.171 0.0000000000
154137  29.746  18.521  -5.185 0.0000000000
154138  30.243  18.200  -4.942 0.0000000000
154139  30.777  17.917  -4.734 0.0000000000
154140  31.363  17.681  -4.549 0.0000000000
154141  30.590  18.840  -4.062 0.0000000000
154142  31.326  18.111  -4.223 0.0000000000
154147  29.764  27.258  -4.798 0.0000000000
154148  29.249  26.690  -4.478 0.0000000000
154149  28.847  26.062  -4.159 0.0000000000
154150  28.911  26.278  -3.429 0.0000000000
154151  28.756  25.781  -3.646 0.0000000000
154152  28.640  25.270  -3.851 0.0000000000
154153  28.609  24.371  -3.560 0.0000000000
154154  28.696  23.420  -3.281 0.0000000000
154155  29.088  22.512  -3.043 0.0000000000
154156  29.252  24.394  -1.407 0.0000000000
154157  29.322  23.975  -1.670 0.0000000000
154158  29.365  23.601  -1.938 0.0000000000
154159  30.393  22.203  -1.546 0.0000000000
154160  29.898  22.700  -1.836 0.0000000000
154161  29.392  23.181  -2.192 0.0000000000
154162  29.481  22.644  -2.460 0.0000000000
154163  29.563  22.133  -2.690 0.0000000000
154164  29.654  21.641  -2.920 0.0000000000
154165  30.292  20.849  -2.897 0.0000000000
154166  31.084  20.086  -3.015 0.0000000000
154167  31.948  19.325  -3.236 0.0000000000
154168  32.651  19.413  -2.862 0.0000000000
154169  32.728  19.028  -3.196 0.0000000000
154170  32.763  18.636  -3.517 0.0000000000
154171  33.544  17.859  -3.837 0.0000000000
154172  34.305  17.121  -4.169 0.0000000000
154177  35.997  16.506  -3.490 0.0000000000
154183  35.279  17.735  -1.698 0.0000000000
154184  35.728  17.115  -1.899 0.0000000000
154185  36.074  16.504  -2.104 0.0000000000
154201  34.549  30.767  -0.274 0.0000000000
154202  33.733  30.665  0.174 0.0000000000
154203  32.904  30.445  0.561 0.0000000000
154205  32.408  30.321  1.300 0.0000000000
154206  32.128  30.163  0.939 0.0000000000
154207  31.391  29.814  1.237 0.0000000000
154208  30.775  29.352  1.534 0.0000000000
154209  30.187  28.792  1.762 0.0000000000
154216  30.176  28.580  2.704 0.0000000000
154217  29.935  28.368  2.313 0.0000000000
154218  29.709  28.170  1.909 0.0000000000
154219  29.426  27.331  2.046 0.0000000000
154220  29.263  26.418  2.179 0.0000000000
154221  29.256  25.516  2.215 0.0000000000
154222  29.326  25.282  3.124 0.0000000000
154223  29.331  24.940  2.669 0.0000000000
154224  29.432  24.545  2.246 0.0000000000
154225  29.749  23.575  2.248 0.0000000000
154226  30.230  22.679  2.234 0.0000000000
154227  30.780  21.884  2.186 0.0000000000
154248  30.100  22.311  3.936 0.0000000000
154249  30.723  20.802  4.070 0.0000000000
154250  30.573  21.430  3.793 0.0000000000
154251  30.409  21.990  3.449 0.0000000000
154252  30.733  21.692  2.986 0.0000000000
154253  31.041  21.383  2.528 0.0000000000
154254  31.393  21.125  2.069 0.0000000000
154255  32.047  20.223  1.969 0.0000000000
154256  32.623  19.392  1.849 0.0000000000
154257  33.066  18.643  1.702 0.0000000000
154258  32.641  18.252  2.370 0.0000000000
154259  33.063  18.056  1.954 0.0000000000
154264  32.359  15.553  3.192 0.0000000000
154265  32.640  15.334  2.686 0.0000000000
160440  27.923  19.492  -8.504 0.0000000000
160441  27.992  18.990  -8.770 0.0000000000
