#!ascii label  , from subject fsaverage vox2ras=TkReg
1157
41  61.501  -34.900  -14.218 0.0000000000
451  64.428  -36.168  -7.635 0.0000000000
626  62.084  -47.011  -4.808 0.0000000000
627  57.029  -43.798  -9.912 0.0000000000
630  57.821  -47.732  -18.108 0.0000000000
1402  59.408  -45.274  -6.905 0.0000000000
1410  56.627  -52.955  -14.843 0.0000000000
1411  54.336  -52.591  -17.983 0.0000000000
1412  55.072  -47.277  -20.373 0.0000000000
2011  64.834  -35.647  -11.914 0.0000000000
2514  63.915  -43.490  -3.124 0.0000000000
2515  64.599  -41.824  -6.318 0.0000000000
2516  62.190  -40.277  -9.513 0.0000000000
2517  60.726  -40.821  -12.898 0.0000000000
2524  54.185  -50.914  -10.795 0.0000000000
2525  57.132  -46.462  -13.638 0.0000000000
2526  56.472  -41.188  -14.465 0.0000000000
2527  54.805  -42.042  -17.100 0.0000000000
2761  59.608  -34.661  -14.852 0.0000000000
3332  52.456  -51.342  -16.893 0.0000000000
4411  64.770  -35.643  -9.580 0.0000000000
5639  62.589  -48.063  -3.018 0.0000000000
5640  63.667  -46.169  -1.860 0.0000000000
5641  64.031  -45.221  -3.776 0.0000000000
5642  64.731  -42.583  -4.677 0.0000000000
5643  63.672  -44.419  -5.456 0.0000000000
5644  58.040  -44.371  -8.325 0.0000000000
5645  61.111  -42.769  -8.149 0.0000000000
5646  59.877  -41.916  -9.861 0.0000000000
5647  61.229  -40.129  -11.262 0.0000000000
5648  59.192  -42.360  -11.776 0.0000000000
5667  57.222  -50.269  -16.884 0.0000000000
5668  56.587  -49.415  -14.413 0.0000000000
5669  57.967  -47.214  -15.761 0.0000000000
5670  57.660  -43.793  -14.606 0.0000000000
5671  56.847  -44.540  -16.188 0.0000000000
5672  55.194  -41.817  -15.541 0.0000000000
5673  56.596  -44.883  -17.903 0.0000000000
5674  53.248  -46.043  -20.252 0.0000000000
5675  55.144  -44.313  -21.000 0.0000000000
6391  63.182  -37.123  -6.274 0.0000000000
7130  60.889  -46.241  -5.827 0.0000000000
7131  57.623  -47.427  -5.914 0.0000000000
7132  56.279  -46.740  -7.074 0.0000000000
7133  55.094  -46.376  -8.474 0.0000000000
7146  56.134  -53.307  -17.254 0.0000000000
7147  56.880  -50.782  -19.073 0.0000000000
7148  56.803  -47.779  -19.688 0.0000000000
7149  54.974  -50.016  -19.330 0.0000000000
7150  53.086  -48.731  -18.350 0.0000000000
7151  51.318  -47.115  -17.272 0.0000000000
8611  63.481  -35.401  -13.597 0.0000000000
10097  62.113  -44.545  -1.846 0.0000000000
10099  63.181  -41.202  -4.650 0.0000000000
10100  64.394  -39.652  -5.295 0.0000000000
10101  64.695  -38.735  -6.743 0.0000000000
10102  62.564  -43.899  -6.653 0.0000000000
10103  63.644  -41.084  -8.089 0.0000000000
10104  64.038  -38.188  -8.767 0.0000000000
10105  63.409  -37.843  -10.544 0.0000000000
10106  62.917  -38.285  -12.607 0.0000000000
10107  61.474  -38.279  -13.988 0.0000000000
10128  54.504  -47.108  -10.234 0.0000000000
10129  55.680  -52.198  -12.600 0.0000000000
10130  55.186  -48.226  -12.294 0.0000000000
10131  56.624  -44.807  -11.842 0.0000000000
10132  58.836  -43.364  -13.336 0.0000000000
10133  58.973  -41.048  -13.926 0.0000000000
10134  58.842  -37.676  -14.000 0.0000000000
10135  56.667  -37.630  -14.290 0.0000000000
10136  54.892  -38.144  -14.959 0.0000000000
10137  53.861  -38.260  -16.274 0.0000000000
10138  55.998  -44.827  -19.424 0.0000000000
10139  54.463  -41.921  -18.632 0.0000000000
10437  62.709  -33.517  -14.114 0.0000000000
10439  61.702  -33.431  -14.617 0.0000000000
10441  60.600  -34.796  -14.541 0.0000000000
12087  63.572  -35.472  -7.437 0.0000000000
12090  64.823  -34.498  -8.922 0.0000000000
12091  64.738  -35.814  -8.575 0.0000000000
13319  62.375  -47.533  -3.993 0.0000000000
13320  63.479  -46.707  -3.468 0.0000000000
13321  63.297  -46.251  -4.354 0.0000000000
13322  63.999  -44.804  -4.653 0.0000000000
13323  62.988  -45.815  -5.041 0.0000000000
13324  57.513  -43.924  -9.066 0.0000000000
13325  59.032  -43.050  -9.068 0.0000000000
13326  58.527  -42.764  -9.933 0.0000000000
13327  59.452  -41.917  -10.866 0.0000000000
13328  58.150  -42.962  -10.853 0.0000000000
13347  57.646  -49.205  -17.474 0.0000000000
13348  57.728  -48.736  -16.310 0.0000000000
13349  57.953  -47.469  -16.974 0.0000000000
13350  57.536  -45.827  -16.162 0.0000000000
13351  57.483  -46.048  -17.221 0.0000000000
13352  56.745  -44.761  -17.042 0.0000000000
13353  57.414  -46.189  -18.192 0.0000000000
13354  52.400  -45.247  -19.888 0.0000000000
13355  53.367  -44.750  -21.290 0.0000000000
14491  62.349  -37.786  -6.009 0.0000000000
15727  55.635  -46.476  -7.763 0.0000000000
15728  54.364  -47.646  -7.902 0.0000000000
15749  55.309  -53.087  -18.037 0.0000000000
15750  56.568  -51.984  -18.192 0.0000000000
15751  55.677  -51.800  -18.831 0.0000000000
15752  56.037  -50.517  -19.438 0.0000000000
15753  54.727  -51.339  -18.723 0.0000000000
15755  52.862  -49.984  -17.616 0.0000000000
15756  51.823  -49.232  -17.051 0.0000000000
15757  52.163  -47.914  -17.803 0.0000000000
18987  65.549  -34.277  -10.978 0.0000000000
18989  65.307  -34.200  -12.099 0.0000000000
18990  64.634  -33.949  -12.908 0.0000000000
18991  64.399  -35.664  -12.899 0.0000000000
22677  63.855  -44.719  -2.433 0.0000000000
22678  63.170  -45.219  -1.629 0.0000000000
22684  64.738  -42.163  -5.511 0.0000000000
22685  64.686  -41.160  -5.044 0.0000000000
22686  64.849  -40.688  -5.797 0.0000000000
22687  64.654  -39.139  -5.928 0.0000000000
22688  64.805  -40.293  -6.573 0.0000000000
22689  60.118  -45.831  -6.321 0.0000000000
22690  61.771  -45.056  -6.195 0.0000000000
22691  61.052  -44.629  -6.767 0.0000000000
22692  61.790  -41.444  -8.894 0.0000000000
22693  62.529  -41.992  -8.117 0.0000000000
22694  62.907  -40.587  -8.789 0.0000000000
22695  63.881  -39.659  -8.427 0.0000000000
22696  63.288  -39.362  -9.248 0.0000000000
22697  63.704  -37.972  -9.653 0.0000000000
22698  62.754  -39.064  -10.066 0.0000000000
22699  60.966  -40.486  -12.152 0.0000000000
22700  62.031  -39.194  -11.836 0.0000000000
22701  61.729  -39.521  -12.742 0.0000000000
22702  62.353  -38.470  -13.514 0.0000000000
22703  61.257  -39.805  -13.428 0.0000000000
22755  53.824  -48.354  -9.651 0.0000000000
22756  54.034  -48.975  -10.564 0.0000000000
22759  56.314  -52.625  -13.647 0.0000000000
22760  56.801  -47.952  -13.963 0.0000000000
22761  55.902  -48.893  -13.327 0.0000000000
22762  56.123  -47.359  -12.958 0.0000000000
22763  55.659  -46.561  -11.909 0.0000000000
22764  56.805  -45.729  -12.707 0.0000000000
22765  57.898  -44.179  -12.585 0.0000000000
22766  57.856  -44.761  -13.347 0.0000000000
22767  57.026  -42.693  -14.684 0.0000000000
22768  57.988  -42.402  -14.145 0.0000000000
22769  57.649  -40.936  -14.142 0.0000000000
22770  58.871  -39.381  -13.994 0.0000000000
22771  57.468  -39.229  -14.046 0.0000000000
22772  57.709  -37.544  -14.098 0.0000000000
22773  56.426  -39.382  -14.256 0.0000000000
22774  54.947  -41.986  -16.278 0.0000000000
22775  54.808  -40.083  -15.143 0.0000000000
22776  54.396  -40.269  -15.882 0.0000000000
22777  54.294  -38.270  -15.603 0.0000000000
22778  54.187  -40.232  -16.560 0.0000000000
22779  55.929  -47.536  -20.088 0.0000000000
22780  56.513  -46.251  -19.619 0.0000000000
22781  55.891  -46.015  -20.231 0.0000000000
22783  55.110  -43.138  -20.026 0.0000000000
22784  54.343  -41.528  -19.510 0.0000000000
22785  53.661  -40.077  -18.027 0.0000000000
23401  58.696  -34.655  -15.114 0.0000000000
24428  53.467  -52.060  -17.549 0.0000000000
24429  51.877  -52.711  -16.422 0.0000000000
24430  51.011  -51.956  -15.868 0.0000000000
26370  65.411  -34.306  -9.935 0.0000000000
26371  64.849  -35.555  -10.750 0.0000000000
28582  63.284  -47.627  -1.409 0.0000000000
28583  63.488  -47.151  -2.384 0.0000000000
28584  63.920  -45.647  -2.778 0.0000000000
28585  64.316  -44.257  -3.311 0.0000000000
28586  64.459  -43.020  -3.848 0.0000000000
28587  64.536  -43.903  -4.203 0.0000000000
28588  64.498  -43.616  -5.038 0.0000000000
28589  64.240  -43.231  -5.841 0.0000000000
28590  58.676  -44.870  -7.566 0.0000000000
28591  60.301  -44.205  -7.524 0.0000000000
28592  59.648  -43.592  -8.271 0.0000000000
28593  60.446  -42.311  -8.902 0.0000000000
28594  61.113  -41.110  -9.666 0.0000000000
28595  61.683  -40.121  -10.308 0.0000000000
28596  60.611  -41.017  -10.601 0.0000000000
28597  60.268  -41.297  -11.595 0.0000000000
28598  59.988  -41.670  -12.470 0.0000000000
28631  56.849  -51.499  -15.912 0.0000000000
28632  56.587  -51.133  -14.641 0.0000000000
28633  57.050  -49.794  -15.625 0.0000000000
28634  57.469  -48.418  -15.060 0.0000000000
28635  57.619  -46.918  -14.621 0.0000000000
28636  57.892  -45.152  -14.220 0.0000000000
28637  57.688  -45.482  -15.163 0.0000000000
28638  57.168  -44.192  -15.350 0.0000000000
28639  56.322  -43.114  -15.260 0.0000000000
28640  55.736  -41.519  -14.913 0.0000000000
28641  55.947  -43.410  -15.883 0.0000000000
28642  55.833  -43.457  -16.704 0.0000000000
28643  55.655  -43.587  -17.560 0.0000000000
28644  54.136  -46.769  -20.478 0.0000000000
28645  55.151  -45.866  -20.820 0.0000000000
28646  54.254  -45.439  -21.138 0.0000000000
28647  54.536  -43.841  -21.642 0.0000000000
30270  62.637  -36.111  -6.957 0.0000000000
30271  63.864  -36.572  -6.866 0.0000000000
31993  60.439  -47.508  -4.861 0.0000000000
31994  61.573  -46.607  -5.413 0.0000000000
31995  59.875  -47.170  -5.400 0.0000000000
31996  59.133  -46.859  -5.842 0.0000000000
31997  58.428  -46.418  -6.346 0.0000000000
31999  56.965  -47.074  -6.421 0.0000000000
32000  57.790  -45.890  -6.977 0.0000000000
32001  57.100  -45.534  -7.668 0.0000000000
32002  56.446  -45.267  -8.356 0.0000000000
32003  55.942  -45.043  -9.080 0.0000000000
32032  56.574  -53.208  -16.115 0.0000000000
32033  56.857  -51.853  -17.040 0.0000000000
32034  57.258  -50.588  -18.127 0.0000000000
32035  57.617  -49.426  -18.800 0.0000000000
32036  57.395  -47.930  -18.990 0.0000000000
32037  57.051  -49.417  -19.550 0.0000000000
32038  56.148  -49.049  -19.813 0.0000000000
32039  55.007  -48.604  -19.908 0.0000000000
32040  53.876  -50.754  -18.285 0.0000000000
32041  54.048  -49.344  -18.952 0.0000000000
32042  54.065  -48.065  -19.669 0.0000000000
32043  53.232  -47.402  -19.248 0.0000000000
32044  52.374  -46.580  -18.752 0.0000000000
36090  63.708  -33.716  -13.560 0.0000000000
36091  62.477  -35.136  -13.999 0.0000000000
40524  61.387  -46.159  -0.159 0.0000000000
40525  63.139  -46.641  -0.971 0.0000000000
40526  62.247  -45.719  -0.888 0.0000000000
40527  61.098  -45.000  -1.234 0.0000000000
40533  62.407  -39.892  -5.278 0.0000000000
40534  64.239  -41.835  -4.452 0.0000000000
40535  63.856  -40.494  -4.930 0.0000000000
40536  63.068  -39.093  -5.458 0.0000000000
40537  63.708  -38.333  -5.711 0.0000000000
40538  64.174  -37.833  -6.295 0.0000000000
40539  64.474  -37.461  -7.141 0.0000000000
40540  62.419  -45.442  -5.664 0.0000000000
40541  63.200  -44.126  -6.117 0.0000000000
40542  63.757  -42.951  -6.613 0.0000000000
40543  61.871  -43.446  -7.333 0.0000000000
40544  63.207  -42.560  -7.355 0.0000000000
40545  64.235  -41.498  -7.229 0.0000000000
40546  64.430  -39.942  -7.540 0.0000000000
40547  64.410  -38.504  -7.728 0.0000000000
40548  64.500  -37.107  -8.146 0.0000000000
40549  64.381  -36.859  -9.143 0.0000000000
40550  64.204  -36.770  -10.103 0.0000000000
40551  64.084  -36.747  -11.234 0.0000000000
40552  62.311  -38.931  -10.923 0.0000000000
40553  63.163  -37.884  -11.545 0.0000000000
40554  63.993  -36.990  -12.412 0.0000000000
40555  63.557  -37.220  -13.415 0.0000000000
40556  62.540  -36.893  -13.987 0.0000000000
40557  61.438  -36.573  -14.200 0.0000000000
40618  53.959  -47.898  -8.780 0.0000000000
40619  54.646  -46.624  -9.335 0.0000000000
40620  55.502  -45.244  -10.025 0.0000000000
40622  55.554  -53.493  -11.642 0.0000000000
40623  54.852  -51.572  -11.659 0.0000000000
40624  56.003  -50.679  -13.551 0.0000000000
40625  55.195  -50.121  -12.522 0.0000000000
40626  54.472  -49.539  -11.588 0.0000000000
40627  54.690  -47.617  -11.272 0.0000000000
40628  55.471  -45.804  -11.031 0.0000000000
40629  56.665  -44.101  -10.931 0.0000000000
40630  57.894  -43.490  -11.793 0.0000000000
40631  59.092  -42.980  -12.719 0.0000000000
40632  59.830  -42.124  -13.169 0.0000000000
40633  58.305  -43.608  -13.988 0.0000000000
40634  59.106  -42.355  -13.739 0.0000000000
40635  60.116  -41.169  -13.524 0.0000000000
40636  60.147  -39.605  -13.945 0.0000000000
40637  60.238  -37.949  -14.066 0.0000000000
40638  60.265  -36.307  -14.216 0.0000000000
40639  59.117  -36.022  -14.330 0.0000000000
40640  58.164  -36.055  -14.497 0.0000000000
40642  55.463  -39.802  -14.604 0.0000000000
40643  55.717  -37.910  -14.534 0.0000000000
40648  57.028  -46.359  -18.911 0.0000000000
40649  56.307  -44.951  -18.667 0.0000000000
40650  55.420  -43.644  -18.288 0.0000000000
40651  55.644  -44.600  -20.231 0.0000000000
40652  55.308  -43.444  -19.170 0.0000000000
40653  54.646  -42.132  -17.816 0.0000000000
40654  53.982  -40.185  -17.298 0.0000000000
40655  53.387  -38.130  -16.951 0.0000000000
41157  62.152  -34.200  -14.127 0.0000000000
41158  62.201  -33.503  -14.362 0.0000000000
41159  61.606  -34.129  -14.360 0.0000000000
41160  61.174  -34.111  -14.575 0.0000000000
41161  61.058  -34.863  -14.385 0.0000000000
42807  64.094  -35.792  -7.455 0.0000000000
42809  64.398  -35.526  -7.875 0.0000000000
42810  64.598  -35.359  -8.284 0.0000000000
42811  64.621  -35.971  -8.094 0.0000000000
44037  61.436  -47.568  -4.496 0.0000000000
44038  61.613  -47.864  -4.079 0.0000000000
44039  62.221  -47.270  -4.422 0.0000000000
44040  62.896  -46.931  -4.231 0.0000000000
44041  62.757  -46.653  -4.608 0.0000000000
44042  63.160  -46.003  -4.709 0.0000000000
44043  62.582  -46.431  -4.945 0.0000000000
44044  57.260  -43.824  -9.473 0.0000000000
44045  58.039  -43.383  -9.510 0.0000000000
44046  57.791  -43.322  -9.915 0.0000000000
44047  58.335  -42.826  -10.381 0.0000000000
44048  57.605  -43.342  -10.390 0.0000000000
44067  57.825  -48.579  -17.897 0.0000000000
44068  57.910  -48.400  -17.265 0.0000000000
44069  57.953  -47.614  -17.544 0.0000000000
44070  57.722  -46.791  -17.130 0.0000000000
44071  57.735  -46.883  -17.750 0.0000000000
44072  57.476  -46.102  -17.722 0.0000000000
44073  57.647  -46.952  -18.190 0.0000000000
44075  52.454  -44.640  -20.506 0.0000000000
46468  54.617  -53.482  -17.643 0.0000000000
46469  54.860  -52.859  -18.134 0.0000000000
46470  55.508  -52.458  -18.469 0.0000000000
46471  55.001  -52.202  -18.500 0.0000000000
46472  55.210  -51.619  -18.852 0.0000000000
46473  54.596  -51.965  -18.392 0.0000000000
49707  65.216  -34.904  -11.428 0.0000000000
49708  65.502  -34.272  -11.541 0.0000000000
49709  65.083  -34.889  -11.968 0.0000000000
49710  64.866  -34.861  -12.452 0.0000000000
49711  64.726  -35.650  -12.453 0.0000000000
53397  63.921  -44.090  -2.757 0.0000000000
53401  63.464  -43.199  -3.202 0.0000000000
53403  63.844  -42.920  -3.514 0.0000000000
53404  64.705  -41.990  -5.925 0.0000000000
53405  64.790  -41.474  -5.676 0.0000000000
53406  64.778  -41.272  -6.083 0.0000000000
53407  64.868  -40.470  -6.165 0.0000000000
53408  64.706  -41.084  -6.509 0.0000000000
53409  59.778  -45.545  -6.606 0.0000000000
53410  60.622  -45.262  -6.530 0.0000000000
53411  60.252  -45.017  -6.843 0.0000000000
53412  61.983  -40.767  -9.263 0.0000000000
53413  62.335  -41.010  -8.845 0.0000000000
53414  62.567  -40.412  -9.131 0.0000000000
53415  63.078  -40.008  -9.047 0.0000000000
53416  62.754  -39.843  -9.415 0.0000000000
53417  62.997  -39.177  -9.677 0.0000000000
53418  62.455  -39.708  -9.768 0.0000000000
53419  60.866  -40.643  -12.557 0.0000000000
53420  61.354  -39.972  -12.430 0.0000000000
53421  61.207  -40.164  -12.805 0.0000000000
53422  61.533  -39.706  -13.100 0.0000000000
53423  61.022  -40.338  -13.120 0.0000000000
53474  53.922  -50.628  -10.440 0.0000000000
53475  53.813  -49.637  -10.327 0.0000000000
53476  54.025  -49.964  -10.750 0.0000000000
53477  56.579  -53.697  -14.339 0.0000000000
53478  56.449  -53.517  -13.736 0.0000000000
53479  56.526  -52.782  -14.199 0.0000000000
53480  56.866  -47.238  -13.760 0.0000000000
53481  56.453  -47.673  -13.487 0.0000000000
53482  56.620  -46.881  -13.259 0.0000000000
53483  56.407  -46.526  -12.809 0.0000000000
53484  56.946  -46.116  -13.208 0.0000000000
53485  57.321  -45.270  -13.084 0.0000000000
53486  57.432  -45.626  -13.526 0.0000000000
53487  56.726  -42.017  -14.578 0.0000000000
53488  57.264  -41.810  -14.361 0.0000000000
53489  57.048  -40.989  -14.304 0.0000000000
53490  57.560  -40.100  -14.104 0.0000000000
53491  56.905  -40.144  -14.217 0.0000000000
53492  56.959  -39.246  -14.139 0.0000000000
53493  56.354  -40.262  -14.344 0.0000000000
53494  54.880  -41.989  -16.702 0.0000000000
53495  54.639  -41.145  -16.058 0.0000000000
53496  54.525  -41.158  -16.423 0.0000000000
53497  54.278  -40.267  -16.226 0.0000000000
53498  54.477  -41.152  -16.802 0.0000000000
53499  55.489  -47.391  -20.245 0.0000000000
53500  55.880  -46.690  -20.192 0.0000000000
53501  55.498  -46.678  -20.446 0.0000000000
53503  54.622  -42.026  -20.170 0.0000000000
54357  60.177  -34.068  -14.941 0.0000000000
54361  59.139  -34.649  -14.997 0.0000000000
56071  51.991  -53.660  -16.394 0.0000000000
56072  52.342  -53.020  -16.652 0.0000000000
56073  51.556  -53.328  -16.158 0.0000000000
59307  64.872  -35.137  -9.312 0.0000000000
59308  65.089  -34.367  -9.384 0.0000000000
59309  65.041  -34.920  -9.755 0.0000000000
59310  65.187  -34.842  -10.262 0.0000000000
59311  64.820  -35.524  -10.129 0.0000000000
62994  62.606  -48.316  -2.493 0.0000000000
62995  63.065  -47.862  -2.243 0.0000000000
62996  63.127  -47.607  -2.766 0.0000000000
62997  63.763  -45.985  -3.619 0.0000000000
62998  63.784  -46.161  -3.118 0.0000000000
62999  63.991  -45.429  -3.273 0.0000000000
63000  64.104  -44.923  -3.028 0.0000000000
63001  64.234  -44.708  -3.529 0.0000000000
63002  64.449  -44.076  -3.761 0.0000000000
63003  64.339  -44.495  -3.987 0.0000000000
63004  63.878  -44.635  -5.074 0.0000000000
63005  64.320  -44.162  -4.892 0.0000000000
63006  64.218  -43.988  -5.278 0.0000000000
63007  64.390  -43.449  -5.463 0.0000000000
63008  64.035  -43.822  -5.662 0.0000000000
63009  58.350  -44.618  -7.943 0.0000000000
63010  59.165  -44.278  -7.942 0.0000000000
63011  58.851  -44.000  -8.314 0.0000000000
63012  59.462  -42.454  -9.456 0.0000000000
63013  59.742  -42.637  -9.014 0.0000000000
63014  60.129  -42.085  -9.379 0.0000000000
63015  60.780  -41.692  -9.319 0.0000000000
63016  60.486  -41.524  -9.790 0.0000000000
63017  60.838  -41.001  -10.138 0.0000000000
63018  60.250  -41.389  -10.245 0.0000000000
63019  59.301  -42.111  -11.324 0.0000000000
63020  59.862  -41.597  -11.236 0.0000000000
63021  59.712  -41.802  -11.705 0.0000000000
63022  60.111  -41.477  -12.057 0.0000000000
63023  59.645  -42.013  -12.124 0.0000000000
63077  57.026  -50.857  -16.399 0.0000000000
63078  56.915  -50.656  -15.737 0.0000000000
63079  57.163  -50.024  -16.308 0.0000000000
63080  57.887  -48.029  -16.028 0.0000000000
63081  57.636  -48.543  -15.677 0.0000000000
63082  57.749  -47.866  -15.412 0.0000000000
63083  57.498  -47.688  -14.830 0.0000000000
63084  57.810  -47.110  -15.170 0.0000000000
63085  57.784  -46.258  -14.940 0.0000000000
63086  57.815  -46.390  -15.477 0.0000000000
63087  57.207  -45.151  -16.205 0.0000000000
63088  57.371  -44.928  -15.750 0.0000000000
63089  56.989  -44.381  -15.758 0.0000000000
63090  56.738  -43.721  -15.360 0.0000000000
63091  56.463  -43.890  -15.760 0.0000000000
63092  56.091  -43.261  -15.564 0.0000000000
63093  56.370  -44.000  -16.153 0.0000000000
63094  56.706  -44.832  -17.489 0.0000000000
63095  56.287  -44.109  -16.869 0.0000000000
63096  56.225  -44.197  -17.310 0.0000000000
63097  55.764  -43.485  -17.135 0.0000000000
63098  56.141  -44.264  -17.718 0.0000000000
63099  53.686  -46.405  -20.441 0.0000000000
63100  54.169  -46.134  -20.809 0.0000000000
63101  53.709  -45.800  -20.813 0.0000000000
63102  53.598  -43.970  -21.753 0.0000000000
63103  53.982  -44.321  -21.608 0.0000000000
63104  54.165  -43.542  -21.884 0.0000000000
66509  62.881  -36.617  -6.597 0.0000000000
66510  63.309  -36.319  -6.861 0.0000000000
66511  63.542  -36.828  -6.549 0.0000000000
70202  60.215  -47.317  -5.160 0.0000000000
70204  57.989  -47.614  -5.668 0.0000000000
70205  58.716  -47.312  -5.652 0.0000000000
70206  58.341  -47.132  -5.882 0.0000000000
70207  58.779  -46.645  -6.066 0.0000000000
70208  57.951  -46.956  -6.095 0.0000000000
70212  55.896  -47.270  -6.762 0.0000000000
70213  56.250  -47.431  -6.409 0.0000000000
70214  56.633  -46.902  -6.732 0.0000000000
70215  57.336  -46.506  -6.718 0.0000000000
70216  57.032  -46.290  -7.000 0.0000000000
70217  57.448  -45.697  -7.314 0.0000000000
70218  56.673  -46.114  -7.355 0.0000000000
70219  55.352  -46.418  -8.112 0.0000000000
70220  56.001  -45.882  -8.072 0.0000000000
70221  55.715  -45.792  -8.375 0.0000000000
70222  56.171  -45.130  -8.710 0.0000000000
70223  55.487  -45.726  -8.731 0.0000000000
70282  55.961  -53.972  -16.792 0.0000000000
70283  56.319  -54.004  -16.201 0.0000000000
70284  56.462  -53.264  -16.740 0.0000000000
70285  56.727  -52.523  -16.596 0.0000000000
70286  56.656  -52.627  -17.185 0.0000000000
70287  56.720  -51.390  -18.606 0.0000000000
70288  56.994  -51.317  -18.153 0.0000000000
70289  57.162  -50.704  -18.642 0.0000000000
70290  57.459  -50.057  -18.509 0.0000000000
70291  57.338  -50.114  -19.047 0.0000000000
70292  57.382  -49.458  -19.200 0.0000000000
70293  57.054  -50.061  -19.325 0.0000000000
70294  55.524  -50.343  -19.418 0.0000000000
70295  56.111  -49.822  -19.710 0.0000000000
70296  55.641  -49.568  -19.665 0.0000000000
70297  55.665  -48.847  -19.894 0.0000000000
70298  55.060  -49.292  -19.555 0.0000000000
70299  52.976  -51.684  -17.230 0.0000000000
70300  53.704  -51.337  -17.862 0.0000000000
70301  53.253  -51.003  -17.587 0.0000000000
70302  52.925  -49.402  -17.998 0.0000000000
70303  53.447  -49.737  -18.307 0.0000000000
70304  53.579  -49.009  -18.668 0.0000000000
70305  54.074  -48.676  -19.306 0.0000000000
70306  53.599  -48.376  -19.105 0.0000000000
70307  53.666  -47.726  -19.472 0.0000000000
70308  53.175  -48.106  -18.801 0.0000000000
70309  51.741  -47.493  -17.543 0.0000000000
70310  52.271  -47.295  -18.261 0.0000000000
70311  51.805  -46.857  -18.007 0.0000000000
70312  51.935  -46.158  -18.535 0.0000000000
80007  64.064  -34.690  -13.278 0.0000000000
80008  64.206  -33.853  -13.252 0.0000000000
80009  63.572  -34.551  -13.584 0.0000000000
80010  63.082  -34.405  -13.809 0.0000000000
80011  62.988  -35.273  -13.831 0.0000000000
91064  62.159  -47.149  0.280 0.0000000000
91065  61.568  -46.743  0.222 0.0000000000
91066  62.027  -46.591  -0.100 0.0000000000
91067  63.538  -46.912  -1.603 0.0000000000
91068  63.401  -47.116  -1.101 0.0000000000
91069  63.429  -46.421  -1.408 0.0000000000
91070  62.700  -44.838  -1.708 0.0000000000
91071  62.737  -45.492  -1.240 0.0000000000
91072  62.208  -45.084  -1.339 0.0000000000
91073  61.694  -45.299  -1.008 0.0000000000
91074  61.610  -44.771  -1.537 0.0000000000
91076  61.437  -44.305  -2.082 0.0000000000
91086  62.374  -41.058  -4.822 0.0000000000
91087  62.025  -40.339  -5.158 0.0000000000
91088  62.795  -40.628  -4.934 0.0000000000
91089  64.634  -42.809  -4.249 0.0000000000
91090  64.385  -42.432  -4.174 0.0000000000
91091  64.599  -42.149  -4.529 0.0000000000
91092  64.579  -40.415  -5.189 0.0000000000
91093  64.361  -40.773  -4.945 0.0000000000
91094  64.127  -40.084  -5.110 0.0000000000
91095  63.533  -39.755  -5.195 0.0000000000
91096  63.810  -39.386  -5.307 0.0000000000
91097  63.397  -38.731  -5.571 0.0000000000
91098  64.042  -39.018  -5.498 0.0000000000
91099  64.689  -38.930  -6.319 0.0000000000
91100  64.419  -38.467  -6.105 0.0000000000
91101  64.506  -38.243  -6.454 0.0000000000
91102  64.358  -37.627  -6.656 0.0000000000
91103  64.542  -38.072  -6.885 0.0000000000
91104  61.260  -46.432  -5.694 0.0000000000
91105  61.986  -46.104  -5.494 0.0000000000
91106  61.656  -45.928  -5.743 0.0000000000
91107  62.197  -44.451  -6.393 0.0000000000
91108  62.514  -44.623  -6.137 0.0000000000
91109  62.895  -44.012  -6.391 0.0000000000
91110  63.508  -43.563  -6.337 0.0000000000
91111  63.210  -43.426  -6.657 0.0000000000
91112  60.684  -43.491  -7.778 0.0000000000
91113  61.088  -43.804  -7.371 0.0000000000
91114  61.495  -43.064  -7.763 0.0000000000
91115  63.110  -41.561  -8.120 0.0000000000
91116  62.879  -42.292  -7.739 0.0000000000
91117  63.457  -41.781  -7.729 0.0000000000
91118  63.760  -42.028  -7.312 0.0000000000
91119  64.002  -41.270  -7.651 0.0000000000
91120  64.387  -40.701  -7.438 0.0000000000
91121  64.132  -40.556  -7.877 0.0000000000
91122  63.933  -38.875  -8.568 0.0000000000
91123  64.210  -39.040  -8.074 0.0000000000
91124  64.207  -38.311  -8.248 0.0000000000
91125  64.399  -37.798  -7.963 0.0000000000
91126  64.297  -37.634  -8.478 0.0000000000
91127  64.452  -36.950  -8.679 0.0000000000
91128  64.212  -37.503  -8.952 0.0000000000
91129  63.558  -37.857  -10.084 0.0000000000
91130  63.980  -37.337  -9.860 0.0000000000
91131  63.860  -37.306  -10.338 0.0000000000
91132  64.144  -36.717  -10.654 0.0000000000
91133  63.728  -37.310  -10.869 0.0000000000
91134  61.437  -40.057  -10.793 0.0000000000
91135  61.940  -39.571  -10.656 0.0000000000
91136  61.763  -39.600  -11.132 0.0000000000
91137  62.498  -38.718  -12.199 0.0000000000
91138  62.575  -38.541  -11.741 0.0000000000
91139  63.058  -38.080  -12.078 0.0000000000
91140  63.583  -37.446  -12.025 0.0000000000
91141  63.495  -37.645  -12.553 0.0000000000
91142  63.836  -37.148  -12.941 0.0000000000
91143  63.352  -37.834  -13.062 0.0000000000
91144  61.927  -38.407  -13.800 0.0000000000
91145  62.517  -37.769  -13.858 0.0000000000
91146  61.989  -37.619  -14.017 0.0000000000
91147  61.979  -36.724  -14.110 0.0000000000
91148  61.484  -37.469  -14.093 0.0000000000
91300  53.699  -48.538  -8.575 0.0000000000
91302  54.152  -47.753  -9.924 0.0000000000
91303  54.158  -47.502  -9.450 0.0000000000
91304  54.543  -46.850  -9.765 0.0000000000
91305  55.033  -45.882  -9.671 0.0000000000
91306  54.942  -46.133  -10.109 0.0000000000
91310  55.911  -53.146  -12.627 0.0000000000
91311  55.855  -53.784  -12.110 0.0000000000
91312  55.590  -52.880  -12.128 0.0000000000
91313  55.210  -52.584  -11.619 0.0000000000
91314  55.262  -51.920  -12.084 0.0000000000
91315  56.611  -50.187  -14.522 0.0000000000
91316  56.349  -50.919  -14.071 0.0000000000
91317  56.276  -49.996  -13.993 0.0000000000
91318  55.519  -48.573  -12.797 0.0000000000
91319  55.524  -49.451  -12.963 0.0000000000
91320  55.154  -49.130  -12.448 0.0000000000
91321  54.831  -49.826  -12.060 0.0000000000
91322  54.803  -48.828  -11.956 0.0000000000
91323  54.521  -48.539  -11.457 0.0000000000
91324  54.913  -47.918  -11.783 0.0000000000
91325  56.113  -45.673  -11.902 0.0000000000
91326  55.533  -46.173  -11.496 0.0000000000
91327  56.009  -45.243  -11.477 0.0000000000
91328  56.016  -44.824  -10.955 0.0000000000
91329  56.606  -44.423  -11.373 0.0000000000
91330  57.269  -43.766  -11.362 0.0000000000
91331  57.220  -44.110  -11.788 0.0000000000
91332  58.435  -43.823  -12.963 0.0000000000
91333  58.498  -43.551  -12.646 0.0000000000
91334  59.009  -43.206  -13.049 0.0000000000
91335  59.458  -42.556  -12.932 0.0000000000
91336  59.326  -42.761  -13.266 0.0000000000
91337  57.857  -44.451  -14.503 0.0000000000
91338  58.045  -44.312  -14.103 0.0000000000
91339  58.016  -43.698  -14.314 0.0000000000
91340  58.482  -41.728  -14.033 0.0000000000
91341  58.549  -42.390  -13.955 0.0000000000
91342  59.054  -41.735  -13.839 0.0000000000
91343  59.605  -41.773  -13.616 0.0000000000
91344  59.599  -41.102  -13.753 0.0000000000
91345  60.120  -40.373  -13.762 0.0000000000
91346  59.535  -40.283  -13.923 0.0000000000
91347  58.879  -38.509  -13.984 0.0000000000
91348  59.569  -38.624  -14.007 0.0000000000
91349  59.535  -37.806  -14.007 0.0000000000
91350  60.268  -37.087  -14.106 0.0000000000
91351  59.575  -36.939  -14.092 0.0000000000
91352  59.691  -36.152  -14.259 0.0000000000
91353  58.984  -36.850  -14.117 0.0000000000
91354  57.179  -37.562  -14.188 0.0000000000
91355  57.940  -36.775  -14.246 0.0000000000
91356  57.441  -36.826  -14.324 0.0000000000
91357  57.702  -36.112  -14.582 0.0000000000
91358  56.921  -36.867  -14.428 0.0000000000
91359  55.408  -41.659  -15.199 0.0000000000
91360  55.549  -40.672  -14.739 0.0000000000
91361  55.229  -40.839  -15.020 0.0000000000
91362  54.755  -39.144  -15.035 0.0000000000
91363  55.107  -38.952  -14.736 0.0000000000
91364  55.287  -38.023  -14.720 0.0000000000
91369  54.060  -38.266  -15.942 0.0000000000
91371  54.141  -37.188  -15.912 0.0000000000
91374  57.099  -47.877  -19.371 0.0000000000
91375  57.298  -47.179  -18.938 0.0000000000
91376  57.002  -47.107  -19.353 0.0000000000
91377  56.308  -45.498  -19.531 0.0000000000
91378  56.514  -45.556  -19.170 0.0000000000
91379  56.154  -44.917  -19.078 0.0000000000
91380  55.859  -44.265  -18.549 0.0000000000
91381  55.775  -44.184  -18.959 0.0000000000
91382  55.145  -45.066  -20.995 0.0000000000
91383  55.538  -45.228  -20.619 0.0000000000
91384  55.423  -44.494  -20.648 0.0000000000
91385  54.822  -42.556  -19.392 0.0000000000
91386  55.229  -43.301  -19.608 0.0000000000
91387  54.872  -42.690  -18.881 0.0000000000
91388  54.988  -42.841  -18.482 0.0000000000
91389  54.557  -42.031  -18.198 0.0000000000
91390  54.310  -41.171  -17.526 0.0000000000
91391  54.195  -41.140  -17.927 0.0000000000
91392  53.344  -38.948  -17.845 0.0000000000
91393  53.464  -39.141  -17.460 0.0000000000
92520  60.685  -34.085  -14.744 0.0000000000
92521  60.103  -34.677  -14.668 0.0000000000
95483  62.946  -35.262  -7.547 0.0000000000
95490  64.753  -35.228  -8.755 0.0000000000
95491  64.740  -35.752  -9.068 0.0000000000
97701  62.502  -47.807  -3.524 0.0000000000
97702  63.101  -47.393  -3.268 0.0000000000
97703  63.013  -47.182  -3.761 0.0000000000
97704  63.403  -46.522  -3.946 0.0000000000
97705  63.720  -45.761  -4.084 0.0000000000
97706  64.057  -44.970  -4.209 0.0000000000
97707  63.662  -45.494  -4.473 0.0000000000
97708  63.521  -45.301  -4.887 0.0000000000
97709  63.344  -45.125  -5.246 0.0000000000
97710  57.759  -44.117  -8.708 0.0000000000
97711  58.575  -43.726  -8.694 0.0000000000
97712  58.300  -43.519  -9.103 0.0000000000
97713  58.760  -42.877  -9.492 0.0000000000
97714  59.226  -42.364  -9.938 0.0000000000
97715  59.666  -41.830  -10.356 0.0000000000
97716  58.995  -42.373  -10.407 0.0000000000
97717  58.802  -42.449  -10.851 0.0000000000
97718  58.678  -42.670  -11.340 0.0000000000
97751  57.459  -49.755  -17.292 0.0000000000
97752  57.428  -49.511  -16.660 0.0000000000
97753  57.709  -48.978  -16.910 0.0000000000
97754  57.892  -48.262  -16.610 0.0000000000
97755  57.929  -47.369  -16.354 0.0000000000
97756  57.808  -46.548  -15.985 0.0000000000
97757  57.741  -46.701  -16.541 0.0000000000
97758  57.499  -45.958  -16.655 0.0000000000
97759  57.121  -45.304  -16.711 0.0000000000
97760  56.777  -44.660  -16.604 0.0000000000
97761  57.109  -45.391  -17.156 0.0000000000
97762  57.101  -45.440  -17.632 0.0000000000
97763  57.009  -45.504  -18.042 0.0000000000
97764  52.800  -45.653  -20.044 0.0000000000
97765  53.275  -45.440  -20.780 0.0000000000
97766  52.864  -45.024  -20.662 0.0000000000
97767  52.928  -44.311  -21.292 0.0000000000
99811  62.758  -37.442  -6.091 0.0000000000
102034  55.559  -47.157  -7.118 0.0000000000
102035  55.943  -46.581  -7.410 0.0000000000
102036  55.251  -47.060  -7.456 0.0000000000
102037  54.969  -47.044  -7.820 0.0000000000
102038  54.703  -47.042  -8.185 0.0000000000
102075  55.744  -53.256  -17.734 0.0000000000
102076  56.372  -52.631  -17.720 0.0000000000
102077  55.980  -52.612  -18.224 0.0000000000
102078  56.108  -51.922  -18.610 0.0000000000
102079  56.290  -51.355  -18.993 0.0000000000
102080  56.477  -50.663  -19.327 0.0000000000
102081  55.838  -51.182  -19.172 0.0000000000
102082  55.370  -50.934  -19.170 0.0000000000
102083  54.903  -50.678  -19.045 0.0000000000
102084  51.988  -51.003  -16.659 0.0000000000
102085  52.653  -50.638  -17.236 0.0000000000
102086  52.134  -50.315  -16.967 0.0000000000
102087  52.304  -49.618  -17.341 0.0000000000
102088  52.485  -49.037  -17.685 0.0000000000
102089  52.632  -48.330  -18.082 0.0000000000
102090  52.030  -48.554  -17.441 0.0000000000
102091  51.558  -48.158  -17.165 0.0000000000
107905  65.778  -33.603  -11.046 0.0000000000
107906  65.663  -33.533  -11.572 0.0000000000
107907  65.439  -33.456  -12.111 0.0000000000
107908  65.092  -33.302  -12.579 0.0000000000
107909  65.003  -34.080  -12.533 0.0000000000
107910  64.513  -34.813  -12.908 0.0000000000
107911  63.978  -35.581  -13.282 0.0000000000
114545  63.759  -45.421  -2.109 0.0000000000
114546  63.499  -45.686  -1.673 0.0000000000
114547  63.536  -44.970  -2.018 0.0000000000
114558  64.725  -42.350  -5.094 0.0000000000
114559  64.716  -41.939  -4.912 0.0000000000
114560  64.775  -41.714  -5.298 0.0000000000
114561  64.784  -40.925  -5.434 0.0000000000
114562  64.751  -40.104  -5.484 0.0000000000
114563  64.561  -39.379  -5.581 0.0000000000
114564  64.868  -39.859  -5.843 0.0000000000
114565  64.839  -39.673  -6.235 0.0000000000
114566  64.765  -39.496  -6.670 0.0000000000
114567  60.516  -46.053  -6.050 0.0000000000
114568  61.317  -45.724  -5.993 0.0000000000
114569  60.970  -45.490  -6.281 0.0000000000
114570  61.417  -44.832  -6.470 0.0000000000
114571  61.840  -44.292  -6.683 0.0000000000
114572  61.511  -42.152  -8.494 0.0000000000
114573  61.865  -42.409  -8.079 0.0000000000
114574  62.143  -41.665  -8.503 0.0000000000
114575  62.708  -41.277  -8.461 0.0000000000
114576  63.271  -40.832  -8.454 0.0000000000
114577  63.809  -40.391  -8.305 0.0000000000
114578  63.423  -40.186  -8.676 0.0000000000
114579  63.573  -39.524  -8.848 0.0000000000
114580  63.688  -38.788  -9.061 0.0000000000
114581  63.868  -38.078  -9.231 0.0000000000
114582  63.508  -38.672  -9.459 0.0000000000
114583  63.305  -38.549  -9.863 0.0000000000
114584  63.079  -38.430  -10.263 0.0000000000
114585  61.058  -40.283  -11.717 0.0000000000
114586  61.595  -39.702  -11.604 0.0000000000
114587  61.478  -39.814  -12.023 0.0000000000
114588  61.883  -39.320  -12.303 0.0000000000
114589  62.354  -38.876  -12.671 0.0000000000
114590  62.724  -38.457  -13.118 0.0000000000
114591  62.127  -39.026  -13.116 0.0000000000
114592  61.819  -39.171  -13.508 0.0000000000
114593  61.378  -39.103  -13.798 0.0000000000
114686  53.700  -49.303  -9.896 0.0000000000
114687  53.895  -48.694  -10.120 0.0000000000
114688  54.204  -48.003  -10.427 0.0000000000
114692  56.201  -53.371  -13.140 0.0000000000
114693  55.974  -52.410  -13.136 0.0000000000
114694  56.678  -48.667  -14.147 0.0000000000
114695  56.266  -49.159  -13.848 0.0000000000
114696  56.319  -48.390  -13.626 0.0000000000
114697  55.950  -48.083  -13.136 0.0000000000
114698  55.612  -47.750  -12.582 0.0000000000
114699  55.340  -47.403  -12.068 0.0000000000
114700  55.857  -47.000  -12.431 0.0000000000
114701  56.234  -46.117  -12.331 0.0000000000
114702  56.709  -45.238  -12.300 0.0000000000
114703  57.266  -44.471  -12.212 0.0000000000
114704  57.301  -44.891  -12.624 0.0000000000
114705  57.905  -44.521  -12.953 0.0000000000
114706  58.366  -44.036  -13.298 0.0000000000
114707  57.337  -43.241  -14.654 0.0000000000
114708  57.736  -43.087  -14.370 0.0000000000
114709  57.471  -42.465  -14.389 0.0000000000
114710  57.854  -41.709  -14.169 0.0000000000
114711  58.321  -40.981  -14.044 0.0000000000
114712  58.899  -40.226  -14.006 0.0000000000
114713  58.220  -40.137  -14.018 0.0000000000
114714  58.168  -39.284  -13.984 0.0000000000
114715  58.136  -38.390  -13.938 0.0000000000
114716  58.261  -37.591  -14.037 0.0000000000
114717  57.567  -38.351  -14.000 0.0000000000
114718  57.014  -38.383  -14.116 0.0000000000
114719  56.487  -38.477  -14.257 0.0000000000
114720  55.056  -41.931  -15.900 0.0000000000
114721  54.951  -40.959  -15.342 0.0000000000
114722  54.782  -41.091  -15.713 0.0000000000
114723  54.545  -40.199  -15.500 0.0000000000
114724  54.476  -39.263  -15.368 0.0000000000
114726  54.264  -39.331  -15.700 0.0000000000
114727  54.142  -39.361  -16.025 0.0000000000
114728  54.019  -39.315  -16.385 0.0000000000
114729  56.385  -47.682  -19.898 0.0000000000
114730  56.669  -47.020  -19.666 0.0000000000
114731  56.265  -46.860  -19.961 0.0000000000
114732  56.227  -46.138  -19.939 0.0000000000
114733  56.081  -45.436  -19.913 0.0000000000
114734  55.044  -43.478  -20.981 0.0000000000
114735  55.247  -43.696  -20.590 0.0000000000
114736  54.946  -42.941  -20.418 0.0000000000
114737  54.753  -42.336  -19.792 0.0000000000
114738  54.368  -41.840  -19.110 0.0000000000
114739  54.084  -41.055  -18.339 0.0000000000
114740  53.989  -40.837  -18.770 0.0000000000
114741  53.641  -39.898  -18.460 0.0000000000
118436  53.896  -52.319  -17.756 0.0000000000
118438  52.667  -52.357  -16.912 0.0000000000
118439  52.208  -51.975  -16.680 0.0000000000
118440  51.106  -53.007  -15.920 0.0000000000
118441  51.415  -52.331  -16.174 0.0000000000
118442  51.725  -51.576  -16.417 0.0000000000
118443  51.298  -51.240  -16.106 0.0000000000
122970  65.280  -34.874  -10.831 0.0000000000
122971  64.864  -35.608  -11.341 0.0000000000
128130  63.423  -47.417  -1.863 0.0000000000
128131  63.644  -46.662  -2.096 0.0000000000
128132  63.507  -46.909  -2.927 0.0000000000
128133  63.733  -46.389  -2.598 0.0000000000
128134  63.824  -45.886  -2.329 0.0000000000
128135  63.953  -45.167  -2.559 0.0000000000
128136  64.111  -44.459  -2.871 0.0000000000
128137  64.212  -43.846  -3.134 0.0000000000
128138  64.217  -43.214  -3.481 0.0000000000
128139  64.431  -43.632  -3.535 0.0000000000
128140  64.555  -43.446  -3.993 0.0000000000
128141  64.658  -43.259  -4.415 0.0000000000
128142  64.372  -44.309  -4.441 0.0000000000
128143  64.560  -43.732  -4.600 0.0000000000
128144  64.688  -43.089  -4.835 0.0000000000
128145  64.626  -42.938  -5.260 0.0000000000
128146  64.507  -42.751  -5.697 0.0000000000
128147  64.391  -42.571  -6.103 0.0000000000
128148  59.034  -45.052  -7.206 0.0000000000
128149  59.874  -44.744  -7.201 0.0000000000
128150  59.512  -44.526  -7.574 0.0000000000
128151  59.961  -43.896  -7.901 0.0000000000
128152  60.357  -43.190  -8.221 0.0000000000
128153  59.320  -43.282  -8.664 0.0000000000
128154  60.046  -42.899  -8.610 0.0000000000
128155  60.759  -42.527  -8.527 0.0000000000
128156  61.116  -41.886  -8.863 0.0000000000
128157  61.443  -41.263  -9.267 0.0000000000
128158  61.660  -40.625  -9.635 0.0000000000
128159  61.897  -40.175  -9.907 0.0000000000
128160  61.375  -40.556  -10.028 0.0000000000
128161  61.129  -40.529  -10.466 0.0000000000
128162  60.921  -40.590  -10.937 0.0000000000
128163  60.038  -41.455  -10.748 0.0000000000
128164  60.417  -41.115  -11.087 0.0000000000
128165  60.743  -40.738  -11.389 0.0000000000
128166  60.598  -40.924  -11.855 0.0000000000
128167  60.469  -41.141  -12.337 0.0000000000
128168  60.362  -41.349  -12.683 0.0000000000
128243  56.673  -52.211  -15.386 0.0000000000
128244  56.639  -51.984  -14.762 0.0000000000
128245  56.723  -51.304  -15.266 0.0000000000
128246  56.791  -50.438  -15.104 0.0000000000
128247  56.852  -49.595  -15.015 0.0000000000
128248  57.435  -49.242  -16.007 0.0000000000
128249  57.331  -49.070  -15.359 0.0000000000
128250  57.032  -48.910  -14.734 0.0000000000
128251  57.127  -48.217  -14.530 0.0000000000
128252  57.217  -47.487  -14.276 0.0000000000
128253  57.365  -46.730  -14.091 0.0000000000
128254  57.596  -45.891  -13.966 0.0000000000
128255  57.761  -46.160  -14.392 0.0000000000
128256  57.785  -45.331  -14.679 0.0000000000
128257  57.656  -44.615  -14.859 0.0000000000
128258  57.609  -45.656  -15.652 0.0000000000
128259  57.533  -44.760  -15.274 0.0000000000
128260  57.367  -43.967  -14.962 0.0000000000
128261  56.979  -43.457  -14.971 0.0000000000
128262  56.669  -42.917  -14.951 0.0000000000
128263  56.284  -42.233  -14.826 0.0000000000
128264  56.091  -41.347  -14.661 0.0000000000
128265  56.015  -42.399  -15.096 0.0000000000
128266  55.747  -42.570  -15.402 0.0000000000
128267  55.563  -42.694  -15.738 0.0000000000
128268  56.330  -44.055  -16.515 0.0000000000
128269  55.878  -43.444  -16.288 0.0000000000
128270  55.445  -42.768  -16.100 0.0000000000
128271  55.332  -42.782  -16.506 0.0000000000
128272  55.279  -42.765  -16.908 0.0000000000
128273  55.219  -42.779  -17.300 0.0000000000
128274  54.588  -47.009  -20.433 0.0000000000
128275  55.121  -46.580  -20.674 0.0000000000
128276  54.678  -46.413  -20.767 0.0000000000
128277  54.729  -45.671  -21.018 0.0000000000
128278  54.766  -44.843  -21.238 0.0000000000
128279  53.794  -45.132  -21.266 0.0000000000
128280  54.385  -44.615  -21.443 0.0000000000
128281  54.841  -44.091  -21.355 0.0000000000
128282  54.801  -43.253  -21.361 0.0000000000
132628  62.435  -35.618  -7.332 0.0000000000
132629  63.153  -35.810  -7.184 0.0000000000
132630  63.721  -36.050  -7.139 0.0000000000
132631  64.168  -36.386  -7.207 0.0000000000
137304  60.652  -47.788  -4.495 0.0000000000
137305  61.285  -47.276  -4.880 0.0000000000
137306  61.850  -46.803  -5.121 0.0000000000
137307  61.008  -47.037  -5.189 0.0000000000
137308  60.715  -46.838  -5.443 0.0000000000
137309  60.410  -46.673  -5.649 0.0000000000
137310  59.074  -47.455  -5.416 0.0000000000
137311  59.504  -47.020  -5.628 0.0000000000
137312  60.064  -46.541  -5.835 0.0000000000
137313  59.640  -46.337  -6.068 0.0000000000
137314  59.264  -46.090  -6.335 0.0000000000
137315  58.907  -45.803  -6.646 0.0000000000
137321  57.259  -47.280  -6.138 0.0000000000
137322  57.647  -46.739  -6.409 0.0000000000
137323  58.102  -46.186  -6.668 0.0000000000
137324  58.570  -45.613  -6.967 0.0000000000
137325  58.244  -45.401  -7.292 0.0000000000
137326  57.907  -45.173  -7.622 0.0000000000
137327  57.542  -45.002  -7.977 0.0000000000
137328  56.333  -45.989  -7.713 0.0000000000
137329  56.763  -45.424  -8.017 0.0000000000
137330  57.240  -44.807  -8.333 0.0000000000
137331  56.955  -44.639  -8.676 0.0000000000
137332  56.683  -44.443  -9.089 0.0000000000
137333  56.482  -44.375  -9.501 0.0000000000
137410  56.646  -53.133  -15.513 0.0000000000
137411  56.723  -52.347  -16.035 0.0000000000
137412  56.847  -51.672  -16.494 0.0000000000
137413  57.055  -51.036  -17.040 0.0000000000
137414  56.831  -51.971  -17.659 0.0000000000
137415  57.094  -51.237  -17.617 0.0000000000
137416  57.249  -50.444  -17.496 0.0000000000
137417  57.497  -49.917  -17.885 0.0000000000
137418  57.668  -49.310  -18.230 0.0000000000
137419  57.724  -48.667  -18.463 0.0000000000
137420  57.630  -47.922  -18.573 0.0000000000
137421  57.601  -48.688  -18.901 0.0000000000
137422  57.335  -48.697  -19.290 0.0000000000
137423  56.949  -48.603  -19.615 0.0000000000
137424  56.593  -49.950  -19.563 0.0000000000
137425  56.582  -49.232  -19.694 0.0000000000
137426  56.480  -48.476  -19.848 0.0000000000
137427  56.005  -48.308  -19.953 0.0000000000
137428  55.535  -48.131  -20.081 0.0000000000
137429  55.022  -47.901  -20.144 0.0000000000
137430  54.134  -51.675  -18.143 0.0000000000
137431  54.286  -51.063  -18.520 0.0000000000
137432  54.371  -50.376  -18.854 0.0000000000
137433  53.358  -50.351  -17.908 0.0000000000
137434  53.948  -50.076  -18.599 0.0000000000
137435  54.489  -49.718  -19.191 0.0000000000
137436  54.539  -48.971  -19.428 0.0000000000
137437  54.515  -48.352  -19.794 0.0000000000
137438  54.570  -47.720  -20.134 0.0000000000
137439  54.104  -47.420  -20.063 0.0000000000
137440  53.676  -47.099  -19.919 0.0000000000
137441  53.223  -46.780  -19.707 0.0000000000
137442  52.731  -47.712  -18.517 0.0000000000
137443  52.799  -47.033  -18.983 0.0000000000
137444  52.824  -46.343  -19.519 0.0000000000
137445  52.392  -45.891  -19.293 0.0000000000
149246  64.694  -33.181  -12.998 0.0000000000
149247  64.269  -33.070  -13.369 0.0000000000
149249  63.213  -33.593  -13.843 0.0000000000
149250  62.620  -34.297  -13.954 0.0000000000
149251  61.965  -35.010  -14.126 0.0000000000
162526  61.103  -46.917  0.545 0.0000000000
162527  61.038  -46.377  0.165 0.0000000000
162528  60.743  -45.750  -0.373 0.0000000000
162531  62.828  -46.802  -0.525 0.0000000000
162532  63.151  -45.913  -1.288 0.0000000000
162533  62.769  -46.144  -0.875 0.0000000000
162534  62.382  -46.380  -0.463 0.0000000000
162535  61.786  -45.938  -0.526 0.0000000000
162536  61.196  -45.535  -0.695 0.0000000000
162537  60.540  -45.181  -0.936 0.0000000000
162556  64.139  -42.679  -3.834 0.0000000000
162559  64.486  -41.512  -4.726 0.0000000000
162560  64.100  -41.124  -4.712 0.0000000000
162561  63.571  -40.871  -4.765 0.0000000000
162562  63.187  -40.189  -5.059 0.0000000000
162565  62.708  -38.406  -5.746 0.0000000000
162566  63.056  -38.064  -5.839 0.0000000000
162567  63.395  -37.755  -6.009 0.0000000000
162568  64.248  -38.698  -5.755 0.0000000000
162569  63.953  -38.062  -5.973 0.0000000000
162570  63.725  -37.477  -6.256 0.0000000000
162571  64.002  -37.180  -6.565 0.0000000000
162572  64.229  -36.959  -6.941 0.0000000000
162573  64.417  -36.776  -7.375 0.0000000000
162574  62.339  -46.250  -5.253 0.0000000000
162575  62.732  -45.611  -5.347 0.0000000000
162576  63.120  -44.968  -5.569 0.0000000000
162577  62.070  -45.316  -5.965 0.0000000000
162578  62.827  -44.794  -5.875 0.0000000000
162579  63.464  -44.255  -5.808 0.0000000000
162580  63.804  -43.669  -6.030 0.0000000000
162581  63.998  -43.080  -6.256 0.0000000000
162582  64.236  -42.414  -6.500 0.0000000000
162583  60.664  -44.479  -7.139 0.0000000000
162584  61.472  -44.077  -7.008 0.0000000000
162585  62.235  -43.709  -6.969 0.0000000000
162586  62.234  -42.688  -7.691 0.0000000000
162587  62.620  -43.002  -7.335 0.0000000000
162588  62.911  -43.240  -6.988 0.0000000000
162589  63.506  -42.806  -6.958 0.0000000000
162590  64.001  -42.285  -6.888 0.0000000000
162591  64.433  -41.690  -6.783 0.0000000000
162592  64.580  -40.912  -6.966 0.0000000000
162593  64.619  -40.113  -7.073 0.0000000000
162594  64.640  -39.317  -7.147 0.0000000000
162595  64.232  -39.813  -7.964 0.0000000000
162596  64.459  -39.204  -7.599 0.0000000000
162597  64.584  -38.623  -7.217 0.0000000000
162598  64.525  -37.989  -7.424 0.0000000000
162599  64.516  -37.281  -7.632 0.0000000000
162600  64.576  -36.603  -7.898 0.0000000000
162601  64.621  -36.437  -8.387 0.0000000000
162602  64.616  -36.324  -8.866 0.0000000000
162603  64.569  -36.285  -9.330 0.0000000000
162604  64.095  -37.402  -9.407 0.0000000000
162605  64.299  -36.799  -9.607 0.0000000000
162606  64.501  -36.223  -9.837 0.0000000000
162607  64.465  -36.214  -10.389 0.0000000000
162608  64.454  -36.236  -10.984 0.0000000000
162609  64.473  -36.223  -11.587 0.0000000000
162610  62.142  -39.596  -10.198 0.0000000000
162611  62.528  -38.989  -10.470 0.0000000000
162612  62.858  -38.383  -10.699 0.0000000000
162613  62.175  -39.069  -11.366 0.0000000000
162614  62.690  -38.422  -11.210 0.0000000000
162615  63.270  -37.872  -11.033 0.0000000000
162616  63.658  -37.336  -11.472 0.0000000000
162617  64.033  -36.840  -11.842 0.0000000000
162618  64.430  -36.309  -12.165 0.0000000000
162619  64.301  -36.416  -12.702 0.0000000000
162620  64.034  -36.499  -13.220 0.0000000000
162621  63.542  -36.349  -13.574 0.0000000000
162622  62.995  -37.852  -13.508 0.0000000000
162623  63.109  -37.073  -13.802 0.0000000000
162624  62.998  -36.164  -13.847 0.0000000000
162625  62.460  -35.972  -14.027 0.0000000000
162626  61.942  -35.838  -14.120 0.0000000000
162627  61.458  -35.740  -14.191 0.0000000000
162809  54.114  -47.751  -8.342 0.0000000000
162810  54.451  -47.113  -8.610 0.0000000000
162811  53.839  -48.080  -9.221 0.0000000000
162812  54.267  -47.282  -9.042 0.0000000000
162813  54.825  -46.477  -8.903 0.0000000000
162814  55.235  -45.763  -9.199 0.0000000000
162815  55.691  -45.067  -9.553 0.0000000000
162816  56.247  -44.443  -9.993 0.0000000000
162824  54.836  -52.233  -11.214 0.0000000000
162825  54.467  -51.270  -11.197 0.0000000000
162826  56.436  -51.864  -14.161 0.0000000000
162827  56.171  -51.689  -13.599 0.0000000000
162828  55.823  -51.421  -13.107 0.0000000000
162829  55.898  -49.725  -13.488 0.0000000000
162830  55.596  -50.404  -13.047 0.0000000000
162831  55.399  -51.173  -12.608 0.0000000000
162832  54.980  -50.850  -12.130 0.0000000000
162833  54.624  -50.587  -11.629 0.0000000000
162834  54.301  -50.287  -11.170 0.0000000000
162835  54.232  -49.247  -11.075 0.0000000000
162836  54.334  -48.261  -10.939 0.0000000000
162837  54.550  -47.337  -10.733 0.0000000000
162838  55.129  -47.045  -11.575 0.0000000000
162839  55.015  -46.701  -11.086 0.0000000000
162840  54.951  -46.408  -10.590 0.0000000000
162841  55.449  -45.483  -10.531 0.0000000000
162842  56.065  -44.606  -10.479 0.0000000000
162843  56.841  -43.887  -10.450 0.0000000000
162844  57.403  -43.501  -10.894 0.0000000000
162845  57.944  -43.196  -11.350 0.0000000000
162846  58.567  -42.954  -11.825 0.0000000000
162847  57.881  -43.823  -12.192 0.0000000000
162848  58.523  -43.256  -12.275 0.0000000000
162849  59.115  -42.678  -12.269 0.0000000000
162850  59.547  -42.300  -12.571 0.0000000000
162851  59.912  -41.919  -12.879 0.0000000000
162852  60.196  -41.541  -13.062 0.0000000000
162853  57.900  -44.962  -13.814 0.0000000000
162854  58.224  -44.185  -13.677 0.0000000000
162855  58.582  -43.500  -13.653 0.0000000000
162856  58.157  -42.992  -14.111 0.0000000000
162857  58.620  -42.942  -13.891 0.0000000000
162858  59.062  -42.857  -13.596 0.0000000000
162859  59.567  -42.276  -13.462 0.0000000000
162860  59.980  -41.692  -13.360 0.0000000000
162861  60.451  -41.096  -13.204 0.0000000000
162862  60.641  -40.416  -13.485 0.0000000000
162863  60.745  -39.758  -13.796 0.0000000000
162864  60.804  -38.964  -14.002 0.0000000000
162865  59.507  -39.482  -14.007 0.0000000000
162866  60.196  -38.785  -14.052 0.0000000000
162867  60.883  -38.133  -14.074 0.0000000000
162868  60.886  -37.277  -14.119 0.0000000000
162869  60.883  -36.460  -14.213 0.0000000000
162870  60.900  -35.635  -14.276 0.0000000000
162871  60.432  -35.529  -14.375 0.0000000000
162872  59.906  -35.405  -14.500 0.0000000000
162873  59.378  -35.319  -14.619 0.0000000000
162874  58.444  -36.788  -14.177 0.0000000000
162875  58.626  -36.001  -14.409 0.0000000000
162876  58.864  -35.286  -14.725 0.0000000000
162877  58.385  -35.339  -14.795 0.0000000000
162880  55.890  -40.427  -14.493 0.0000000000
162881  55.929  -39.576  -14.405 0.0000000000
162882  56.017  -38.661  -14.347 0.0000000000
162883  55.121  -39.953  -14.842 0.0000000000
162884  55.546  -38.820  -14.509 0.0000000000
162885  56.196  -37.762  -14.396 0.0000000000
162886  56.430  -36.913  -14.560 0.0000000000
162898  57.490  -47.067  -18.584 0.0000000000
162899  57.209  -46.299  -18.546 0.0000000000
162900  56.879  -45.560  -18.425 0.0000000000
162901  56.781  -46.323  -19.288 0.0000000000
162902  56.673  -45.629  -18.815 0.0000000000
162903  56.443  -44.945  -18.275 0.0000000000
162904  55.999  -44.300  -18.100 0.0000000000
162905  55.542  -43.658  -17.918 0.0000000000
162906  55.098  -42.847  -17.703 0.0000000000
162907  55.533  -45.930  -20.542 0.0000000000
162908  55.852  -45.366  -20.266 0.0000000000
162909  55.818  -44.699  -19.827 0.0000000000
162910  55.438  -43.848  -20.166 0.0000000000
162911  55.591  -44.003  -19.717 0.0000000000
162912  55.701  -44.109  -19.336 0.0000000000
162913  55.363  -43.551  -18.736 0.0000000000
162914  55.044  -42.869  -18.088 0.0000000000
162915  54.725  -42.131  -17.471 0.0000000000
162916  54.418  -41.162  -17.161 0.0000000000
162917  54.147  -40.187  -16.902 0.0000000000
162918  53.863  -39.280  -16.734 0.0000000000
162919  53.801  -40.146  -17.669 0.0000000000
162920  53.650  -39.250  -17.095 0.0000000000
162921  53.605  -38.209  -16.617 0.0000000000
