#!ascii label  , from subject fsaverage vox2ras=TkReg
666
322  29.429  21.365  -17.523 0.0000000000
802  27.779  22.406  -12.683 0.0000000000
803  26.235  17.911  -13.533 0.0000000000
1732  28.220  21.113  -20.766 0.0000000000
1733  25.095  16.776  -21.112 0.0000000000
1734  26.194  17.955  -17.762 0.0000000000
2188  30.616  25.262  -19.552 0.0000000000
2189  33.718  23.660  -17.629 0.0000000000
2190  32.277  24.883  -12.492 0.0000000000
2197  41.579  26.464  -14.368 0.0000000000
2198  36.698  25.650  -11.098 0.0000000000
2722  27.480  22.062  -10.478 0.0000000000
2723  26.836  19.850  -11.088 0.0000000000
3847  29.669  20.870  -19.854 0.0000000000
3848  27.864  19.180  -20.071 0.0000000000
3849  27.706  19.787  -17.745 0.0000000000
4835  35.661  24.678  -17.305 0.0000000000
4836  33.266  24.196  -15.026 0.0000000000
4837  35.674  24.731  -14.834 0.0000000000
4857  38.506  26.097  -10.285 0.0000000000
5430  24.672  15.022  -18.856 0.0000000000
5431  23.848  14.286  -19.816 0.0000000000
6052  28.495  22.230  -15.039 0.0000000000
6053  26.921  20.363  -15.244 0.0000000000
6054  26.577  20.372  -13.077 0.0000000000
7882  25.979  21.278  -20.436 0.0000000000
7883  24.464  18.694  -21.090 0.0000000000
7884  26.489  18.975  -21.213 0.0000000000
7885  26.016  17.237  -19.928 0.0000000000
7887  25.906  18.187  -15.463 0.0000000000
9125  29.395  23.175  -20.304 0.0000000000
9126  31.172  22.627  -19.818 0.0000000000
9128  32.778  24.415  -19.437 0.0000000000
9129  31.671  22.522  -17.702 0.0000000000
9130  30.758  23.413  -15.088 0.0000000000
9131  29.869  23.881  -12.627 0.0000000000
9132  28.899  23.844  -10.335 0.0000000000
9153  39.743  26.058  -15.504 0.0000000000
9154  41.895  25.864  -12.360 0.0000000000
9155  40.093  25.168  -13.082 0.0000000000
9156  37.997  24.921  -13.967 0.0000000000
9157  34.635  25.443  -11.867 0.0000000000
9158  30.517  25.089  -9.710 0.0000000000
9846  23.394  15.995  -21.340 0.0000000000
11527  29.802  20.939  -18.845 0.0000000000
11528  28.929  20.175  -18.931 0.0000000000
11529  28.540  20.569  -17.622 0.0000000000
12515  36.808  25.147  -17.063 0.0000000000
12516  35.840  24.574  -16.122 0.0000000000
12517  36.961  24.839  -15.955 0.0000000000
13927  28.052  22.378  -13.842 0.0000000000
13928  27.296  21.493  -14.042 0.0000000000
13929  27.054  21.442  -12.873 0.0000000000
17302  27.156  21.271  -20.793 0.0000000000
17303  26.383  20.061  -21.112 0.0000000000
17304  27.298  20.107  -20.981 0.0000000000
17305  27.098  18.593  -19.055 0.0000000000
17306  26.910  18.300  -20.115 0.0000000000
17307  26.217  17.625  -18.963 0.0000000000
17308  25.410  16.592  -18.642 0.0000000000
17309  25.538  16.845  -17.627 0.0000000000
17310  26.188  19.256  -14.180 0.0000000000
17311  26.314  19.257  -15.324 0.0000000000
20253  29.242  25.698  -19.028 0.0000000000
20254  28.674  24.637  -19.527 0.0000000000
20255  29.900  24.294  -19.972 0.0000000000
20256  30.390  22.914  -20.278 0.0000000000
20257  31.031  23.893  -20.010 0.0000000000
20261  34.285  24.542  -18.450 0.0000000000
20262  33.579  25.137  -19.037 0.0000000000
20263  33.505  23.963  -18.697 0.0000000000
20264  32.616  23.245  -18.816 0.0000000000
20265  32.694  23.182  -17.674 0.0000000000
20266  31.170  22.956  -16.330 0.0000000000
20267  32.387  23.353  -16.364 0.0000000000
20268  32.825  24.570  -13.729 0.0000000000
20269  31.558  24.212  -13.754 0.0000000000
20270  31.072  24.452  -12.605 0.0000000000
20271  29.441  23.967  -11.525 0.0000000000
20272  30.459  24.562  -11.419 0.0000000000
20325  40.710  26.216  -14.915 0.0000000000
20330  39.561  25.409  -11.700 0.0000000000
20331  38.585  25.212  -12.099 0.0000000000
20332  39.114  24.993  -13.573 0.0000000000
20333  37.570  25.177  -12.551 0.0000000000
20334  36.457  25.151  -12.943 0.0000000000
20335  35.710  25.545  -11.531 0.0000000000
20339  28.882  24.272  -8.733 0.0000000000
22050  24.866  17.699  -21.472 0.0000000000
22051  23.860  17.426  -21.290 0.0000000000
22052  24.267  16.480  -21.287 0.0000000000
22054  23.251  13.824  -20.227 0.0000000000
23332  27.522  22.295  -11.543 0.0000000000
23333  26.982  21.310  -11.775 0.0000000000
23335  27.218  19.373  -10.307 0.0000000000
25357  29.068  20.999  -20.476 0.0000000000
25358  28.139  20.088  -20.622 0.0000000000
25359  28.804  20.102  -19.965 0.0000000000
25360  28.029  19.396  -18.976 0.0000000000
25361  26.958  18.909  -17.786 0.0000000000
27134  35.191  25.118  -18.139 0.0000000000
27135  34.674  24.128  -17.487 0.0000000000
27136  33.509  23.803  -16.320 0.0000000000
27137  34.702  24.240  -16.262 0.0000000000
27138  34.476  24.513  -14.909 0.0000000000
27139  34.087  24.847  -13.652 0.0000000000
28206  24.905  15.947  -20.059 0.0000000000
28207  24.458  15.609  -20.554 0.0000000000
28208  24.339  14.683  -19.396 0.0000000000
29482  28.949  21.905  -16.229 0.0000000000
29483  28.030  21.081  -16.298 0.0000000000
29484  27.627  21.378  -15.133 0.0000000000
29485  26.658  20.439  -14.105 0.0000000000
29486  26.268  19.193  -13.273 0.0000000000
29487  26.580  20.151  -12.039 0.0000000000
29488  26.469  18.942  -12.324 0.0000000000
34014  25.221  20.043  -20.772 0.0000000000
34015  25.581  18.878  -21.351 0.0000000000
34016  25.787  17.855  -21.319 0.0000000000
34017  27.315  19.084  -20.768 0.0000000000
34018  26.480  17.983  -20.822 0.0000000000
34019  25.667  16.946  -20.613 0.0000000000
34020  25.218  16.265  -19.426 0.0000000000
34023  27.231  20.132  -16.388 0.0000000000
34024  26.580  19.157  -16.544 0.0000000000
34025  26.047  18.143  -16.593 0.0000000000
37613  26.486  22.541  -19.902 0.0000000000
37614  27.712  22.383  -20.450 0.0000000000
37615  27.327  24.931  -18.669 0.0000000000
37616  28.163  23.518  -20.016 0.0000000000
37617  28.837  22.100  -20.555 0.0000000000
37618  29.779  21.918  -20.457 0.0000000000
37619  30.436  21.735  -19.916 0.0000000000
37620  30.720  21.658  -18.959 0.0000000000
37625  32.503  25.767  -19.293 0.0000000000
37626  31.815  24.848  -19.672 0.0000000000
37627  31.967  23.491  -19.610 0.0000000000
37628  31.655  22.433  -18.890 0.0000000000
37629  30.486  21.995  -17.635 0.0000000000
37630  29.981  22.473  -16.270 0.0000000000
37631  29.545  22.870  -15.083 0.0000000000
37632  29.151  23.114  -13.872 0.0000000000
37633  31.940  23.826  -15.062 0.0000000000
37634  30.326  23.707  -13.808 0.0000000000
37635  28.786  23.217  -12.692 0.0000000000
37636  28.392  23.194  -11.526 0.0000000000
37637  28.101  23.019  -10.399 0.0000000000
37701  38.847  25.810  -16.150 0.0000000000
37704  41.991  25.913  -13.439 0.0000000000
37705  40.435  25.705  -11.362 0.0000000000
37706  41.030  25.383  -12.652 0.0000000000
37707  41.074  25.522  -13.885 0.0000000000
37708  40.139  25.374  -14.394 0.0000000000
37709  39.134  25.172  -14.887 0.0000000000
37710  38.113  25.058  -15.502 0.0000000000
37711  36.889  24.854  -14.464 0.0000000000
37712  35.330  25.035  -13.339 0.0000000000
37713  33.452  25.184  -12.222 0.0000000000
37714  33.483  25.809  -10.460 0.0000000000
37715  32.497  25.451  -10.784 0.0000000000
37716  31.517  25.032  -11.085 0.0000000000
37717  29.707  24.541  -10.003 0.0000000000
37718  28.372  23.482  -9.048 0.0000000000
39774  23.310  18.318  -20.571 0.0000000000
39775  22.821  16.863  -21.136 0.0000000000
39776  22.450  15.335  -21.498 0.0000000000
39777  23.738  15.107  -20.867 0.0000000000
39778  22.966  14.555  -21.161 0.0000000000
42247  29.660  21.117  -18.208 0.0000000000
42248  29.245  20.703  -18.301 0.0000000000
42249  28.978  20.956  -17.613 0.0000000000
43235  37.373  25.350  -16.936 0.0000000000
43236  36.950  24.953  -16.551 0.0000000000
43237  37.495  25.108  -16.417 0.0000000000
44647  27.955  22.452  -13.305 0.0000000000
44648  27.534  21.971  -13.373 0.0000000000
44649  27.424  21.954  -12.794 0.0000000000
48022  27.675  21.209  -20.843 0.0000000000
48023  27.241  20.682  -20.936 0.0000000000
48024  27.722  20.644  -20.875 0.0000000000
48025  26.618  18.289  -18.420 0.0000000000
48026  26.632  18.126  -19.006 0.0000000000
48027  26.253  17.822  -18.383 0.0000000000
48028  25.866  17.268  -18.339 0.0000000000
48029  25.900  17.453  -17.711 0.0000000000
48030  26.136  18.606  -13.828 0.0000000000
48031  26.097  18.640  -14.314 0.0000000000
50973  29.921  25.463  -19.349 0.0000000000
50974  29.585  24.982  -19.574 0.0000000000
50975  30.236  24.779  -19.760 0.0000000000
50976  30.481  24.096  -20.049 0.0000000000
50977  30.843  24.580  -19.851 0.0000000000
50981  34.120  24.017  -18.123 0.0000000000
50982  33.902  24.251  -18.575 0.0000000000
50983  33.664  23.766  -18.197 0.0000000000
50984  33.233  23.510  -18.297 0.0000000000
50985  33.230  23.403  -17.684 0.0000000000
50986  32.567  23.226  -17.024 0.0000000000
50987  33.133  23.433  -17.020 0.0000000000
50988  32.571  24.731  -13.099 0.0000000000
50989  31.939  24.536  -13.140 0.0000000000
50990  31.659  24.665  -12.537 0.0000000000
50991  30.740  24.536  -11.992 0.0000000000
50992  31.350  24.765  -11.940 0.0000000000
51045  41.143  26.334  -14.621 0.0000000000
51049  37.163  25.714  -10.909 0.0000000000
51050  38.178  25.464  -11.425 0.0000000000
51051  37.705  25.402  -11.599 0.0000000000
51052  38.086  25.185  -12.337 0.0000000000
51053  37.211  25.381  -11.824 0.0000000000
51054  36.709  25.363  -12.043 0.0000000000
51055  36.211  25.599  -11.300 0.0000000000
52770  25.024  17.200  -21.401 0.0000000000
52771  24.566  17.093  -21.486 0.0000000000
52772  24.725  16.657  -21.254 0.0000000000
54247  27.480  22.198  -11.008 0.0000000000
54248  27.210  21.673  -11.148 0.0000000000
54251  27.227  19.949  -10.075 0.0000000000
54252  27.498  19.108  -9.895 0.0000000000
57622  29.393  20.944  -20.238 0.0000000000
57623  28.971  20.517  -20.309 0.0000000000
57624  29.236  20.459  -19.937 0.0000000000
57625  28.345  19.967  -18.348 0.0000000000
57626  28.501  19.786  -18.971 0.0000000000
57627  27.914  19.557  -18.381 0.0000000000
57628  27.498  19.197  -18.413 0.0000000000
57629  27.311  19.356  -17.773 0.0000000000
60581  36.002  25.159  -17.653 0.0000000000
60582  35.728  25.438  -17.984 0.0000000000
60583  35.480  24.820  -17.759 0.0000000000
60584  34.969  24.546  -17.877 0.0000000000
60585  35.142  24.406  -17.380 0.0000000000
60586  34.736  24.123  -16.904 0.0000000000
60587  35.241  24.377  -16.822 0.0000000000
60588  35.793  24.652  -15.488 0.0000000000
60589  35.204  24.519  -15.520 0.0000000000
60590  35.068  24.647  -14.868 0.0000000000
60591  34.295  24.684  -14.274 0.0000000000
60592  34.904  24.784  -14.237 0.0000000000
62370  24.730  15.528  -19.448 0.0000000000
62371  24.570  15.376  -19.758 0.0000000000
62372  24.509  14.886  -19.148 0.0000000000
64822  28.673  22.074  -15.594 0.0000000000
64823  28.249  21.668  -15.672 0.0000000000
64824  28.049  21.824  -15.084 0.0000000000
64825  26.834  20.984  -13.534 0.0000000000
64826  26.944  20.974  -14.088 0.0000000000
64827  26.608  20.451  -13.607 0.0000000000
64828  26.383  19.874  -13.652 0.0000000000
64829  26.412  19.814  -13.174 0.0000000000
64830  26.771  20.618  -11.394 0.0000000000
64831  26.694  20.768  -11.870 0.0000000000
64832  26.682  20.008  -11.561 0.0000000000
64834  26.647  18.812  -11.907 0.0000000000
74947  25.395  21.198  -20.098 0.0000000000
74948  24.994  20.593  -20.242 0.0000000000
74949  25.583  20.664  -20.630 0.0000000000
74950  26.440  19.492  -21.238 0.0000000000
74951  25.961  19.475  -21.256 0.0000000000
74952  26.055  18.916  -21.335 0.0000000000
74953  25.713  18.355  -21.411 0.0000000000
74954  26.134  18.398  -21.311 0.0000000000
74955  28.016  19.605  -20.411 0.0000000000
74956  27.702  19.597  -20.707 0.0000000000
74957  27.588  19.124  -20.466 0.0000000000
74958  26.465  17.776  -20.064 0.0000000000
74959  26.749  18.141  -20.502 0.0000000000
74960  26.296  17.574  -20.427 0.0000000000
74961  26.057  17.459  -20.769 0.0000000000
74962  25.888  17.088  -20.291 0.0000000000
74963  25.450  16.616  -20.018 0.0000000000
74964  25.594  16.783  -19.704 0.0000000000
74965  25.243  16.088  -18.003 0.0000000000
74966  25.127  15.950  -18.403 0.0000000000
74970  27.433  20.744  -15.793 0.0000000000
74971  27.638  20.592  -16.379 0.0000000000
74972  27.074  20.258  -15.820 0.0000000000
74973  26.103  18.677  -15.408 0.0000000000
74974  26.422  19.208  -15.922 0.0000000000
74975  26.193  18.691  -16.007 0.0000000000
74976  26.317  18.695  -16.604 0.0000000000
74977  25.995  18.190  -16.062 0.0000000000
83795  26.694  23.161  -19.618 0.0000000000
83796  27.099  22.491  -20.223 0.0000000000
83797  27.321  23.086  -19.987 0.0000000000
83801  29.078  23.885  -20.011 0.0000000000
83802  28.397  24.098  -19.777 0.0000000000
83803  28.799  23.327  -20.189 0.0000000000
83804  28.572  22.721  -20.385 0.0000000000
83805  29.128  22.599  -20.433 0.0000000000
83806  29.335  21.982  -20.547 0.0000000000
83807  29.642  22.521  -20.462 0.0000000000
83808  30.821  22.772  -20.104 0.0000000000
83809  30.488  22.315  -20.179 0.0000000000
83810  30.795  22.181  -19.878 0.0000000000
83811  30.638  21.624  -19.495 0.0000000000
83812  31.044  22.049  -19.485 0.0000000000
83824  33.181  24.815  -19.232 0.0000000000
83825  33.093  25.496  -19.220 0.0000000000
83826  32.709  25.099  -19.439 0.0000000000
83827  32.146  25.341  -19.505 0.0000000000
83828  32.325  24.632  -19.602 0.0000000000
83829  31.955  24.138  -19.713 0.0000000000
83830  32.394  23.931  -19.540 0.0000000000
83831  32.236  22.825  -18.280 0.0000000000
83832  32.121  22.826  -18.844 0.0000000000
83833  31.729  22.436  -18.312 0.0000000000
83834  31.165  22.127  -18.318 0.0000000000
83835  31.058  22.304  -17.665 0.0000000000
83836  30.301  22.284  -16.970 0.0000000000
83837  30.854  22.515  -16.992 0.0000000000
83838  30.956  23.199  -15.704 0.0000000000
83839  30.343  22.977  -15.690 0.0000000000
83840  30.139  23.146  -15.105 0.0000000000
83841  29.351  23.005  -14.501 0.0000000000
83842  29.917  23.308  -14.460 0.0000000000
83843  33.409  23.997  -15.677 0.0000000000
83844  32.742  23.808  -15.699 0.0000000000
83845  32.609  24.014  -15.054 0.0000000000
83846  30.666  24.066  -13.177 0.0000000000
83847  30.956  23.971  -13.782 0.0000000000
83848  30.085  23.790  -13.208 0.0000000000
83849  29.479  23.502  -13.217 0.0000000000
83850  29.300  23.562  -12.652 0.0000000000
83851  28.584  23.223  -12.116 0.0000000000
83852  29.054  23.614  -12.049 0.0000000000
83853  29.146  23.913  -10.915 0.0000000000
83854  28.684  23.582  -10.955 0.0000000000
83855  28.457  23.450  -10.363 0.0000000000
83857  28.244  23.271  -9.807 0.0000000000
84015  39.306  25.943  -15.842 0.0000000000
84022  42.442  26.169  -13.234 0.0000000000
84023  42.045  25.829  -12.930 0.0000000000
84025  39.966  26.034  -10.642 0.0000000000
84026  39.552  25.837  -10.808 0.0000000000
84027  39.866  25.236  -12.384 0.0000000000
84028  40.355  25.352  -12.182 0.0000000000
84029  40.588  25.265  -12.860 0.0000000000
84030  41.141  25.407  -13.262 0.0000000000
84031  40.630  25.302  -13.500 0.0000000000
84032  40.604  25.472  -14.134 0.0000000000
84033  40.148  25.209  -13.736 0.0000000000
84034  38.551  24.974  -13.751 0.0000000000
84035  39.159  25.025  -14.200 0.0000000000
84036  38.629  24.990  -14.451 0.0000000000
84037  38.637  25.117  -15.180 0.0000000000
84038  38.150  24.945  -14.723 0.0000000000
84039  37.574  24.896  -15.002 0.0000000000
84040  37.456  24.926  -14.230 0.0000000000
84041  35.601  25.294  -12.398 0.0000000000
84042  35.912  25.133  -13.144 0.0000000000
84043  35.036  25.238  -12.560 0.0000000000
84044  34.423  25.140  -12.765 0.0000000000
84045  34.038  25.314  -12.035 0.0000000000
84047  33.956  25.919  -10.278 0.0000000000
84049  30.933  25.368  -9.583 0.0000000000
84050  31.941  25.550  -10.098 0.0000000000
84051  31.473  25.331  -10.241 0.0000000000
84052  32.016  25.247  -10.961 0.0000000000
84053  31.062  25.085  -10.400 0.0000000000
84054  30.597  24.829  -10.528 0.0000000000
84055  30.147  24.826  -9.864 0.0000000000
84057  28.605  23.873  -8.918 0.0000000000
89192  23.898  18.534  -20.853 0.0000000000
89193  23.619  16.708  -21.319 0.0000000000
89194  23.329  17.209  -21.139 0.0000000000
89195  23.125  16.439  -21.292 0.0000000000
89196  22.614  16.106  -21.299 0.0000000000
89197  22.938  15.689  -21.398 0.0000000000
89198  24.114  14.946  -20.190 0.0000000000
89199  24.120  15.381  -20.718 0.0000000000
89200  23.803  14.708  -20.369 0.0000000000
89201  22.941  13.574  -20.396 0.0000000000
89202  23.128  14.184  -20.742 0.0000000000
89203  22.784  13.891  -20.984 0.0000000000
89204  22.579  14.263  -21.351 0.0000000000
94477  29.803  20.857  -19.381 0.0000000000
94478  29.385  20.448  -19.451 0.0000000000
94479  29.384  20.540  -18.909 0.0000000000
94480  28.785  20.340  -18.305 0.0000000000
94481  28.095  20.169  -17.661 0.0000000000
96254  36.549  25.421  -17.481 0.0000000000
96255  36.222  24.924  -17.212 0.0000000000
96256  35.800  24.577  -16.737 0.0000000000
96257  36.432  24.760  -16.650 0.0000000000
96258  36.396  24.726  -16.036 0.0000000000
96259  36.352  24.735  -15.403 0.0000000000
98797  28.262  22.317  -14.440 0.0000000000
98798  27.872  21.913  -14.555 0.0000000000
98799  27.668  21.951  -13.944 0.0000000000
98800  27.178  21.514  -13.463 0.0000000000
98801  26.747  20.938  -12.963 0.0000000000
98802  27.055  19.020  -10.888 0.0000000000
98803  26.830  19.226  -11.295 0.0000000000
104872  26.574  21.298  -20.667 0.0000000000
104873  26.180  20.680  -20.837 0.0000000000
104874  26.733  20.691  -20.925 0.0000000000
104875  26.845  20.104  -21.082 0.0000000000
104876  26.916  19.552  -21.125 0.0000000000
104877  27.531  18.873  -19.616 0.0000000000
104878  27.359  18.752  -20.111 0.0000000000
104879  27.031  18.445  -19.632 0.0000000000
104880  26.577  17.965  -19.570 0.0000000000
104881  26.157  17.473  -19.502 0.0000000000
104882  25.713  16.956  -19.319 0.0000000000
104883  25.814  17.151  -18.844 0.0000000000
104884  25.483  16.738  -18.168 0.0000000000
104885  25.342  16.139  -17.537 0.0000000000
104886  26.498  19.893  -14.705 0.0000000000
104887  26.607  19.874  -15.257 0.0000000000
104888  26.263  19.274  -14.745 0.0000000000
104889  26.085  18.666  -14.848 0.0000000000
110185  28.940  25.215  -19.268 0.0000000000
110186  29.300  24.462  -19.787 0.0000000000
110187  29.658  23.740  -20.177 0.0000000000
110188  29.917  23.051  -20.347 0.0000000000
110189  30.158  23.569  -20.199 0.0000000000
110190  30.670  23.394  -20.139 0.0000000000
110191  31.175  23.235  -19.995 0.0000000000
110197  34.399  25.124  -18.568 0.0000000000
110198  33.959  25.448  -18.778 0.0000000000
110199  33.963  24.820  -18.778 0.0000000000
110200  33.581  24.528  -18.934 0.0000000000
110201  33.188  24.204  -19.098 0.0000000000
110202  32.766  23.768  -19.212 0.0000000000
110203  33.059  23.635  -18.800 0.0000000000
110204  32.756  23.187  -18.287 0.0000000000
110205  32.188  22.881  -17.675 0.0000000000
110206  31.411  22.718  -16.993 0.0000000000
110207  31.983  22.999  -17.017 0.0000000000
110208  31.789  23.155  -16.344 0.0000000000
110209  31.561  23.397  -15.717 0.0000000000
110210  33.061  24.389  -14.371 0.0000000000
110211  32.446  24.238  -14.372 0.0000000000
110212  32.200  24.405  -13.742 0.0000000000
110213  31.286  24.329  -13.173 0.0000000000
110214  30.469  24.184  -12.618 0.0000000000
110215  29.651  23.950  -12.061 0.0000000000
110216  30.222  24.245  -12.052 0.0000000000
110217  29.929  24.257  -11.470 0.0000000000
110218  29.633  24.249  -10.879 0.0000000000
110319  38.057  25.921  -10.480 0.0000000000
110320  39.101  25.691  -10.997 0.0000000000
110321  38.771  25.518  -11.244 0.0000000000
110322  39.067  25.272  -11.902 0.0000000000
110323  39.387  25.147  -12.604 0.0000000000
110324  39.593  25.083  -13.310 0.0000000000
110325  38.886  25.080  -12.841 0.0000000000
110326  38.387  25.063  -13.066 0.0000000000
110327  37.838  25.068  -13.247 0.0000000000
110328  37.235  25.026  -13.479 0.0000000000
110329  37.024  25.164  -12.749 0.0000000000
110330  36.171  25.318  -12.228 0.0000000000
110331  35.206  25.475  -11.705 0.0000000000
110336  29.987  25.017  -9.046 0.0000000000
110337  29.621  24.738  -9.194 0.0000000000
113418  24.677  18.211  -21.374 0.0000000000
113419  24.147  18.070  -21.214 0.0000000000
113420  24.369  17.593  -21.428 0.0000000000
113421  24.099  16.938  -21.442 0.0000000000
113422  23.848  16.239  -21.316 0.0000000000
113424  23.578  14.081  -19.999 0.0000000000
115882  27.632  22.373  -12.090 0.0000000000
115883  27.327  21.906  -12.212 0.0000000000
115884  27.237  21.816  -11.654 0.0000000000
115885  26.995  21.138  -11.268 0.0000000000
115886  26.899  20.351  -10.907 0.0000000000
115888  27.043  20.159  -10.491 0.0000000000
115889  27.021  19.598  -10.673 0.0000000000
120607  28.681  21.041  -20.633 0.0000000000
120608  28.216  20.593  -20.734 0.0000000000
120609  28.638  20.540  -20.547 0.0000000000
120610  28.507  20.062  -20.339 0.0000000000
120611  28.309  19.637  -20.004 0.0000000000
120612  28.945  20.098  -19.487 0.0000000000
120613  28.501  19.728  -19.510 0.0000000000
120614  28.021  19.272  -19.561 0.0000000000
120615  27.573  19.037  -19.037 0.0000000000
120616  27.076  18.779  -18.446 0.0000000000
120617  26.543  18.449  -17.793 0.0000000000
124752  34.836  25.434  -18.378 0.0000000000
124753  34.712  24.829  -18.314 0.0000000000
124754  34.529  24.299  -18.018 0.0000000000
124755  34.219  23.895  -17.581 0.0000000000
124756  33.671  23.669  -17.000 0.0000000000
124757  34.204  23.899  -16.953 0.0000000000
124758  34.137  24.011  -16.295 0.0000000000
124759  34.041  24.188  -15.635 0.0000000000
124760  35.271  24.406  -16.192 0.0000000000
124761  34.611  24.368  -15.580 0.0000000000
124762  33.898  24.352  -14.998 0.0000000000
124763  33.675  24.532  -14.358 0.0000000000
124764  33.449  24.732  -13.704 0.0000000000
124765  33.203  24.920  -13.070 0.0000000000
124851  35.628  25.890  -10.660 0.0000000000
127254  25.036  16.367  -20.642 0.0000000000
127255  24.773  16.212  -20.842 0.0000000000
127256  24.714  15.778  -20.332 0.0000000000
127257  24.372  15.165  -20.013 0.0000000000
127258  24.114  14.486  -19.583 0.0000000000
127259  24.388  14.116  -18.778 0.0000000000
127260  24.156  13.977  -18.933 0.0000000000
130492  29.175  21.638  -16.857 0.0000000000
130493  28.720  21.237  -16.917 0.0000000000
130494  28.479  21.479  -16.276 0.0000000000
130495  27.791  21.229  -15.690 0.0000000000
130496  27.230  20.883  -15.183 0.0000000000
130497  27.466  21.469  -14.590 0.0000000000
130498  27.097  20.956  -14.639 0.0000000000
130499  26.774  20.425  -14.669 0.0000000000
130500  26.405  19.887  -14.152 0.0000000000
130501  26.232  19.272  -13.769 0.0000000000
130502  26.240  18.598  -13.428 0.0000000000
130503  27.010  21.404  -12.313 0.0000000000
130504  26.671  20.826  -12.379 0.0000000000
130505  26.549  20.276  -12.539 0.0000000000
130506  26.641  19.415  -11.745 0.0000000000
130507  26.511  19.580  -12.186 0.0000000000
130508  26.443  19.673  -12.667 0.0000000000
130509  26.337  19.069  -12.777 0.0000000000
130510  26.369  18.467  -12.954 0.0000000000
143126  24.847  19.376  -20.915 0.0000000000
143127  25.858  20.081  -21.075 0.0000000000
143128  25.428  19.451  -21.144 0.0000000000
143129  25.057  18.816  -21.281 0.0000000000
143130  25.190  18.297  -21.437 0.0000000000
143131  25.342  17.777  -21.425 0.0000000000
143132  25.416  17.291  -21.251 0.0000000000
143133  27.742  20.108  -20.824 0.0000000000
143134  27.371  19.575  -20.907 0.0000000000
143135  26.891  19.065  -20.989 0.0000000000
143136  27.155  18.658  -20.494 0.0000000000
143137  26.844  18.584  -20.789 0.0000000000
143138  26.491  18.494  -21.065 0.0000000000
143139  26.112  17.896  -21.127 0.0000000000
143140  25.755  17.372  -21.038 0.0000000000
143141  25.379  16.841  -20.896 0.0000000000
143142  25.252  16.427  -20.330 0.0000000000
143143  25.064  16.034  -19.756 0.0000000000
143144  24.885  15.656  -19.179 0.0000000000
143145  25.326  16.421  -19.071 0.0000000000
143146  25.035  15.832  -18.829 0.0000000000
143151  28.248  20.813  -16.974 0.0000000000
143152  27.842  20.385  -16.989 0.0000000000
143153  27.417  19.963  -17.024 0.0000000000
143154  26.662  19.762  -15.802 0.0000000000
143155  26.853  19.694  -16.437 0.0000000000
143156  27.070  19.524  -17.120 0.0000000000
143157  26.762  19.053  -17.169 0.0000000000
143158  26.446  18.549  -17.155 0.0000000000
143159  26.112  18.054  -17.154 0.0000000000
143166  25.820  17.557  -16.057 0.0000000000
143167  25.816  17.535  -16.562 0.0000000000
143168  25.850  17.489  -17.135 0.0000000000
153798  25.680  21.805  -19.849 0.0000000000
153800  25.896  22.480  -19.478 0.0000000000
153801  26.263  21.935  -20.213 0.0000000000
153802  26.870  21.887  -20.478 0.0000000000
153803  27.457  21.806  -20.630 0.0000000000
153804  28.008  21.717  -20.673 0.0000000000
153808  27.998  24.810  -19.174 0.0000000000
153809  27.768  24.240  -19.430 0.0000000000
153810  27.590  23.647  -19.734 0.0000000000
153811  27.955  22.923  -20.247 0.0000000000
153812  28.298  22.241  -20.516 0.0000000000
153813  28.535  21.621  -20.643 0.0000000000
153814  29.015  21.508  -20.591 0.0000000000
153815  29.416  21.446  -20.478 0.0000000000
153816  29.774  21.392  -20.232 0.0000000000
153817  30.105  22.427  -20.377 0.0000000000
153818  30.170  21.881  -20.267 0.0000000000
153819  30.038  21.305  -19.868 0.0000000000
153820  30.210  21.253  -19.429 0.0000000000
153821  30.285  21.296  -18.917 0.0000000000
153822  30.182  21.451  -18.255 0.0000000000
153835  33.419  25.820  -18.938 0.0000000000
153839  31.545  25.555  -19.456 0.0000000000
153840  31.246  25.053  -19.661 0.0000000000
153841  31.413  24.371  -19.841 0.0000000000
153842  31.547  23.694  -19.845 0.0000000000
153843  31.583  23.087  -19.737 0.0000000000
153844  32.312  23.314  -19.278 0.0000000000
153845  31.869  22.881  -19.353 0.0000000000
153846  31.459  22.501  -19.405 0.0000000000
153847  31.193  22.061  -18.943 0.0000000000
153848  30.663  21.796  -18.318 0.0000000000
153849  29.934  21.694  -17.569 0.0000000000
153850  29.708  21.971  -16.911 0.0000000000
153851  29.435  22.214  -16.245 0.0000000000
153852  29.157  22.403  -15.610 0.0000000000
153853  30.565  22.713  -16.303 0.0000000000
153854  29.746  22.690  -15.658 0.0000000000
153855  28.981  22.574  -15.049 0.0000000000
153856  28.776  22.684  -14.482 0.0000000000
153857  28.614  22.770  -13.897 0.0000000000
153858  28.433  22.810  -13.292 0.0000000000
153859  32.911  23.606  -16.340 0.0000000000
153860  32.128  23.597  -15.721 0.0000000000
153861  31.349  23.624  -15.076 0.0000000000
153862  31.803  24.056  -14.385 0.0000000000
153863  31.155  23.818  -14.424 0.0000000000
153864  30.546  23.596  -14.439 0.0000000000
153865  29.695  23.430  -13.821 0.0000000000
153866  28.941  23.172  -13.257 0.0000000000
153867  28.263  22.823  -12.694 0.0000000000
153868  28.116  22.818  -12.127 0.0000000000
153869  27.937  22.758  -11.558 0.0000000000
153870  27.853  22.668  -10.971 0.0000000000
153871  28.884  23.642  -11.529 0.0000000000
153872  28.250  23.128  -10.949 0.0000000000
153873  27.777  22.538  -10.436 0.0000000000
154073  42.231  26.363  -13.735 0.0000000000
154074  41.822  26.126  -13.955 0.0000000000
154075  40.341  26.276  -10.442 0.0000000000
154076  40.824  25.936  -11.193 0.0000000000
154077  41.215  25.708  -11.891 0.0000000000
154078  39.994  25.541  -11.509 0.0000000000
154079  40.799  25.472  -12.037 0.0000000000
154080  41.494  25.581  -12.521 0.0000000000
154081  41.586  25.592  -13.091 0.0000000000
154082  41.539  25.707  -13.645 0.0000000000
154083  41.401  25.955  -14.172 0.0000000000
154084  41.003  25.795  -14.472 0.0000000000
154085  40.479  25.737  -14.712 0.0000000000
154086  40.013  25.619  -14.978 0.0000000000
154087  39.663  25.122  -13.986 0.0000000000
154088  39.636  25.280  -14.628 0.0000000000
154089  39.521  25.548  -15.252 0.0000000000
154090  39.062  25.408  -15.564 0.0000000000
154091  38.565  25.343  -15.865 0.0000000000
154092  38.116  25.244  -16.143 0.0000000000
154093  37.557  24.952  -15.748 0.0000000000
154094  36.970  24.816  -15.225 0.0000000000
154095  36.257  24.802  -14.660 0.0000000000
154096  36.702  25.018  -13.706 0.0000000000
154097  36.112  24.947  -13.907 0.0000000000
154098  35.505  24.883  -14.072 0.0000000000
154099  34.696  24.961  -13.498 0.0000000000
154100  33.819  25.050  -12.926 0.0000000000
154101  32.852  25.073  -12.365 0.0000000000
154102  35.111  25.792  -10.821 0.0000000000
154103  34.635  25.712  -11.029 0.0000000000
154104  34.103  25.626  -11.161 0.0000000000
154105  32.400  25.768  -9.939 0.0000000000
154106  32.991  25.638  -10.609 0.0000000000
154107  33.587  25.484  -11.346 0.0000000000
154108  33.045  25.317  -11.525 0.0000000000
154109  32.468  25.145  -11.679 0.0000000000
154110  31.896  24.975  -11.793 0.0000000000
154111  30.968  24.812  -11.237 0.0000000000
154112  30.096  24.574  -10.706 0.0000000000
154113  29.319  24.224  -10.177 0.0000000000
154114  29.305  24.446  -9.369 0.0000000000
154115  28.977  24.106  -9.506 0.0000000000
154116  28.642  23.709  -9.667 0.0000000000
160281  23.597  17.881  -20.997 0.0000000000
160282  23.041  17.617  -20.820 0.0000000000
160283  22.491  17.287  -20.745 0.0000000000
160284  22.248  16.504  -21.080 0.0000000000
160287  24.399  16.043  -20.989 0.0000000000
160288  24.013  15.798  -21.113 0.0000000000
160289  23.617  15.544  -21.245 0.0000000000
160290  23.472  14.468  -20.583 0.0000000000
160291  23.349  14.849  -21.037 0.0000000000
160292  23.193  15.256  -21.360 0.0000000000
160293  22.751  14.947  -21.443 0.0000000000
