#!ascii label  , from subject fsaverage vox2ras=TkReg
877
319  56.480  -36.409  18.049 0.0000000000
320  64.885  -35.522  12.343 0.0000000000
321  62.728  -38.708  19.675 0.0000000000
584  60.416  -40.176  27.528 0.0000000000
799  55.305  -38.122  22.313 0.0000000000
800  60.587  -36.805  18.482 0.0000000000
801  59.756  -37.894  23.198 0.0000000000
1297  56.115  -42.007  27.317 0.0000000000
1298  58.742  -42.791  23.575 0.0000000000
1299  55.288  -44.210  25.014 0.0000000000
1729  62.305  -34.747  15.189 0.0000000000
1730  64.327  -37.454  15.775 0.0000000000
2391  61.591  -39.710  23.357 0.0000000000
2392  60.022  -41.869  19.352 0.0000000000
2720  57.663  -38.047  22.617 0.0000000000
3218  55.897  -43.278  26.345 0.0000000000
3835  52.960  -37.371  20.370 0.0000000000
3837  53.400  -36.565  18.132 0.0000000000
3838  54.006  -35.576  15.841 0.0000000000
3839  57.037  -35.286  16.272 0.0000000000
3840  60.162  -34.042  14.976 0.0000000000
3841  59.588  -35.320  16.577 0.0000000000
3842  62.234  -37.510  19.153 0.0000000000
3843  63.061  -36.814  17.325 0.0000000000
3844  63.389  -38.075  17.507 0.0000000000
3846  62.613  -39.757  17.536 0.0000000000
5328  59.860  -40.702  30.082 0.0000000000
5332  62.186  -38.908  27.614 0.0000000000
5333  62.006  -38.446  25.435 0.0000000000
5334  60.948  -39.951  25.205 0.0000000000
5335  57.797  -43.597  21.833 0.0000000000
5336  59.597  -42.538  21.341 0.0000000000
6047  55.651  -37.416  20.071 0.0000000000
6048  58.824  -36.432  18.249 0.0000000000
6049  57.978  -37.425  20.208 0.0000000000
6050  60.030  -37.548  20.482 0.0000000000
6051  61.668  -37.922  21.451 0.0000000000
6942  57.318  -40.895  29.746 0.0000000000
6943  57.996  -41.117  27.122 0.0000000000
6944  58.998  -41.334  25.144 0.0000000000
6945  57.631  -42.620  25.667 0.0000000000
6946  57.062  -43.521  24.238 0.0000000000
6947  56.008  -44.231  22.862 0.0000000000
7875  64.547  -34.840  14.067 0.0000000000
7876  61.422  -35.922  16.697 0.0000000000
7877  63.930  -35.860  15.542 0.0000000000
7878  64.719  -36.625  14.066 0.0000000000
9729  60.632  -37.845  25.347 0.0000000000
9730  61.725  -38.144  23.478 0.0000000000
9731  62.124  -39.258  21.583 0.0000000000
9732  60.102  -41.247  23.106 0.0000000000
9733  60.934  -40.826  21.317 0.0000000000
9734  61.766  -40.380  19.500 0.0000000000
9735  60.705  -41.381  17.393 0.0000000000
11515  54.683  -37.027  19.103 0.0000000000
11516  53.235  -37.012  19.230 0.0000000000
11517  54.978  -36.479  18.078 0.0000000000
11518  55.267  -35.935  17.124 0.0000000000
11519  56.773  -35.819  17.138 0.0000000000
11520  58.306  -35.234  16.486 0.0000000000
11521  58.076  -35.805  17.269 0.0000000000
11522  62.660  -37.995  19.435 0.0000000000
11523  62.981  -37.672  18.386 0.0000000000
11524  63.064  -38.388  18.528 0.0000000000
11525  63.098  -38.874  17.567 0.0000000000
11526  62.794  -39.189  18.617 0.0000000000
13008  60.210  -40.419  28.827 0.0000000000
13010  61.308  -39.789  28.974 0.0000000000
13011  62.233  -39.044  28.978 0.0000000000
13012  61.488  -39.595  27.579 0.0000000000
13013  61.692  -39.422  26.481 0.0000000000
13014  60.649  -40.054  26.326 0.0000000000
13015  57.176  -43.848  21.170 0.0000000000
13087  65.035  -34.524  12.405 0.0000000000
13918  54.013  -37.769  21.280 0.0000000000
13919  55.331  -37.903  21.112 0.0000000000
13920  56.822  -37.401  20.149 0.0000000000
13921  56.516  -37.863  21.171 0.0000000000
13922  58.776  -38.002  22.836 0.0000000000
13923  58.778  -37.791  21.503 0.0000000000
13924  59.774  -37.765  21.787 0.0000000000
13925  60.924  -37.689  20.915 0.0000000000
13926  60.701  -37.768  22.264 0.0000000000
15410  56.525  -41.274  28.356 0.0000000000
15411  57.672  -40.956  28.406 0.0000000000
15412  56.955  -41.595  27.107 0.0000000000
15413  57.668  -41.838  26.250 0.0000000000
15414  56.898  -42.296  26.495 0.0000000000
15415  55.660  -43.726  25.642 0.0000000000
15416  56.559  -43.428  25.261 0.0000000000
15417  56.138  -43.781  24.476 0.0000000000
15418  56.523  -43.867  23.383 0.0000000000
15419  55.616  -44.247  23.818 0.0000000000
17275  55.803  -34.907  14.993 0.0000000000
17276  54.324  -34.967  14.784 0.0000000000
17277  56.166  -34.315  13.960 0.0000000000
17282  61.325  -34.268  15.153 0.0000000000
17283  61.752  -33.693  14.429 0.0000000000
17284  62.708  -34.126  14.538 0.0000000000
17285  64.011  -34.061  13.940 0.0000000000
17286  63.625  -34.697  14.634 0.0000000000
17287  59.678  -36.574  18.270 0.0000000000
17288  60.091  -36.101  17.403 0.0000000000
17289  60.939  -36.395  17.525 0.0000000000
17290  63.943  -36.976  16.594 0.0000000000
17291  63.532  -36.309  16.408 0.0000000000
17292  64.294  -36.627  15.745 0.0000000000
17293  64.572  -36.184  14.839 0.0000000000
17294  64.605  -37.058  14.979 0.0000000000
17296  64.300  -37.998  14.913 0.0000000000
21759  61.122  -37.767  26.459 0.0000000000
21760  61.843  -39.028  24.355 0.0000000000
21761  61.833  -38.222  24.466 0.0000000000
21762  61.893  -38.842  23.506 0.0000000000
21763  62.005  -38.741  22.604 0.0000000000
21764  61.855  -39.476  22.529 0.0000000000
21765  58.875  -42.088  24.351 0.0000000000
21766  59.566  -41.317  24.148 0.0000000000
21767  59.476  -42.067  23.297 0.0000000000
21768  59.796  -42.194  20.366 0.0000000000
21769  60.233  -41.710  21.376 0.0000000000
21770  60.561  -41.409  20.338 0.0000000000
21771  61.343  -40.576  20.408 0.0000000000
21772  60.921  -41.187  19.438 0.0000000000
21773  61.365  -40.938  18.542 0.0000000000
21774  60.338  -41.590  18.434 0.0000000000
23327  55.198  -38.335  23.598 0.0000000000
23328  56.499  -38.147  22.418 0.0000000000
23329  56.411  -38.304  23.746 0.0000000000
23330  57.729  -38.182  23.936 0.0000000000
23331  58.904  -38.053  24.209 0.0000000000
24223  55.177  -42.353  27.697 0.0000000000
24224  56.018  -42.632  26.860 0.0000000000
24225  55.141  -43.025  27.233 0.0000000000
25338  51.654  -37.105  19.236 0.0000000000
25339  51.880  -36.733  17.982 0.0000000000
25341  53.698  -36.135  16.976 0.0000000000
25342  55.555  -35.419  16.028 0.0000000000
25343  57.285  -34.785  15.260 0.0000000000
25344  58.930  -34.132  14.614 0.0000000000
25345  58.534  -34.684  15.585 0.0000000000
25346  59.813  -34.682  15.804 0.0000000000
25347  60.963  -34.944  15.763 0.0000000000
25348  61.488  -37.146  18.780 0.0000000000
25349  61.878  -36.768  17.867 0.0000000000
25350  62.631  -37.098  18.162 0.0000000000
25351  63.438  -37.333  17.451 0.0000000000
25352  63.889  -37.788  16.551 0.0000000000
25353  63.987  -38.315  15.709 0.0000000000
25354  63.558  -38.661  16.548 0.0000000000
25355  62.955  -39.522  16.637 0.0000000000
25356  62.227  -40.306  16.737 0.0000000000
28029  62.424  -38.318  28.871 0.0000000000
28030  62.260  -38.172  27.559 0.0000000000
28031  61.961  -38.022  26.454 0.0000000000
28032  62.179  -38.673  26.409 0.0000000000
28033  61.782  -39.190  25.333 0.0000000000
28034  61.215  -39.836  24.118 0.0000000000
28035  58.311  -43.298  22.668 0.0000000000
28036  59.252  -42.710  22.406 0.0000000000
28037  58.727  -43.115  21.451 0.0000000000
28038  59.014  -42.891  20.336 0.0000000000
28039  59.272  -42.565  19.296 0.0000000000
29470  54.324  -37.397  20.188 0.0000000000
29471  56.081  -36.991  19.016 0.0000000000
29472  57.707  -36.413  18.132 0.0000000000
29473  57.216  -36.936  19.181 0.0000000000
29474  58.331  -36.944  19.215 0.0000000000
29475  59.213  -37.056  19.282 0.0000000000
29476  57.679  -37.805  21.332 0.0000000000
29477  58.960  -37.464  20.314 0.0000000000
29478  60.271  -37.187  19.426 0.0000000000
29479  61.197  -37.461  19.800 0.0000000000
29480  61.889  -37.775  20.246 0.0000000000
29481  62.362  -38.271  20.623 0.0000000000
31559  58.654  -40.807  29.964 0.0000000000
31560  58.931  -40.720  28.586 0.0000000000
31561  59.120  -40.672  27.283 0.0000000000
31562  59.486  -40.723  26.259 0.0000000000
31563  58.481  -41.261  26.115 0.0000000000
31564  58.286  -41.998  25.337 0.0000000000
31565  58.218  -42.767  24.702 0.0000000000
31566  56.785  -42.932  25.983 0.0000000000
31567  57.465  -43.167  25.021 0.0000000000
31568  57.970  -43.288  23.941 0.0000000000
31569  57.412  -43.562  22.978 0.0000000000
31570  56.872  -43.907  22.302 0.0000000000
31571  56.314  -44.148  21.841 0.0000000000
33992  64.732  -34.218  13.294 0.0000000000
33993  64.944  -35.147  13.286 0.0000000000
33994  59.280  -35.877  17.293 0.0000000000
33995  60.581  -35.558  16.543 0.0000000000
33996  61.930  -35.353  15.878 0.0000000000
33997  62.316  -36.349  16.961 0.0000000000
33998  62.851  -35.855  16.102 0.0000000000
33999  63.231  -35.243  15.345 0.0000000000
34000  64.261  -35.445  14.774 0.0000000000
34001  64.750  -35.719  14.051 0.0000000000
39425  60.158  -37.883  24.285 0.0000000000
39426  61.613  -37.870  25.434 0.0000000000
39427  61.309  -37.836  24.386 0.0000000000
39428  60.961  -37.821  23.349 0.0000000000
39429  61.609  -38.023  22.575 0.0000000000
39430  62.165  -38.478  21.628 0.0000000000
39431  62.434  -39.037  20.626 0.0000000000
39432  59.926  -40.692  25.128 0.0000000000
39433  60.384  -40.560  24.019 0.0000000000
39434  60.831  -40.492  23.120 0.0000000000
39435  59.961  -41.962  22.281 0.0000000000
39436  60.577  -41.085  22.192 0.0000000000
39437  61.241  -40.307  22.275 0.0000000000
39438  61.641  -40.006  21.525 0.0000000000
39439  62.064  -39.802  20.537 0.0000000000
39440  62.468  -39.510  19.574 0.0000000000
39441  62.215  -40.056  18.486 0.0000000000
39442  61.709  -40.606  17.516 0.0000000000
39443  61.202  -41.078  16.636 0.0000000000
39444  59.814  -42.020  17.283 0.0000000000
42235  55.569  -36.742  18.581 0.0000000000
42236  54.864  -36.756  18.575 0.0000000000
42237  55.754  -36.449  18.058 0.0000000000
42238  55.881  -36.149  17.580 0.0000000000
42239  56.659  -36.099  17.549 0.0000000000
42240  57.426  -35.768  17.185 0.0000000000
42241  57.254  -36.124  17.620 0.0000000000
42242  62.745  -38.346  19.581 0.0000000000
42243  62.891  -38.185  19.004 0.0000000000
42244  62.903  -38.550  19.081 0.0000000000
42245  62.962  -38.789  18.566 0.0000000000
42246  62.825  -38.926  19.160 0.0000000000
43728  60.331  -40.283  28.199 0.0000000000
43729  60.771  -40.111  28.941 0.0000000000
43730  60.860  -39.981  28.309 0.0000000000
43731  61.401  -39.693  28.316 0.0000000000
43732  60.984  -39.886  27.566 0.0000000000
43733  61.074  -39.802  26.959 0.0000000000
43734  60.547  -40.114  26.905 0.0000000000
43735  56.912  -43.934  20.893 0.0000000000
43807  65.023  -35.040  12.363 0.0000000000
43808  65.096  -34.726  11.912 0.0000000000
43809  64.977  -35.178  11.870 0.0000000000
44635  54.529  -38.235  23.061 0.0000000000
44637  54.614  -38.105  22.417 0.0000000000
44638  54.620  -37.993  21.813 0.0000000000
44639  55.326  -38.004  21.702 0.0000000000
44640  55.908  -37.868  21.118 0.0000000000
44641  55.888  -38.009  21.726 0.0000000000
44642  59.227  -37.967  23.031 0.0000000000
44643  59.231  -37.904  22.312 0.0000000000
44644  59.726  -37.836  22.521 0.0000000000
44645  60.238  -37.743  22.032 0.0000000000
44646  60.232  -37.792  22.707 0.0000000000
46128  55.751  -41.811  27.866 0.0000000000
46129  55.983  -41.448  28.423 0.0000000000
46130  56.248  -41.621  27.774 0.0000000000
46131  56.738  -41.424  27.719 0.0000000000
46132  56.549  -41.819  27.184 0.0000000000
46133  56.939  -41.963  26.785 0.0000000000
46134  56.507  -42.137  26.923 0.0000000000
46135  55.496  -43.966  25.292 0.0000000000
46136  55.931  -43.761  25.032 0.0000000000
46137  55.717  -43.985  24.622 0.0000000000
46138  55.903  -44.012  24.110 0.0000000000
46139  55.456  -44.209  24.398 0.0000000000
47995  56.725  -34.581  14.596 0.0000000000
47996  55.971  -34.629  14.482 0.0000000000
47997  56.906  -34.315  14.095 0.0000000000
48002  61.817  -34.477  15.110 0.0000000000
48003  62.035  -34.150  14.822 0.0000000000
48004  62.502  -34.412  14.840 0.0000000000
48005  63.220  -34.393  14.575 0.0000000000
48006  62.978  -34.700  14.916 0.0000000000
48007  60.104  -36.665  18.341 0.0000000000
48008  60.323  -36.453  17.885 0.0000000000
48009  60.783  -36.594  18.006 0.0000000000
48010  64.168  -37.189  16.180 0.0000000000
48011  64.122  -36.802  16.152 0.0000000000
48012  64.353  -37.016  15.765 0.0000000000
48013  64.489  -36.838  15.351 0.0000000000
48014  64.477  -37.301  15.355 0.0000000000
48015  64.505  -37.586  14.930 0.0000000000
48016  64.402  -37.787  15.355 0.0000000000
52473  61.757  -37.761  28.134 0.0000000000
52480  61.699  -39.338  23.818 0.0000000000
52481  61.880  -38.942  23.892 0.0000000000
52482  61.794  -39.290  23.401 0.0000000000
52483  61.885  -39.184  22.998 0.0000000000
52484  61.698  -39.618  22.921 0.0000000000
52485  58.856  -42.468  23.965 0.0000000000
52486  59.166  -42.074  23.825 0.0000000000
52487  59.114  -42.451  23.424 0.0000000000
52488  59.908  -42.036  19.817 0.0000000000
52489  60.168  -41.795  20.372 0.0000000000
52490  60.314  -41.674  19.855 0.0000000000
52491  60.781  -41.324  19.884 0.0000000000
52492  60.468  -41.533  19.398 0.0000000000
52493  60.623  -41.401  18.948 0.0000000000
52494  60.179  -41.729  18.889 0.0000000000
54240  55.797  -38.345  23.665 0.0000000000
54243  57.067  -38.279  24.544 0.0000000000
54244  57.722  -38.236  24.628 0.0000000000
54245  58.325  -38.136  24.014 0.0000000000
55733  55.171  -42.689  27.471 0.0000000000
55734  54.718  -42.906  27.650 0.0000000000
57587  52.192  -37.397  20.401 0.0000000000
57588  53.303  -36.782  18.710 0.0000000000
57589  52.438  -37.046  19.266 0.0000000000
57590  52.524  -36.831  18.697 0.0000000000
57591  51.737  -36.932  18.612 0.0000000000
57592  52.646  -36.638  18.082 0.0000000000
57593  52.793  -36.431  17.469 0.0000000000
57594  53.544  -36.353  17.547 0.0000000000
57595  56.162  -35.606  16.701 0.0000000000
57596  55.437  -35.657  16.559 0.0000000000
57597  56.301  -35.347  16.159 0.0000000000
57598  56.419  -35.105  15.650 0.0000000000
57599  57.150  -35.064  15.744 0.0000000000
57600  57.887  -34.747  15.431 0.0000000000
57601  57.752  -35.005  15.911 0.0000000000
57602  58.977  -35.260  16.551 0.0000000000
57603  59.081  -34.955  16.160 0.0000000000
57604  59.683  -35.000  16.207 0.0000000000
57605  60.375  -34.786  15.814 0.0000000000
57606  60.265  -35.112  16.172 0.0000000000
57607  61.930  -37.316  18.947 0.0000000000
57608  62.068  -37.124  18.483 0.0000000000
57609  62.414  -37.302  18.624 0.0000000000
57610  63.202  -37.843  18.011 0.0000000000
57611  63.179  -37.460  17.893 0.0000000000
57612  63.448  -37.687  17.474 0.0000000000
57613  63.734  -37.523  17.031 0.0000000000
57614  63.636  -37.937  16.986 0.0000000000
57615  63.744  -38.251  16.544 0.0000000000
57616  63.525  -38.372  16.995 0.0000000000
57617  62.878  -39.299  17.566 0.0000000000
57618  63.078  -39.196  17.139 0.0000000000
57619  62.779  -39.646  17.084 0.0000000000
57620  62.612  -39.948  16.649 0.0000000000
57621  62.435  -40.051  17.122 0.0000000000
62073  62.233  -38.973  28.328 0.0000000000
62074  62.431  -38.666  28.962 0.0000000000
62075  62.391  -38.599  28.295 0.0000000000
62076  62.381  -38.269  28.181 0.0000000000
62077  62.300  -38.519  27.584 0.0000000000
62078  62.278  -38.417  26.939 0.0000000000
62079  62.208  -38.789  27.023 0.0000000000
62080  61.296  -39.671  25.866 0.0000000000
62081  61.733  -39.284  25.900 0.0000000000
62082  61.401  -39.605  25.296 0.0000000000
62083  61.441  -39.543  24.719 0.0000000000
62084  61.078  -39.908  24.618 0.0000000000
62085  58.057  -43.403  22.215 0.0000000000
62086  58.531  -43.184  22.054 0.0000000000
62087  58.261  -43.340  21.597 0.0000000000
64795  54.771  -37.622  20.671 0.0000000000
64796  54.154  -37.575  20.742 0.0000000000
64797  54.965  -37.421  20.134 0.0000000000
64798  55.152  -37.220  19.597 0.0000000000
64799  55.862  -37.218  19.537 0.0000000000
64800  56.655  -36.984  19.074 0.0000000000
64801  56.440  -37.187  19.608 0.0000000000
64802  57.413  -37.405  20.180 0.0000000000
64803  57.584  -37.168  19.709 0.0000000000
64804  58.172  -37.153  19.719 0.0000000000
64805  58.800  -36.980  19.240 0.0000000000
64806  58.623  -37.209  19.753 0.0000000000
64807  57.074  -38.121  22.507 0.0000000000
64808  57.087  -37.988  21.858 0.0000000000
64809  57.653  -37.949  21.952 0.0000000000
64810  59.373  -37.652  20.968 0.0000000000
64811  58.871  -37.594  20.861 0.0000000000
64812  59.487  -37.507  20.380 0.0000000000
64813  59.603  -37.306  19.848 0.0000000000
64814  60.155  -37.394  19.925 0.0000000000
64815  60.778  -37.321  19.545 0.0000000000
64816  60.640  -37.461  20.118 0.0000000000
64817  61.311  -37.804  21.178 0.0000000000
64818  61.452  -37.677  20.614 0.0000000000
64819  61.758  -37.861  20.832 0.0000000000
64820  62.170  -37.985  20.459 0.0000000000
64821  62.031  -38.074  21.036 0.0000000000
69272  57.965  -40.838  29.827 0.0000000000
69273  57.853  -40.996  27.775 0.0000000000
69274  58.297  -40.826  28.481 0.0000000000
69275  58.440  -40.862  27.822 0.0000000000
69276  59.066  -40.703  27.943 0.0000000000
69277  58.555  -40.893  27.178 0.0000000000
69278  58.763  -40.945  26.680 0.0000000000
69279  58.246  -41.202  26.607 0.0000000000
69280  57.673  -42.246  25.942 0.0000000000
69281  57.991  -41.917  25.786 0.0000000000
69282  57.972  -42.318  25.488 0.0000000000
69283  58.264  -42.387  25.038 0.0000000000
69284  57.936  -42.714  25.217 0.0000000000
69285  55.963  -42.982  26.619 0.0000000000
69286  56.386  -42.793  26.447 0.0000000000
69287  56.344  -43.101  26.153 0.0000000000
69288  56.806  -43.471  24.723 0.0000000000
69289  57.007  -43.277  25.121 0.0000000000
69290  57.292  -43.362  24.610 0.0000000000
69291  57.736  -43.249  24.493 0.0000000000
69292  57.523  -43.397  24.082 0.0000000000
69293  57.696  -43.421  23.460 0.0000000000
69294  57.252  -43.546  23.640 0.0000000000
69295  56.284  -44.067  23.106 0.0000000000
69296  56.689  -43.881  22.843 0.0000000000
69297  56.439  -44.067  22.583 0.0000000000
69298  56.567  -44.052  22.082 0.0000000000
69299  56.176  -44.209  22.370 0.0000000000
74865  53.090  -35.925  16.331 0.0000000000
74867  53.258  -35.615  15.779 0.0000000000
74868  54.463  -34.681  14.264 0.0000000000
74887  59.522  -34.102  14.834 0.0000000000
74888  59.713  -33.813  14.370 0.0000000000
74897  64.327  -34.438  14.019 0.0000000000
74898  64.441  -34.126  13.635 0.0000000000
74899  64.664  -34.524  13.713 0.0000000000
74900  64.864  -34.656  13.319 0.0000000000
74901  64.789  -34.950  13.708 0.0000000000
74902  58.326  -36.401  18.183 0.0000000000
74903  58.531  -36.137  17.683 0.0000000000
74904  59.047  -36.181  17.741 0.0000000000
74905  60.747  -35.981  17.028 0.0000000000
74906  60.351  -35.779  16.961 0.0000000000
74907  61.003  -35.723  16.602 0.0000000000
74908  61.240  -35.472  16.181 0.0000000000
74909  61.661  -35.642  16.273 0.0000000000
74910  62.503  -36.782  17.574 0.0000000000
74911  62.088  -36.561  17.425 0.0000000000
74912  62.714  -36.578  17.147 0.0000000000
74913  63.765  -36.040  15.981 0.0000000000
74914  63.225  -36.043  16.268 0.0000000000
74915  63.443  -35.811  15.837 0.0000000000
74916  63.055  -35.556  15.715 0.0000000000
74917  63.630  -35.552  15.468 0.0000000000
74918  63.793  -35.313  15.074 0.0000000000
74919  64.084  -35.665  15.143 0.0000000000
74920  64.713  -36.400  14.468 0.0000000000
74921  64.668  -35.976  14.432 0.0000000000
74922  64.760  -36.168  14.053 0.0000000000
74923  64.831  -35.909  13.648 0.0000000000
74924  64.770  -36.369  13.656 0.0000000000
74932  63.718  -38.784  15.663 0.0000000000
74933  63.854  -38.558  15.302 0.0000000000
88315  60.255  -37.920  25.851 0.0000000000
88316  59.527  -38.029  25.800 0.0000000000
88317  59.989  -37.938  25.296 0.0000000000
88318  59.749  -37.959  24.706 0.0000000000
88319  60.401  -37.839  24.792 0.0000000000
88320  62.041  -38.190  25.975 0.0000000000
88321  61.777  -37.969  25.952 0.0000000000
88322  61.878  -38.120  25.445 0.0000000000
88323  61.772  -38.143  23.967 0.0000000000
88324  61.631  -37.917  24.422 0.0000000000
88325  61.527  -37.924  23.933 0.0000000000
88326  61.119  -37.823  23.908 0.0000000000
88327  61.413  -37.864  23.475 0.0000000000
88328  61.295  -37.888  22.945 0.0000000000
88329  61.651  -38.086  23.042 0.0000000000
88330  62.104  -39.016  22.085 0.0000000000
88331  62.088  -38.589  22.148 0.0000000000
88332  62.198  -38.875  21.618 0.0000000000
88333  62.355  -38.774  21.167 0.0000000000
88334  62.277  -39.167  21.069 0.0000000000
88335  59.198  -41.025  25.650 0.0000000000
88336  59.705  -40.725  25.690 0.0000000000
88337  59.456  -41.022  25.156 0.0000000000
88338  59.836  -41.282  23.615 0.0000000000
88339  59.954  -40.939  24.056 0.0000000000
88340  60.185  -40.886  23.548 0.0000000000
88341  60.586  -40.529  23.541 0.0000000000
88342  60.453  -40.869  23.089 0.0000000000
88343  59.437  -42.643  21.834 0.0000000000
88344  59.626  -42.357  22.312 0.0000000000
88345  59.800  -42.269  21.843 0.0000000000
88346  60.575  -41.270  21.316 0.0000000000
88347  60.398  -41.398  21.786 0.0000000000
88348  60.758  -40.969  21.754 0.0000000000
88349  60.917  -40.689  22.212 0.0000000000
88350  61.095  -40.547  21.786 0.0000000000
88351  61.436  -40.169  21.917 0.0000000000
88352  61.292  -40.403  21.392 0.0000000000
88353  61.533  -40.496  19.938 0.0000000000
88354  61.696  -40.179  20.467 0.0000000000
88355  61.907  -40.122  19.994 0.0000000000
88356  62.254  -39.708  20.063 0.0000000000
88357  62.152  -39.984  19.516 0.0000000000
88358  62.357  -39.789  19.031 0.0000000000
88359  61.998  -40.238  19.012 0.0000000000
88360  61.064  -41.176  17.994 0.0000000000
88361  61.535  -40.766  18.037 0.0000000000
88362  61.197  -40.995  17.463 0.0000000000
88363  61.440  -40.867  17.056 0.0000000000
88364  60.955  -41.243  17.022 0.0000000000
94455  53.846  -37.196  19.710 0.0000000000
94456  53.104  -37.196  19.789 0.0000000000
94457  54.025  -36.989  19.123 0.0000000000
94458  54.111  -36.756  18.596 0.0000000000
94459  54.174  -36.515  18.126 0.0000000000
94460  54.282  -36.270  17.607 0.0000000000
94461  55.066  -36.219  17.645 0.0000000000
94462  56.008  -35.895  17.167 0.0000000000
94463  56.906  -35.558  16.729 0.0000000000
94464  57.649  -35.273  16.384 0.0000000000
94465  57.543  -35.519  16.798 0.0000000000
94466  58.200  -35.487  16.861 0.0000000000
94467  58.872  -35.544  16.947 0.0000000000
94468  62.472  -37.729  19.313 0.0000000000
94469  62.673  -37.537  18.764 0.0000000000
94470  62.814  -37.856  18.916 0.0000000000
94471  63.058  -38.033  18.531 0.0000000000
94472  63.171  -38.219  18.035 0.0000000000
94473  63.285  -38.477  17.531 0.0000000000
94474  63.090  -38.604  18.043 0.0000000000
94475  62.954  -39.022  18.081 0.0000000000
94476  62.712  -39.469  18.077 0.0000000000
97142  60.040  -40.551  29.465 0.0000000000
97144  60.638  -40.294  29.538 0.0000000000
97145  61.215  -39.939  29.608 0.0000000000
97146  61.728  -39.561  29.535 0.0000000000
97148  61.806  -39.447  28.963 0.0000000000
97149  61.891  -39.351  28.324 0.0000000000
97150  61.910  -39.289  27.652 0.0000000000
97151  61.964  -39.165  27.055 0.0000000000
97152  61.570  -39.505  27.027 0.0000000000
97153  61.176  -39.729  26.411 0.0000000000
97154  60.779  -40.020  25.784 0.0000000000
97155  57.477  -43.758  21.454 0.0000000000
97156  57.955  -43.588  21.203 0.0000000000
97157  57.602  -43.705  20.860 0.0000000000
97285  65.006  -34.072  12.419 0.0000000000
97287  65.158  -34.260  11.973 0.0000000000
98782  54.625  -37.851  21.209 0.0000000000
98783  55.451  -37.647  20.574 0.0000000000
98784  56.222  -37.423  20.096 0.0000000000
98785  56.043  -37.654  20.602 0.0000000000
98786  56.658  -37.623  20.639 0.0000000000
98787  57.253  -37.655  20.686 0.0000000000
98788  58.236  -38.006  22.712 0.0000000000
98789  58.202  -37.919  22.089 0.0000000000
98790  58.721  -37.958  22.140 0.0000000000
98791  59.267  -37.841  21.599 0.0000000000
98792  59.872  -37.697  21.079 0.0000000000
98793  60.500  -37.586  20.678 0.0000000000
98794  60.354  -37.725  21.264 0.0000000000
98795  60.803  -37.767  21.547 0.0000000000
98796  61.216  -37.840  21.835 0.0000000000
101465  56.318  -41.152  29.060 0.0000000000
101466  56.897  -41.025  29.041 0.0000000000
101467  57.500  -40.920  29.069 0.0000000000
101468  57.062  -41.115  28.355 0.0000000000
101469  57.250  -41.219  27.710 0.0000000000
101470  57.454  -41.352  27.096 0.0000000000
101471  57.746  -41.448  26.631 0.0000000000
101472  57.363  -41.752  26.697 0.0000000000
101473  57.345  -42.141  26.377 0.0000000000
101474  57.294  -42.482  26.094 0.0000000000
101475  55.814  -43.543  26.056 0.0000000000
101476  56.286  -43.391  25.846 0.0000000000
101477  56.110  -43.587  25.440 0.0000000000
101478  56.365  -43.625  24.868 0.0000000000
101479  56.591  -43.639  24.366 0.0000000000
101480  56.787  -43.683  23.815 0.0000000000
101481  56.346  -43.814  23.969 0.0000000000
101482  56.108  -44.054  23.613 0.0000000000
101483  55.809  -44.222  23.352 0.0000000000
104823  54.932  -35.227  15.426 0.0000000000
104824  54.192  -35.255  15.303 0.0000000000
104825  55.056  -34.957  14.881 0.0000000000
104826  55.223  -34.654  14.364 0.0000000000
104827  55.380  -34.355  13.847 0.0000000000
104828  55.576  -34.022  13.308 0.0000000000
104829  56.345  -34.000  13.409 0.0000000000
104836  60.778  -34.112  15.107 0.0000000000
104837  60.966  -33.821  14.711 0.0000000000
104838  61.581  -33.944  14.856 0.0000000000
104839  62.270  -33.893  14.509 0.0000000000
104840  62.903  -33.851  14.189 0.0000000000
104841  63.545  -33.820  13.865 0.0000000000
104842  63.386  -34.100  14.240 0.0000000000
104843  63.853  -34.386  14.289 0.0000000000
104844  64.172  -34.777  14.353 0.0000000000
104845  59.269  -36.491  18.251 0.0000000000
104846  59.472  -36.253  17.818 0.0000000000
104847  59.882  -36.338  17.819 0.0000000000
104848  60.502  -36.237  17.449 0.0000000000
104849  61.169  -36.184  17.125 0.0000000000
104850  63.536  -36.846  16.965 0.0000000000
104851  63.302  -36.549  16.858 0.0000000000
104852  63.772  -36.620  16.522 0.0000000000
104853  64.012  -36.403  16.098 0.0000000000
104854  64.149  -36.232  15.658 0.0000000000
104855  64.311  -36.005  15.201 0.0000000000
104856  64.447  -36.423  15.311 0.0000000000
104857  64.627  -36.609  14.910 0.0000000000
112894  60.506  -37.857  26.393 0.0000000000
112895  60.880  -37.785  25.877 0.0000000000
112896  61.962  -38.718  24.931 0.0000000000
112897  61.907  -38.378  24.865 0.0000000000
112898  61.913  -38.619  24.442 0.0000000000
112899  61.916  -38.474  24.072 0.0000000000
112900  61.877  -38.457  23.530 0.0000000000
112901  61.903  -38.422  23.056 0.0000000000
112902  61.967  -38.780  23.067 0.0000000000
112903  61.991  -39.121  22.562 0.0000000000
112904  61.987  -39.342  22.081 0.0000000000
112905  58.889  -41.687  24.747 0.0000000000
112906  59.271  -41.329  24.672 0.0000000000
112907  59.191  -41.688  24.225 0.0000000000
112908  59.496  -41.680  23.710 0.0000000000
112909  59.795  -41.689  23.178 0.0000000000
112910  59.684  -42.360  20.898 0.0000000000
112911  59.949  -42.142  21.411 0.0000000000
112912  60.046  -41.957  20.909 0.0000000000
112913  60.399  -41.537  20.864 0.0000000000
112914  60.742  -41.114  20.798 0.0000000000
112915  61.136  -40.668  20.854 0.0000000000
112916  60.961  -40.994  20.359 0.0000000000
112917  61.195  -40.915  19.900 0.0000000000
112918  61.356  -40.802  19.471 0.0000000000
112919  61.587  -40.668  19.030 0.0000000000
112920  61.124  -41.095  19.011 0.0000000000
112921  60.863  -41.295  18.506 0.0000000000
112922  60.532  -41.494  17.940 0.0000000000
115871  55.319  -38.242  22.945 0.0000000000
115872  55.899  -38.143  22.356 0.0000000000
115873  55.904  -38.262  22.994 0.0000000000
115874  56.466  -38.252  23.082 0.0000000000
115875  57.066  -38.196  23.177 0.0000000000
115876  56.416  -38.342  24.422 0.0000000000
115877  57.097  -38.236  23.854 0.0000000000
115878  57.715  -38.099  23.273 0.0000000000
115879  58.283  -38.084  23.358 0.0000000000
115880  58.827  -38.038  23.513 0.0000000000
115881  59.362  -37.973  23.701 0.0000000000
117960  55.282  -41.976  28.014 0.0000000000
117961  55.646  -42.174  27.483 0.0000000000
117962  56.069  -42.312  27.100 0.0000000000
117963  55.609  -42.487  27.243 0.0000000000
117964  55.581  -42.822  27.029 0.0000000000
117965  55.518  -43.149  26.815 0.0000000000
117967  55.086  -43.371  27.017 0.0000000000
117968  55.442  -43.441  26.546 0.0000000000
117969  55.340  -43.707  26.259 0.0000000000
117970  55.210  -43.948  25.897 0.0000000000
120560  52.314  -37.224  19.850 0.0000000000
120561  51.543  -37.235  19.859 0.0000000000
120562  50.742  -37.320  19.856 0.0000000000
120563  50.864  -37.200  19.188 0.0000000000
120567  52.023  -36.511  17.411 0.0000000000
120568  52.937  -36.198  16.886 0.0000000000
120569  53.856  -35.858  16.396 0.0000000000
120570  54.501  -36.008  17.047 0.0000000000
120571  54.636  -35.771  16.481 0.0000000000
120572  54.776  -35.508  15.942 0.0000000000
120573  55.666  -35.174  15.549 0.0000000000
120574  56.580  -34.843  15.117 0.0000000000
120575  57.486  -34.503  14.717 0.0000000000
120576  58.311  -34.175  14.385 0.0000000000
120577  58.064  -34.470  14.934 0.0000000000
120578  58.697  -34.418  15.115 0.0000000000
120579  59.358  -34.345  15.255 0.0000000000
120580  58.421  -34.965  16.052 0.0000000000
120581  59.233  -34.630  15.719 0.0000000000
120582  60.001  -34.318  15.369 0.0000000000
120583  60.560  -34.430  15.461 0.0000000000
120584  61.108  -34.614  15.442 0.0000000000
120585  61.624  -34.828  15.465 0.0000000000
120586  61.046  -36.966  18.627 0.0000000000
120587  61.260  -36.775  18.164 0.0000000000
120588  61.671  -36.978  18.326 0.0000000000
120589  62.281  -36.959  18.000 0.0000000000
120590  62.834  -36.955  17.700 0.0000000000
120591  62.837  -37.355  18.261 0.0000000000
120592  63.067  -37.165  17.809 0.0000000000
120593  63.324  -37.009  17.403 0.0000000000
120594  63.683  -37.158  17.013 0.0000000000
120595  63.959  -37.336  16.577 0.0000000000
120596  64.141  -37.576  16.181 0.0000000000
120597  64.194  -37.872  15.757 0.0000000000
120598  63.981  -38.065  16.136 0.0000000000
120599  63.758  -38.510  16.106 0.0000000000
120600  63.480  -38.936  16.102 0.0000000000
120601  63.356  -38.811  17.055 0.0000000000
120602  63.277  -39.094  16.597 0.0000000000
120603  63.157  -39.386  16.115 0.0000000000
120604  62.776  -39.806  16.211 0.0000000000
120605  62.374  -40.156  16.291 0.0000000000
126843  62.158  -37.934  28.140 0.0000000000
126844  62.046  -37.911  27.534 0.0000000000
126845  61.812  -37.875  26.972 0.0000000000
126846  62.138  -38.094  26.973 0.0000000000
126847  62.149  -38.324  26.407 0.0000000000
126848  62.112  -38.545  25.902 0.0000000000
126849  62.038  -39.036  26.488 0.0000000000
126850  62.022  -38.894  25.900 0.0000000000
126851  61.976  -38.809  25.398 0.0000000000
126852  61.753  -39.128  24.829 0.0000000000
126853  61.595  -39.414  24.273 0.0000000000
126854  61.387  -39.735  23.702 0.0000000000
126855  58.566  -43.072  23.142 0.0000000000
126856  58.996  -42.764  22.988 0.0000000000
126857  58.810  -43.035  22.534 0.0000000000
126858  59.012  -42.946  21.929 0.0000000000
126859  59.183  -42.858  21.362 0.0000000000
126860  58.445  -43.348  21.009 0.0000000000
126861  58.908  -43.030  20.824 0.0000000000
126862  59.315  -42.723  20.844 0.0000000000
126863  59.413  -42.551  20.341 0.0000000000
126864  59.533  -42.395  19.793 0.0000000000
126865  59.664  -42.240  19.290 0.0000000000
126866  59.779  -42.078  18.830 0.0000000000
126867  59.397  -42.425  18.793 0.0000000000
130459  53.523  -37.531  20.800 0.0000000000
130460  53.693  -37.369  20.248 0.0000000000
130461  54.518  -37.213  19.645 0.0000000000
130462  55.368  -37.003  19.068 0.0000000000
130463  56.294  -36.693  18.538 0.0000000000
130464  57.088  -36.413  18.093 0.0000000000
130465  56.893  -36.707  18.556 0.0000000000
130466  57.478  -36.684  18.637 0.0000000000
130467  58.049  -36.675  18.700 0.0000000000
130468  57.020  -37.172  19.668 0.0000000000
130469  57.827  -36.923  19.194 0.0000000000
130470  58.597  -36.690  18.721 0.0000000000
130471  58.982  -36.763  18.728 0.0000000000
130472  59.415  -36.830  18.753 0.0000000000
130473  59.878  -36.901  18.837 0.0000000000
130474  56.495  -38.025  21.792 0.0000000000
130475  57.123  -37.857  21.252 0.0000000000
130476  57.800  -37.634  20.749 0.0000000000
130477  58.255  -37.766  21.413 0.0000000000
130478  58.331  -37.611  20.809 0.0000000000
130479  58.508  -37.404  20.250 0.0000000000
130480  59.094  -37.255  19.796 0.0000000000
130481  59.743  -37.096  19.349 0.0000000000
130482  60.400  -36.980  18.958 0.0000000000
130483  60.889  -37.149  19.082 0.0000000000
130484  61.345  -37.316  19.258 0.0000000000
130485  61.736  -37.484  19.476 0.0000000000
130486  61.064  -37.538  20.367 0.0000000000
130487  61.561  -37.602  20.021 0.0000000000
130488  62.051  -37.648  19.686 0.0000000000
130489  62.310  -37.880  19.871 0.0000000000
130490  62.489  -38.177  20.051 0.0000000000
130491  62.586  -38.516  20.188 0.0000000000
136129  59.299  -40.776  30.066 0.0000000000
136130  58.123  -40.841  29.120 0.0000000000
136131  58.791  -40.735  29.256 0.0000000000
136132  59.426  -40.687  29.378 0.0000000000
136133  59.585  -40.617  28.733 0.0000000000
136134  59.710  -40.516  28.075 0.0000000000
136135  59.798  -40.449  27.429 0.0000000000
136136  59.925  -40.440  26.872 0.0000000000
136137  59.319  -40.700  26.784 0.0000000000
136138  58.955  -40.975  26.182 0.0000000000
136139  58.737  -41.314  25.632 0.0000000000
136140  58.035  -41.538  26.149 0.0000000000
136141  58.332  -41.612  25.676 0.0000000000
136142  58.615  -41.674  25.217 0.0000000000
136143  58.555  -42.076  24.881 0.0000000000
136144  58.553  -42.450  24.518 0.0000000000
136145  58.489  -42.813  24.165 0.0000000000
136146  56.459  -42.454  26.703 0.0000000000
136147  56.854  -42.649  26.261 0.0000000000
136148  57.236  -42.803  25.835 0.0000000000
136149  56.751  -43.193  25.662 0.0000000000
136150  57.164  -43.061  25.555 0.0000000000
136151  57.563  -42.925  25.404 0.0000000000
136152  57.863  -43.038  24.878 0.0000000000
136153  58.127  -43.079  24.349 0.0000000000
136154  58.361  -43.073  23.753 0.0000000000
136155  58.129  -43.276  23.294 0.0000000000
136156  57.808  -43.422  22.748 0.0000000000
136157  57.597  -43.590  22.403 0.0000000000
136158  56.948  -43.704  23.168 0.0000000000
136159  57.148  -43.745  22.610 0.0000000000
136160  57.324  -43.763  22.041 0.0000000000
136161  57.019  -43.894  21.758 0.0000000000
136162  56.744  -43.997  21.502 0.0000000000
143050  59.141  -33.847  14.101 0.0000000000
143063  64.546  -33.845  13.231 0.0000000000
143064  64.841  -33.910  12.824 0.0000000000
143065  64.923  -34.305  12.861 0.0000000000
143066  64.975  -34.842  12.838 0.0000000000
143067  64.939  -35.349  12.810 0.0000000000
143068  57.882  -36.136  17.689 0.0000000000
143069  58.688  -35.851  17.315 0.0000000000
143070  59.424  -35.595  16.944 0.0000000000
143071  59.696  -35.974  17.352 0.0000000000
143072  59.914  -35.664  16.939 0.0000000000
143073  60.125  -35.398  16.553 0.0000000000
143074  60.784  -35.274  16.158 0.0000000000
143075  61.434  -35.149  15.792 0.0000000000
143076  62.117  -35.056  15.526 0.0000000000
143077  61.428  -36.569  17.720 0.0000000000
143078  61.622  -36.374  17.255 0.0000000000
143079  61.861  -36.152  16.815 0.0000000000
143080  62.994  -36.306  16.691 0.0000000000
143081  62.579  -36.102  16.533 0.0000000000
143082  62.128  -35.881  16.388 0.0000000000
143083  62.398  -35.582  15.987 0.0000000000
143084  62.607  -35.271  15.610 0.0000000000
143085  62.783  -34.983  15.261 0.0000000000
143086  63.436  -34.928  14.985 0.0000000000
143087  63.970  -35.038  14.704 0.0000000000
143088  64.400  -35.171  14.402 0.0000000000
143089  64.449  -35.797  14.791 0.0000000000
143090  64.560  -35.572  14.427 0.0000000000
143091  64.696  -35.240  14.080 0.0000000000
143092  64.842  -35.418  13.682 0.0000000000
143093  64.897  -35.650  13.240 0.0000000000
143104  64.156  -38.143  15.343 0.0000000000
143105  64.013  -38.366  14.906 0.0000000000
159232  59.537  -37.971  24.228 0.0000000000
159233  59.946  -37.897  23.738 0.0000000000
159234  61.623  -37.811  26.446 0.0000000000
159235  61.388  -37.817  25.912 0.0000000000
159236  61.191  -37.786  25.368 0.0000000000
159237  61.743  -37.963  24.924 0.0000000000
159238  61.413  -37.839  24.895 0.0000000000
159239  60.956  -37.839  24.836 0.0000000000
159240  60.765  -37.817  24.368 0.0000000000
159241  60.560  -37.827  23.847 0.0000000000
159242  60.380  -37.830  23.265 0.0000000000
159243  60.834  -37.815  22.805 0.0000000000
159244  61.249  -37.864  22.406 0.0000000000
159245  61.636  -37.987  21.992 0.0000000000
159246  61.881  -38.347  22.630 0.0000000000
159247  61.927  -38.231  22.099 0.0000000000
159248  62.011  -38.139  21.549 0.0000000000
159249  62.281  -38.380  21.116 0.0000000000
159250  62.461  -38.652  20.657 0.0000000000
159251  62.599  -38.907  20.149 0.0000000000
159252  60.081  -40.397  26.275 0.0000000000
159253  60.230  -40.392  25.705 0.0000000000
159254  60.438  -40.322  25.141 0.0000000000
159255  59.697  -40.989  24.607 0.0000000000
159256  60.152  -40.629  24.516 0.0000000000
159257  60.660  -40.222  24.508 0.0000000000
159258  60.815  -40.196  24.037 0.0000000000
159259  60.986  -40.149  23.561 0.0000000000
159260  61.218  -40.092  23.202 0.0000000000
159261  59.385  -42.410  22.859 0.0000000000
159262  59.727  -42.031  22.763 0.0000000000
159263  60.033  -41.607  22.685 0.0000000000
159264  60.103  -41.843  21.834 0.0000000000
159265  60.237  -41.490  22.210 0.0000000000
159266  60.338  -41.171  22.635 0.0000000000
159267  60.696  -40.805  22.639 0.0000000000
159268  61.055  -40.395  22.705 0.0000000000
159269  61.412  -40.026  22.819 0.0000000000
159270  61.568  -39.957  22.391 0.0000000000
159271  61.749  -39.749  22.024 0.0000000000
159272  61.947  -39.582  21.583 0.0000000000
159273  61.496  -40.272  20.949 0.0000000000
159274  61.844  -39.877  21.019 0.0000000000
159275  62.116  -39.508  21.057 0.0000000000
159276  62.299  -39.414  20.566 0.0000000000
159277  62.503  -39.264  20.120 0.0000000000
159278  62.652  -39.107  19.629 0.0000000000
159279  62.641  -39.344  19.090 0.0000000000
159280  62.538  -39.645  18.534 0.0000000000
159281  62.397  -39.916  18.018 0.0000000000
159282  61.810  -40.503  18.540 0.0000000000
159283  62.002  -40.339  18.013 0.0000000000
159284  62.223  -40.209  17.522 0.0000000000
159285  61.979  -40.473  17.110 0.0000000000
159286  61.699  -40.701  16.671 0.0000000000
159288  59.931  -41.935  18.332 0.0000000000
159289  60.085  -41.813  17.850 0.0000000000
159290  60.249  -41.729  17.342 0.0000000000
159292  59.997  -41.900  16.974 0.0000000000
159293  60.453  -41.579  16.986 0.0000000000
159324  55.142  -44.382  24.189 0.0000000000
159325  55.320  -44.374  23.657 0.0000000000
159330  55.865  -44.305  22.180 0.0000000000
