#!ascii label  , from subject fsaverage vox2ras=TkReg
632
199  39.178  -17.482  -8.237 0.0000000000
430  46.289  -3.918  -17.649 0.0000000000
955  43.387  -12.675  -12.913 0.0000000000
957  47.786  -5.245  -14.862 0.0000000000
1511  44.961  -14.238  -10.654 0.0000000000
1964  44.757  -2.472  -19.985 0.0000000000
1965  47.371  6.185  -21.126 0.0000000000
2536  38.772  -20.510  -5.543 0.0000000000
2537  44.533  -17.481  -7.627 0.0000000000
2875  46.610  -10.342  -12.556 0.0000000000
2876  45.940  -9.607  -13.883 0.0000000000
2877  48.597  -5.848  -13.386 0.0000000000
3478  41.309  -15.442  -10.701 0.0000000000
3479  42.153  -16.528  -9.811 0.0000000000
4308  44.409  -7.918  -16.204 0.0000000000
4310  43.656  -6.993  -17.128 0.0000000000
4312  45.562  -3.186  -18.897 0.0000000000
4313  46.513  1.527  -20.988 0.0000000000
4314  47.367  0.825  -19.546 0.0000000000
5697  46.768  -17.623  -4.944 0.0000000000
5698  44.284  -19.023  -6.077 0.0000000000
5699  47.045  -15.966  -6.515 0.0000000000
5700  47.263  -14.242  -8.128 0.0000000000
6329  42.598  -11.668  -13.855 0.0000000000
6330  45.231  -8.742  -15.132 0.0000000000
6331  47.055  -4.516  -16.317 0.0000000000
6332  48.126  0.113  -17.899 0.0000000000
6333  48.929  -0.617  -16.128 0.0000000000
7365  40.475  -14.214  -11.366 0.0000000000
7366  44.140  -13.533  -11.850 0.0000000000
7367  47.373  -10.807  -11.226 0.0000000000
7893  44.411  2.094  -22.944 0.0000000000
8486  43.741  -1.900  -20.787 0.0000000000
8487  45.531  1.868  -22.123 0.0000000000
8490  48.392  5.347  -19.376 0.0000000000
10164  38.923  -19.012  -6.872 0.0000000000
10165  41.391  -21.063  -5.398 0.0000000000
10166  41.679  -19.608  -6.891 0.0000000000
10167  41.917  -18.084  -8.378 0.0000000000
10168  44.805  -15.878  -9.167 0.0000000000
10169  47.293  -12.619  -9.665 0.0000000000
10555  48.051  -8.568  -12.281 0.0000000000
10556  47.687  -8.281  -12.955 0.0000000000
10557  48.976  -6.172  -12.657 0.0000000000
11158  40.198  -16.568  -9.493 0.0000000000
11159  40.607  -17.144  -9.108 0.0000000000
11988  45.456  -6.092  -16.871 0.0000000000
11989  44.032  -7.445  -16.698 0.0000000000
11990  45.072  -5.707  -17.440 0.0000000000
11991  44.737  -5.297  -17.994 0.0000000000
11992  45.929  -3.527  -18.300 0.0000000000
11993  46.557  -1.293  -19.285 0.0000000000
11994  46.942  -1.599  -18.583 0.0000000000
13377  48.158  -15.879  -5.163 0.0000000000
13378  46.887  -16.813  -5.741 0.0000000000
13379  48.283  -14.959  -5.982 0.0000000000
13380  48.452  -14.076  -6.781 0.0000000000
14385  41.503  -13.070  -12.614 0.0000000000
14387  43.026  -12.169  -13.430 0.0000000000
14388  46.944  -7.624  -14.337 0.0000000000
14389  45.620  -9.142  -14.525 0.0000000000
14390  46.595  -7.223  -15.023 0.0000000000
14391  46.246  -6.789  -15.678 0.0000000000
14392  47.379  -4.998  -15.588 0.0000000000
14393  48.045  -2.518  -16.254 0.0000000000
14394  48.411  -2.945  -15.390 0.0000000000
16193  38.768  -13.631  -10.487 0.0000000000
16194  39.083  -14.420  -10.270 0.0000000000
16195  43.202  -15.121  -10.883 0.0000000000
16196  42.765  -14.696  -11.348 0.0000000000
16197  44.590  -13.865  -11.256 0.0000000000
16198  45.858  -12.324  -11.602 0.0000000000
16199  46.223  -12.620  -10.942 0.0000000000
18698  44.788  -0.191  -21.563 0.0000000000
18699  45.280  -0.446  -21.077 0.0000000000
18700  47.009  3.735  -21.161 0.0000000000
18701  46.490  4.005  -21.871 0.0000000000
18705  48.706  2.146  -17.807 0.0000000000
18706  48.302  2.659  -18.709 0.0000000000
18707  48.777  4.871  -18.422 0.0000000000
22846  38.914  -19.784  -6.242 0.0000000000
22848  41.269  -21.764  -4.658 0.0000000000
22850  44.466  -18.242  -6.859 0.0000000000
22851  43.012  -19.439  -6.561 0.0000000000
22852  43.141  -18.659  -7.346 0.0000000000
22853  41.775  -18.861  -7.611 0.0000000000
22854  43.230  -17.914  -8.097 0.0000000000
22855  43.395  -17.121  -8.847 0.0000000000
22856  44.659  -16.685  -8.434 0.0000000000
22857  48.547  -12.333  -8.405 0.0000000000
22858  47.267  -13.446  -8.922 0.0000000000
22860  48.608  -10.457  -9.993 0.0000000000
23607  45.077  -11.733  -12.845 0.0000000000
23608  44.743  -11.310  -13.440 0.0000000000
23609  46.296  -9.985  -13.230 0.0000000000
23610  47.341  -7.927  -13.634 0.0000000000
23611  48.146  -5.701  -14.095 0.0000000000
23612  48.807  -3.198  -14.611 0.0000000000
24694  41.747  -16.018  -10.306 0.0000000000
24695  43.614  -15.524  -10.299 0.0000000000
26186  43.228  -9.388  -15.449 0.0000000000
26188  42.871  -8.849  -15.899 0.0000000000
26193  44.336  -4.815  -18.507 0.0000000000
26194  45.157  -2.901  -19.438 0.0000000000
26195  45.768  -0.697  -20.528 0.0000000000
26196  46.202  -0.986  -19.932 0.0000000000
26197  46.970  1.257  -20.327 0.0000000000
26198  47.483  3.443  -20.438 0.0000000000
28687  45.555  -18.389  -5.500 0.0000000000
28688  45.666  -17.630  -6.292 0.0000000000
28689  45.855  -16.767  -7.106 0.0000000000
28690  45.894  -16.013  -7.876 0.0000000000
28691  47.169  -15.097  -7.331 0.0000000000
28692  48.470  -13.259  -7.597 0.0000000000
30127  42.204  -11.097  -14.221 0.0000000000
30128  44.379  -10.880  -14.039 0.0000000000
30129  44.038  -10.420  -14.569 0.0000000000
30130  43.660  -9.869  -15.045 0.0000000000
30131  44.852  -8.321  -15.685 0.0000000000
30132  45.889  -6.425  -16.313 0.0000000000
30133  46.660  -4.249  -16.996 0.0000000000
30134  47.321  -1.941  -17.820 0.0000000000
30135  47.653  -2.238  -17.045 0.0000000000
30136  48.533  -0.164  -17.076 0.0000000000
30137  49.162  1.807  -16.849 0.0000000000
30138  49.296  -0.900  -15.203 0.0000000000
32608  40.097  -13.565  -11.637 0.0000000000
32609  41.925  -13.658  -12.238 0.0000000000
32610  40.900  -14.839  -11.064 0.0000000000
32611  42.396  -14.135  -11.845 0.0000000000
32612  43.803  -13.106  -12.401 0.0000000000
32613  45.473  -12.037  -12.226 0.0000000000
32614  47.042  -10.542  -11.893 0.0000000000
32615  48.488  -8.728  -11.550 0.0000000000
34041  43.631  0.142  -22.230 0.0000000000
35732  43.173  -1.685  -21.057 0.0000000000
35733  44.232  0.006  -21.937 0.0000000000
35734  45.005  2.012  -22.604 0.0000000000
35736  46.024  1.684  -21.568 0.0000000000
35742  47.736  0.490  -18.727 0.0000000000
35743  47.921  3.055  -19.591 0.0000000000
35744  47.915  5.835  -20.286 0.0000000000
40728  39.085  -18.243  -7.593 0.0000000000
40731  40.040  -20.905  -5.549 0.0000000000
40732  42.875  -20.173  -5.807 0.0000000000
40733  41.477  -20.328  -6.167 0.0000000000
40734  40.187  -20.201  -6.269 0.0000000000
40735  40.317  -19.445  -7.024 0.0000000000
40736  40.416  -18.689  -7.723 0.0000000000
40737  40.540  -17.906  -8.429 0.0000000000
40738  41.989  -17.305  -9.120 0.0000000000
40739  43.549  -16.319  -9.594 0.0000000000
40740  44.897  -15.060  -9.935 0.0000000000
40741  46.029  -15.147  -8.658 0.0000000000
40742  46.086  -14.356  -9.427 0.0000000000
40743  46.136  -13.519  -10.192 0.0000000000
40744  47.364  -11.668  -10.477 0.0000000000
40745  48.547  -9.617  -10.755 0.0000000000
41275  48.753  -7.536  -12.114 0.0000000000
41276  48.552  -7.410  -12.477 0.0000000000
41878  39.616  -16.998  -8.853 0.0000000000
41879  39.842  -17.341  -8.689 0.0000000000
42708  45.905  -5.024  -17.240 0.0000000000
42709  45.282  -5.837  -17.172 0.0000000000
42710  45.712  -4.825  -17.550 0.0000000000
42711  45.521  -4.646  -17.850 0.0000000000
42712  46.106  -3.744  -17.961 0.0000000000
42713  46.455  -2.600  -18.425 0.0000000000
42714  46.625  -2.791  -18.093 0.0000000000
44098  48.188  -15.447  -5.588 0.0000000000
45105  42.422  -12.992  -12.805 0.0000000000
45106  42.276  -12.674  -13.055 0.0000000000
45107  43.176  -12.451  -13.176 0.0000000000
45108  47.389  -6.458  -14.597 0.0000000000
45109  46.772  -7.433  -14.679 0.0000000000
45110  47.205  -6.303  -14.949 0.0000000000
45111  47.016  -6.179  -15.284 0.0000000000
45112  47.591  -5.099  -15.229 0.0000000000
45113  47.934  -3.912  -15.520 0.0000000000
45114  48.123  -4.032  -15.124 0.0000000000
46915  44.133  -14.678  -10.824 0.0000000000
46916  43.913  -14.521  -11.081 0.0000000000
46917  44.838  -13.981  -10.990 0.0000000000
46918  45.406  -13.298  -11.138 0.0000000000
46919  45.598  -13.465  -10.805 0.0000000000
49413  44.356  -3.453  -19.465 0.0000000000
49417  44.531  -2.313  -20.255 0.0000000000
49418  44.857  -1.255  -20.840 0.0000000000
49419  45.051  -1.544  -20.506 0.0000000000
49420  47.175  4.902  -21.183 0.0000000000
49421  46.931  5.087  -21.553 0.0000000000
49425  48.984  3.314  -17.652 0.0000000000
49426  48.733  3.478  -18.130 0.0000000000
53564  38.165  -20.200  -5.454 0.0000000000
53565  38.234  -19.837  -5.791 0.0000000000
53566  38.812  -20.139  -5.875 0.0000000000
53570  44.494  -17.862  -7.251 0.0000000000
53571  43.777  -18.486  -7.130 0.0000000000
53572  43.839  -18.136  -7.493 0.0000000000
53573  43.193  -18.306  -7.702 0.0000000000
53574  43.890  -17.733  -7.875 0.0000000000
53575  43.958  -17.351  -8.305 0.0000000000
53576  44.575  -17.088  -8.038 0.0000000000
53577  49.116  -11.281  -8.553 0.0000000000
53578  48.546  -11.855  -8.816 0.0000000000
54705  45.866  -11.118  -12.711 0.0000000000
54706  45.714  -10.899  -13.047 0.0000000000
54707  46.417  -10.199  -12.907 0.0000000000
54708  48.176  -7.064  -13.166 0.0000000000
54709  47.500  -8.103  -13.271 0.0000000000
54710  47.966  -7.004  -13.497 0.0000000000
54711  47.777  -6.824  -13.864 0.0000000000
54712  48.345  -5.859  -13.725 0.0000000000
54713  48.674  -4.694  -13.953 0.0000000000
54714  48.924  -4.728  -13.602 0.0000000000
56515  41.212  -16.598  -9.705 0.0000000000
56517  42.012  -16.253  -10.081 0.0000000000
56518  42.771  -15.799  -10.369 0.0000000000
56519  42.889  -16.057  -10.077 0.0000000000
59003  43.834  -8.701  -15.824 0.0000000000
59004  43.064  -9.090  -15.694 0.0000000000
59005  43.689  -8.431  -16.095 0.0000000000
59006  43.881  -7.202  -16.941 0.0000000000
59007  43.303  -7.940  -16.535 0.0000000000
59012  43.492  -6.763  -17.371 0.0000000000
59013  45.172  -4.255  -18.429 0.0000000000
59014  44.574  -5.025  -18.263 0.0000000000
59015  45.005  -4.032  -18.716 0.0000000000
59016  44.791  -3.853  -18.972 0.0000000000
59017  45.367  -3.004  -19.182 0.0000000000
59018  45.691  -1.947  -19.683 0.0000000000
59019  45.901  -2.112  -19.387 0.0000000000
59020  46.988  -0.232  -19.450 0.0000000000
59021  46.799  -0.024  -19.819 0.0000000000
59022  47.179  1.094  -19.971 0.0000000000
59023  47.241  2.310  -20.403 0.0000000000
59024  47.456  2.120  -20.004 0.0000000000
63168  45.468  -18.792  -5.107 0.0000000000
63169  46.154  -18.035  -5.220 0.0000000000
63170  46.916  -16.437  -6.137 0.0000000000
63171  46.266  -17.243  -6.014 0.0000000000
63172  46.333  -16.847  -6.412 0.0000000000
63173  45.748  -17.230  -6.681 0.0000000000
63174  46.435  -16.398  -6.798 0.0000000000
63175  46.506  -15.962  -7.237 0.0000000000
63176  47.124  -15.488  -6.924 0.0000000000
63177  49.074  -13.063  -6.929 0.0000000000
63178  48.446  -13.648  -7.182 0.0000000000
63179  49.058  -12.679  -7.335 0.0000000000
63180  49.076  -12.253  -7.759 0.0000000000
66198  41.851  -12.102  -13.403 0.0000000000
66200  41.712  -11.779  -13.609 0.0000000000
66202  42.405  -11.370  -14.037 0.0000000000
66203  45.365  -10.485  -13.671 0.0000000000
66204  44.551  -11.128  -13.745 0.0000000000
66205  45.174  -10.332  -13.980 0.0000000000
66206  45.425  -9.007  -14.822 0.0000000000
66207  44.813  -9.856  -14.569 0.0000000000
66208  44.656  -9.621  -14.856 0.0000000000
66209  43.741  -10.262  -14.771 0.0000000000
66210  44.406  -9.431  -15.086 0.0000000000
66211  44.280  -9.134  -15.385 0.0000000000
66212  45.024  -8.538  -15.394 0.0000000000
66213  46.669  -5.684  -15.985 0.0000000000
66214  46.064  -6.618  -15.997 0.0000000000
66215  46.478  -5.528  -16.326 0.0000000000
66216  46.282  -5.394  -16.639 0.0000000000
66217  46.855  -4.367  -16.687 0.0000000000
66218  47.173  -3.246  -17.043 0.0000000000
66219  47.376  -3.350  -16.673 0.0000000000
66220  48.503  -1.634  -16.203 0.0000000000
66221  48.330  -1.334  -16.650 0.0000000000
66222  48.733  -0.460  -16.563 0.0000000000
66223  48.922  0.805  -16.951 0.0000000000
66224  49.084  0.531  -16.476 0.0000000000
66225  49.245  -2.181  -14.471 0.0000000000
66226  49.081  -2.011  -14.887 0.0000000000
66227  49.501  -1.008  -14.749 0.0000000000
71620  39.544  -13.996  -10.937 0.0000000000
71621  39.410  -13.633  -11.066 0.0000000000
71622  40.253  -13.894  -11.476 0.0000000000
71623  40.999  -13.669  -11.975 0.0000000000
71624  41.179  -13.979  -11.822 0.0000000000
71625  40.359  -15.355  -10.447 0.0000000000
71626  40.162  -15.026  -10.594 0.0000000000
71627  41.130  -15.150  -10.905 0.0000000000
71628  43.463  -14.153  -11.638 0.0000000000
71629  42.569  -14.422  -11.600 0.0000000000
71630  43.261  -13.941  -11.893 0.0000000000
71631  43.100  -13.666  -12.142 0.0000000000
71632  43.981  -13.325  -12.128 0.0000000000
71633  44.640  -12.645  -12.334 0.0000000000
71634  44.813  -12.832  -12.042 0.0000000000
71635  46.593  -11.644  -11.432 0.0000000000
71636  46.457  -11.466  -11.739 0.0000000000
71637  47.188  -10.719  -11.551 0.0000000000
71638  47.746  -9.728  -11.730 0.0000000000
71639  47.953  -9.793  -11.372 0.0000000000
75015  44.070  1.071  -22.623 0.0000000000
79132  43.415  -1.776  -20.911 0.0000000000
79133  43.700  -0.909  -21.493 0.0000000000
79134  44.019  -0.932  -21.377 0.0000000000
79135  45.196  0.778  -21.865 0.0000000000
79136  44.932  0.909  -22.101 0.0000000000
79137  45.272  1.902  -22.370 0.0000000000
79138  45.213  3.157  -22.852 0.0000000000
79139  45.494  3.078  -22.575 0.0000000000
79140  46.163  0.352  -20.771 0.0000000000
79141  45.966  0.441  -21.083 0.0000000000
79142  46.274  1.603  -21.293 0.0000000000
79143  46.364  5.254  -22.256 0.0000000000
79144  46.219  4.089  -22.142 0.0000000000
79155  47.754  -0.842  -17.894 0.0000000000
79156  47.555  -0.735  -18.279 0.0000000000
79157  47.937  0.401  -18.361 0.0000000000
79158  48.347  3.927  -19.051 0.0000000000
79159  48.099  2.850  -19.138 0.0000000000
79160  48.151  4.202  -19.499 0.0000000000
79161  47.933  4.413  -19.952 0.0000000000
79162  48.160  5.592  -19.835 0.0000000000
91572  38.331  -19.088  -6.457 0.0000000000
91576  39.058  -18.615  -7.243 0.0000000000
91580  41.301  -21.420  -5.021 0.0000000000
91582  40.587  -21.384  -5.120 0.0000000000
91583  39.934  -21.260  -5.186 0.0000000000
91584  40.695  -21.017  -5.490 0.0000000000
91585  44.216  -19.394  -5.700 0.0000000000
91586  43.522  -19.998  -5.575 0.0000000000
91587  43.562  -19.650  -5.972 0.0000000000
91588  42.346  -19.552  -6.778 0.0000000000
91589  42.268  -19.908  -6.383 0.0000000000
91590  41.602  -19.956  -6.532 0.0000000000
91591  40.864  -20.307  -6.244 0.0000000000
91592  40.944  -19.939  -6.609 0.0000000000
91593  40.289  -19.853  -6.661 0.0000000000
91594  40.991  -19.570  -6.981 0.0000000000
91595  41.822  -18.452  -7.990 0.0000000000
91596  41.119  -18.782  -7.709 0.0000000000
91597  41.124  -18.429  -8.063 0.0000000000
91598  40.428  -18.299  -8.084 0.0000000000
91599  41.224  -18.020  -8.435 0.0000000000
91600  41.279  -17.644  -8.792 0.0000000000
91601  41.990  -17.668  -8.747 0.0000000000
91602  44.113  -16.551  -9.036 0.0000000000
91603  43.507  -16.712  -9.234 0.0000000000
91604  44.194  -16.118  -9.405 0.0000000000
91605  44.224  -15.751  -9.782 0.0000000000
91606  44.861  -15.459  -9.557 0.0000000000
91607  46.586  -15.163  -7.987 0.0000000000
91608  45.969  -15.578  -8.262 0.0000000000
91609  46.634  -14.744  -8.375 0.0000000000
91610  47.304  -13.019  -9.285 0.0000000000
91611  46.638  -13.963  -9.163 0.0000000000
91612  46.733  -13.488  -9.542 0.0000000000
91613  46.127  -13.922  -9.814 0.0000000000
91614  46.726  -13.060  -9.934 0.0000000000
91615  46.761  -12.603  -10.338 0.0000000000
91616  47.321  -12.141  -10.063 0.0000000000
91618  48.583  -10.012  -10.385 0.0000000000
92727  47.392  -9.442  -12.412 0.0000000000
92728  47.164  -9.350  -12.754 0.0000000000
92729  47.892  -8.362  -12.616 0.0000000000
92730  48.365  -7.199  -12.834 0.0000000000
92731  48.806  -5.971  -13.055 0.0000000000
93813  39.473  -16.679  -9.017 0.0000000000
93814  40.413  -16.847  -9.295 0.0000000000
93815  41.402  -16.889  -9.488 0.0000000000
95306  44.962  -7.063  -16.532 0.0000000000
95307  44.258  -7.708  -16.448 0.0000000000
95308  44.792  -6.820  -16.812 0.0000000000
95309  44.587  -6.629  -17.088 0.0000000000
95310  44.411  -6.396  -17.320 0.0000000000
95311  44.204  -6.195  -17.557 0.0000000000
95312  44.909  -5.514  -17.708 0.0000000000
95313  45.334  -4.465  -18.144 0.0000000000
95314  45.733  -3.365  -18.604 0.0000000000
95315  46.089  -2.259  -19.083 0.0000000000
95316  46.269  -2.449  -18.753 0.0000000000
95317  46.743  -1.446  -18.923 0.0000000000
95318  47.212  -0.403  -19.083 0.0000000000
97805  47.485  -16.752  -5.038 0.0000000000
97806  46.885  -17.178  -5.341 0.0000000000
97807  47.518  -16.354  -5.472 0.0000000000
97808  47.551  -15.942  -5.872 0.0000000000
97809  47.679  -15.448  -6.256 0.0000000000
97810  47.763  -15.035  -6.631 0.0000000000
97811  48.364  -14.504  -6.373 0.0000000000
99623  41.320  -12.749  -12.773 0.0000000000
99624  42.062  -12.384  -13.223 0.0000000000
99625  42.818  -11.942  -13.651 0.0000000000
99626  46.473  -8.659  -14.092 0.0000000000
99627  45.760  -9.405  -14.204 0.0000000000
99628  46.297  -8.425  -14.436 0.0000000000
99629  46.131  -8.218  -14.764 0.0000000000
99630  45.954  -8.028  -15.083 0.0000000000
99631  45.787  -7.797  -15.396 0.0000000000
99632  46.414  -7.024  -15.348 0.0000000000
99633  46.845  -5.922  -15.640 0.0000000000
99634  47.239  -4.705  -15.965 0.0000000000
99635  47.539  -3.558  -16.293 0.0000000000
99636  47.719  -3.775  -15.910 0.0000000000
99637  48.242  -2.737  -15.856 0.0000000000
99638  48.682  -1.807  -15.731 0.0000000000
102877  38.896  -14.023  -10.367 0.0000000000
102878  39.794  -14.374  -10.856 0.0000000000
102879  42.224  -15.383  -10.832 0.0000000000
102880  42.047  -15.110  -11.046 0.0000000000
102881  42.968  -14.931  -11.113 0.0000000000
102882  43.718  -14.325  -11.362 0.0000000000
102883  44.411  -13.659  -11.581 0.0000000000
102884  45.043  -12.948  -11.768 0.0000000000
102885  45.250  -13.104  -11.469 0.0000000000
102886  45.989  -12.518  -11.286 0.0000000000
102887  46.782  -11.767  -11.088 0.0000000000
107384  44.298  -1.056  -21.214 0.0000000000
107385  44.559  -1.282  -21.001 0.0000000000
107386  45.058  -0.277  -21.358 0.0000000000
107387  45.447  0.690  -21.626 0.0000000000
107388  46.808  2.619  -21.117 0.0000000000
107389  46.576  2.778  -21.472 0.0000000000
107390  46.768  3.952  -21.521 0.0000000000
107391  46.667  5.248  -21.889 0.0000000000
107392  46.510  6.474  -22.229 0.0000000000
107397  48.429  1.111  -17.857 0.0000000000
107398  48.238  1.408  -18.324 0.0000000000
107399  48.500  2.401  -18.256 0.0000000000
107400  48.525  3.767  -18.616 0.0000000000
107401  48.586  5.151  -18.902 0.0000000000
114849  38.339  -19.483  -6.146 0.0000000000
114850  38.952  -19.382  -6.588 0.0000000000
114854  41.994  -21.380  -4.878 0.0000000000
114855  42.089  -21.020  -5.260 0.0000000000
114856  44.375  -18.654  -6.457 0.0000000000
114857  43.645  -19.269  -6.338 0.0000000000
114858  43.702  -18.910  -6.722 0.0000000000
114859  43.073  -19.039  -6.988 0.0000000000
114860  42.420  -19.151  -7.146 0.0000000000
114861  41.714  -19.220  -7.255 0.0000000000
114862  42.456  -18.803  -7.497 0.0000000000
114863  42.500  -18.419  -7.863 0.0000000000
114864  42.523  -18.062  -8.241 0.0000000000
114865  42.656  -17.639  -8.622 0.0000000000
114866  43.279  -17.553  -8.490 0.0000000000
114867  44.048  -16.930  -8.667 0.0000000000
114868  44.767  -16.268  -8.810 0.0000000000
114869  47.915  -13.299  -8.270 0.0000000000
114870  47.269  -13.868  -8.519 0.0000000000
114871  47.928  -12.888  -8.665 0.0000000000
114872  47.916  -12.487  -9.062 0.0000000000
114873  47.959  -12.007  -9.434 0.0000000000
114874  47.909  -11.620  -9.813 0.0000000000
116523  44.250  -12.262  -12.920 0.0000000000
116524  44.098  -12.026  -13.198 0.0000000000
116525  44.915  -11.504  -13.147 0.0000000000
116526  45.543  -10.675  -13.357 0.0000000000
116527  46.149  -9.770  -13.556 0.0000000000
116528  46.955  -9.204  -13.087 0.0000000000
116529  46.844  -8.982  -13.422 0.0000000000
116530  46.699  -8.783  -13.766 0.0000000000
116531  47.152  -7.758  -13.994 0.0000000000
116532  47.589  -6.627  -14.240 0.0000000000
116533  47.996  -5.425  -14.496 0.0000000000
116534  48.315  -4.213  -14.738 0.0000000000
116535  48.491  -4.459  -14.342 0.0000000000
116536  48.983  -3.463  -14.191 0.0000000000
119056  39.605  -15.493  -9.945 0.0000000000
119057  40.536  -15.702  -10.275 0.0000000000
119060  41.488  -15.743  -10.488 0.0000000000
119061  42.512  -15.625  -10.636 0.0000000000
119062  43.450  -15.280  -10.613 0.0000000000
119063  44.318  -14.930  -10.479 0.0000000000
122540  42.590  -9.980  -15.068 0.0000000000
122545  43.463  -8.189  -16.300 0.0000000000
122555  44.064  -5.942  -17.813 0.0000000000
122556  43.838  -5.722  -18.041 0.0000000000
122558  44.118  -4.625  -18.727 0.0000000000
122559  44.575  -3.665  -19.221 0.0000000000
122560  45.003  -2.645  -19.737 0.0000000000
122561  45.300  -1.592  -20.287 0.0000000000
122562  45.487  -1.831  -19.968 0.0000000000
122563  45.979  -0.852  -20.209 0.0000000000
122564  46.392  0.291  -20.481 0.0000000000
122565  46.402  -1.024  -19.629 0.0000000000
122566  46.595  0.114  -20.143 0.0000000000
122567  46.732  1.325  -20.648 0.0000000000
122568  47.031  2.464  -20.759 0.0000000000
122569  47.244  3.585  -20.810 0.0000000000
122570  47.446  4.858  -20.837 0.0000000000
128372  44.843  -19.109  -5.407 0.0000000000
128373  44.922  -18.716  -5.798 0.0000000000
128374  46.228  -17.626  -5.617 0.0000000000
128375  45.593  -18.011  -5.900 0.0000000000
128376  44.980  -18.350  -6.186 0.0000000000
128377  45.072  -17.968  -6.577 0.0000000000
128378  45.176  -17.527  -6.984 0.0000000000
128379  45.221  -17.139  -7.382 0.0000000000
128380  45.227  -16.765  -7.756 0.0000000000
128381  45.880  -16.396  -7.477 0.0000000000
128382  46.534  -15.582  -7.596 0.0000000000
128383  47.216  -14.676  -7.726 0.0000000000
128384  47.822  -14.560  -7.045 0.0000000000
128385  47.830  -14.193  -7.445 0.0000000000
128386  47.884  -13.741  -7.866 0.0000000000
128387  48.511  -12.784  -8.009 0.0000000000
128388  49.117  -11.773  -8.154 0.0000000000
132241  42.089  -10.771  -14.451 0.0000000000
132242  43.888  -11.825  -13.487 0.0000000000
132243  43.726  -11.570  -13.749 0.0000000000
132244  43.505  -11.359  -14.003 0.0000000000
132245  44.985  -10.106  -14.291 0.0000000000
132246  44.165  -10.650  -14.299 0.0000000000
132247  43.322  -11.140  -14.260 0.0000000000
132248  43.076  -10.870  -14.414 0.0000000000
132249  42.932  -10.550  -14.647 0.0000000000
132250  42.784  -10.239  -14.872 0.0000000000
132251  43.428  -9.656  -15.235 0.0000000000
132252  44.051  -8.996  -15.568 0.0000000000
132253  44.653  -8.138  -15.925 0.0000000000
132254  45.589  -7.599  -15.697 0.0000000000
132255  45.395  -7.410  -15.995 0.0000000000
132256  45.173  -7.248  -16.255 0.0000000000
132257  45.641  -6.310  -16.580 0.0000000000
132258  46.072  -5.293  -16.907 0.0000000000
132259  46.488  -4.065  -17.324 0.0000000000
132260  46.833  -2.912  -17.742 0.0000000000
132261  47.007  -3.105  -17.378 0.0000000000
132262  47.493  -2.076  -17.444 0.0000000000
132263  47.895  -1.115  -17.439 0.0000000000
132264  47.830  -2.416  -16.669 0.0000000000
132265  48.121  -1.247  -17.090 0.0000000000
132266  48.313  -0.100  -17.459 0.0000000000
132267  48.665  0.992  -17.462 0.0000000000
132268  48.956  2.062  -17.348 0.0000000000
132269  49.200  3.094  -17.205 0.0000000000
132270  48.615  -3.010  -15.024 0.0000000000
132271  48.903  -1.793  -15.343 0.0000000000
132272  49.128  -0.688  -15.665 0.0000000000
132273  49.726  0.113  -15.043 0.0000000000
132274  49.482  0.227  -15.541 0.0000000000
132275  49.300  0.450  -16.002 0.0000000000
132276  49.411  1.624  -16.347 0.0000000000
139057  39.243  -13.256  -11.172 0.0000000000
139058  39.901  -13.207  -11.751 0.0000000000
139059  40.791  -13.357  -12.151 0.0000000000
139060  41.746  -13.366  -12.431 0.0000000000
139061  42.683  -13.205  -12.607 0.0000000000
139063  39.972  -14.703  -10.725 0.0000000000
139064  40.696  -14.520  -11.222 0.0000000000
139065  41.865  -14.824  -11.271 0.0000000000
139066  41.662  -14.529  -11.499 0.0000000000
139067  41.423  -14.261  -11.678 0.0000000000
139068  42.159  -13.886  -12.058 0.0000000000
139069  42.884  -13.423  -12.379 0.0000000000
139070  43.588  -12.889  -12.664 0.0000000000
139071  44.447  -12.455  -12.636 0.0000000000
139072  45.280  -11.901  -12.530 0.0000000000
139073  46.054  -11.220  -12.384 0.0000000000
139074  45.660  -12.165  -11.949 0.0000000000
139075  46.275  -11.317  -12.087 0.0000000000
139076  46.863  -10.412  -12.227 0.0000000000
139077  47.562  -9.575  -12.089 0.0000000000
139078  48.265  -8.681  -11.936 0.0000000000
139079  48.990  -7.567  -11.728 0.0000000000
143205  43.144  -0.663  -21.778 0.0000000000
148191  43.424  -0.829  -21.632 0.0000000000
148192  43.944  0.011  -22.067 0.0000000000
148193  44.352  1.019  -22.442 0.0000000000
148194  44.525  0.006  -21.801 0.0000000000
148195  44.641  1.050  -22.315 0.0000000000
148196  44.684  2.123  -22.808 0.0000000000
148200  45.525  -0.565  -20.806 0.0000000000
148201  45.694  0.530  -21.328 0.0000000000
148202  45.771  1.768  -21.846 0.0000000000
148203  46.293  2.872  -21.762 0.0000000000
148204  46.022  2.903  -22.019 0.0000000000
148218  47.117  -1.795  -18.167 0.0000000000
148219  47.346  -0.640  -18.658 0.0000000000
148220  47.539  0.634  -19.134 0.0000000000
148221  48.017  1.565  -18.771 0.0000000000
148222  47.863  1.738  -19.174 0.0000000000
148223  47.667  1.901  -19.578 0.0000000000
148224  47.713  3.179  -19.994 0.0000000000
148225  47.703  4.673  -20.397 0.0000000000
148226  47.658  6.155  -20.718 0.0000000000
148229  48.641  6.545  -19.152 0.0000000000
148232  48.416  6.769  -19.621 0.0000000000
163140  39.156  -17.853  -7.919 0.0000000000
163147  39.283  -21.438  -4.830 0.0000000000
163148  39.338  -21.076  -5.206 0.0000000000
163149  39.421  -20.762  -5.568 0.0000000000
163151  42.820  -20.538  -5.428 0.0000000000
163152  42.153  -20.644  -5.621 0.0000000000
163153  42.912  -19.820  -6.195 0.0000000000
163154  42.187  -20.291  -6.011 0.0000000000
163155  41.452  -20.690  -5.769 0.0000000000
163156  40.762  -20.668  -5.865 0.0000000000
163157  40.154  -20.588  -5.930 0.0000000000
163158  39.434  -20.398  -5.902 0.0000000000
163159  39.524  -20.025  -6.274 0.0000000000
163160  39.597  -19.650  -6.652 0.0000000000
163161  39.635  -19.240  -7.002 0.0000000000
163162  41.033  -19.188  -7.344 0.0000000000
163163  40.401  -19.062  -7.382 0.0000000000
163164  39.723  -18.888  -7.334 0.0000000000
163165  39.753  -18.483  -7.693 0.0000000000
163166  39.795  -18.105  -8.033 0.0000000000
163167  39.848  -17.726  -8.362 0.0000000000
163168  40.552  -17.548  -8.775 0.0000000000
163169  41.295  -17.265  -9.141 0.0000000000
163170  42.059  -16.905  -9.458 0.0000000000
163171  42.740  -17.245  -9.018 0.0000000000
163172  42.793  -16.841  -9.374 0.0000000000
163173  42.853  -16.472  -9.728 0.0000000000
163174  43.559  -15.949  -9.950 0.0000000000
163175  44.248  -15.343  -10.127 0.0000000000
163176  44.927  -14.662  -10.286 0.0000000000
163177  45.255  -16.382  -8.184 0.0000000000
163178  45.363  -15.933  -8.546 0.0000000000
163179  45.405  -15.577  -8.931 0.0000000000
163180  46.609  -14.360  -8.782 0.0000000000
163181  46.006  -14.816  -9.047 0.0000000000
163182  45.451  -15.147  -9.300 0.0000000000
163183  45.524  -14.719  -9.699 0.0000000000
163184  45.538  -14.308  -10.068 0.0000000000
163185  45.560  -13.921  -10.429 0.0000000000
163186  46.175  -13.074  -10.580 0.0000000000
163187  46.766  -12.198  -10.721 0.0000000000
163188  47.328  -11.306  -10.849 0.0000000000
163189  47.987  -11.085  -10.232 0.0000000000
163190  47.972  -10.660  -10.618 0.0000000000
163191  47.942  -10.256  -10.991 0.0000000000
163192  48.514  -9.159  -11.138 0.0000000000
