#!ascii label  , from subject fsaverage vox2ras=TkReg
745
133  23.440  -62.208  13.888 0.0000000000
288  22.128  -60.366  23.830 0.0000000000
295  17.838  -75.448  43.371 0.0000000000
405  19.494  -70.069  32.140 0.0000000000
1224  20.966  -65.271  28.135 0.0000000000
1225  24.337  -61.205  19.085 0.0000000000
1674  21.270  -57.923  14.436 0.0000000000
1683  15.539  -73.072  45.402 0.0000000000
1685  20.938  -73.618  43.782 0.0000000000
1904  18.515  -75.147  37.557 0.0000000000
2313  23.129  -59.860  9.147 0.0000000000
3145  24.179  -61.761  16.495 0.0000000000
3765  16.919  -73.643  44.240 0.0000000000
3766  18.047  -73.107  44.559 0.0000000000
3767  19.239  -74.818  44.248 0.0000000000
4185  18.277  -72.730  36.269 0.0000000000
4228  17.424  -74.872  39.261 0.0000000000
5107  19.618  -73.349  31.996 0.0000000000
5116  21.388  -62.730  26.101 0.0000000000
5117  22.658  -63.328  23.672 0.0000000000
5138  21.707  -59.210  11.696 0.0000000000
5139  20.182  -57.576  11.539 0.0000000000
5184  17.930  -68.965  44.791 0.0000000000
6003  17.639  -77.039  42.923 0.0000000000
6004  19.722  -77.190  43.973 0.0000000000
6809  20.092  -71.146  29.412 0.0000000000
6810  20.229  -67.651  30.104 0.0000000000
6811  21.071  -68.796  27.302 0.0000000000
6813  23.572  -60.743  21.629 0.0000000000
6814  23.759  -64.057  21.067 0.0000000000
7742  20.626  -58.481  23.497 0.0000000000
7743  22.234  -58.328  21.607 0.0000000000
7744  23.128  -58.525  19.234 0.0000000000
7745  23.191  -59.053  16.644 0.0000000000
7746  22.803  -59.839  14.372 0.0000000000
7747  21.147  -56.994  16.870 0.0000000000
7769  16.270  -72.108  45.541 0.0000000000
7770  19.131  -71.752  44.136 0.0000000000
8326  19.775  -75.559  35.371 0.0000000000
8327  19.073  -72.851  34.219 0.0000000000
8375  16.456  -74.067  43.337 0.0000000000
8378  16.924  -75.595  42.020 0.0000000000
8379  17.261  -76.353  40.979 0.0000000000
8380  18.226  -76.845  39.576 0.0000000000
9469  21.738  -66.238  25.361 0.0000000000
9498  21.940  -57.952  8.949 0.0000000000
10825  23.810  -61.955  15.211 0.0000000000
11445  17.521  -74.447  43.757 0.0000000000
11446  18.046  -74.202  44.141 0.0000000000
11447  18.494  -75.210  43.862 0.0000000000
12787  19.466  -71.765  32.041 0.0000000000
12789  19.725  -72.319  30.582 0.0000000000
12795  21.283  -60.286  24.899 0.0000000000
12796  21.791  -61.473  24.970 0.0000000000
12797  22.584  -61.742  23.781 0.0000000000
13845  17.974  -77.697  42.479 0.0000000000
13846  18.559  -78.044  43.362 0.0000000000
15188  19.631  -67.205  31.376 0.0000000000
15189  19.162  -65.571  31.627 0.0000000000
15190  20.215  -64.799  29.372 0.0000000000
15191  20.691  -66.514  29.103 0.0000000000
15192  21.201  -66.980  27.800 0.0000000000
15194  21.479  -67.548  26.341 0.0000000000
15195  24.027  -60.941  20.407 0.0000000000
15196  24.217  -62.677  20.099 0.0000000000
15197  24.420  -62.877  18.801 0.0000000000
17003  21.542  -58.330  22.622 0.0000000000
17007  22.175  -57.430  19.205 0.0000000000
17008  23.255  -58.705  17.975 0.0000000000
17009  22.280  -57.586  17.973 0.0000000000
17010  22.267  -57.929  16.798 0.0000000000
17011  21.068  -56.683  18.032 0.0000000000
17057  15.849  -72.641  45.508 0.0000000000
17058  19.498  -73.173  44.195 0.0000000000
17059  18.661  -72.499  44.501 0.0000000000
17060  20.127  -72.592  43.957 0.0000000000
17061  20.623  -71.946  43.409 0.0000000000
17062  21.657  -73.065  43.223 0.0000000000
18314  19.276  -76.394  37.640 0.0000000000
18316  19.205  -75.299  36.593 0.0000000000
18317  18.157  -71.484  35.860 0.0000000000
18318  18.759  -72.769  35.280 0.0000000000
18319  18.608  -71.421  34.932 0.0000000000
18320  18.917  -71.370  33.991 0.0000000000
18433  15.737  -73.726  44.112 0.0000000000
18443  16.965  -75.967  41.456 0.0000000000
18444  17.045  -75.490  40.639 0.0000000000
18445  17.912  -74.965  38.501 0.0000000000
18446  17.731  -75.796  39.285 0.0000000000
18447  18.388  -76.041  38.534 0.0000000000
18448  19.078  -77.174  38.880 0.0000000000
21108  22.118  -64.776  24.539 0.0000000000
21109  21.631  -64.431  25.796 0.0000000000
21110  22.035  -66.764  23.869 0.0000000000
21172  22.107  -58.836  14.411 0.0000000000
21173  22.667  -60.449  13.022 0.0000000000
21174  22.122  -59.497  13.078 0.0000000000
21175  22.349  -59.572  10.394 0.0000000000
21176  22.780  -60.532  10.367 0.0000000000
21180  18.804  -56.489  10.111 0.0000000000
21181  19.901  -57.169  10.136 0.0000000000
24093  24.377  -61.431  17.835 0.0000000000
24094  24.395  -63.055  17.494 0.0000000000
24095  24.154  -63.236  16.166 0.0000000000
25209  16.306  -73.258  44.813 0.0000000000
25210  16.735  -73.014  44.975 0.0000000000
25211  17.427  -73.435  44.519 0.0000000000
25212  18.770  -73.783  44.396 0.0000000000
25213  20.101  -74.189  44.134 0.0000000000
25964  17.956  -73.997  37.743 0.0000000000
25965  18.436  -73.978  36.848 0.0000000000
25966  17.879  -72.852  37.205 0.0000000000
27641  20.902  -61.284  26.114 0.0000000000
27642  22.044  -63.031  24.878 0.0000000000
27643  22.604  -65.139  23.261 0.0000000000
27680  21.412  -58.603  13.078 0.0000000000
27681  20.544  -57.776  12.994 0.0000000000
27682  21.023  -58.370  11.620 0.0000000000
27683  21.779  -58.700  10.288 0.0000000000
27761  18.360  -70.356  44.217 0.0000000000
27762  17.400  -69.758  44.949 0.0000000000
27763  18.789  -69.550  43.905 0.0000000000
29367  17.731  -76.343  43.056 0.0000000000
29368  18.634  -76.316  43.695 0.0000000000
29369  18.546  -77.187  43.637 0.0000000000
31246  19.352  -68.317  32.312 0.0000000000
31247  19.845  -70.576  30.823 0.0000000000
31248  19.795  -68.859  31.087 0.0000000000
31249  20.270  -69.411  29.749 0.0000000000
31250  20.520  -69.929  28.343 0.0000000000
31251  19.967  -65.943  30.436 0.0000000000
31252  20.724  -68.196  28.762 0.0000000000
31257  22.963  -60.541  22.718 0.0000000000
31258  23.265  -61.975  22.589 0.0000000000
31259  23.811  -62.325  21.410 0.0000000000
31260  24.045  -64.339  19.671 0.0000000000
33632  21.486  -59.376  23.713 0.0000000000
33633  22.347  -59.364  22.726 0.0000000000
33634  23.059  -59.390  21.697 0.0000000000
33635  23.567  -59.537  20.488 0.0000000000
33637  22.775  -58.418  20.467 0.0000000000
33638  23.843  -59.809  19.196 0.0000000000
33639  23.929  -60.033  17.892 0.0000000000
33640  23.805  -60.324  16.614 0.0000000000
33641  23.543  -60.653  15.320 0.0000000000
33642  23.301  -61.015  14.147 0.0000000000
33643  23.059  -59.384  15.565 0.0000000000
33644  22.233  -58.358  15.610 0.0000000000
33645  21.221  -57.384  15.731 0.0000000000
33703  16.673  -71.400  45.354 0.0000000000
33704  17.196  -72.611  44.977 0.0000000000
33705  17.640  -71.882  44.754 0.0000000000
33706  18.021  -71.120  44.482 0.0000000000
33707  19.518  -71.122  43.677 0.0000000000
33710  19.651  -76.062  44.088 0.0000000000
33711  20.682  -75.612  44.065 0.0000000000
33712  21.669  -74.918  43.691 0.0000000000
35269  19.020  -74.051  35.794 0.0000000000
35270  19.471  -74.263  34.677 0.0000000000
35272  19.388  -73.084  33.137 0.0000000000
35273  19.161  -71.512  33.025 0.0000000000
35274  19.118  -69.883  33.119 0.0000000000
35283  18.929  -68.206  33.267 0.0000000000
35408  15.330  -73.277  45.143 0.0000000000
35409  15.984  -73.506  44.457 0.0000000000
35410  16.656  -73.924  43.803 0.0000000000
35411  17.156  -74.641  43.270 0.0000000000
35419  16.861  -74.831  42.688 0.0000000000
35420  17.312  -75.600  42.683 0.0000000000
35421  17.202  -76.275  42.385 0.0000000000
35422  17.330  -76.818  42.005 0.0000000000
35423  17.845  -77.302  41.392 0.0000000000
35424  17.371  -75.719  40.095 0.0000000000
35425  17.735  -76.622  40.296 0.0000000000
38622  19.868  -72.785  29.211 0.0000000000
38643  20.716  -62.458  27.256 0.0000000000
38644  21.147  -64.047  27.005 0.0000000000
38645  21.456  -65.726  26.760 0.0000000000
38649  23.238  -63.708  22.381 0.0000000000
38721  23.066  -61.517  12.871 0.0000000000
38724  22.265  -60.101  11.715 0.0000000000
38730  19.082  -56.986  11.419 0.0000000000
38731  20.992  -57.890  10.184 0.0000000000
38732  22.658  -58.894  8.998 0.0000000000
38733  22.758  -57.907  8.111 0.0000000000
38735  24.026  -60.060  8.169 0.0000000000
41545  23.643  -62.104  14.573 0.0000000000
41546  23.650  -62.755  14.419 0.0000000000
41551  23.295  -62.414  13.237 0.0000000000
42165  17.768  -74.933  43.565 0.0000000000
42166  18.012  -74.816  43.851 0.0000000000
42167  18.166  -75.373  43.642 0.0000000000
43507  19.496  -70.945  32.052 0.0000000000
43508  19.615  -72.024  31.319 0.0000000000
43509  19.632  -71.186  31.383 0.0000000000
43515  21.741  -60.312  24.348 0.0000000000
43516  22.002  -60.946  24.371 0.0000000000
43517  22.413  -61.006  23.819 0.0000000000
44565  18.206  -77.920  42.216 0.0000000000
44566  18.479  -78.196  42.705 0.0000000000
44567  18.697  -78.439  42.407 0.0000000000
45910  20.605  -65.020  28.786 0.0000000000
45911  20.832  -65.822  28.676 0.0000000000
45912  21.121  -66.110  27.978 0.0000000000
45913  21.369  -67.247  27.089 0.0000000000
45914  21.362  -66.372  27.284 0.0000000000
45915  24.196  -61.097  19.750 0.0000000000
45916  24.320  -61.919  19.625 0.0000000000
45917  24.447  -62.043  18.965 0.0000000000
47728  22.263  -57.488  18.598 0.0000000000
47729  21.646  -57.002  18.554 0.0000000000
47730  21.700  -57.117  18.012 0.0000000000
47775  15.186  -73.008  45.777 0.0000000000
47777  15.689  -72.882  45.486 0.0000000000
47778  20.171  -73.316  44.024 0.0000000000
47779  19.830  -72.880  44.130 0.0000000000
47780  20.553  -73.061  43.876 0.0000000000
47781  20.875  -72.780  43.648 0.0000000000
47782  21.333  -73.354  43.564 0.0000000000
49034  18.920  -75.752  37.620 0.0000000000
49035  19.263  -75.858  37.093 0.0000000000
49036  18.896  -75.193  37.132 0.0000000000
49038  18.411  -71.455  35.426 0.0000000000
49163  16.870  -75.435  40.927 0.0000000000
49165  18.202  -75.046  38.048 0.0000000000
49166  18.137  -75.520  38.478 0.0000000000
49167  18.459  -75.611  38.023 0.0000000000
49168  18.853  -76.205  38.095 0.0000000000
51828  22.267  -65.992  23.557 0.0000000000
51829  22.072  -65.750  24.225 0.0000000000
51892  21.738  -58.326  14.475 0.0000000000
51893  22.088  -59.140  13.770 0.0000000000
51894  21.747  -58.674  13.791 0.0000000000
51895  22.722  -59.711  9.747 0.0000000000
51899  23.761  -60.486  8.577 0.0000000000
51900  19.302  -56.392  9.624 0.0000000000
51901  19.895  -56.708  9.579 0.0000000000
55515  24.280  -61.575  17.157 0.0000000000
55516  24.319  -62.342  17.039 0.0000000000
55517  24.219  -62.466  16.378 0.0000000000
57375  16.618  -73.410  44.516 0.0000000000
57376  16.866  -73.340  44.619 0.0000000000
57377  17.154  -73.577  44.433 0.0000000000
57378  18.617  -74.447  44.217 0.0000000000
57379  18.394  -74.003  44.311 0.0000000000
57380  19.032  -74.232  44.382 0.0000000000
57381  19.447  -73.948  44.336 0.0000000000
57382  19.671  -74.517  44.246 0.0000000000
58635  17.924  -73.423  37.486 0.0000000000
58768  17.711  -73.960  38.204 0.0000000000
61428  22.287  -62.338  24.356 0.0000000000
61429  21.940  -62.255  24.955 0.0000000000
61430  22.344  -63.147  24.284 0.0000000000
61431  22.403  -64.020  24.166 0.0000000000
61432  22.665  -64.222  23.503 0.0000000000
61495  19.834  -57.322  12.212 0.0000000000
61496  20.285  -57.679  12.301 0.0000000000
61497  20.610  -57.962  11.592 0.0000000000
61498  21.380  -58.608  10.903 0.0000000000
61499  20.974  -58.186  10.882 0.0000000000
61628  19.166  -70.334  43.707 0.0000000000
61629  18.564  -69.959  44.033 0.0000000000
61630  19.330  -69.926  43.516 0.0000000000
64575  17.636  -76.684  43.011 0.0000000000
64576  18.040  -76.758  43.369 0.0000000000
64577  18.022  -77.166  43.302 0.0000000000
64579  19.142  -78.072  43.641 0.0000000000
68602  19.216  -67.550  32.442 0.0000000000
68603  19.586  -68.619  31.706 0.0000000000
68604  19.472  -67.759  31.874 0.0000000000
68605  19.931  -67.401  30.748 0.0000000000
68606  20.010  -68.281  30.566 0.0000000000
68607  20.254  -68.530  29.905 0.0000000000
68608  20.392  -69.649  29.063 0.0000000000
68609  20.464  -68.785  29.248 0.0000000000
68611  19.266  -65.009  31.076 0.0000000000
68612  19.719  -65.159  30.502 0.0000000000
68613  21.010  -67.655  28.258 0.0000000000
68614  20.747  -67.344  28.946 0.0000000000
68615  20.941  -68.501  28.044 0.0000000000
68616  20.785  -69.416  27.768 0.0000000000
68617  20.873  -69.643  27.072 0.0000000000
68625  23.303  -60.661  22.172 0.0000000000
68626  23.447  -61.361  22.118 0.0000000000
68627  23.730  -61.533  21.525 0.0000000000
68628  24.283  -63.659  19.219 0.0000000000
68629  24.182  -63.520  19.910 0.0000000000
68630  24.100  -64.459  18.957 0.0000000000
68631  23.842  -65.287  18.623 0.0000000000
68633  24.164  -63.951  16.582 0.0000000000
68634  24.270  -63.884  17.235 0.0000000000
74047  21.073  -58.887  23.627 0.0000000000
74048  21.941  -59.344  23.233 0.0000000000
74049  21.555  -58.840  23.179 0.0000000000
74050  21.908  -58.337  22.107 0.0000000000
74051  22.358  -58.822  22.169 0.0000000000
74052  22.685  -58.843  21.635 0.0000000000
74053  23.334  -59.424  21.151 0.0000000000
74054  22.984  -58.826  21.128 0.0000000000
74058  22.506  -57.949  19.793 0.0000000000
74059  22.314  -57.921  20.379 0.0000000000
74060  22.985  -58.485  19.841 0.0000000000
74061  23.360  -59.062  19.874 0.0000000000
74062  23.512  -59.152  19.217 0.0000000000
74063  23.948  -59.898  18.523 0.0000000000
74064  23.608  -59.170  18.595 0.0000000000
74065  23.241  -58.836  17.326 0.0000000000
74066  23.593  -59.487  17.321 0.0000000000
74067  23.521  -59.663  16.651 0.0000000000
74068  23.704  -60.469  16.006 0.0000000000
74069  23.407  -59.868  15.961 0.0000000000
74070  23.307  -60.048  15.393 0.0000000000
74071  23.100  -59.212  16.097 0.0000000000
74072  21.729  -57.457  16.838 0.0000000000
74073  22.235  -58.140  16.209 0.0000000000
74074  21.739  -57.645  16.252 0.0000000000
74075  21.781  -57.881  15.622 0.0000000000
74076  21.184  -57.198  16.281 0.0000000000
74208  15.693  -72.289  45.870 0.0000000000
74210  15.880  -71.975  45.877 0.0000000000
74211  16.056  -71.618  45.756 0.0000000000
74212  16.468  -71.763  45.447 0.0000000000
74213  17.319  -73.075  44.734 0.0000000000
74214  16.941  -72.799  44.961 0.0000000000
74215  17.604  -72.851  44.735 0.0000000000
74216  18.904  -72.085  44.289 0.0000000000
74217  18.167  -72.158  44.626 0.0000000000
74218  18.395  -71.754  44.438 0.0000000000
74219  17.843  -71.508  44.617 0.0000000000
74220  18.572  -71.401  44.335 0.0000000000
74221  18.794  -71.083  44.064 0.0000000000
74222  19.329  -71.444  43.928 0.0000000000
74223  21.379  -72.170  42.987 0.0000000000
74224  20.874  -71.628  43.154 0.0000000000
74228  19.120  -76.732  43.876 0.0000000000
74229  19.138  -76.232  43.914 0.0000000000
74230  19.694  -76.675  44.029 0.0000000000
77992  18.362  -73.359  36.553 0.0000000000
77993  18.754  -73.999  36.330 0.0000000000
77994  18.617  -73.345  35.993 0.0000000000
77995  18.906  -72.826  34.717 0.0000000000
77996  19.098  -73.475  34.980 0.0000000000
77997  19.275  -73.573  34.419 0.0000000000
77998  19.627  -74.395  34.083 0.0000000000
77999  19.415  -73.643  33.894 0.0000000000
78001  19.230  -72.923  33.715 0.0000000000
78002  18.858  -70.602  33.953 0.0000000000
78003  19.045  -71.412  33.494 0.0000000000
78004  18.972  -70.617  33.476 0.0000000000
78005  19.109  -70.699  33.059 0.0000000000
78028  18.727  -68.184  33.697 0.0000000000
78338  15.687  -73.370  44.807 0.0000000000
78339  15.510  -73.500  44.679 0.0000000000
78340  16.076  -73.864  43.720 0.0000000000
78341  16.209  -73.800  43.936 0.0000000000
78342  16.541  -73.986  43.543 0.0000000000
78343  16.935  -74.233  43.528 0.0000000000
78344  16.806  -74.322  43.262 0.0000000000
78365  16.912  -75.178  42.353 0.0000000000
78366  17.113  -75.212  42.670 0.0000000000
78367  17.080  -75.611  42.368 0.0000000000
78368  17.253  -75.961  42.527 0.0000000000
78369  17.024  -75.940  42.173 0.0000000000
78370  17.124  -76.137  41.250 0.0000000000
78371  17.105  -76.331  41.735 0.0000000000
78372  17.269  -76.615  41.502 0.0000000000
78373  17.551  -77.074  41.727 0.0000000000
78374  17.517  -76.819  41.196 0.0000000000
78375  17.231  -74.849  39.606 0.0000000000
78376  17.205  -75.254  39.986 0.0000000000
78377  17.366  -75.305  39.651 0.0000000000
78378  17.942  -76.306  39.385 0.0000000000
78379  17.742  -76.229  39.760 0.0000000000
78380  17.914  -76.719  39.868 0.0000000000
78381  17.906  -77.083  40.465 0.0000000000
78382  18.195  -77.230  40.149 0.0000000000
86310  19.987  -70.846  30.114 0.0000000000
86311  19.902  -71.697  30.016 0.0000000000
86312  19.960  -71.975  29.259 0.0000000000
86363  20.821  -61.830  26.732 0.0000000000
86364  20.378  -61.746  27.262 0.0000000000
86365  21.060  -62.562  26.693 0.0000000000
86366  21.690  -65.341  25.609 0.0000000000
86367  21.400  -64.245  26.413 0.0000000000
86368  21.508  -65.116  26.251 0.0000000000
86369  21.324  -64.875  26.899 0.0000000000
86370  21.609  -66.014  26.063 0.0000000000
86371  21.635  -66.918  25.849 0.0000000000
86372  21.690  -67.153  25.114 0.0000000000
86378  23.589  -62.989  21.890 0.0000000000
86379  23.315  -62.833  22.494 0.0000000000
86380  23.530  -63.915  21.702 0.0000000000
86557  23.073  -60.408  14.278 0.0000000000
86558  23.150  -61.245  13.515 0.0000000000
86559  22.961  -60.678  13.645 0.0000000000
86560  22.669  -60.689  12.349 0.0000000000
86561  22.847  -61.212  12.267 0.0000000000
86565  21.512  -58.916  12.414 0.0000000000
86566  21.851  -59.360  12.423 0.0000000000
86567  21.987  -59.657  11.721 0.0000000000
86568  23.246  -61.148  9.761 0.0000000000
86569  22.943  -60.932  10.390 0.0000000000
86582  18.530  -56.698  11.344 0.0000000000
86583  21.006  -57.493  9.523 0.0000000000
86584  20.467  -57.518  10.159 0.0000000000
86585  21.452  -57.933  9.538 0.0000000000
86586  21.856  -58.394  9.570 0.0000000000
86587  22.289  -58.430  8.943 0.0000000000
86971  17.670  -69.366  44.855 0.0000000000
93213  23.984  -61.844  15.828 0.0000000000
93214  24.026  -62.545  15.692 0.0000000000
93215  23.844  -62.645  15.046 0.0000000000
94329  17.225  -74.032  43.965 0.0000000000
94330  17.464  -73.916  44.168 0.0000000000
94331  17.753  -74.387  43.921 0.0000000000
94332  18.280  -74.642  44.035 0.0000000000
94333  18.834  -75.026  44.025 0.0000000000
96745  19.496  -72.560  32.019 0.0000000000
96747  19.683  -72.845  31.315 0.0000000000
96748  19.781  -73.152  30.569 0.0000000000
96760  21.053  -60.749  25.525 0.0000000000
96761  21.560  -60.854  24.958 0.0000000000
96762  22.184  -61.618  24.376 0.0000000000
96763  22.647  -62.466  23.791 0.0000000000
96803  19.313  -57.005  12.144 0.0000000000
98649  17.726  -77.395  42.747 0.0000000000
98650  18.117  -77.545  43.182 0.0000000000
98651  18.227  -77.920  42.976 0.0000000000
98652  18.798  -78.382  43.108 0.0000000000
101068  19.432  -66.359  31.539 0.0000000000
101069  19.800  -66.531  30.959 0.0000000000
101070  19.797  -64.602  29.970 0.0000000000
101071  20.108  -65.400  29.879 0.0000000000
101072  20.482  -65.604  29.284 0.0000000000
101073  20.972  -66.744  28.477 0.0000000000
101074  21.179  -67.955  27.546 0.0000000000
101079  23.832  -60.788  21.024 0.0000000000
101080  23.987  -61.613  20.915 0.0000000000
101081  24.162  -61.795  20.267 0.0000000000
101082  24.333  -62.781  19.453 0.0000000000
104333  21.137  -58.390  23.072 0.0000000000
104334  20.641  -57.965  22.953 0.0000000000
104340  21.977  -57.411  19.780 0.0000000000
104341  22.673  -57.962  19.209 0.0000000000
104342  23.219  -58.574  18.596 0.0000000000
104343  22.789  -58.004  18.618 0.0000000000
104344  22.829  -58.092  17.994 0.0000000000
104345  22.786  -58.243  17.343 0.0000000000
104346  22.753  -58.386  16.774 0.0000000000
104347  22.292  -57.729  17.408 0.0000000000
104348  21.780  -57.297  17.425 0.0000000000
104349  21.136  -56.830  17.447 0.0000000000
104431  16.081  -72.403  45.558 0.0000000000
104432  18.788  -73.158  44.405 0.0000000000
104433  18.369  -72.866  44.557 0.0000000000
104434  19.105  -72.839  44.340 0.0000000000
104435  19.388  -72.485  44.207 0.0000000000
104436  19.639  -72.137  44.004 0.0000000000
104437  19.864  -71.831  43.800 0.0000000000
104438  20.353  -72.269  43.692 0.0000000000
104439  21.112  -72.477  43.349 0.0000000000
104440  21.894  -72.747  42.857 0.0000000000
106694  19.605  -77.029  37.742 0.0000000000
106698  19.493  -75.384  36.031 0.0000000000
106699  18.204  -72.122  36.023 0.0000000000
106700  18.535  -72.726  35.779 0.0000000000
106701  18.465  -72.103  35.577 0.0000000000
106702  18.644  -72.143  35.051 0.0000000000
106703  18.804  -72.098  34.537 0.0000000000
106704  18.955  -72.126  34.058 0.0000000000
106705  18.776  -71.337  34.453 0.0000000000
106706  18.762  -70.602  34.451 0.0000000000
106910  15.931  -73.939  43.513 0.0000000000
106924  16.846  -75.490  41.625 0.0000000000
106925  16.919  -75.802  41.709 0.0000000000
106926  16.868  -75.641  41.298 0.0000000000
106927  17.003  -75.785  41.054 0.0000000000
106928  17.168  -75.902  40.785 0.0000000000
106929  17.646  -74.910  38.846 0.0000000000
106930  17.580  -75.324  39.249 0.0000000000
106931  17.825  -75.410  38.871 0.0000000000
106932  18.018  -75.899  38.923 0.0000000000
106933  18.281  -76.403  39.043 0.0000000000
106934  18.626  -76.977  39.262 0.0000000000
106935  18.732  -76.594  38.688 0.0000000000
106936  19.190  -76.790  38.232 0.0000000000
111690  20.155  -71.342  28.712 0.0000000000
111691  19.928  -72.209  28.587 0.0000000000
111692  19.929  -72.442  27.891 0.0000000000
111722  21.829  -63.702  25.388 0.0000000000
111723  21.531  -63.546  25.980 0.0000000000
111724  21.854  -64.598  25.166 0.0000000000
111725  21.879  -65.563  24.912 0.0000000000
111726  21.873  -66.505  24.641 0.0000000000
111838  22.472  -59.316  14.407 0.0000000000
111839  22.737  -60.121  13.774 0.0000000000
111840  22.410  -59.632  13.753 0.0000000000
111841  22.418  -59.935  13.052 0.0000000000
111842  22.449  -60.257  12.366 0.0000000000
111843  21.987  -59.437  11.019 0.0000000000
111844  22.250  -59.900  11.029 0.0000000000
111845  22.609  -60.082  10.380 0.0000000000
111852  18.355  -56.517  10.690 0.0000000000
111853  18.900  -56.827  10.718 0.0000000000
111854  19.351  -56.845  10.105 0.0000000000
111855  20.423  -57.051  9.579 0.0000000000
111856  21.465  -57.463  9.006 0.0000000000
117656  20.362  -64.234  28.875 0.0000000000
117657  24.386  -61.340  18.450 0.0000000000
117658  24.453  -62.169  18.290 0.0000000000
117659  24.404  -62.240  17.690 0.0000000000
117660  24.277  -63.135  16.848 0.0000000000
117661  24.007  -64.025  15.906 0.0000000000
117662  23.985  -63.258  15.533 0.0000000000
120261  15.941  -73.154  45.107 0.0000000000
120262  16.128  -73.056  45.228 0.0000000000
120263  16.524  -73.169  44.938 0.0000000000
120264  17.119  -73.175  44.735 0.0000000000
120265  17.732  -73.283  44.548 0.0000000000
120266  17.742  -73.774  44.349 0.0000000000
120267  18.067  -73.602  44.424 0.0000000000
120268  18.437  -73.411  44.457 0.0000000000
120269  19.142  -73.505  44.341 0.0000000000
120270  19.787  -73.580  44.135 0.0000000000
120271  20.524  -73.889  43.973 0.0000000000
122024  18.215  -74.554  37.637 0.0000000000
122025  18.488  -74.552  37.166 0.0000000000
122026  18.175  -73.969  37.308 0.0000000000
122027  18.136  -73.399  37.031 0.0000000000
122028  18.073  -72.790  36.748 0.0000000000
122030  17.802  -72.253  36.912 0.0000000000
122031  17.982  -72.178  36.462 0.0000000000
122032  17.916  -71.536  36.270 0.0000000000
122210  17.492  -74.425  38.897 0.0000000000
122211  17.698  -74.449  38.536 0.0000000000
122212  17.977  -74.484  38.135 0.0000000000
125934  20.450  -61.194  26.681 0.0000000000
125935  21.183  -61.979  26.144 0.0000000000
125936  21.324  -61.378  25.571 0.0000000000
125937  21.577  -62.112  25.535 0.0000000000
125938  21.717  -62.879  25.506 0.0000000000
125939  22.109  -63.869  24.752 0.0000000000
125940  22.369  -64.920  23.926 0.0000000000
125941  22.463  -66.130  22.909 0.0000000000
126026  21.345  -58.276  13.742 0.0000000000
126027  20.869  -57.852  13.731 0.0000000000
126028  20.996  -58.186  13.055 0.0000000000
126029  21.170  -58.509  12.339 0.0000000000
126031  20.762  -58.098  12.290 0.0000000000
126032  21.411  -58.782  11.641 0.0000000000
126033  21.706  -59.005  10.978 0.0000000000
126034  22.085  -59.095  10.363 0.0000000000
126035  22.489  -59.219  9.754 0.0000000000
126215  17.673  -70.417  44.702 0.0000000000
126216  17.250  -70.125  45.114 0.0000000000
126217  17.852  -70.028  44.570 0.0000000000
126218  18.067  -69.635  44.418 0.0000000000
126219  18.350  -69.231  44.334 0.0000000000
126221  19.010  -69.117  43.808 0.0000000000
126222  18.567  -68.800  44.286 0.0000000000
130179  17.831  -75.914  43.195 0.0000000000
130180  18.192  -75.932  43.522 0.0000000000
130181  18.158  -76.343  43.407 0.0000000000
130182  18.602  -76.768  43.695 0.0000000000
130183  19.108  -77.193  43.862 0.0000000000
130184  18.586  -77.617  43.531 0.0000000000
130185  19.082  -77.627  43.814 0.0000000000
135280  19.437  -69.144  32.217 0.0000000000
135281  19.666  -70.312  31.486 0.0000000000
135282  19.660  -69.448  31.601 0.0000000000
135283  19.836  -69.720  30.946 0.0000000000
135284  20.004  -69.972  30.278 0.0000000000
135285  19.742  -68.013  31.239 0.0000000000
135286  20.036  -69.154  30.416 0.0000000000
135287  20.214  -70.290  29.598 0.0000000000
135288  20.292  -70.497  28.889 0.0000000000
135292  19.573  -65.690  31.100 0.0000000000
135293  20.138  -66.783  30.296 0.0000000000
135294  20.338  -66.226  29.761 0.0000000000
135295  20.462  -67.054  29.635 0.0000000000
135296  20.501  -67.911  29.457 0.0000000000
135297  20.644  -69.074  28.552 0.0000000000
135298  20.596  -70.235  27.589 0.0000000000
135309  22.538  -60.420  23.318 0.0000000000
135310  22.785  -61.084  23.276 0.0000000000
135311  23.142  -61.206  22.689 0.0000000000
135312  23.557  -62.114  22.014 0.0000000000
135313  23.838  -63.149  21.260 0.0000000000
135314  24.080  -62.558  20.769 0.0000000000
135315  24.059  -63.378  20.610 0.0000000000
135316  23.930  -64.209  20.386 0.0000000000
135317  23.798  -65.197  19.347 0.0000000000
135320  24.458  -62.989  18.120 0.0000000000
142022  21.825  -59.849  23.786 0.0000000000
142023  22.295  -59.902  23.252 0.0000000000
142024  22.716  -59.951  22.699 0.0000000000
142025  23.022  -60.003  22.212 0.0000000000
142026  22.016  -58.812  22.663 0.0000000000
142027  22.713  -59.376  22.216 0.0000000000
142028  23.332  -60.031  21.677 0.0000000000
142029  23.617  -60.085  21.105 0.0000000000
142030  23.834  -60.242  20.482 0.0000000000
142031  24.005  -60.357  19.824 0.0000000000
142037  22.533  -58.317  21.084 0.0000000000
142038  23.193  -58.949  20.519 0.0000000000
142039  23.732  -59.673  19.868 0.0000000000
142040  24.157  -60.479  19.216 0.0000000000
142041  24.231  -60.596  18.512 0.0000000000
142042  24.199  -60.726  17.836 0.0000000000
142043  24.133  -60.882  17.194 0.0000000000
142044  23.610  -59.354  17.947 0.0000000000
142045  23.888  -60.204  17.264 0.0000000000
142046  24.035  -61.038  16.555 0.0000000000
142047  23.869  -61.143  15.931 0.0000000000
142048  23.721  -61.292  15.294 0.0000000000
142049  23.572  -61.439  14.619 0.0000000000
142050  23.411  -61.614  14.024 0.0000000000
142051  23.419  -60.824  14.746 0.0000000000
142052  23.201  -60.204  14.869 0.0000000000
142053  22.919  -59.599  14.965 0.0000000000
142054  22.712  -58.613  16.201 0.0000000000
142055  22.657  -58.851  15.605 0.0000000000
142056  22.561  -59.061  15.003 0.0000000000
142057  22.165  -58.588  15.010 0.0000000000
142058  21.728  -58.088  15.071 0.0000000000
142059  21.229  -57.631  15.113 0.0000000000
142065  20.517  -56.583  16.869 0.0000000000
142225  16.857  -71.003  45.268 0.0000000000
142226  16.292  -72.804  45.210 0.0000000000
142227  16.511  -72.593  45.243 0.0000000000
142228  16.724  -72.334  45.224 0.0000000000
142229  17.899  -72.537  44.723 0.0000000000
142230  17.412  -72.263  44.891 0.0000000000
142231  16.926  -71.997  45.133 0.0000000000
142232  17.141  -71.626  45.016 0.0000000000
142233  17.328  -71.259  44.895 0.0000000000
142234  17.494  -70.812  44.793 0.0000000000
142235  18.195  -70.719  44.344 0.0000000000
142236  18.961  -70.717  43.893 0.0000000000
142237  19.744  -70.772  43.479 0.0000000000
142238  20.088  -71.521  43.526 0.0000000000
142239  20.305  -71.198  43.305 0.0000000000
142244  18.614  -75.794  43.713 0.0000000000
142245  19.040  -75.639  43.904 0.0000000000
142246  19.459  -75.438  44.085 0.0000000000
142247  20.288  -76.523  44.078 0.0000000000
142248  20.095  -75.823  44.174 0.0000000000
142249  19.889  -75.184  44.174 0.0000000000
142250  20.372  -74.869  44.089 0.0000000000
142251  20.875  -74.552  43.974 0.0000000000
142252  21.318  -74.261  43.718 0.0000000000
142260  22.133  -74.685  43.402 0.0000000000
142261  21.728  -73.979  43.458 0.0000000000
142262  22.121  -73.695  43.133 0.0000000000
146815  18.843  -74.612  36.697 0.0000000000
146816  19.155  -74.692  36.146 0.0000000000
146817  19.442  -74.781  35.585 0.0000000000
146818  18.882  -73.404  35.511 0.0000000000
146819  19.291  -74.150  35.277 0.0000000000
146820  19.640  -74.917  34.988 0.0000000000
146821  19.797  -75.063  34.370 0.0000000000
146826  19.523  -73.204  32.576 0.0000000000
146827  19.105  -72.187  33.571 0.0000000000
146828  19.271  -72.306  33.047 0.0000000000
146829  19.381  -72.433  32.518 0.0000000000
146830  19.266  -71.616  32.551 0.0000000000
146831  19.294  -70.819  32.585 0.0000000000
146832  19.284  -69.941  32.626 0.0000000000
146857  18.906  -68.977  33.615 0.0000000000
146858  19.054  -68.962  33.151 0.0000000000
146859  19.234  -69.065  32.703 0.0000000000
146860  19.134  -68.264  32.807 0.0000000000
146861  18.954  -67.516  32.887 0.0000000000
147221  15.047  -73.116  45.658 0.0000000000
147230  15.453  -73.195  45.250 0.0000000000
147231  15.829  -73.251  44.954 0.0000000000
147232  16.169  -73.358  44.643 0.0000000000
147233  16.453  -73.526  44.328 0.0000000000
147234  15.856  -73.631  44.278 0.0000000000
147235  16.301  -73.701  44.081 0.0000000000
147236  16.777  -73.813  44.034 0.0000000000
147237  17.088  -74.162  43.794 0.0000000000
147238  17.344  -74.541  43.538 0.0000000000
147239  17.521  -75.037  43.301 0.0000000000
147260  16.292  -74.184  43.118 0.0000000000
147263  16.693  -74.439  43.000 0.0000000000
147264  17.003  -74.782  42.963 0.0000000000
147265  17.315  -75.158  42.997 0.0000000000
147266  17.570  -75.520  43.066 0.0000000000
147267  17.525  -75.951  42.858 0.0000000000
147268  17.427  -76.323  42.772 0.0000000000
147269  17.390  -76.623  42.661 0.0000000000
147270  17.043  -76.151  41.933 0.0000000000
147271  17.175  -76.528  42.236 0.0000000000
147272  17.445  -76.955  42.486 0.0000000000
147273  17.602  -77.285  42.252 0.0000000000
147274  17.879  -77.510  41.955 0.0000000000
147275  18.129  -77.733  41.620 0.0000000000
147276  17.065  -75.163  40.257 0.0000000000
147277  17.203  -75.601  40.366 0.0000000000
147278  17.314  -76.061  40.531 0.0000000000
147279  17.556  -75.748  39.689 0.0000000000
147280  17.562  -76.166  40.161 0.0000000000
147281  17.501  -76.515  40.673 0.0000000000
147282  17.747  -76.987  40.861 0.0000000000
147283  18.014  -77.446  41.034 0.0000000000
156822  19.781  -71.438  30.706 0.0000000000
156823  19.842  -72.583  29.896 0.0000000000
156884  20.751  -64.406  28.271 0.0000000000
156888  21.280  -63.406  26.559 0.0000000000
156889  20.962  -63.237  27.185 0.0000000000
156891  20.853  -63.808  27.699 0.0000000000
156892  21.065  -64.612  27.589 0.0000000000
156893  21.241  -65.478  27.475 0.0000000000
156894  21.512  -66.612  26.573 0.0000000000
156903  22.945  -61.856  23.192 0.0000000000
156904  22.988  -62.647  23.147 0.0000000000
156905  22.971  -63.503  23.062 0.0000000000
156906  23.408  -64.815  21.467 0.0000000000
156907  23.214  -64.622  22.182 0.0000000000
156908  22.945  -64.449  22.848 0.0000000000
156909  22.850  -65.346  22.580 0.0000000000
157119  23.261  -61.827  13.379 0.0000000000
157120  23.090  -62.031  12.752 0.0000000000
157122  22.882  -60.983  12.955 0.0000000000
157123  22.996  -61.746  12.150 0.0000000000
157128  21.787  -59.038  13.087 0.0000000000
157129  22.172  -59.842  12.377 0.0000000000
157131  22.467  -60.338  11.043 0.0000000000
157132  22.706  -60.709  11.057 0.0000000000
157147  18.787  -56.708  12.054 0.0000000000
157148  19.653  -57.248  11.524 0.0000000000
157149  19.446  -57.125  10.769 0.0000000000
157150  20.034  -57.430  10.825 0.0000000000
157151  20.549  -57.786  10.850 0.0000000000
157152  21.414  -58.323  10.215 0.0000000000
157153  22.223  -58.836  9.630 0.0000000000
157154  22.914  -59.372  9.104 0.0000000000
157156  21.902  -57.415  8.562 0.0000000000
157157  22.384  -57.941  8.477 0.0000000000
157159  23.167  -58.434  8.061 0.0000000000
157160  22.740  -58.453  8.470 0.0000000000
157161  23.071  -58.960  8.497 0.0000000000
157162  23.371  -59.468  8.531 0.0000000000
157163  23.592  -60.005  8.603 0.0000000000
