#!ascii label  , from subject fsaverage vox2ras=TkReg
392
305  36.986  -84.018  15.922 0.0000000000
1277  32.842  -83.243  14.007 0.0000000000
1278  33.577  -84.708  11.706 0.0000000000
1703  35.155  -80.905  18.132 0.0000000000
1704  30.817  -78.694  14.548 0.0000000000
2368  36.533  -80.072  13.022 0.0000000000
2369  32.350  -79.954  8.555 0.0000000000
3197  29.867  -83.098  13.511 0.0000000000
3198  31.316  -85.300  13.621 0.0000000000
3800  33.419  -79.272  15.957 0.0000000000
5276  32.803  -82.425  10.231 0.0000000000
5277  30.338  -82.705  8.538 0.0000000000
6907  35.110  -84.089  15.089 0.0000000000
6908  35.774  -84.475  13.350 0.0000000000
6909  33.823  -85.435  13.533 0.0000000000
7815  35.906  -83.164  17.298 0.0000000000
7816  34.328  -81.687  15.360 0.0000000000
7817  31.768  -80.838  13.973 0.0000000000
7818  28.881  -80.987  13.813 0.0000000000
9573  27.675  -79.691  14.369 0.0000000000
9661  35.046  -82.421  11.831 0.0000000000
9662  34.400  -79.928  10.716 0.0000000000
10877  28.539  -83.408  13.700 0.0000000000
10878  29.272  -84.373  13.689 0.0000000000
11480  33.440  -77.460  17.254 0.0000000000
12954  37.244  -83.443  14.915 0.0000000000
12956  30.603  -83.805  9.595 0.0000000000
15352  34.036  -83.707  14.544 0.0000000000
15353  34.574  -84.822  14.268 0.0000000000
15354  33.328  -84.537  13.990 0.0000000000
17157  35.714  -81.875  19.309 0.0000000000
17158  36.173  -82.821  18.913 0.0000000000
17159  35.580  -82.072  17.832 0.0000000000
17160  35.254  -82.377  16.281 0.0000000000
17161  34.933  -81.176  16.632 0.0000000000
17162  32.080  -78.881  15.121 0.0000000000
17163  32.599  -79.985  14.752 0.0000000000
17164  31.259  -79.748  14.210 0.0000000000
17165  30.204  -80.768  13.714 0.0000000000
17166  29.853  -79.771  14.016 0.0000000000
21373  26.869  -81.165  14.434 0.0000000000
21584  36.366  -78.823  12.355 0.0000000000
21585  34.789  -84.705  12.367 0.0000000000
21586  35.510  -83.529  12.489 0.0000000000
21587  34.365  -83.607  11.587 0.0000000000
21588  32.433  -81.199  9.425 0.0000000000
21589  33.576  -81.225  10.420 0.0000000000
21590  33.353  -79.871  9.683 0.0000000000
21591  34.367  -78.613  9.822 0.0000000000
21592  33.534  -78.776  8.590 0.0000000000
21595  29.886  -81.284  5.281 0.0000000000
24187  31.395  -82.969  13.644 0.0000000000
24188  31.945  -84.208  13.659 0.0000000000
24189  30.574  -84.164  13.517 0.0000000000
25271  34.838  -79.544  18.295 0.0000000000
25272  34.448  -79.986  16.990 0.0000000000
25273  33.983  -78.693  17.194 0.0000000000
25274  32.880  -78.113  16.148 0.0000000000
25275  31.637  -77.713  15.375 0.0000000000
27927  32.213  -84.778  11.105 0.0000000000
27928  33.092  -83.616  10.875 0.0000000000
27929  31.826  -83.696  10.232 0.0000000000
27930  31.497  -82.547  9.343 0.0000000000
27931  31.278  -81.269  8.511 0.0000000000
27932  31.460  -80.142  7.431 0.0000000000
27933  30.247  -81.612  7.506 0.0000000000
31477  36.029  -84.291  15.583 0.0000000000
31478  36.512  -84.254  14.588 0.0000000000
31479  35.624  -84.667  14.423 0.0000000000
31480  34.880  -85.136  13.397 0.0000000000
31481  33.956  -85.550  12.612 0.0000000000
31482  32.597  -85.386  13.612 0.0000000000
31483  33.023  -86.035  12.952 0.0000000000
33830  36.757  -83.587  18.137 0.0000000000
33831  36.429  -83.967  16.780 0.0000000000
33832  35.518  -83.568  16.069 0.0000000000
33833  34.719  -82.973  15.226 0.0000000000
33834  33.603  -82.444  14.473 0.0000000000
33835  33.883  -80.405  15.628 0.0000000000
33836  33.175  -81.132  14.559 0.0000000000
33837  32.336  -82.015  13.880 0.0000000000
33838  30.775  -81.923  13.572 0.0000000000
33839  29.258  -82.099  13.594 0.0000000000
33840  28.032  -82.428  13.847 0.0000000000
38955  31.046  -76.805  15.361 0.0000000000
38956  30.121  -77.861  14.709 0.0000000000
38958  28.505  -78.368  14.451 0.0000000000
38959  29.172  -79.062  14.266 0.0000000000
38960  28.290  -80.316  14.060 0.0000000000
38961  27.511  -81.704  14.123 0.0000000000
39217  36.517  -83.511  13.642 0.0000000000
39218  36.145  -82.433  12.905 0.0000000000
39219  35.765  -81.188  12.398 0.0000000000
39220  33.875  -82.434  11.021 0.0000000000
39221  34.662  -81.203  11.351 0.0000000000
39222  35.474  -79.952  11.833 0.0000000000
39223  35.302  -78.648  11.058 0.0000000000
39224  35.373  -77.527  9.998 0.0000000000
41597  27.995  -83.628  13.818 0.0000000000
43674  37.218  -83.821  15.387 0.0000000000
46072  33.452  -83.476  14.272 0.0000000000
46073  33.696  -84.094  14.272 0.0000000000
46074  33.048  -83.909  14.024 0.0000000000
47875  35.247  -80.769  18.875 0.0000000000
47877  35.425  -81.390  18.756 0.0000000000
47878  35.650  -81.980  18.596 0.0000000000
47879  35.355  -81.494  17.996 0.0000000000
47880  35.265  -81.597  17.223 0.0000000000
47881  35.072  -81.025  17.413 0.0000000000
47882  31.425  -78.769  14.819 0.0000000000
47883  31.656  -79.336  14.610 0.0000000000
47884  30.997  -79.263  14.391 0.0000000000
47885  30.547  -79.703  14.043 0.0000000000
47886  30.327  -79.240  14.245 0.0000000000
52302  36.949  -79.570  13.322 0.0000000000
52303  36.854  -78.952  12.959 0.0000000000
52304  36.428  -79.413  12.715 0.0000000000
52305  34.204  -84.724  12.019 0.0000000000
52306  34.600  -84.163  11.965 0.0000000000
52307  33.985  -84.169  11.614 0.0000000000
52308  32.336  -80.545  9.027 0.0000000000
52309  32.898  -80.543  9.575 0.0000000000
52310  32.861  -79.918  9.134 0.0000000000
52311  33.379  -79.289  9.146 0.0000000000
52312  32.947  -79.362  8.576 0.0000000000
52313  33.143  -78.871  8.010 0.0000000000
52314  32.528  -79.427  7.985 0.0000000000
55672  30.638  -83.004  13.531 0.0000000000
55673  30.945  -83.519  13.505 0.0000000000
55674  30.220  -83.633  13.504 0.0000000000
57478  34.944  -79.338  18.965 0.0000000000
57479  34.658  -78.838  18.333 0.0000000000
57480  34.456  -79.089  17.744 0.0000000000
57483  33.176  -77.762  16.702 0.0000000000
57484  32.648  -77.535  16.230 0.0000000000
57485  32.269  -77.901  15.748 0.0000000000
57486  32.036  -77.309  15.817 0.0000000000
61906  32.010  -84.218  10.636 0.0000000000
61909  31.051  -83.196  9.434 0.0000000000
61910  30.921  -82.620  8.938 0.0000000000
61911  31.361  -81.907  8.885 0.0000000000
61912  30.788  -81.994  8.469 0.0000000000
61913  30.750  -81.411  8.003 0.0000000000
61914  30.229  -82.156  8.047 0.0000000000
69097  35.582  -84.220  15.340 0.0000000000
69098  35.879  -84.455  14.985 0.0000000000
69099  35.385  -84.461  14.819 0.0000000000
69100  34.194  -85.107  13.871 0.0000000000
69101  34.740  -85.060  13.874 0.0000000000
69102  34.372  -85.367  13.450 0.0000000000
69103  34.482  -85.399  12.967 0.0000000000
69104  33.984  -85.642  13.066 0.0000000000
69105  31.544  -84.713  13.642 0.0000000000
69106  32.252  -84.834  13.700 0.0000000000
69107  31.999  -85.330  13.617 0.0000000000
74515  36.069  -83.004  18.075 0.0000000000
74516  36.452  -83.244  18.503 0.0000000000
74517  36.335  -83.462  17.752 0.0000000000
74518  36.632  -83.772  17.398 0.0000000000
74519  36.166  -83.621  17.052 0.0000000000
74520  35.947  -83.820  16.442 0.0000000000
74521  35.697  -83.367  16.673 0.0000000000
74522  34.810  -81.994  15.834 0.0000000000
74523  34.991  -82.648  15.733 0.0000000000
74524  34.522  -82.328  15.305 0.0000000000
74525  34.175  -82.694  14.853 0.0000000000
74526  33.997  -82.044  14.863 0.0000000000
74527  33.973  -79.596  16.485 0.0000000000
74528  34.214  -80.128  16.281 0.0000000000
74529  33.663  -79.842  15.802 0.0000000000
74530  32.196  -80.389  14.325 0.0000000000
74531  32.893  -80.540  14.675 0.0000000000
74532  32.493  -80.950  14.255 0.0000000000
74533  32.768  -81.555  14.177 0.0000000000
74534  32.060  -81.404  13.925 0.0000000000
74535  31.564  -81.929  13.688 0.0000000000
74536  31.284  -81.353  13.703 0.0000000000
74537  29.504  -80.861  13.727 0.0000000000
74538  29.726  -81.432  13.630 0.0000000000
74539  29.041  -81.540  13.692 0.0000000000
74540  28.622  -82.250  13.692 0.0000000000
74541  28.446  -81.676  13.814 0.0000000000
87148  30.598  -77.304  15.010 0.0000000000
87149  29.790  -77.464  14.764 0.0000000000
87153  27.336  -79.398  14.504 0.0000000000
87155  28.085  -79.032  14.364 0.0000000000
87156  28.829  -78.700  14.365 0.0000000000
87157  28.409  -79.355  14.264 0.0000000000
87158  28.736  -79.695  14.065 0.0000000000
87159  27.972  -79.978  14.238 0.0000000000
87160  26.543  -81.936  14.474 0.0000000000
87161  27.171  -81.454  14.273 0.0000000000
87162  26.868  -82.152  14.293 0.0000000000
87163  27.175  -82.469  14.163 0.0000000000
87794  36.351  -77.171  10.929 0.0000000000
87795  36.191  -84.387  13.959 0.0000000000
87796  36.560  -83.975  14.093 0.0000000000
87797  36.165  -84.013  13.443 0.0000000000
87798  35.271  -82.991  12.124 0.0000000000
87799  35.829  -82.981  12.666 0.0000000000
87800  35.615  -82.416  12.351 0.0000000000
87801  35.963  -81.824  12.631 0.0000000000
87802  35.398  -81.815  12.082 0.0000000000
87803  32.922  -83.023  10.542 0.0000000000
87804  33.490  -82.994  10.852 0.0000000000
87805  33.341  -82.412  10.629 0.0000000000
87806  33.992  -80.603  10.572 0.0000000000
87807  34.104  -81.256  10.861 0.0000000000
87808  34.477  -80.617  11.048 0.0000000000
87809  35.046  -80.562  11.577 0.0000000000
87810  34.924  -79.953  11.249 0.0000000000
87811  35.391  -79.315  11.478 0.0000000000
87812  34.829  -79.298  10.919 0.0000000000
87813  34.477  -78.133  9.242 0.0000000000
87814  34.851  -78.034  9.858 0.0000000000
87815  34.964  -77.542  9.327 0.0000000000
93307  29.159  -83.229  13.602 0.0000000000
93308  29.525  -83.756  13.606 0.0000000000
93309  28.858  -83.930  13.739 0.0000000000
97046  37.234  -82.993  14.445 0.0000000000
97052  29.765  -82.852  8.171 0.0000000000
101362  34.615  -83.937  14.808 0.0000000000
101363  34.862  -84.420  14.665 0.0000000000
101364  34.297  -84.297  14.481 0.0000000000
101365  33.984  -84.678  14.139 0.0000000000
101366  33.612  -85.051  13.839 0.0000000000
101368  31.751  -85.864  13.570 0.0000000000
104613  35.938  -82.397  19.130 0.0000000000
104614  35.879  -82.502  18.406 0.0000000000
104615  35.731  -82.647  17.569 0.0000000000
104616  35.574  -82.792  16.797 0.0000000000
104617  35.446  -82.193  17.021 0.0000000000
104618  35.086  -81.777  16.480 0.0000000000
104619  34.649  -81.387  15.936 0.0000000000
104620  32.749  -79.029  15.492 0.0000000000
104621  33.017  -79.606  15.341 0.0000000000
104622  32.331  -79.424  14.933 0.0000000000
104623  31.938  -79.836  14.441 0.0000000000
104624  31.519  -80.259  14.043 0.0000000000
104625  31.007  -80.774  13.779 0.0000000000
104626  30.762  -80.227  13.916 0.0000000000
104627  30.045  -80.261  13.857 0.0000000000
104628  29.364  -80.351  13.864 0.0000000000
112198  26.940  -80.094  14.551 0.0000000000
112199  27.279  -80.372  14.421 0.0000000000
112200  26.518  -80.845  14.634 0.0000000000
112581  35.313  -84.572  12.821 0.0000000000
112582  35.684  -84.052  12.891 0.0000000000
112583  35.180  -84.118  12.350 0.0000000000
112584  34.940  -83.583  12.002 0.0000000000
112585  34.713  -83.014  11.669 0.0000000000
112586  32.589  -81.815  9.804 0.0000000000
112587  33.173  -81.795  10.295 0.0000000000
112588  33.019  -81.207  9.929 0.0000000000
112589  33.471  -80.602  10.107 0.0000000000
112590  33.889  -79.901  10.187 0.0000000000
112591  34.336  -79.254  10.323 0.0000000000
112592  33.821  -79.231  9.727 0.0000000000
112593  33.941  -78.706  9.184 0.0000000000
112594  34.106  -78.235  8.638 0.0000000000
117877  32.114  -83.014  13.806 0.0000000000
117878  32.378  -83.735  13.800 0.0000000000
117879  31.664  -83.589  13.623 0.0000000000
117880  31.233  -84.109  13.543 0.0000000000
117881  30.868  -84.668  13.604 0.0000000000
117882  29.922  -84.292  13.569 0.0000000000
117883  30.339  -84.824  13.642 0.0000000000
117884  30.761  -85.346  13.709 0.0000000000
120406  35.120  -80.064  18.978 0.0000000000
120407  34.978  -80.259  18.242 0.0000000000
120408  34.857  -80.428  17.518 0.0000000000
120409  34.652  -79.767  17.631 0.0000000000
120410  34.248  -79.328  17.121 0.0000000000
120411  33.717  -78.982  16.576 0.0000000000
120412  33.696  -78.043  17.230 0.0000000000
120413  33.433  -78.343  16.621 0.0000000000
120414  33.122  -78.693  16.059 0.0000000000
120415  32.503  -78.450  15.619 0.0000000000
120416  31.851  -78.274  15.305 0.0000000000
120417  31.242  -78.186  14.970 0.0000000000
126602  36.616  -80.681  13.264 0.0000000000
126603  32.874  -84.770  11.410 0.0000000000
126604  33.334  -84.202  11.268 0.0000000000
126605  32.658  -84.203  10.957 0.0000000000
126606  32.458  -83.648  10.538 0.0000000000
126607  32.299  -83.072  10.185 0.0000000000
126608  31.211  -83.743  9.897 0.0000000000
126609  31.644  -83.142  9.802 0.0000000000
126610  32.132  -82.471  9.769 0.0000000000
126611  31.962  -81.832  9.297 0.0000000000
126612  31.840  -81.215  8.935 0.0000000000
126613  31.782  -80.564  8.518 0.0000000000
126614  31.890  -80.003  8.007 0.0000000000
126615  31.304  -80.670  7.994 0.0000000000
126616  30.851  -80.820  7.441 0.0000000000
126617  30.430  -81.034  6.890 0.0000000000
126618  29.683  -82.325  7.663 0.0000000000
126619  29.810  -81.802  7.004 0.0000000000
126620  30.008  -81.337  6.379 0.0000000000
126621  29.623  -81.646  5.908 0.0000000000
135907  36.454  -84.252  15.822 0.0000000000
135908  36.779  -84.134  15.244 0.0000000000
135909  36.327  -84.342  15.129 0.0000000000
135910  36.106  -84.503  14.501 0.0000000000
135911  35.773  -84.713  13.878 0.0000000000
135912  35.109  -84.768  14.349 0.0000000000
135913  35.256  -84.906  13.873 0.0000000000
135914  35.349  -84.844  13.351 0.0000000000
135915  34.926  -85.035  12.874 0.0000000000
135916  34.379  -85.183  12.481 0.0000000000
135917  33.793  -85.192  12.148 0.0000000000
135918  32.642  -84.384  13.825 0.0000000000
135919  32.934  -84.963  13.765 0.0000000000
135920  33.215  -85.427  13.594 0.0000000000
135921  32.306  -85.834  13.489 0.0000000000
135922  32.848  -85.817  13.397 0.0000000000
135923  33.438  -85.759  13.202 0.0000000000
135924  33.498  -85.823  12.732 0.0000000000
135925  33.403  -85.609  12.281 0.0000000000
135926  33.174  -85.194  11.825 0.0000000000
135927  32.492  -85.252  11.537 0.0000000000
135928  31.820  -85.317  11.285 0.0000000000
142598  36.920  -83.897  17.027 0.0000000000
142599  36.698  -84.057  16.402 0.0000000000
142600  36.211  -84.120  16.169 0.0000000000
142601  35.754  -84.035  15.864 0.0000000000
142602  35.282  -83.820  15.548 0.0000000000
142603  35.384  -82.993  16.176 0.0000000000
142604  35.133  -83.264  15.647 0.0000000000
142605  34.836  -83.599  15.179 0.0000000000
142606  34.363  -83.355  14.833 0.0000000000
142607  33.809  -83.092  14.535 0.0000000000
142608  33.239  -82.836  14.210 0.0000000000
142609  34.709  -80.562  16.825 0.0000000000
142610  34.429  -80.761  16.110 0.0000000000
142611  34.097  -81.005  15.443 0.0000000000
142612  33.310  -80.148  15.183 0.0000000000
142613  33.545  -80.739  15.051 0.0000000000
142614  33.773  -81.391  14.927 0.0000000000
142615  33.407  -81.785  14.478 0.0000000000
142616  32.999  -82.213  14.131 0.0000000000
142617  32.574  -82.624  13.942 0.0000000000
142618  31.857  -82.482  13.715 0.0000000000
142619  31.076  -82.441  13.529 0.0000000000
142620  30.287  -82.513  13.509 0.0000000000
142621  30.480  -81.371  13.621 0.0000000000
142622  29.989  -81.978  13.533 0.0000000000
142623  29.543  -82.599  13.518 0.0000000000
142624  28.860  -82.729  13.585 0.0000000000
142625  28.266  -82.898  13.726 0.0000000000
142626  27.731  -83.147  13.920 0.0000000000
157825  31.756  -76.830  15.801 0.0000000000
157826  31.349  -77.245  15.363 0.0000000000
157827  30.938  -77.699  14.945 0.0000000000
157828  30.472  -78.278  14.656 0.0000000000
157835  29.307  -78.076  14.532 0.0000000000
157836  29.630  -78.445  14.478 0.0000000000
157837  29.978  -78.834  14.371 0.0000000000
157838  29.520  -79.426  14.114 0.0000000000
157839  29.057  -80.014  13.971 0.0000000000
157840  28.601  -80.617  13.876 0.0000000000
157841  27.556  -80.685  14.264 0.0000000000
157842  27.866  -80.979  14.099 0.0000000000
157843  28.183  -81.318  13.946 0.0000000000
157844  27.789  -82.047  13.997 0.0000000000
157845  27.408  -82.814  14.078 0.0000000000
158605  36.904  -83.901  14.734 0.0000000000
158606  36.904  -83.510  14.272 0.0000000000
158607  36.843  -83.011  13.825 0.0000000000
158608  36.031  -83.511  13.045 0.0000000000
158609  36.350  -82.994  13.234 0.0000000000
158610  36.643  -82.470  13.468 0.0000000000
158611  36.459  -81.865  13.188 0.0000000000
158612  36.272  -81.237  12.923 0.0000000000
158613  36.096  -80.567  12.669 0.0000000000
158614  33.743  -83.610  11.221 0.0000000000
158615  34.122  -83.026  11.275 0.0000000000
158616  34.483  -82.436  11.408 0.0000000000
158617  33.721  -81.812  10.742 0.0000000000
158618  34.271  -81.838  11.166 0.0000000000
158619  34.834  -81.828  11.567 0.0000000000
158620  35.217  -81.171  11.855 0.0000000000
158621  35.590  -80.563  12.135 0.0000000000
158622  35.993  -79.984  12.427 0.0000000000
158623  35.922  -79.342  12.099 0.0000000000
158624  35.857  -78.717  11.710 0.0000000000
158625  35.789  -78.121  11.219 0.0000000000
158626  34.809  -78.621  10.430 0.0000000000
158627  35.293  -78.028  10.504 0.0000000000
158628  35.785  -77.553  10.701 0.0000000000
158629  35.940  -77.106  10.188 0.0000000000
158641  32.094  -79.532  7.418 0.0000000000
