#!ascii label  , from subject fsaverage vox2ras=TkReg
511
188  8.932  -62.731  48.850 0.0000000000
411  9.069  -66.311  53.397 0.0000000000
925  7.097  -65.739  43.724 0.0000000000
926  7.134  -68.078  46.280 0.0000000000
1490  5.902  -60.944  53.615 0.0000000000
1492  9.389  -60.611  46.682 0.0000000000
1920  8.257  -64.883  51.061 0.0000000000
1921  7.561  -69.914  49.422 0.0000000000
2846  7.498  -68.065  42.948 0.0000000000
3447  9.315  -59.730  45.451 0.0000000000
3448  9.258  -62.212  44.002 0.0000000000
4215  7.134  -61.562  51.418 0.0000000000
4216  6.827  -62.763  52.693 0.0000000000
4217  8.518  -63.855  49.901 0.0000000000
4218  7.166  -70.783  45.454 0.0000000000
4219  7.181  -69.199  47.790 0.0000000000
4220  7.136  -71.914  47.286 0.0000000000
4221  7.929  -72.469  49.322 0.0000000000
6272  7.816  -64.614  54.761 0.0000000000
6273  8.505  -64.470  46.090 0.0000000000
6274  7.984  -65.623  47.253 0.0000000000
6275  7.236  -66.886  44.929 0.0000000000
6276  7.321  -69.532  44.053 0.0000000000
7318  5.944  -59.880  52.050 0.0000000000
7319  7.150  -60.533  50.154 0.0000000000
7322  9.213  -61.608  47.886 0.0000000000
7323  8.932  -63.330  45.004 0.0000000000
7324  7.215  -64.435  42.751 0.0000000000
8365  6.950  -63.862  53.784 0.0000000000
8366  8.476  -65.625  52.216 0.0000000000
8367  7.810  -66.589  48.525 0.0000000000
8368  7.959  -67.462  49.954 0.0000000000
8369  8.309  -68.134  51.427 0.0000000000
8370  8.438  -70.396  51.091 0.0000000000
11128  9.643  -60.428  44.212 0.0000000000
11895  8.141  -61.971  50.237 0.0000000000
11896  8.011  -62.638  50.799 0.0000000000
11897  8.732  -63.317  49.336 0.0000000000
14295  7.622  -65.070  44.917 0.0000000000
14296  7.471  -65.654  45.484 0.0000000000
14297  7.179  -66.278  44.289 0.0000000000
14299  7.512  -68.751  43.580 0.0000000000
16092  6.050  -59.384  51.322 0.0000000000
16093  6.361  -60.198  51.071 0.0000000000
16094  6.382  -59.724  50.382 0.0000000000
16100  8.352  -60.045  47.792 0.0000000000
16101  8.290  -60.436  48.535 0.0000000000
16102  9.269  -61.036  47.277 0.0000000000
16103  9.495  -62.556  46.390 0.0000000000
16104  9.573  -61.976  45.881 0.0000000000
16105  8.544  -62.863  42.712 0.0000000000
16106  8.250  -63.358  43.297 0.0000000000
16108  6.750  -65.098  41.754 0.0000000000
18408  7.672  -63.724  51.877 0.0000000000
18409  6.795  -63.333  53.273 0.0000000000
18410  7.688  -64.252  52.509 0.0000000000
18411  7.893  -64.605  52.963 0.0000000000
18412  8.290  -65.256  51.649 0.0000000000
18413  7.363  -66.903  46.684 0.0000000000
18414  7.931  -66.102  47.916 0.0000000000
18415  7.307  -67.430  47.315 0.0000000000
18416  7.315  -69.555  48.552 0.0000000000
18417  7.539  -68.390  48.844 0.0000000000
18418  7.692  -68.714  49.601 0.0000000000
18419  8.138  -67.778  50.629 0.0000000000
18420  7.922  -69.033  50.404 0.0000000000
18421  8.172  -69.290  51.266 0.0000000000
18422  7.856  -70.184  50.379 0.0000000000
23553  7.230  -66.216  42.669 0.0000000000
23554  7.332  -66.787  43.281 0.0000000000
23555  7.454  -67.409  42.346 0.0000000000
24637  9.299  -60.156  46.062 0.0000000000
24638  9.587  -61.430  45.316 0.0000000000
24639  9.707  -60.881  44.789 0.0000000000
24640  9.384  -61.728  43.413 0.0000000000
26019  6.300  -61.268  52.448 0.0000000000
26020  6.252  -61.929  53.155 0.0000000000
26021  7.021  -62.210  52.034 0.0000000000
26022  7.794  -63.180  51.345 0.0000000000
26023  8.362  -64.342  50.484 0.0000000000
26024  7.151  -69.366  45.810 0.0000000000
26025  7.117  -68.597  47.029 0.0000000000
26026  7.060  -69.941  46.631 0.0000000000
26027  7.053  -70.466  47.541 0.0000000000
26028  7.186  -70.840  48.519 0.0000000000
26029  7.492  -71.187  49.409 0.0000000000
26030  7.394  -72.288  48.321 0.0000000000
29997  9.066  -63.672  47.332 0.0000000000
29998  8.871  -64.214  47.871 0.0000000000
29999  8.270  -64.992  46.665 0.0000000000
30000  7.388  -66.243  46.139 0.0000000000
30001  7.195  -67.526  45.556 0.0000000000
30002  7.449  -67.462  43.947 0.0000000000
30003  7.422  -68.134  44.532 0.0000000000
30004  7.282  -68.757  45.193 0.0000000000
32477  5.936  -59.964  53.879 0.0000000000
32479  5.951  -59.481  53.057 0.0000000000
32480  5.906  -60.397  52.802 0.0000000000
32481  6.365  -60.679  51.786 0.0000000000
32482  7.184  -61.031  50.789 0.0000000000
32483  8.183  -61.413  49.749 0.0000000000
32490  7.164  -60.099  49.477 0.0000000000
32491  8.245  -60.895  49.183 0.0000000000
32492  9.103  -62.158  48.399 0.0000000000
32493  9.292  -63.138  46.907 0.0000000000
32494  8.714  -63.979  45.543 0.0000000000
32495  7.815  -64.480  44.332 0.0000000000
32496  9.045  -62.754  44.485 0.0000000000
32497  8.013  -63.859  43.835 0.0000000000
32498  7.146  -65.083  43.238 0.0000000000
32499  6.958  -65.649  42.180 0.0000000000
35379  6.189  -62.492  53.877 0.0000000000
35380  6.256  -63.077  54.474 0.0000000000
35382  7.246  -64.241  54.349 0.0000000000
35383  8.202  -64.947  53.466 0.0000000000
35384  8.797  -65.966  52.768 0.0000000000
35385  8.532  -64.731  48.522 0.0000000000
35386  8.352  -65.180  49.202 0.0000000000
35387  8.254  -65.721  49.735 0.0000000000
35388  7.357  -67.952  48.054 0.0000000000
35389  7.815  -67.107  49.201 0.0000000000
35390  8.253  -66.175  50.285 0.0000000000
35391  8.339  -66.505  51.010 0.0000000000
35392  8.499  -66.852  51.705 0.0000000000
35393  8.804  -67.136  52.368 0.0000000000
35394  8.622  -68.283  52.177 0.0000000000
35395  8.715  -69.464  52.037 0.0000000000
35397  8.106  -71.392  50.310 0.0000000000
42615  8.587  -62.325  49.564 0.0000000000
42616  8.528  -62.614  49.780 0.0000000000
42617  8.821  -63.006  49.069 0.0000000000
45015  7.213  -65.356  44.321 0.0000000000
45016  7.199  -65.674  44.603 0.0000000000
45017  7.106  -66.041  44.001 0.0000000000
46813  6.191  -59.557  50.834 0.0000000000
46814  6.194  -59.305  50.480 0.0000000000
46818  8.938  -60.122  46.952 0.0000000000
46819  8.387  -59.886  47.475 0.0000000000
46820  8.912  -60.302  47.267 0.0000000000
46821  8.886  -60.457  47.585 0.0000000000
46822  9.332  -60.769  46.955 0.0000000000
46823  9.520  -61.479  46.575 0.0000000000
46824  9.573  -61.239  46.300 0.0000000000
46825  8.134  -63.116  42.171 0.0000000000
46826  7.993  -63.349  42.470 0.0000000000
49125  5.844  -60.706  54.167 0.0000000000
49127  5.916  -61.239  53.962 0.0000000000
49128  8.030  -64.284  51.474 0.0000000000
49129  7.676  -63.993  52.198 0.0000000000
49130  8.058  -64.519  51.780 0.0000000000
49131  8.064  -64.700  52.065 0.0000000000
49132  8.264  -65.065  51.364 0.0000000000
49133  7.183  -67.538  46.464 0.0000000000
49134  7.345  -67.153  47.020 0.0000000000
49135  7.156  -67.747  46.838 0.0000000000
49136  7.451  -69.730  48.984 0.0000000000
49137  7.510  -69.151  49.066 0.0000000000
49138  7.613  -69.310  49.472 0.0000000000
49139  7.805  -68.887  49.994 0.0000000000
49140  7.740  -69.507  49.872 0.0000000000
49141  7.875  -69.599  50.370 0.0000000000
49142  7.688  -70.080  49.887 0.0000000000
54616  7.389  -66.759  42.485 0.0000000000
54617  7.366  -67.096  42.039 0.0000000000
56422  9.298  -59.950  45.763 0.0000000000
56423  9.546  -60.500  45.449 0.0000000000
56424  9.557  -60.274  45.150 0.0000000000
56425  9.651  -60.854  43.585 0.0000000000
56426  9.610  -61.107  43.797 0.0000000000
58725  6.692  -61.364  51.927 0.0000000000
58726  6.668  -61.731  52.257 0.0000000000
58727  7.071  -61.860  51.726 0.0000000000
58728  8.320  -63.240  50.339 0.0000000000
58729  7.869  -62.927  51.070 0.0000000000
58730  8.191  -63.481  50.629 0.0000000000
58731  8.111  -63.741  50.884 0.0000000000
58732  8.375  -64.039  50.224 0.0000000000
58733  7.158  -70.081  45.612 0.0000000000
58734  7.146  -69.701  46.189 0.0000000000
58735  7.132  -70.386  45.999 0.0000000000
58736  7.145  -71.665  46.805 0.0000000000
58737  7.059  -70.956  46.915 0.0000000000
58738  7.075  -71.158  47.472 0.0000000000
58739  7.144  -70.637  48.073 0.0000000000
58740  7.095  -71.376  47.999 0.0000000000
58741  7.125  -71.597  48.446 0.0000000000
65925  8.849  -64.127  46.631 0.0000000000
65926  8.731  -64.365  46.953 0.0000000000
65927  8.379  -64.734  46.366 0.0000000000
65928  7.270  -66.263  45.193 0.0000000000
65929  7.442  -65.927  45.813 0.0000000000
65930  7.254  -66.575  45.508 0.0000000000
65931  7.232  -66.908  45.805 0.0000000000
65932  7.225  -67.223  45.218 0.0000000000
65933  7.469  -67.405  43.146 0.0000000000
65934  7.401  -67.115  43.610 0.0000000000
65935  7.499  -67.739  43.463 0.0000000000
65936  7.445  -69.128  43.848 0.0000000000
65937  7.484  -68.438  44.065 0.0000000000
65938  7.415  -68.784  44.317 0.0000000000
65939  7.348  -68.434  44.845 0.0000000000
65940  7.351  -69.147  44.605 0.0000000000
65941  7.270  -69.509  44.942 0.0000000000
65942  7.277  -69.864  44.406 0.0000000000
71313  5.963  -59.444  52.184 0.0000000000
71315  5.914  -59.684  52.554 0.0000000000
71316  5.874  -59.931  52.928 0.0000000000
71317  5.942  -60.123  52.409 0.0000000000
71318  6.071  -60.506  52.288 0.0000000000
71319  6.096  -60.274  51.899 0.0000000000
71320  6.737  -60.369  50.592 0.0000000000
71321  6.742  -60.622  50.928 0.0000000000
71322  7.194  -60.788  50.443 0.0000000000
71323  7.684  -61.176  50.282 0.0000000000
71324  7.689  -60.909  50.006 0.0000000000
71341  6.701  -59.760  49.570 0.0000000000
71342  7.188  -59.898  49.132 0.0000000000
71343  8.815  -60.911  48.307 0.0000000000
71344  8.269  -60.679  48.867 0.0000000000
71345  8.775  -61.206  48.577 0.0000000000
71346  8.724  -61.471  48.849 0.0000000000
71347  9.145  -61.874  48.166 0.0000000000
71348  9.296  -62.653  47.651 0.0000000000
71349  9.435  -62.389  47.380 0.0000000000
71350  9.283  -62.960  45.671 0.0000000000
71351  9.166  -63.298  45.948 0.0000000000
71352  8.838  -63.650  45.267 0.0000000000
71353  8.287  -64.268  44.892 0.0000000000
71354  8.433  -63.937  44.644 0.0000000000
71355  9.473  -61.848  44.636 0.0000000000
71356  9.434  -62.146  44.880 0.0000000000
71357  9.151  -62.473  44.252 0.0000000000
71358  7.663  -63.886  43.001 0.0000000000
71359  8.147  -63.601  43.562 0.0000000000
71360  7.549  -64.140  43.289 0.0000000000
71361  7.496  -64.449  43.541 0.0000000000
71362  7.145  -64.721  43.016 0.0000000000
71363  7.019  -65.350  42.709 0.0000000000
71364  6.927  -65.014  42.488 0.0000000000
71366  6.726  -65.682  41.501 0.0000000000
78263  6.540  -62.319  52.968 0.0000000000
78264  6.199  -62.194  53.540 0.0000000000
78265  6.440  -62.633  53.301 0.0000000000
78266  6.833  -63.592  53.563 0.0000000000
78267  6.476  -63.184  53.884 0.0000000000
78268  6.540  -63.467  54.145 0.0000000000
78269  6.364  -63.368  54.747 0.0000000000
78270  6.653  -63.727  54.416 0.0000000000
78271  6.783  -63.896  54.743 0.0000000000
78272  7.062  -64.047  54.095 0.0000000000
78273  8.271  -65.101  52.558 0.0000000000
78274  8.040  -64.759  53.209 0.0000000000
78275  8.374  -65.237  52.835 0.0000000000
78276  8.551  -65.430  53.104 0.0000000000
78277  8.624  -65.779  52.502 0.0000000000
78278  8.438  -64.929  47.558 0.0000000000
78279  8.673  -64.478  48.200 0.0000000000
78280  8.276  -65.186  47.873 0.0000000000
78281  7.838  -66.370  48.222 0.0000000000
78282  8.157  -65.663  48.534 0.0000000000
78283  8.108  -65.878  48.855 0.0000000000
78284  8.290  -65.466  49.430 0.0000000000
78285  8.077  -66.103  49.145 0.0000000000
78286  7.137  -68.905  47.405 0.0000000000
78287  7.212  -68.272  47.558 0.0000000000
78288  7.268  -68.574  47.927 0.0000000000
78289  7.717  -67.980  49.407 0.0000000000
78290  7.639  -67.759  49.045 0.0000000000
78291  7.863  -67.278  49.586 0.0000000000
78292  8.042  -66.612  49.760 0.0000000000
78293  8.093  -66.795  50.112 0.0000000000
78294  8.261  -66.352  50.614 0.0000000000
78295  8.166  -66.982  50.447 0.0000000000
78296  8.217  -67.936  51.029 0.0000000000
78297  8.305  -67.337  51.166 0.0000000000
78298  8.415  -67.446  51.553 0.0000000000
78299  8.638  -66.958  52.057 0.0000000000
78300  8.548  -67.588  51.910 0.0000000000
78301  8.694  -67.727  52.262 0.0000000000
78302  8.461  -68.167  51.807 0.0000000000
78303  8.267  -69.832  51.206 0.0000000000
78304  8.438  -69.394  51.659 0.0000000000
78305  8.564  -69.963  51.523 0.0000000000
78306  8.877  -69.986  51.888 0.0000000000
78308  7.630  -71.864  49.393 0.0000000000
78309  7.765  -71.324  49.888 0.0000000000
78310  7.993  -71.932  49.860 0.0000000000
93758  9.548  -60.042  44.849 0.0000000000
93759  9.510  -59.813  44.564 0.0000000000
93760  9.646  -60.213  43.953 0.0000000000
95139  7.656  -61.758  50.848 0.0000000000
95140  7.566  -62.064  51.160 0.0000000000
95141  8.101  -62.307  50.511 0.0000000000
95142  8.446  -62.928  50.032 0.0000000000
95143  8.630  -63.603  49.602 0.0000000000
95145  7.146  -71.119  45.812 0.0000000000
99459  8.075  -64.766  45.503 0.0000000000
99460  7.958  -65.086  45.780 0.0000000000
99461  7.533  -65.382  45.178 0.0000000000
99462  7.248  -65.976  44.888 0.0000000000
99463  7.223  -66.567  44.620 0.0000000000
99464  7.403  -68.802  42.707 0.0000000000
99465  7.510  -68.406  43.268 0.0000000000
99466  7.362  -69.117  43.052 0.0000000000
99467  7.344  -69.468  43.356 0.0000000000
99468  7.273  -69.887  43.581 0.0000000000
102694  6.001  -59.638  51.697 0.0000000000
102695  6.108  -60.061  51.548 0.0000000000
102696  6.124  -59.817  51.208 0.0000000000
102697  6.376  -59.952  50.732 0.0000000000
102698  6.687  -60.131  50.290 0.0000000000
102708  7.749  -59.859  48.304 0.0000000000
102709  7.745  -60.053  48.681 0.0000000000
102710  8.313  -60.220  48.172 0.0000000000
102711  8.820  -60.599  48.000 0.0000000000
102712  9.225  -61.311  47.594 0.0000000000
102713  9.487  -62.105  47.094 0.0000000000
102714  9.489  -61.771  46.876 0.0000000000
102715  9.561  -62.265  46.130 0.0000000000
102716  9.313  -62.712  45.415 0.0000000000
102717  8.898  -62.563  43.327 0.0000000000
102718  8.764  -62.813  43.631 0.0000000000
102719  8.377  -63.096  43.038 0.0000000000
102720  7.839  -63.600  42.754 0.0000000000
102721  7.308  -64.137  42.493 0.0000000000
102722  6.952  -64.731  42.245 0.0000000000
102723  6.988  -64.423  41.994 0.0000000000
106862  7.242  -63.215  52.305 0.0000000000
106863  6.786  -63.063  52.975 0.0000000000
106864  7.257  -63.491  52.586 0.0000000000
106865  7.262  -63.777  52.905 0.0000000000
106866  7.292  -64.024  53.158 0.0000000000
106867  7.388  -64.230  53.408 0.0000000000
106868  7.699  -64.447  52.736 0.0000000000
106869  8.123  -64.889  52.321 0.0000000000
106870  8.354  -65.452  51.933 0.0000000000
106871  7.602  -66.287  46.952 0.0000000000
106872  7.948  -65.861  47.583 0.0000000000
106873  7.619  -66.500  47.291 0.0000000000
106874  7.569  -66.788  47.580 0.0000000000
106875  7.548  -67.044  47.909 0.0000000000
106876  7.245  -69.444  48.177 0.0000000000
106877  7.356  -68.832  48.314 0.0000000000
106878  7.427  -68.998  48.684 0.0000000000
106879  7.607  -68.596  49.205 0.0000000000
106880  7.807  -68.140  49.772 0.0000000000
106881  8.050  -67.643  50.269 0.0000000000
106882  7.898  -68.256  50.137 0.0000000000
106883  8.007  -68.440  50.501 0.0000000000
106884  8.106  -68.557  50.920 0.0000000000
106885  8.231  -68.679  51.333 0.0000000000
106886  8.035  -69.104  50.853 0.0000000000
106887  8.045  -69.693  50.821 0.0000000000
106888  8.122  -70.283  50.755 0.0000000000
116397  7.153  -65.990  43.161 0.0000000000
116398  7.161  -66.300  43.462 0.0000000000
116399  7.298  -66.510  42.956 0.0000000000
116400  7.445  -67.095  42.825 0.0000000000
116401  7.492  -67.744  42.656 0.0000000000
116402  7.411  -67.758  41.865 0.0000000000
116403  7.447  -68.086  42.176 0.0000000000
118926  8.951  -59.886  46.603 0.0000000000
118927  9.338  -60.377  46.370 0.0000000000
118928  9.608  -60.974  46.029 0.0000000000
118929  9.560  -60.715  45.746 0.0000000000
118930  9.612  -61.167  45.037 0.0000000000
118931  9.536  -61.562  44.382 0.0000000000
118932  9.680  -60.638  44.491 0.0000000000
118933  9.578  -61.317  44.090 0.0000000000
118934  9.332  -61.950  43.701 0.0000000000
118935  9.055  -62.316  43.026 0.0000000000
118936  8.688  -62.640  42.428 0.0000000000
122151  6.047  -61.141  53.018 0.0000000000
122152  6.051  -61.454  53.387 0.0000000000
122153  6.285  -61.637  52.803 0.0000000000
122154  6.621  -62.038  52.618 0.0000000000
122155  6.940  -62.444  52.420 0.0000000000
122156  7.459  -62.391  51.442 0.0000000000
122157  7.363  -62.655  51.785 0.0000000000
122158  7.279  -62.905  52.107 0.0000000000
122159  7.709  -63.459  51.580 0.0000000000
122160  8.056  -64.025  51.141 0.0000000000
122161  8.294  -64.645  50.762 0.0000000000
122162  7.132  -68.649  46.064 0.0000000000
122163  7.113  -68.273  46.653 0.0000000000
122164  7.106  -68.947  46.439 0.0000000000
122165  7.076  -69.262  46.840 0.0000000000
122166  7.045  -69.541  47.242 0.0000000000
122167  7.067  -70.653  46.417 0.0000000000
122168  7.028  -70.218  47.070 0.0000000000
122169  7.057  -69.783  47.651 0.0000000000
122170  7.167  -69.981  48.104 0.0000000000
122171  7.265  -70.157  48.545 0.0000000000
122172  7.364  -70.345  48.980 0.0000000000
122173  7.484  -70.548  49.411 0.0000000000
122174  7.299  -71.019  48.951 0.0000000000
122175  7.286  -71.719  48.861 0.0000000000
122176  7.610  -72.390  48.811 0.0000000000
131889  9.093  -63.186  48.085 0.0000000000
131890  8.983  -63.460  48.339 0.0000000000
131891  8.983  -63.921  47.594 0.0000000000
131892  8.601  -64.639  47.263 0.0000000000
131893  8.150  -65.308  46.984 0.0000000000
131894  7.898  -65.315  46.078 0.0000000000
131895  7.797  -65.623  46.404 0.0000000000
131896  7.688  -65.967  46.691 0.0000000000
131897  7.371  -66.630  46.354 0.0000000000
131898  7.214  -67.252  46.096 0.0000000000
131899  7.164  -67.845  45.917 0.0000000000
131900  7.210  -66.589  43.750 0.0000000000
131901  7.277  -66.853  44.055 0.0000000000
131902  7.345  -67.149  44.426 0.0000000000
131903  7.527  -68.108  43.778 0.0000000000
131904  7.453  -67.800  44.251 0.0000000000
131905  7.370  -67.510  44.710 0.0000000000
131906  7.319  -67.815  45.043 0.0000000000
131907  7.253  -68.114  45.393 0.0000000000
131908  7.194  -68.434  45.744 0.0000000000
131909  7.208  -69.065  45.504 0.0000000000
131910  7.169  -69.777  45.247 0.0000000000
131911  7.155  -70.470  45.074 0.0000000000
138677  5.857  -60.453  53.781 0.0000000000
138684  5.929  -59.736  53.461 0.0000000000
138685  5.873  -60.196  53.358 0.0000000000
138686  5.879  -60.674  53.216 0.0000000000
138687  6.044  -60.825  52.644 0.0000000000
138688  6.333  -60.945  52.126 0.0000000000
138689  6.720  -61.107  51.638 0.0000000000
138690  6.378  -60.463  51.402 0.0000000000
138691  6.737  -60.875  51.277 0.0000000000
138692  7.188  -61.318  51.100 0.0000000000
138693  7.678  -61.459  50.563 0.0000000000
138694  8.160  -61.713  49.979 0.0000000000
138695  8.622  -62.035  49.360 0.0000000000
138714  6.376  -59.511  50.015 0.0000000000
138715  6.691  -59.945  49.942 0.0000000000
138716  7.134  -60.303  49.845 0.0000000000
138717  7.715  -60.269  49.013 0.0000000000
138718  7.680  -60.474  49.356 0.0000000000
138719  7.655  -60.679  49.725 0.0000000000
138720  8.214  -61.140  49.484 0.0000000000
138721  8.675  -61.730  49.140 0.0000000000
138722  9.036  -62.445  48.630 0.0000000000
138723  9.189  -62.956  47.819 0.0000000000
138724  9.161  -63.411  47.108 0.0000000000
138725  8.998  -63.848  46.425 0.0000000000
138726  9.405  -62.853  46.643 0.0000000000
138727  9.094  -63.564  46.202 0.0000000000
138728  8.641  -64.167  45.817 0.0000000000
138729  8.176  -64.510  45.213 0.0000000000
138730  7.723  -64.788  44.606 0.0000000000
138731  7.325  -65.049  44.037 0.0000000000
138732  9.599  -61.700  45.600 0.0000000000
138733  9.373  -62.462  45.149 0.0000000000
138734  8.966  -63.063  44.739 0.0000000000
138735  8.673  -63.051  43.882 0.0000000000
138736  8.571  -63.331  44.128 0.0000000000
138737  8.500  -63.631  44.381 0.0000000000
138738  7.904  -64.173  44.073 0.0000000000
138739  7.424  -64.772  43.777 0.0000000000
138740  7.090  -65.439  43.466 0.0000000000
138741  7.116  -65.681  42.930 0.0000000000
138742  7.120  -65.947  42.421 0.0000000000
138744  6.854  -65.380  41.963 0.0000000000
147141  6.034  -61.750  53.742 0.0000000000
147144  6.480  -62.934  53.584 0.0000000000
147145  6.205  -62.802  54.182 0.0000000000
147146  6.044  -62.690  54.754 0.0000000000
147152  7.498  -64.432  54.560 0.0000000000
147153  7.538  -64.400  53.696 0.0000000000
147154  7.766  -64.602  53.895 0.0000000000
147155  7.996  -64.748  54.091 0.0000000000
147156  8.411  -65.143  53.722 0.0000000000
147157  8.707  -65.608  53.396 0.0000000000
147158  8.922  -66.105  53.095 0.0000000000
147159  8.876  -63.737  48.615 0.0000000000
147160  8.795  -64.063  48.925 0.0000000000
147161  8.681  -64.283  49.136 0.0000000000
147162  8.239  -65.403  48.217 0.0000000000
147163  8.431  -64.962  48.835 0.0000000000
147164  8.540  -64.492  49.519 0.0000000000
147165  8.425  -64.755  49.818 0.0000000000
147166  8.356  -65.070  50.059 0.0000000000
147167  8.314  -65.296  50.407 0.0000000000
147168  7.172  -67.995  47.198 0.0000000000
147169  7.323  -67.676  47.685 0.0000000000
147170  7.553  -67.298  48.263 0.0000000000
147171  7.443  -68.186  48.452 0.0000000000
147172  7.566  -67.599  48.643 0.0000000000
147173  7.797  -66.884  48.853 0.0000000000
147174  8.038  -66.427  49.380 0.0000000000
147175  8.247  -65.939  50.048 0.0000000000
147176  8.318  -65.493  50.671 0.0000000000
147177  8.353  -65.689  50.962 0.0000000000
147178  8.390  -65.877  51.278 0.0000000000
147179  8.410  -66.040  51.604 0.0000000000
147180  8.257  -67.158  50.800 0.0000000000
147181  8.399  -66.696  51.361 0.0000000000
147182  8.559  -66.231  51.902 0.0000000000
147183  8.687  -66.376  52.235 0.0000000000
147184  8.837  -66.529  52.549 0.0000000000
147185  8.985  -66.683  52.873 0.0000000000
147186  8.960  -67.238  52.731 0.0000000000
147189  8.402  -68.773  51.724 0.0000000000
147190  8.613  -68.905  52.104 0.0000000000
147192  8.992  -69.535  52.390 0.0000000000
147195  7.682  -70.689  49.897 0.0000000000
147196  7.953  -70.787  50.320 0.0000000000
147197  8.290  -70.864  50.668 0.0000000000
147198  8.393  -71.973  50.240 0.0000000000
147199  8.527  -71.460  50.631 0.0000000000
