#!ascii label  , from subject fsaverage vox2ras=TkReg
453
524  15.351  43.819  1.689 0.0000000000
526  11.992  54.271  0.436 0.0000000000
2216  13.170  39.727  -1.248 0.0000000000
2223  11.971  48.867  0.607 0.0000000000
2224  13.063  44.463  -3.517 0.0000000000
2225  12.436  39.753  -6.705 0.0000000000
4900  15.885  43.389  4.122 0.0000000000
4903  12.943  40.041  1.135 0.0000000000
4904  14.799  41.595  0.036 0.0000000000
4920  12.071  53.368  3.108 0.0000000000
4921  11.584  50.830  2.778 0.0000000000
4922  12.708  51.403  0.733 0.0000000000
4925  11.313  44.689  -5.706 0.0000000000
4926  12.856  42.176  -5.333 0.0000000000
4928  10.956  40.022  -8.629 0.0000000000
6686  14.817  45.890  3.755 0.0000000000
9211  10.309  39.177  -0.226 0.0000000000
9212  10.970  38.291  -2.416 0.0000000000
9232  12.283  48.172  2.979 0.0000000000
9233  13.767  46.338  0.949 0.0000000000
9234  12.152  49.169  -1.435 0.0000000000
9235  12.624  46.632  -1.392 0.0000000000
9236  14.359  44.138  -1.069 0.0000000000
9237  14.147  41.848  -2.759 0.0000000000
9238  13.195  39.554  -4.020 0.0000000000
9239  11.793  37.537  -5.120 0.0000000000
9240  11.840  37.235  -7.372 0.0000000000
9241  11.109  37.409  -9.610 0.0000000000
10356  9.026  36.438  -4.852 0.0000000000
12580  15.638  43.568  2.909 0.0000000000
12581  15.588  42.321  3.197 0.0000000000
12582  15.469  42.494  2.005 0.0000000000
12583  14.937  41.526  1.250 0.0000000000
12584  15.258  42.744  0.844 0.0000000000
12600  12.285  53.983  1.833 0.0000000000
12601  12.569  52.392  1.913 0.0000000000
12602  12.610  52.760  0.580 0.0000000000
14983  15.189  45.771  4.923 0.0000000000
20470  13.092  39.861  -0.041 0.0000000000
20471  11.675  39.571  0.485 0.0000000000
20472  11.897  39.269  -0.659 0.0000000000
20473  10.606  38.779  -1.340 0.0000000000
20474  12.131  38.964  -1.800 0.0000000000
20523  11.888  49.917  1.644 0.0000000000
20524  11.152  49.468  2.632 0.0000000000
20525  11.929  48.542  1.639 0.0000000000
20526  13.086  47.315  1.915 0.0000000000
20527  12.652  47.591  0.687 0.0000000000
20529  12.192  50.367  -1.511 0.0000000000
20531  12.205  45.665  -3.539 0.0000000000
20532  11.983  46.799  -2.409 0.0000000000
20533  12.914  45.580  -2.480 0.0000000000
20534  13.508  45.420  -1.351 0.0000000000
20535  13.761  44.325  -2.323 0.0000000000
20536  14.325  43.035  -1.983 0.0000000000
20537  13.774  43.126  -3.254 0.0000000000
20538  12.655  40.981  -6.037 0.0000000000
20539  13.296  40.782  -4.807 0.0000000000
20540  12.897  39.614  -5.444 0.0000000000
20541  12.542  38.492  -4.555 0.0000000000
20542  12.463  38.476  -5.973 0.0000000000
20543  11.913  37.316  -6.235 0.0000000000
20544  12.214  38.451  -7.093 0.0000000000
20546  11.015  38.744  -9.224 0.0000000000
20547  10.334  38.816  -10.002 0.0000000000
20549  9.452  39.022  -10.724 0.0000000000
23250  10.230  35.231  -6.699 0.0000000000
27258  14.110  40.632  1.809 0.0000000000
27259  14.145  40.637  0.574 0.0000000000
27260  14.045  40.562  -0.624 0.0000000000
27288  11.508  52.785  4.130 0.0000000000
27289  11.187  51.650  3.946 0.0000000000
27290  12.036  52.040  2.967 0.0000000000
27291  12.348  51.125  1.772 0.0000000000
27292  12.421  50.149  0.668 0.0000000000
27296  11.350  45.821  -4.640 0.0000000000
27297  12.149  44.616  -4.640 0.0000000000
27298  13.034  43.293  -4.466 0.0000000000
27299  12.109  43.480  -5.630 0.0000000000
27300  12.056  42.284  -6.411 0.0000000000
27301  11.876  41.107  -7.141 0.0000000000
27302  11.833  39.879  -7.652 0.0000000000
30961  15.558  44.701  3.897 0.0000000000
30962  15.179  44.884  2.677 0.0000000000
37879  9.272  38.280  -2.104 0.0000000000
37880  9.730  37.655  -3.164 0.0000000000
37940  12.977  47.929  4.496 0.0000000000
37941  13.718  47.052  3.402 0.0000000000
37942  14.338  46.136  2.330 0.0000000000
37943  14.750  45.141  1.278 0.0000000000
37944  12.500  51.596  -0.533 0.0000000000
37945  12.532  50.298  -0.367 0.0000000000
37946  12.235  49.125  -0.393 0.0000000000
37947  11.681  48.120  -2.422 0.0000000000
37948  11.947  47.884  -1.390 0.0000000000
37949  12.260  47.795  -0.393 0.0000000000
37950  13.171  46.558  -0.325 0.0000000000
37951  14.205  45.260  -0.118 0.0000000000
37952  14.930  43.981  0.284 0.0000000000
37953  14.787  42.873  -0.610 0.0000000000
37954  14.483  41.732  -1.418 0.0000000000
37955  13.979  40.605  -2.083 0.0000000000
37956  13.571  41.949  -4.107 0.0000000000
37957  13.754  40.645  -3.458 0.0000000000
37958  13.251  39.582  -2.653 0.0000000000
37959  12.445  38.636  -3.176 0.0000000000
37960  11.469  37.766  -3.719 0.0000000000
37961  10.295  37.051  -4.380 0.0000000000
37962  10.801  36.605  -5.387 0.0000000000
37963  11.189  36.248  -6.463 0.0000000000
37964  11.309  36.054  -7.614 0.0000000000
37965  11.750  38.585  -8.160 0.0000000000
37966  11.546  37.266  -8.557 0.0000000000
43300  15.490  43.682  2.298 0.0000000000
43301  15.563  43.034  2.460 0.0000000000
43302  15.464  43.162  1.847 0.0000000000
43303  15.356  42.623  1.419 0.0000000000
43304  15.339  43.286  1.251 0.0000000000
43318  11.794  54.839  0.990 0.0000000000
43320  12.215  54.143  1.124 0.0000000000
43321  12.496  53.374  1.190 0.0000000000
43322  12.378  53.549  0.557 0.0000000000
51190  13.138  39.786  -0.635 0.0000000000
51191  12.500  39.559  -0.336 0.0000000000
51192  12.603  39.436  -0.918 0.0000000000
51193  11.996  39.137  -1.254 0.0000000000
51194  12.626  39.368  -1.525 0.0000000000
51243  11.950  49.404  1.107 0.0000000000
51244  11.620  49.232  1.607 0.0000000000
51245  11.945  48.717  1.104 0.0000000000
51246  12.321  48.052  1.157 0.0000000000
51247  12.193  48.203  0.611 0.0000000000
51251  12.616  45.073  -3.549 0.0000000000
51252  12.560  45.619  -3.009 0.0000000000
51253  13.001  45.037  -2.992 0.0000000000
51254  13.373  44.993  -2.395 0.0000000000
51255  13.432  44.405  -2.920 0.0000000000
51256  13.809  43.738  -2.790 0.0000000000
51257  13.479  43.803  -3.387 0.0000000000
51258  12.548  40.358  -6.352 0.0000000000
51259  12.851  40.280  -5.762 0.0000000000
51260  12.687  39.684  -6.080 0.0000000000
51261  12.686  39.024  -5.749 0.0000000000
51262  12.529  39.098  -6.380 0.0000000000
51263  12.394  38.432  -6.579 0.0000000000
51264  12.343  39.095  -6.890 0.0000000000
51266  10.201  39.525  -9.765 0.0000000000
51267  9.757  39.554  -10.107 0.0000000000
51268  9.950  38.875  -10.376 0.0000000000
60782  15.838  42.767  4.253 0.0000000000
60789  14.569  41.007  2.131 0.0000000000
60790  14.872  41.549  0.634 0.0000000000
60791  14.595  41.047  0.905 0.0000000000
60792  14.533  41.088  0.294 0.0000000000
60793  14.135  40.600  -0.045 0.0000000000
60794  14.484  41.108  -0.304 0.0000000000
60836  11.832  54.195  3.096 0.0000000000
60838  11.662  53.923  3.678 0.0000000000
60839  11.437  53.580  4.198 0.0000000000
60840  11.807  53.123  3.621 0.0000000000
60841  11.792  52.424  3.548 0.0000000000
60842  12.141  52.680  3.052 0.0000000000
60843  12.686  51.911  1.281 0.0000000000
60844  12.508  51.743  1.850 0.0000000000
60845  12.617  51.260  1.293 0.0000000000
60846  12.404  50.644  1.213 0.0000000000
60847  12.602  50.757  0.729 0.0000000000
60851  10.863  45.289  -5.676 0.0000000000
60853  11.318  45.247  -5.207 0.0000000000
60854  11.731  45.205  -4.694 0.0000000000
60855  11.712  44.660  -5.187 0.0000000000
60856  12.131  44.046  -5.135 0.0000000000
60857  11.674  44.117  -5.663 0.0000000000
60859  11.618  42.916  -6.538 0.0000000000
60861  11.988  41.692  -6.789 0.0000000000
60863  11.453  41.153  -7.574 0.0000000000
67990  15.004  45.835  4.324 0.0000000000
67991  15.426  45.247  4.414 0.0000000000
67992  15.222  45.331  3.830 0.0000000000
67993  15.375  44.804  3.286 0.0000000000
67994  15.015  45.395  3.233 0.0000000000
84453  10.992  39.377  0.164 0.0000000000
84454  10.860  39.552  0.730 0.0000000000
84459  9.620  39.014  -0.609 0.0000000000
84460  10.793  38.529  -1.875 0.0000000000
84461  9.946  38.546  -1.703 0.0000000000
84462  10.132  38.266  -2.237 0.0000000000
84463  9.433  37.972  -2.609 0.0000000000
84464  10.359  37.951  -2.749 0.0000000000
84608  11.432  51.309  3.386 0.0000000000
84609  10.885  51.079  3.830 0.0000000000
84610  11.130  50.720  3.260 0.0000000000
84611  11.559  48.769  2.790 0.0000000000
84612  11.179  49.206  3.313 0.0000000000
84613  11.785  48.566  3.504 0.0000000000
84615  12.598  48.048  3.711 0.0000000000
84616  13.337  47.516  3.926 0.0000000000
84617  13.038  47.609  3.178 0.0000000000
84618  13.496  46.824  1.416 0.0000000000
84619  13.778  46.710  2.128 0.0000000000
84620  14.077  46.221  1.627 0.0000000000
84621  14.573  45.631  1.825 0.0000000000
84622  14.295  45.740  1.114 0.0000000000
84624  12.383  52.296  -0.589 0.0000000000
84625  12.218  51.689  -1.085 0.0000000000
84626  12.223  49.743  -1.468 0.0000000000
84627  12.447  50.302  -0.957 0.0000000000
84628  12.390  49.734  -0.919 0.0000000000
84629  12.433  49.683  -0.379 0.0000000000
84630  12.222  49.144  -0.923 0.0000000000
84632  11.421  48.099  -2.932 0.0000000000
84633  11.464  47.495  -2.947 0.0000000000
84634  12.328  46.688  -1.899 0.0000000000
84635  11.944  47.323  -1.864 0.0000000000
84636  12.205  47.244  -1.380 0.0000000000
84637  12.061  47.825  -0.890 0.0000000000
84638  12.432  47.197  -0.875 0.0000000000
84639  12.673  47.184  -0.381 0.0000000000
84640  12.892  46.601  -0.889 0.0000000000
84641  13.982  44.778  -1.238 0.0000000000
84642  13.839  45.349  -0.740 0.0000000000
84643  14.296  44.708  -0.610 0.0000000000
84644  14.623  44.612  0.054 0.0000000000
84645  14.658  44.065  -0.422 0.0000000000
84646  14.881  43.450  -0.191 0.0000000000
84647  14.621  43.505  -0.861 0.0000000000
84648  14.245  42.461  -2.381 0.0000000000
84649  14.431  42.404  -1.729 0.0000000000
84650  14.313  41.795  -2.088 0.0000000000
84651  14.252  41.145  -1.753 0.0000000000
84652  14.156  41.171  -2.450 0.0000000000
84653  12.975  42.732  -4.939 0.0000000000
84654  13.350  42.624  -4.318 0.0000000000
84655  13.227  42.069  -4.734 0.0000000000
84656  13.324  40.123  -4.439 0.0000000000
84657  13.532  40.705  -4.130 0.0000000000
84658  13.498  40.074  -3.757 0.0000000000
84659  13.592  40.054  -3.085 0.0000000000
84660  13.298  39.518  -3.356 0.0000000000
84661  12.863  39.105  -2.909 0.0000000000
84662  12.907  39.058  -3.594 0.0000000000
84663  12.136  38.008  -4.833 0.0000000000
84664  12.094  38.070  -4.129 0.0000000000
84665  11.606  37.638  -4.419 0.0000000000
84666  10.920  37.380  -4.040 0.0000000000
84667  11.136  37.203  -4.712 0.0000000000
84668  10.572  36.811  -4.872 0.0000000000
84669  11.293  37.065  -5.265 0.0000000000
84670  11.932  37.261  -6.825 0.0000000000
84671  11.559  36.792  -6.371 0.0000000000
84672  11.613  36.694  -6.919 0.0000000000
84673  11.284  36.112  -6.998 0.0000000000
84674  11.616  36.600  -7.456 0.0000000000
84675  11.415  39.947  -8.150 0.0000000000
84676  11.780  39.238  -7.906 0.0000000000
84677  11.407  39.319  -8.449 0.0000000000
84678  11.066  38.075  -9.416 0.0000000000
84679  11.400  37.992  -8.931 0.0000000000
84680  11.324  37.339  -9.107 0.0000000000
92370  9.402  36.090  -5.279 0.0000000000
96372  15.772  43.478  3.503 0.0000000000
96373  15.788  42.862  3.611 0.0000000000
96374  15.709  42.940  3.037 0.0000000000
96375  15.527  42.402  2.633 0.0000000000
96376  15.298  41.921  2.213 0.0000000000
96377  14.999  41.459  1.859 0.0000000000
96378  15.248  42.006  1.610 0.0000000000
96379  15.188  42.079  1.001 0.0000000000
96380  15.034  42.149  0.418 0.0000000000
96408  12.219  53.662  2.495 0.0000000000
96409  12.354  52.909  2.508 0.0000000000
96410  12.529  53.165  1.884 0.0000000000
96411  12.650  52.614  1.241 0.0000000000
96412  12.715  52.071  0.653 0.0000000000
96417  10.791  44.704  -6.165 0.0000000000
96418  11.222  44.108  -6.180 0.0000000000
100697  15.348  45.689  5.539 0.0000000000
100698  14.903  46.290  5.429 0.0000000000
100699  14.744  46.364  4.818 0.0000000000
100700  14.536  46.408  4.267 0.0000000000
110574  13.032  39.962  0.541 0.0000000000
110575  12.342  39.791  0.793 0.0000000000
110576  12.443  39.674  0.203 0.0000000000
110577  11.766  39.422  -0.082 0.0000000000
110578  11.127  39.186  -0.427 0.0000000000
110579  10.450  38.965  -0.790 0.0000000000
110580  11.289  38.992  -0.995 0.0000000000
110581  11.426  38.817  -1.558 0.0000000000
110582  11.568  38.624  -2.103 0.0000000000
110669  11.744  50.364  2.198 0.0000000000
110670  11.327  50.189  2.690 0.0000000000
110671  11.492  49.700  2.127 0.0000000000
110672  11.554  49.015  2.148 0.0000000000
110673  12.011  48.349  2.270 0.0000000000
110674  12.704  47.744  2.437 0.0000000000
110675  12.435  47.916  1.741 0.0000000000
110676  12.903  47.445  1.274 0.0000000000
110677  13.210  46.974  0.804 0.0000000000
110683  11.769  46.269  -3.501 0.0000000000
110684  11.643  46.854  -2.922 0.0000000000
110685  12.127  46.201  -2.967 0.0000000000
110686  12.450  46.159  -2.459 0.0000000000
110687  12.785  46.091  -1.932 0.0000000000
110688  13.074  46.038  -1.394 0.0000000000
110689  13.233  45.490  -1.903 0.0000000000
110690  13.664  44.862  -1.829 0.0000000000
110691  14.067  44.203  -1.702 0.0000000000
110692  14.402  43.564  -1.508 0.0000000000
110693  14.102  43.666  -2.181 0.0000000000
110694  14.079  43.066  -2.654 0.0000000000
110695  13.986  42.472  -3.060 0.0000000000
110696  12.745  41.604  -5.709 0.0000000000
110697  13.093  41.529  -5.104 0.0000000000
110698  12.963  40.894  -5.449 0.0000000000
110699  13.100  40.198  -5.131 0.0000000000
110700  13.117  39.567  -4.766 0.0000000000
110701  12.933  39.000  -4.306 0.0000000000
110702  12.801  39.010  -5.020 0.0000000000
110703  12.515  38.455  -5.256 0.0000000000
110704  12.210  37.935  -5.528 0.0000000000
110705  11.847  37.420  -5.680 0.0000000000
110706  12.220  37.859  -6.101 0.0000000000
110707  12.152  37.834  -6.694 0.0000000000
110708  12.055  37.839  -7.265 0.0000000000
110709  10.459  40.123  -9.071 0.0000000000
110710  10.964  39.384  -8.956 0.0000000000
110711  10.569  39.474  -9.367 0.0000000000
110712  10.664  38.814  -9.646 0.0000000000
110713  10.786  38.125  -9.835 0.0000000000
110715  10.444  38.172  -10.234 0.0000000000
110716  10.039  38.253  -10.616 0.0000000000
115692  10.413  35.057  -7.228 0.0000000000
125042  13.554  40.320  1.474 0.0000000000
125043  14.579  41.046  1.531 0.0000000000
125044  14.139  40.631  1.212 0.0000000000
125045  13.636  40.255  0.877 0.0000000000
125046  13.638  40.223  0.271 0.0000000000
125047  13.603  40.154  -0.327 0.0000000000
125048  13.648  40.098  -0.971 0.0000000000
125111  11.105  53.232  4.700 0.0000000000
125112  11.111  52.550  4.628 0.0000000000
125114  11.380  52.200  4.035 0.0000000000
125115  11.658  51.827  3.463 0.0000000000
125116  11.838  51.435  2.873 0.0000000000
125117  12.350  52.230  2.455 0.0000000000
125118  12.221  51.596  2.364 0.0000000000
125119  11.997  50.977  2.276 0.0000000000
125120  12.130  50.523  1.701 0.0000000000
125121  12.194  50.057  1.150 0.0000000000
125122  12.194  49.551  0.620 0.0000000000
125131  11.781  45.772  -4.127 0.0000000000
125132  12.202  45.157  -4.116 0.0000000000
125133  12.657  44.505  -4.053 0.0000000000
125134  13.103  43.848  -3.958 0.0000000000
125135  12.625  43.937  -4.566 0.0000000000
125136  12.573  43.386  -5.069 0.0000000000
125137  12.525  42.819  -5.513 0.0000000000
125138  11.649  43.498  -6.147 0.0000000000
125139  12.116  42.863  -6.048 0.0000000000
125140  12.479  42.247  -5.886 0.0000000000
125141  12.401  41.644  -6.248 0.0000000000
125142  12.308  41.031  -6.589 0.0000000000
125143  12.247  40.442  -6.945 0.0000000000
125144  12.157  39.798  -7.163 0.0000000000
125145  11.852  40.491  -7.393 0.0000000000
125146  11.440  40.546  -7.848 0.0000000000
125147  10.959  40.624  -8.333 0.0000000000
134505  15.549  45.156  5.018 0.0000000000
134506  15.697  44.613  4.485 0.0000000000
134507  15.811  44.022  3.987 0.0000000000
134508  15.641  44.114  3.386 0.0000000000
134509  15.461  44.228  2.777 0.0000000000
134510  15.347  44.359  2.155 0.0000000000
154590  11.565  39.704  1.068 0.0000000000
154599  9.758  38.798  -1.162 0.0000000000
154600  9.116  38.543  -1.584 0.0000000000
154779  10.960  49.956  3.219 0.0000000000
154785  13.650  47.409  4.666 0.0000000000
154786  13.972  46.983  4.132 0.0000000000
154787  14.298  46.482  3.617 0.0000000000
154788  13.445  47.164  2.649 0.0000000000
154789  14.043  46.593  2.880 0.0000000000
154790  14.560  45.999  3.070 0.0000000000
154791  14.769  45.530  2.524 0.0000000000
154792  14.991  45.021  1.994 0.0000000000
154793  15.108  44.501  1.460 0.0000000000
154795  12.598  52.189  0.013 0.0000000000
154796  12.682  51.518  0.097 0.0000000000
154797  12.363  50.967  -1.035 0.0000000000
154798  12.551  50.937  -0.424 0.0000000000
154799  12.664  50.855  0.203 0.0000000000
154800  12.570  50.231  0.171 0.0000000000
154801  12.362  49.639  0.130 0.0000000000
154802  12.148  48.998  0.115 0.0000000000
154805  11.898  48.577  -1.917 0.0000000000
154806  11.681  47.469  -2.392 0.0000000000
154807  11.871  47.970  -1.887 0.0000000000
154808  12.003  48.557  -1.431 0.0000000000
154809  12.055  48.496  -0.916 0.0000000000
154810  12.022  48.433  -0.401 0.0000000000
154811  12.110  48.331  0.112 0.0000000000
154812  12.400  47.702  0.111 0.0000000000
154813  12.915  47.110  0.190 0.0000000000
154814  13.470  46.459  0.325 0.0000000000
154815  13.357  45.980  -0.829 0.0000000000
154816  13.720  45.899  -0.197 0.0000000000
154817  13.983  45.835  0.438 0.0000000000
154818  14.461  45.216  0.568 0.0000000000
154819  14.879  44.592  0.751 0.0000000000
154820  15.164  43.942  0.972 0.0000000000
154821  15.143  43.371  0.562 0.0000000000
154822  15.034  42.823  0.118 0.0000000000
154823  14.884  42.233  -0.287 0.0000000000
154824  14.555  42.922  -1.304 0.0000000000
154825  14.656  42.287  -1.003 0.0000000000
154826  14.648  41.677  -0.663 0.0000000000
154827  14.354  41.081  -1.028 0.0000000000
154828  14.036  40.570  -1.372 0.0000000000
154829  13.644  40.117  -1.684 0.0000000000
154830  13.478  43.213  -3.853 0.0000000000
154831  13.702  42.532  -3.705 0.0000000000
154832  13.875  41.861  -3.459 0.0000000000
154833  13.429  41.379  -4.459 0.0000000000
154834  13.733  41.284  -3.813 0.0000000000
154835  13.942  41.229  -3.135 0.0000000000
154836  13.867  40.638  -2.769 0.0000000000
154837  13.624  40.077  -2.386 0.0000000000
154838  13.197  39.664  -1.904 0.0000000000
154839  12.756  39.230  -2.201 0.0000000000
154840  12.280  38.800  -2.485 0.0000000000
154841  11.793  38.365  -2.760 0.0000000000
154842  12.537  38.536  -3.852 0.0000000000
154843  11.967  38.207  -3.443 0.0000000000
154844  11.231  38.013  -3.073 0.0000000000
154845  10.671  37.650  -3.408 0.0000000000
154846  10.076  37.304  -3.769 0.0000000000
154847  9.339  37.014  -4.108 0.0000000000
154848  9.704  36.720  -4.569 0.0000000000
154849  9.992  36.465  -5.055 0.0000000000
154850  10.278  36.192  -5.562 0.0000000000
154851  11.469  36.910  -5.820 0.0000000000
154852  10.997  36.428  -5.938 0.0000000000
154853  10.537  35.944  -6.058 0.0000000000
154854  10.724  35.753  -6.583 0.0000000000
154855  10.899  35.581  -7.112 0.0000000000
154856  11.000  35.474  -7.692 0.0000000000
154857  12.113  39.142  -7.375 0.0000000000
154858  12.011  38.514  -7.608 0.0000000000
154859  11.882  37.868  -7.793 0.0000000000
154860  11.370  38.653  -8.714 0.0000000000
154861  11.644  37.918  -8.360 0.0000000000
154862  11.754  37.200  -7.931 0.0000000000
154863  11.518  36.621  -8.110 0.0000000000
