#!ascii label  , from subject fsaverage vox2ras=TkReg
702
93  9.269  41.098  30.026 0.0000000000
453  11.601  32.363  30.264 0.0000000000
522  14.630  37.540  20.835 0.0000000000
1147  9.481  36.826  29.984 0.0000000000
1148  13.605  35.155  25.781 0.0000000000
1149  10.352  39.404  25.246 0.0000000000
2015  8.471  31.896  34.242 0.0000000000
2210  13.641  34.684  16.784 0.0000000000
2211  11.987  42.547  20.727 0.0000000000
2212  15.195  39.941  16.236 0.0000000000
2213  12.681  37.341  12.459 0.0000000000
3067  9.664  38.781  30.024 0.0000000000
3068  9.664  38.002  27.725 0.0000000000
3069  8.904  39.907  28.022 0.0000000000
4882  12.827  30.111  30.545 0.0000000000
4884  13.775  31.403  28.290 0.0000000000
4885  14.175  36.369  23.309 0.0000000000
4889  15.187  35.827  18.545 0.0000000000
4891  9.984  42.935  23.000 0.0000000000
4894  14.021  42.689  15.993 0.0000000000
4895  15.041  41.128  13.732 0.0000000000
4896  14.829  38.227  14.031 0.0000000000
6673  9.985  34.576  29.904 0.0000000000
6674  12.625  33.714  28.066 0.0000000000
6675  11.027  36.051  27.721 0.0000000000
6676  12.046  37.496  25.516 0.0000000000
6677  12.746  38.729  23.008 0.0000000000
7631  7.798  42.365  27.978 0.0000000000
8616  10.998  30.040  32.729 0.0000000000
8618  9.378  29.592  34.504 0.0000000000
8619  9.822  32.208  32.288 0.0000000000
8620  8.827  34.575  32.010 0.0000000000
8621  9.194  36.673  32.141 0.0000000000
8622  9.228  39.064  32.364 0.0000000000
9189  14.605  32.585  25.984 0.0000000000
9194  10.502  34.896  16.177 0.0000000000
9195  8.648  41.159  25.320 0.0000000000
9196  11.125  41.031  22.819 0.0000000000
9197  13.415  40.202  20.754 0.0000000000
9199  13.950  41.514  18.434 0.0000000000
9200  15.134  38.739  18.524 0.0000000000
9201  15.233  37.079  16.262 0.0000000000
9202  13.225  36.095  14.672 0.0000000000
10747  9.535  39.903  30.110 0.0000000000
10748  9.369  39.409  29.085 0.0000000000
10749  9.102  40.508  29.062 0.0000000000
12562  12.263  31.229  30.425 0.0000000000
12563  13.329  30.794  29.391 0.0000000000
12564  12.779  31.909  29.274 0.0000000000
12565  14.406  36.934  22.031 0.0000000000
12568  15.160  35.387  19.695 0.0000000000
12569  15.149  36.738  19.658 0.0000000000
12576  15.072  40.205  12.659 0.0000000000
14962  9.418  35.801  29.880 0.0000000000
14963  10.492  35.295  28.807 0.0000000000
14964  9.865  36.423  28.797 0.0000000000
14965  9.984  38.621  26.488 0.0000000000
14966  10.742  37.797  26.579 0.0000000000
14967  11.178  38.553  25.361 0.0000000000
14968  12.391  38.140  24.291 0.0000000000
14969  11.567  39.232  24.104 0.0000000000
18999  10.728  28.753  33.736 0.0000000000
19004  8.925  29.269  35.566 0.0000000000
19005  8.857  30.561  34.376 0.0000000000
19006  9.630  30.893  33.391 0.0000000000
19007  9.055  31.986  33.213 0.0000000000
19008  9.155  33.357  32.036 0.0000000000
19009  8.653  33.272  33.103 0.0000000000
19011  8.754  35.550  33.159 0.0000000000
19012  8.902  36.697  33.280 0.0000000000
19013  9.298  37.830  32.222 0.0000000000
19014  8.905  37.932  33.457 0.0000000000
20415  13.101  34.439  27.009 0.0000000000
20416  13.792  33.214  27.090 0.0000000000
20417  14.177  33.914  25.899 0.0000000000
20425  13.843  34.077  17.806 0.0000000000
20427  12.427  33.890  17.288 0.0000000000
20429  12.231  34.650  16.338 0.0000000000
20431  7.742  41.566  26.882 0.0000000000
20432  7.782  42.349  25.198 0.0000000000
20433  11.081  42.783  21.966 0.0000000000
20434  10.486  42.005  22.912 0.0000000000
20435  11.603  41.835  21.805 0.0000000000
20436  12.307  40.755  21.725 0.0000000000
20437  12.693  41.444  20.677 0.0000000000
20441  14.642  41.421  16.165 0.0000000000
20442  14.039  42.126  17.223 0.0000000000
20443  14.710  40.766  17.340 0.0000000000
20444  14.638  40.192  18.563 0.0000000000
20445  15.262  39.327  17.416 0.0000000000
20446  15.490  37.846  17.356 0.0000000000
20447  15.460  38.497  16.251 0.0000000000
20448  13.991  37.660  13.143 0.0000000000
20449  14.146  37.002  14.254 0.0000000000
20450  12.953  36.752  13.612 0.0000000000
20451  11.713  36.135  14.323 0.0000000000
20452  11.433  36.808  13.268 0.0000000000
20454  11.156  37.402  12.157 0.0000000000
23953  9.611  37.805  30.043 0.0000000000
23954  9.567  37.453  28.864 0.0000000000
23955  9.431  38.429  28.940 0.0000000000
23956  9.208  38.934  27.900 0.0000000000
23957  9.189  39.444  26.550 0.0000000000
26381  8.198  31.796  35.494 0.0000000000
26382  8.320  33.264  34.273 0.0000000000
27220  13.361  28.902  30.675 0.0000000000
27225  13.880  35.853  24.583 0.0000000000
27226  14.475  34.532  24.660 0.0000000000
27232  14.777  34.573  18.636 0.0000000000
27233  14.681  35.146  17.534 0.0000000000
27238  11.477  43.618  20.796 0.0000000000
27241  14.120  43.153  14.707 0.0000000000
27242  14.633  41.949  14.856 0.0000000000
27243  15.088  40.510  15.047 0.0000000000
27244  15.271  39.062  15.155 0.0000000000
27245  15.105  39.626  13.954 0.0000000000
27246  14.708  38.760  12.908 0.0000000000
27247  13.795  38.118  12.012 0.0000000000
27248  12.406  37.846  11.380 0.0000000000
27249  13.558  38.609  10.911 0.0000000000
30931  10.865  33.494  30.090 0.0000000000
30932  12.104  33.042  29.155 0.0000000000
30933  11.265  34.196  28.975 0.0000000000
30934  11.829  34.843  27.874 0.0000000000
30935  12.413  35.655  26.760 0.0000000000
30936  10.290  37.078  27.683 0.0000000000
30937  11.562  36.803  26.658 0.0000000000
30938  12.878  36.391  25.615 0.0000000000
30939  13.210  37.051  24.438 0.0000000000
30940  13.504  37.556  23.185 0.0000000000
30941  13.808  38.141  21.903 0.0000000000
33328  9.183  42.416  29.919 0.0000000000
33331  7.666  43.760  27.730 0.0000000000
36101  11.929  30.129  31.625 0.0000000000
36102  11.340  31.287  31.541 0.0000000000
36105  9.746  27.243  35.584 0.0000000000
36107  9.230  28.314  35.600 0.0000000000
36108  9.882  28.505  34.694 0.0000000000
36109  10.141  29.851  33.632 0.0000000000
36110  10.452  31.153  32.534 0.0000000000
36111  10.655  32.361  31.340 0.0000000000
36112  9.886  33.441  31.100 0.0000000000
36113  9.173  34.675  30.966 0.0000000000
36114  9.156  35.800  31.026 0.0000000000
36115  8.583  34.470  33.153 0.0000000000
36116  8.964  35.668  32.096 0.0000000000
36117  9.372  36.833  31.098 0.0000000000
36118  9.589  37.726  31.105 0.0000000000
36119  9.589  38.861  31.167 0.0000000000
36120  9.483  40.120  31.229 0.0000000000
36147  9.451  41.452  31.275 0.0000000000
37809  13.297  32.571  28.194 0.0000000000
37810  14.239  31.978  27.149 0.0000000000
37812  14.826  33.177  24.720 0.0000000000
37827  8.369  41.014  28.090 0.0000000000
37828  8.440  40.347  26.736 0.0000000000
37829  9.474  40.222  25.196 0.0000000000
37830  9.265  42.050  24.063 0.0000000000
37831  9.931  41.106  23.958 0.0000000000
37832  10.750  40.129  24.014 0.0000000000
37833  11.925  39.950  22.905 0.0000000000
37834  13.066  39.466  21.830 0.0000000000
37835  14.108  38.839  20.767 0.0000000000
37841  13.023  42.087  19.582 0.0000000000
37842  13.740  40.863  19.637 0.0000000000
37843  14.419  39.516  19.669 0.0000000000
37844  14.909  38.140  19.618 0.0000000000
37845  15.315  37.233  18.487 0.0000000000
37846  15.242  36.445  17.380 0.0000000000
37847  14.573  35.775  16.422 0.0000000000
37848  15.051  37.652  15.160 0.0000000000
37849  14.402  36.455  15.322 0.0000000000
37850  13.402  35.423  15.681 0.0000000000
37851  11.958  35.387  15.359 0.0000000000
37857  10.882  38.057  10.989 0.0000000000
41467  9.419  40.488  30.065 0.0000000000
41468  9.370  40.224  29.568 0.0000000000
41469  9.185  40.793  29.532 0.0000000000
43282  11.953  31.810  30.330 0.0000000000
43283  12.531  31.555  29.861 0.0000000000
43284  12.225  32.134  29.781 0.0000000000
43285  14.531  37.224  21.412 0.0000000000
43287  14.851  36.890  20.826 0.0000000000
43288  15.090  36.473  20.225 0.0000000000
43289  14.926  37.171  20.248 0.0000000000
45682  9.357  36.327  29.943 0.0000000000
45683  9.648  36.084  29.337 0.0000000000
45684  9.551  36.632  29.373 0.0000000000
45685  10.136  38.987  25.869 0.0000000000
45686  10.580  38.572  25.909 0.0000000000
45687  10.792  38.987  25.295 0.0000000000
45688  11.383  38.902  24.729 0.0000000000
45689  10.972  39.361  24.671 0.0000000000
49719  10.600  28.052  34.215 0.0000000000
49723  8.420  31.104  34.878 0.0000000000
49724  8.658  30.446  34.887 0.0000000000
49725  8.638  31.196  34.318 0.0000000000
49726  8.937  31.288  33.793 0.0000000000
49727  8.723  31.938  33.699 0.0000000000
49728  8.807  32.626  33.130 0.0000000000
49729  8.570  32.590  33.656 0.0000000000
49731  8.673  36.124  33.778 0.0000000000
49732  8.735  36.736  33.910 0.0000000000
49733  8.941  37.299  33.394 0.0000000000
51135  13.350  34.781  26.409 0.0000000000
51136  13.686  34.187  26.456 0.0000000000
51137  13.899  34.544  25.856 0.0000000000
51145  13.767  34.359  17.290 0.0000000000
51146  13.195  33.951  17.512 0.0000000000
51147  13.068  34.241  17.018 0.0000000000
51148  12.302  34.268  16.831 0.0000000000
51149  12.986  34.615  16.527 0.0000000000
51151  7.343  42.656  25.986 0.0000000000
51153  11.546  42.717  21.361 0.0000000000
51154  11.332  42.331  21.878 0.0000000000
51155  11.820  42.173  21.261 0.0000000000
51156  12.133  41.686  21.260 0.0000000000
51157  12.317  42.014  20.702 0.0000000000
51161  14.939  40.661  16.186 0.0000000000
51162  14.683  41.088  16.756 0.0000000000
51163  14.976  40.362  16.795 0.0000000000
51164  15.007  40.078  17.399 0.0000000000
51165  15.256  39.656  16.877 0.0000000000
51166  15.430  38.905  16.831 0.0000000000
51167  15.375  39.222  16.262 0.0000000000
51168  13.365  37.432  12.784 0.0000000000
51169  13.501  37.179  13.351 0.0000000000
51170  12.806  37.035  13.061 0.0000000000
51171  12.224  36.739  13.413 0.0000000000
51172  12.093  37.055  12.817 0.0000000000
51173  11.270  37.139  12.714 0.0000000000
51174  11.932  37.330  12.288 0.0000000000
55282  9.622  38.275  30.009 0.0000000000
55283  9.553  38.123  29.481 0.0000000000
55284  9.587  38.643  29.513 0.0000000000
55285  9.155  39.655  28.558 0.0000000000
55286  9.256  39.173  28.520 0.0000000000
55287  9.046  39.416  27.922 0.0000000000
55288  9.185  39.172  27.204 0.0000000000
55289  8.931  39.642  27.285 0.0000000000
60727  13.105  29.518  30.620 0.0000000000
60728  13.527  29.273  30.079 0.0000000000
60729  13.265  29.894  30.050 0.0000000000
60730  13.537  31.105  28.824 0.0000000000
60731  13.763  30.538  28.828 0.0000000000
60735  14.030  36.119  23.958 0.0000000000
60736  14.336  35.515  23.945 0.0000000000
60745  15.174  35.584  19.125 0.0000000000
60746  15.026  34.938  19.141 0.0000000000
60747  15.018  35.177  18.593 0.0000000000
60748  14.725  34.874  18.089 0.0000000000
60749  14.995  35.468  18.034 0.0000000000
60756  11.061  43.720  21.353 0.0000000000
60761  14.941  41.838  13.723 0.0000000000
60762  14.701  42.213  14.242 0.0000000000
60763  14.873  41.553  14.311 0.0000000000
60764  14.861  41.281  14.968 0.0000000000
60765  15.025  40.818  14.400 0.0000000000
60766  15.134  40.064  14.517 0.0000000000
60767  15.097  40.365  13.873 0.0000000000
60768  14.862  39.700  12.153 0.0000000000
60769  14.913  39.475  12.758 0.0000000000
60770  14.624  39.009  12.269 0.0000000000
60771  14.293  38.405  12.421 0.0000000000
60772  14.213  38.651  11.811 0.0000000000
60773  13.694  38.371  11.457 0.0000000000
67927  10.413  34.010  29.982 0.0000000000
67928  11.065  33.840  29.522 0.0000000000
67929  10.652  34.373  29.416 0.0000000000
67930  10.781  35.673  28.242 0.0000000000
67931  11.148  35.073  28.337 0.0000000000
67932  11.434  35.445  27.781 0.0000000000
67933  12.125  35.271  27.311 0.0000000000
67934  11.732  35.895  27.229 0.0000000000
67935  9.615  37.720  28.326 0.0000000000
67936  9.831  37.204  28.252 0.0000000000
67937  9.963  37.545  27.704 0.0000000000
67938  11.375  37.666  26.050 0.0000000000
67939  11.109  37.289  26.640 0.0000000000
67940  11.818  37.158  26.097 0.0000000000
67941  12.272  36.624  26.138 0.0000000000
67942  12.458  36.973  25.571 0.0000000000
67943  13.035  36.733  25.043 0.0000000000
67944  12.654  37.284  24.979 0.0000000000
67945  12.549  38.429  23.628 0.0000000000
67946  12.958  37.878  23.750 0.0000000000
67947  13.133  38.149  23.064 0.0000000000
67948  13.650  37.837  22.525 0.0000000000
67949  13.297  38.450  22.441 0.0000000000
73327  9.150  43.090  29.918 0.0000000000
73331  8.000  44.090  28.205 0.0000000000
73332  7.686  44.445  27.626 0.0000000000
73333  7.393  44.099  27.116 0.0000000000
80032  11.456  30.102  32.180 0.0000000000
80033  11.646  30.706  31.566 0.0000000000
80034  11.176  30.663  32.146 0.0000000000
80046  9.118  29.419  35.044 0.0000000000
80047  9.087  28.783  35.580 0.0000000000
80048  9.328  28.921  35.106 0.0000000000
80049  9.519  28.395  35.128 0.0000000000
80050  9.626  29.052  34.621 0.0000000000
80051  9.980  29.174  34.145 0.0000000000
80052  9.742  29.702  34.064 0.0000000000
80053  9.765  31.523  32.848 0.0000000000
80054  10.074  31.055  32.949 0.0000000000
80055  10.148  31.661  32.409 0.0000000000
80056  10.518  31.767  31.963 0.0000000000
80057  10.180  32.318  31.831 0.0000000000
80058  10.300  32.907  31.208 0.0000000000
80059  9.845  32.846  31.695 0.0000000000
80060  8.893  33.996  31.989 0.0000000000
80061  9.122  34.032  31.470 0.0000000000
80062  8.970  34.637  31.475 0.0000000000
80063  9.108  35.255  30.974 0.0000000000
80064  8.956  35.191  31.495 0.0000000000
80065  8.321  33.892  34.305 0.0000000000
80066  8.442  33.867  33.704 0.0000000000
80067  8.457  34.461  33.752 0.0000000000
80068  8.983  36.126  32.648 0.0000000000
80069  8.867  35.597  32.629 0.0000000000
80070  9.098  36.173  32.125 0.0000000000
80071  9.187  36.280  31.610 0.0000000000
80072  9.298  36.783  31.626 0.0000000000
80073  9.520  37.254  31.118 0.0000000000
80074  9.432  37.210  31.634 0.0000000000
80075  9.258  38.435  32.290 0.0000000000
80076  9.443  38.355  31.695 0.0000000000
80077  9.424  38.977  31.742 0.0000000000
80078  9.595  39.505  31.193 0.0000000000
80079  9.411  39.640  31.802 0.0000000000
80146  9.367  40.924  31.937 0.0000000000
84285  12.355  33.375  28.609 0.0000000000
84286  12.730  32.817  28.668 0.0000000000
84287  12.981  33.133  28.134 0.0000000000
84288  14.267  32.914  26.558 0.0000000000
84289  14.037  32.588  27.147 0.0000000000
84290  14.453  32.298  26.591 0.0000000000
84291  14.553  31.681  26.580 0.0000000000
84294  14.676  33.844  24.695 0.0000000000
84295  14.911  33.453  24.075 0.0000000000
84331  8.467  41.364  28.582 0.0000000000
84332  8.058  41.645  28.127 0.0000000000
84333  8.117  41.300  26.076 0.0000000000
84334  8.110  40.923  26.822 0.0000000000
84335  8.502  40.754  26.029 0.0000000000
84336  8.901  40.255  25.863 0.0000000000
84337  9.060  40.674  25.228 0.0000000000
84338  9.337  43.068  23.511 0.0000000000
84339  8.982  42.599  24.076 0.0000000000
84340  9.633  42.516  23.514 0.0000000000
84341  10.778  41.523  22.856 0.0000000000
84342  10.180  41.562  23.423 0.0000000000
84343  10.529  41.088  23.361 0.0000000000
84344  10.332  40.626  23.947 0.0000000000
84345  10.935  40.583  23.396 0.0000000000
84346  11.349  40.104  23.447 0.0000000000
84347  11.528  40.530  22.827 0.0000000000
84348  12.869  40.493  21.251 0.0000000000
84349  12.672  40.130  21.815 0.0000000000
84350  13.236  39.854  21.303 0.0000000000
84351  13.610  39.186  21.297 0.0000000000
84352  13.770  39.530  20.770 0.0000000000
84364  13.994  41.829  17.835 0.0000000000
84365  13.626  42.450  17.808 0.0000000000
84366  13.569  42.127  18.426 0.0000000000
84367  13.124  42.385  19.024 0.0000000000
84368  13.497  41.790  19.042 0.0000000000
84369  13.397  41.501  19.597 0.0000000000
84370  13.856  41.192  19.071 0.0000000000
84371  14.915  39.480  18.561 0.0000000000
84372  14.549  39.846  19.142 0.0000000000
84373  14.814  39.170  19.098 0.0000000000
84374  14.687  38.840  19.637 0.0000000000
84375  15.008  38.441  19.061 0.0000000000
84376  15.149  37.709  19.058 0.0000000000
84377  15.259  37.984  18.491 0.0000000000
84378  15.417  37.465  16.784 0.0000000000
84379  15.393  37.139  17.339 0.0000000000
84380  15.261  36.759  16.803 0.0000000000
84381  14.996  36.075  16.879 0.0000000000
84382  14.950  36.404  16.324 0.0000000000
84383  15.095  38.621  14.583 0.0000000000
84384  15.231  38.332  15.166 0.0000000000
84385  14.921  37.942  14.614 0.0000000000
84386  13.703  36.517  14.429 0.0000000000
84387  14.269  36.741  14.773 0.0000000000
84388  13.843  36.230  14.963 0.0000000000
84389  13.976  35.908  15.481 0.0000000000
84390  13.314  35.770  15.199 0.0000000000
84391  12.714  35.354  15.492 0.0000000000
84392  12.600  35.703  15.005 0.0000000000
84393  10.874  36.297  14.214 0.0000000000
84405  12.323  38.165  10.832 0.0000000000
84406  11.655  37.901  11.120 0.0000000000
84407  11.554  38.258  10.605 0.0000000000
93073  9.599  39.338  30.105 0.0000000000
93074  9.570  39.153  29.569 0.0000000000
93075  9.459  39.665  29.622 0.0000000000
93076  9.257  39.949  29.090 0.0000000000
93077  8.993  40.209  28.584 0.0000000000
96340  12.572  30.688  30.464 0.0000000000
96341  13.080  30.453  29.962 0.0000000000
96342  12.815  31.003  29.913 0.0000000000
96343  13.040  31.359  29.340 0.0000000000
96344  13.291  31.681  28.791 0.0000000000
96351  15.154  35.864  20.263 0.0000000000
96352  15.194  36.060  19.678 0.0000000000
96353  15.268  36.295  19.106 0.0000000000
96363  15.123  41.383  13.164 0.0000000000
96364  15.124  40.661  13.219 0.0000000000
100660  9.638  35.182  29.865 0.0000000000
100661  10.224  34.931  29.350 0.0000000000
100662  9.846  35.497  29.308 0.0000000000
100663  10.138  35.861  28.756 0.0000000000
100664  10.387  36.215  28.233 0.0000000000
100665  9.807  38.307  27.102 0.0000000000
100666  10.121  37.892  27.115 0.0000000000
100667  10.373  38.227  26.523 0.0000000000
100668  10.979  38.181  25.972 0.0000000000
100669  11.592  38.048  25.436 0.0000000000
100670  12.250  37.825  24.914 0.0000000000
100671  11.793  38.388  24.842 0.0000000000
100672  11.972  38.696  24.192 0.0000000000
100673  12.156  38.986  23.545 0.0000000000
107925  10.858  29.374  33.220 0.0000000000
107934  8.903  29.893  34.958 0.0000000000
107935  9.090  30.048  34.433 0.0000000000
107936  9.489  30.217  33.962 0.0000000000
107937  9.204  30.715  33.875 0.0000000000
107938  9.319  31.387  33.279 0.0000000000
107939  9.438  32.091  32.744 0.0000000000
107940  9.491  32.764  32.149 0.0000000000
107941  9.122  32.682  32.630 0.0000000000
107942  8.870  33.321  32.555 0.0000000000
107943  8.743  33.954  32.554 0.0000000000
107945  8.502  35.000  33.766 0.0000000000
107946  8.605  35.537  33.732 0.0000000000
107947  8.843  36.122  33.193 0.0000000000
107948  9.059  36.683  32.693 0.0000000000
107949  9.304  37.214  32.161 0.0000000000
107950  9.135  37.234  32.759 0.0000000000
107951  9.109  37.901  32.846 0.0000000000
107952  9.051  38.503  32.915 0.0000000000
110475  12.877  34.090  27.531 0.0000000000
110476  13.259  33.471  27.575 0.0000000000
110477  13.491  33.824  27.018 0.0000000000
110478  14.009  33.568  26.484 0.0000000000
110479  14.423  33.243  25.939 0.0000000000
110493  13.923  33.722  18.323 0.0000000000
110494  13.402  33.301  18.546 0.0000000000
110495  13.312  33.634  18.021 0.0000000000
110496  12.576  33.586  17.798 0.0000000000
110499  11.608  33.993  17.177 0.0000000000
110500  11.521  34.353  16.680 0.0000000000
110501  11.450  34.738  16.189 0.0000000000
110502  7.407  42.662  27.406 0.0000000000
110503  7.670  41.968  27.554 0.0000000000
110504  7.384  42.272  26.779 0.0000000000
110505  7.695  41.943  26.056 0.0000000000
110506  8.258  41.684  25.314 0.0000000000
110507  10.564  42.859  22.461 0.0000000000
110508  10.248  42.479  22.956 0.0000000000
110509  10.813  42.401  22.453 0.0000000000
110510  11.070  41.966  22.372 0.0000000000
110511  11.343  41.461  22.291 0.0000000000
110512  11.728  40.961  22.248 0.0000000000
110513  11.925  41.324  21.766 0.0000000000
110514  12.502  41.104  21.222 0.0000000000
110515  13.070  40.847  20.689 0.0000000000
110521  14.356  42.086  16.069 0.0000000000
110522  14.059  42.432  16.601 0.0000000000
110523  14.378  41.788  16.705 0.0000000000
110524  14.362  41.483  17.315 0.0000000000
110525  14.352  41.173  17.892 0.0000000000
110526  14.310  40.892  18.510 0.0000000000
110527  14.694  40.487  17.947 0.0000000000
110528  15.001  39.786  17.982 0.0000000000
110529  15.251  38.987  17.967 0.0000000000
110530  15.380  38.238  17.948 0.0000000000
110531  15.439  38.565  17.380 0.0000000000
110532  15.480  38.175  16.799 0.0000000000
110533  15.405  37.791  16.230 0.0000000000
110534  14.456  37.910  13.561 0.0000000000
110535  14.533  37.578  14.124 0.0000000000
110536  14.095  37.359  13.694 0.0000000000
110537  13.626  36.870  13.888 0.0000000000
110538  13.083  36.436  14.153 0.0000000000
110539  12.487  36.054  14.479 0.0000000000
110540  12.376  36.419  13.951 0.0000000000
110541  11.573  36.492  13.812 0.0000000000
110542  10.718  36.666  13.704 0.0000000000
117331  9.564  37.319  30.028 0.0000000000
117332  9.548  37.142  29.404 0.0000000000
117333  9.585  37.644  29.495 0.0000000000
117334  9.512  37.947  28.925 0.0000000000
117335  9.442  38.194  28.334 0.0000000000
117336  9.446  38.931  29.044 0.0000000000
117337  9.336  38.691  28.435 0.0000000000
117338  9.409  38.450  27.766 0.0000000000
117339  9.475  38.726  27.136 0.0000000000
117340  9.561  39.032  26.491 0.0000000000
117341  9.684  39.381  25.854 0.0000000000
122993  8.296  31.848  34.844 0.0000000000
122994  8.365  32.585  34.254 0.0000000000
122995  8.212  32.565  34.853 0.0000000000
124959  13.515  30.215  29.454 0.0000000000
124965  13.763  35.511  25.164 0.0000000000
124966  14.066  34.878  25.233 0.0000000000
124967  14.219  35.213  24.578 0.0000000000
124983  14.393  34.299  18.160 0.0000000000
124984  14.312  34.591  17.640 0.0000000000
124985  14.237  34.863  17.099 0.0000000000
124993  10.297  43.342  22.423 0.0000000000
124994  10.847  43.265  21.914 0.0000000000
124995  11.291  43.232  21.393 0.0000000000
124996  11.709  43.067  20.768 0.0000000000
125000  13.727  43.441  15.250 0.0000000000
125001  14.017  42.921  15.347 0.0000000000
125003  14.379  42.576  14.780 0.0000000000
125004  14.319  42.358  15.427 0.0000000000
125005  14.604  41.710  15.519 0.0000000000
125006  14.887  40.979  15.586 0.0000000000
125007  15.137  40.220  15.638 0.0000000000
125008  15.306  39.516  15.699 0.0000000000
125009  15.218  39.788  15.107 0.0000000000
125010  15.177  39.339  14.576 0.0000000000
125011  15.031  38.904  14.009 0.0000000000
125012  15.072  39.930  13.313 0.0000000000
125013  14.987  39.183  13.411 0.0000000000
125014  14.753  38.509  13.476 0.0000000000
125015  14.391  38.164  12.999 0.0000000000
125016  13.877  37.878  12.599 0.0000000000
125017  13.254  37.696  12.198 0.0000000000
125018  12.531  37.590  11.870 0.0000000000
125019  13.164  37.931  11.671 0.0000000000
125020  13.031  38.168  11.159 0.0000000000
125021  12.922  38.498  10.588 0.0000000000
134425  11.223  32.917  30.205 0.0000000000
134426  11.860  32.690  29.716 0.0000000000
134427  11.466  33.279  29.630 0.0000000000
134428  11.682  33.637  29.078 0.0000000000
134429  11.946  33.935  28.531 0.0000000000
134430  10.872  34.741  28.887 0.0000000000
134431  11.539  34.496  28.437 0.0000000000
134432  12.212  34.278  27.995 0.0000000000
134433  12.488  34.690  27.443 0.0000000000
134434  12.756  35.025  26.882 0.0000000000
134435  13.016  35.378  26.317 0.0000000000
134436  9.663  36.934  28.787 0.0000000000
134437  10.071  36.712  28.239 0.0000000000
134438  10.607  36.590  27.715 0.0000000000
134439  10.483  37.437  27.135 0.0000000000
134440  10.863  36.952  27.168 0.0000000000
134441  11.287  36.439  27.197 0.0000000000
134442  12.013  36.265  26.687 0.0000000000
134443  12.728  36.011  26.177 0.0000000000
134444  13.252  35.781  25.696 0.0000000000
134445  13.409  36.148  25.108 0.0000000000
134446  13.551  36.473  24.526 0.0000000000
134447  13.732  36.704  23.879 0.0000000000
134448  12.816  37.594  24.402 0.0000000000
134449  13.357  37.304  23.828 0.0000000000
134450  13.875  36.948  23.242 0.0000000000
134451  13.984  37.231  22.611 0.0000000000
134452  14.124  37.522  21.975 0.0000000000
134453  14.277  37.822  21.372 0.0000000000
141142  9.206  41.766  30.005 0.0000000000
141143  9.030  41.448  29.494 0.0000000000
141144  8.929  42.100  29.425 0.0000000000
141148  8.034  43.424  28.244 0.0000000000
141149  7.694  43.072  27.853 0.0000000000
141150  7.344  43.385  27.269 0.0000000000
149274  12.672  29.519  31.165 0.0000000000
149277  12.395  30.130  31.077 0.0000000000
149278  12.127  30.727  30.990 0.0000000000
149279  11.798  31.264  30.965 0.0000000000
149280  11.471  31.812  30.895 0.0000000000
149293  8.912  28.672  36.017 0.0000000000
149296  9.460  27.785  35.602 0.0000000000
149297  9.802  27.873  35.118 0.0000000000
149298  10.195  27.967  34.685 0.0000000000
149299  10.289  28.624  34.251 0.0000000000
149300  10.414  29.268  33.712 0.0000000000
149301  10.557  29.966  33.199 0.0000000000
149302  9.895  30.388  33.520 0.0000000000
149303  10.304  30.549  33.094 0.0000000000
149304  10.719  30.610  32.680 0.0000000000
149305  10.869  31.229  32.070 0.0000000000
149306  10.980  31.790  31.483 0.0000000000
149307  11.120  32.375  30.819 0.0000000000
149308  10.775  32.939  30.709 0.0000000000
149309  10.385  33.460  30.604 0.0000000000
149310  9.870  34.009  30.503 0.0000000000
149311  9.477  33.412  31.569 0.0000000000
149312  9.441  34.050  30.985 0.0000000000
149313  9.520  34.616  30.427 0.0000000000
149314  9.319  35.238  30.415 0.0000000000
149315  9.264  35.827  30.464 0.0000000000
149316  9.327  36.345  30.539 0.0000000000
149317  8.474  33.232  33.668 0.0000000000
149318  8.582  33.883  33.123 0.0000000000
149319  8.720  34.495  32.574 0.0000000000
149320  8.586  35.002  33.181 0.0000000000
149321  8.730  35.072  32.628 0.0000000000
149322  8.845  35.131  32.059 0.0000000000
149323  9.044  35.739  31.550 0.0000000000
149324  9.269  36.331  31.086 0.0000000000
149325  9.431  36.826  30.555 0.0000000000
149326  9.565  37.323  30.588 0.0000000000
149327  9.633  37.780  30.577 0.0000000000
149328  9.646  38.256  30.550 0.0000000000
149329  9.461  37.760  31.653 0.0000000000
149330  9.608  38.269  31.123 0.0000000000
149331  9.655  38.789  30.578 0.0000000000
149332  9.631  39.406  30.641 0.0000000000
149333  9.563  40.003  30.635 0.0000000000
149334  9.464  40.608  30.630 0.0000000000
149412  9.212  39.728  32.440 0.0000000000
149413  9.315  40.262  31.888 0.0000000000
149414  9.429  40.776  31.269 0.0000000000
149415  9.405  41.269  30.625 0.0000000000
149416  9.422  41.917  30.581 0.0000000000
149417  9.408  42.613  30.532 0.0000000000
154389  12.468  32.473  29.218 0.0000000000
154390  13.032  32.259  28.720 0.0000000000
154391  13.580  32.033  28.248 0.0000000000
154392  13.539  32.869  27.664 0.0000000000
154393  13.806  32.292  27.690 0.0000000000
154394  14.013  31.713  27.705 0.0000000000
154395  14.360  31.400  27.134 0.0000000000
154398  14.331  34.240  25.292 0.0000000000
154399  14.575  33.564  25.308 0.0000000000
154400  14.735  32.885  25.364 0.0000000000
154401  14.980  32.791  24.082 0.0000000000
154402  14.920  32.541  24.746 0.0000000000
154443  8.888  41.101  29.039 0.0000000000
154444  8.736  40.760  28.574 0.0000000000
154445  8.675  40.451  28.081 0.0000000000
154446  8.024  41.302  27.575 0.0000000000
154447  8.362  40.679  27.498 0.0000000000
154448  8.690  40.130  27.429 0.0000000000
154449  8.815  39.883  26.623 0.0000000000
154450  9.262  39.795  25.860 0.0000000000
154451  9.900  39.810  25.236 0.0000000000
154452  8.211  42.788  24.601 0.0000000000
154453  8.589  42.146  24.655 0.0000000000
154454  8.935  41.590  24.651 0.0000000000
154455  9.904  42.026  23.461 0.0000000000
154456  9.575  41.572  24.013 0.0000000000
154457  9.297  41.090  24.577 0.0000000000
154458  9.698  40.640  24.542 0.0000000000
154459  10.124  40.217  24.598 0.0000000000
154460  10.549  39.794  24.630 0.0000000000
154461  11.152  39.747  24.048 0.0000000000
154462  11.764  39.571  23.506 0.0000000000
154463  12.332  39.342  22.958 0.0000000000
154464  12.106  40.365  22.290 0.0000000000
154465  12.485  39.726  22.371 0.0000000000
154466  12.904  39.083  22.414 0.0000000000
154467  13.449  38.801  21.850 0.0000000000
154468  13.968  38.475  21.323 0.0000000000
154469  14.401  38.173  20.753 0.0000000000
154477  11.886  43.421  20.175 0.0000000000
154478  12.160  42.862  20.167 0.0000000000
154486  12.656  42.631  19.602 0.0000000000
154487  12.485  42.342  20.151 0.0000000000
154488  12.880  41.788  20.130 0.0000000000
154489  13.246  41.164  20.152 0.0000000000
154490  13.599  40.510  20.181 0.0000000000
154491  14.213  40.547  19.109 0.0000000000
154492  14.100  40.185  19.673 0.0000000000
154493  13.947  39.828  20.222 0.0000000000
154494  14.275  39.160  20.240 0.0000000000
154495  14.542  38.505  20.183 0.0000000000
154496  14.752  37.851  20.206 0.0000000000
154497  15.038  37.452  19.645 0.0000000000
154498  15.252  36.985  19.068 0.0000000000
154499  15.289  36.523  18.508 0.0000000000
154500  15.402  37.513  17.925 0.0000000000
154501  15.340  36.798  17.920 0.0000000000
154502  15.217  36.120  17.961 0.0000000000
154503  15.009  35.772  17.455 0.0000000000
154504  14.647  35.441  16.964 0.0000000000
154505  14.144  35.211  16.547 0.0000000000
154506  15.373  38.774  15.718 0.0000000000
154507  15.326  38.049  15.705 0.0000000000
154508  15.171  37.353  15.701 0.0000000000
154509  14.652  37.308  14.676 0.0000000000
154510  14.766  37.034  15.216 0.0000000000
154511  14.918  36.717  15.769 0.0000000000
154512  14.498  36.111  15.878 0.0000000000
154513  14.041  35.570  16.017 0.0000000000
154514  13.524  35.067  16.225 0.0000000000
154515  12.856  35.015  15.987 0.0000000000
154516  12.147  35.022  15.820 0.0000000000
154517  11.259  35.124  15.745 0.0000000000
154518  11.838  35.738  14.858 0.0000000000
154519  11.103  35.530  15.247 0.0000000000
154520  10.348  35.342  15.689 0.0000000000
154533  11.774  37.599  11.708 0.0000000000
154534  11.046  37.711  11.526 0.0000000000
154535  10.213  37.913  11.407 0.0000000000
