#!ascii label  , from subject fsaverage vox2ras=TkReg
752
400  10.889  -7.821  41.798 0.0000000000
470  12.652  -10.575  47.078 0.0000000000
471  12.271  -0.077  46.751 0.0000000000
907  10.181  -3.190  42.296 0.0000000000
1030  9.866  -6.437  50.276 0.0000000000
1031  11.207  -5.462  47.714 0.0000000000
1032  11.285  -0.961  50.165 0.0000000000
1894  12.669  -12.656  39.835 0.0000000000
2060  14.381  -14.112  42.301 0.0000000000
2061  12.974  -9.049  43.889 0.0000000000
2062  11.582  -4.360  44.732 0.0000000000
2063  13.095  0.692  43.060 0.0000000000
2827  11.107  -0.769  41.138 0.0000000000
2951  11.056  -3.794  50.626 0.0000000000
4162  11.797  -10.190  40.925 0.0000000000
4521  11.804  -11.803  48.544 0.0000000000
4525  13.638  -12.342  44.698 0.0000000000
4526  13.637  -11.574  43.142 0.0000000000
4527  13.136  -9.809  45.392 0.0000000000
4528  11.789  -2.900  47.413 0.0000000000
4529  11.606  -4.949  46.203 0.0000000000
4530  12.216  -2.233  45.777 0.0000000000
4531  12.289  -1.782  44.139 0.0000000000
4532  12.852  0.379  44.912 0.0000000000
6241  10.225  -5.614  42.176 0.0000000000
6242  9.205  -6.723  41.351 0.0000000000
6243  8.852  -4.347  41.596 0.0000000000
6459  10.176  -9.763  50.145 0.0000000000
6460  11.218  -8.841  48.792 0.0000000000
6461  11.867  -8.153  47.406 0.0000000000
6462  10.691  -5.970  49.032 0.0000000000
6463  11.411  -3.432  49.049 0.0000000000
6464  11.641  -0.560  48.452 0.0000000000
8751  13.836  -13.366  40.838 0.0000000000
8752  13.002  -10.837  41.844 0.0000000000
8753  12.259  -8.380  42.659 0.0000000000
8754  12.270  -7.401  45.952 0.0000000000
8755  12.122  -6.712  44.414 0.0000000000
8756  11.326  -6.196  43.095 0.0000000000
8757  11.022  -3.798  43.457 0.0000000000
8758  11.971  -1.303  42.531 0.0000000000
8759  12.741  1.222  41.294 0.0000000000
8760  10.080  1.461  51.056 0.0000000000
8761  10.467  1.812  49.308 0.0000000000
8762  11.017  2.316  47.570 0.0000000000
8765  11.931  2.817  45.778 0.0000000000
8766  12.788  3.244  44.011 0.0000000000
8767  13.232  3.694  42.139 0.0000000000
8768  12.978  4.091  40.291 0.0000000000
12201  12.278  -11.187  47.833 0.0000000000
12202  12.451  -12.716  47.304 0.0000000000
12203  12.891  -12.096  46.635 0.0000000000
12204  13.451  -12.955  45.443 0.0000000000
12205  13.187  -11.414  45.897 0.0000000000
12206  13.352  -11.042  45.112 0.0000000000
12207  12.938  -10.176  46.258 0.0000000000
12208  12.146  -1.442  47.085 0.0000000000
12209  12.053  -2.567  46.583 0.0000000000
12210  12.442  -1.207  46.247 0.0000000000
12211  12.609  -0.937  45.391 0.0000000000
12212  12.621  0.174  45.837 0.0000000000
14242  10.061  -4.460  42.333 0.0000000000
14243  9.546  -4.998  41.832 0.0000000000
14244  9.396  -3.848  41.979 0.0000000000
14601  9.248  -6.864  50.852 0.0000000000
14602  9.267  -8.569  50.622 0.0000000000
14603  9.787  -8.141  50.054 0.0000000000
14604  10.688  -9.277  49.483 0.0000000000
14605  10.372  -7.715  49.458 0.0000000000
14606  10.846  -7.456  48.837 0.0000000000
14607  10.321  -6.224  49.676 0.0000000000
14608  11.341  -2.412  50.465 0.0000000000
14609  11.282  -3.635  49.795 0.0000000000
14610  11.507  -2.220  49.587 0.0000000000
14611  11.648  -2.041  48.781 0.0000000000
14612  11.459  -0.744  49.324 0.0000000000
18247  13.047  -13.966  39.363 0.0000000000
18249  12.180  -13.424  39.175 0.0000000000
19331  14.226  -14.629  40.379 0.0000000000
19332  14.222  -13.722  41.545 0.0000000000
19333  13.285  -10.260  43.542 0.0000000000
19334  13.379  -11.163  42.485 0.0000000000
19335  13.028  -9.859  42.848 0.0000000000
19336  12.621  -9.562  42.284 0.0000000000
19337  12.718  -8.703  43.187 0.0000000000
19338  11.477  -6.884  47.552 0.0000000000
19339  12.115  -7.766  46.690 0.0000000000
19340  11.657  -6.540  46.824 0.0000000000
19341  11.710  -4.610  45.377 0.0000000000
19342  11.921  -5.874  45.320 0.0000000000
19343  11.826  -5.534  44.566 0.0000000000
19344  11.810  -6.436  43.709 0.0000000000
19345  11.552  -5.302  43.884 0.0000000000
19346  11.096  -5.023  43.261 0.0000000000
19347  11.369  -4.079  44.019 0.0000000000
19348  12.743  -0.572  43.612 0.0000000000
19349  12.195  -1.572  43.325 0.0000000000
19350  12.651  -0.340  42.714 0.0000000000
19351  12.442  -0.123  41.861 0.0000000000
19352  12.976  0.975  42.172 0.0000000000
19357  9.554  2.856  49.625 0.0000000000
19358  9.796  3.105  48.721 0.0000000000
19359  10.695  2.058  48.431 0.0000000000
19367  11.156  4.006  46.151 0.0000000000
19369  12.372  3.015  44.893 0.0000000000
19374  13.251  3.871  41.219 0.0000000000
23521  10.641  -1.948  41.832 0.0000000000
23522  9.748  -2.555  41.787 0.0000000000
23523  10.182  -1.278  41.166 0.0000000000
23740  10.085  -5.355  51.272 0.0000000000
23741  10.477  -5.051  50.591 0.0000000000
23744  11.143  -1.112  51.078 0.0000000000
25924  12.236  -11.422  40.359 0.0000000000
26567  11.163  -12.340  49.144 0.0000000000
26575  14.061  -13.260  43.482 0.0000000000
26576  14.019  -12.851  42.732 0.0000000000
26577  13.747  -11.996  43.895 0.0000000000
26578  13.399  -10.672  44.305 0.0000000000
26579  13.101  -9.429  44.622 0.0000000000
26580  11.457  -4.164  47.686 0.0000000000
26581  11.476  -5.226  46.942 0.0000000000
26582  11.640  -3.898  46.845 0.0000000000
26583  11.823  -3.577  46.097 0.0000000000
26584  11.833  -3.284  45.306 0.0000000000
26585  11.780  -3.035  44.543 0.0000000000
26586  12.333  -2.000  44.954 0.0000000000
26587  12.734  -0.733  44.506 0.0000000000
26588  13.005  0.526  44.020 0.0000000000
29923  10.457  -6.687  42.052 0.0000000000
29924  10.035  -7.295  41.552 0.0000000000
29925  9.722  -6.167  41.697 0.0000000000
29926  9.017  -5.540  41.480 0.0000000000
30427  10.331  -11.303  50.120 0.0000000000
30428  11.004  -10.836  49.503 0.0000000000
30429  11.582  -10.266  48.827 0.0000000000
30430  12.026  -9.790  48.063 0.0000000000
30431  12.341  -9.361  47.273 0.0000000000
30432  11.614  -8.491  48.123 0.0000000000
30433  11.177  -7.158  48.232 0.0000000000
30434  10.993  -5.738  48.369 0.0000000000
30435  10.773  -4.829  49.873 0.0000000000
30436  11.054  -4.584  49.143 0.0000000000
30437  11.235  -4.399  48.426 0.0000000000
30438  11.565  -3.173  48.236 0.0000000000
30439  11.858  -1.825  47.949 0.0000000000
30440  11.951  -0.303  47.588 0.0000000000
36502  13.724  -14.286  39.833 0.0000000000
36503  13.328  -12.993  40.251 0.0000000000
36504  13.840  -12.462  42.012 0.0000000000
36505  13.443  -12.096  41.368 0.0000000000
36506  12.943  -11.746  40.815 0.0000000000
36507  12.484  -10.476  41.319 0.0000000000
36508  12.115  -9.202  41.805 0.0000000000
36509  11.657  -8.070  42.169 0.0000000000
36510  12.614  -8.982  46.450 0.0000000000
36511  12.731  -8.607  45.712 0.0000000000
36512  12.724  -8.220  44.918 0.0000000000
36513  11.848  -6.188  46.087 0.0000000000
36514  12.263  -7.029  45.192 0.0000000000
36515  12.570  -7.855  44.179 0.0000000000
36516  12.242  -7.574  43.506 0.0000000000
36517  11.734  -7.298  42.951 0.0000000000
36518  11.150  -6.970  42.396 0.0000000000
36519  10.799  -5.907  42.587 0.0000000000
36520  10.612  -4.746  42.761 0.0000000000
36521  10.636  -3.547  42.842 0.0000000000
36522  11.674  -2.796  43.813 0.0000000000
36523  11.427  -2.544  43.125 0.0000000000
36524  11.066  -2.216  42.432 0.0000000000
36525  11.602  -1.047  41.759 0.0000000000
36527  12.262  1.458  40.556 0.0000000000
36530  10.797  0.306  50.653 0.0000000000
36532  10.288  1.609  50.177 0.0000000000
36533  11.008  0.495  49.765 0.0000000000
36534  11.225  0.667  48.893 0.0000000000
36535  11.424  0.919  48.025 0.0000000000
36536  11.739  1.121  47.237 0.0000000000
36543  10.540  3.733  47.015 0.0000000000
36544  11.407  2.608  46.719 0.0000000000
36545  12.193  1.364  46.352 0.0000000000
36546  12.531  1.565  45.408 0.0000000000
36547  12.845  1.750  44.463 0.0000000000
36548  13.070  1.980  43.550 0.0000000000
36550  13.082  3.474  43.081 0.0000000000
36551  13.151  2.185  42.606 0.0000000000
36552  13.103  2.382  41.686 0.0000000000
36553  12.876  2.654  40.800 0.0000000000
36554  12.420  2.938  39.986 0.0000000000
42921  12.466  -10.871  47.469 0.0000000000
42922  12.575  -11.639  47.249 0.0000000000
42923  12.756  -11.301  46.891 0.0000000000
42924  13.061  -11.744  46.292 0.0000000000
42925  12.929  -11.018  46.506 0.0000000000
42926  13.057  -10.767  46.095 0.0000000000
42927  12.801  -10.352  46.653 0.0000000000
42928  12.226  -0.749  46.921 0.0000000000
42929  12.309  -1.314  46.660 0.0000000000
42930  12.418  -0.622  46.490 0.0000000000
42931  12.551  -0.502  46.031 0.0000000000
42932  12.445  0.066  46.306 0.0000000000
44962  10.014  -3.822  42.323 0.0000000000
44963  9.732  -4.145  42.130 0.0000000000
44964  9.771  -3.521  42.140 0.0000000000
45321  9.554  -6.658  50.548 0.0000000000
45322  9.419  -7.543  50.388 0.0000000000
45323  9.730  -7.328  50.082 0.0000000000
45324  10.102  -7.964  49.743 0.0000000000
45325  10.008  -7.074  49.798 0.0000000000
45326  10.292  -6.960  49.535 0.0000000000
45327  10.095  -6.351  49.998 0.0000000000
45328  11.355  -1.683  50.318 0.0000000000
45329  11.429  -2.340  50.006 0.0000000000
45330  11.430  -1.584  49.878 0.0000000000
45331  11.524  -1.508  49.480 0.0000000000
45332  11.366  -0.867  49.751 0.0000000000
48967  12.854  -13.284  39.583 0.0000000000
48968  12.621  -13.679  39.245 0.0000000000
48969  12.447  -13.040  39.486 0.0000000000
50052  14.321  -13.907  41.926 0.0000000000
50053  13.152  -9.620  43.756 0.0000000000
50054  13.177  -10.053  43.204 0.0000000000
50055  13.029  -9.440  43.386 0.0000000000
50056  12.875  -9.277  43.037 0.0000000000
50057  12.851  -8.877  43.533 0.0000000000
50058  11.301  -6.179  47.622 0.0000000000
50059  11.580  -6.716  47.222 0.0000000000
50060  11.410  -6.016  47.274 0.0000000000
50061  11.653  -4.480  45.057 0.0000000000
50062  11.772  -5.095  44.967 0.0000000000
50063  11.678  -4.957  44.626 0.0000000000
50064  11.710  -5.416  44.219 0.0000000000
50065  11.575  -4.838  44.279 0.0000000000
50066  11.422  -4.706  43.968 0.0000000000
50067  11.512  -4.230  44.341 0.0000000000
50068  12.946  0.044  43.322 0.0000000000
50069  12.702  -0.461  43.163 0.0000000000
50070  12.894  0.160  42.886 0.0000000000
50071  12.833  0.302  42.434 0.0000000000
50072  13.053  0.850  42.623 0.0000000000
50077  9.351  3.654  48.851 0.0000000000
50078  9.553  3.830  48.435 0.0000000000
50079  9.945  3.251  48.295 0.0000000000
54562  10.904  -1.342  41.484 0.0000000000
54563  10.440  -1.649  41.486 0.0000000000
54564  10.686  -1.032  41.133 0.0000000000
54926  10.437  -4.709  51.423 0.0000000000
54931  11.166  -1.774  51.270 0.0000000000
54932  11.021  -1.148  51.533 0.0000000000
58567  12.010  -10.801  40.667 0.0000000000
58569  11.585  -10.555  40.574 0.0000000000
59636  11.495  -12.059  48.846 0.0000000000
59639  12.762  -13.208  46.737 0.0000000000
59646  13.573  -12.654  45.070 0.0000000000
59647  13.743  -13.428  44.800 0.0000000000
59648  13.824  -13.126  44.451 0.0000000000
59650  13.857  -12.802  44.108 0.0000000000
59651  13.891  -12.616  43.724 0.0000000000
59652  13.701  -12.175  44.300 0.0000000000
59653  13.241  -10.398  45.265 0.0000000000
59654  13.403  -10.851  44.714 0.0000000000
59655  13.254  -10.228  44.866 0.0000000000
59656  13.247  -10.045  44.482 0.0000000000
59657  13.129  -9.632  45.012 0.0000000000
59658  11.595  -3.534  47.579 0.0000000000
59659  11.545  -4.035  47.253 0.0000000000
59660  11.704  -3.410  47.173 0.0000000000
59661  12.166  -2.403  46.170 0.0000000000
59662  11.967  -3.042  46.338 0.0000000000
59663  12.013  -2.877  45.952 0.0000000000
59664  11.835  -3.429  45.720 0.0000000000
59665  12.046  -2.747  45.549 0.0000000000
59666  12.075  -2.656  45.156 0.0000000000
59667  12.282  -2.125  45.374 0.0000000000
59668  12.773  -0.256  45.152 0.0000000000
59669  12.678  -0.839  44.963 0.0000000000
59670  12.836  -0.208  44.702 0.0000000000
59671  12.894  -0.111  44.241 0.0000000000
59672  12.942  0.429  44.461 0.0000000000
65767  10.325  -6.145  42.115 0.0000000000
65768  10.065  -6.391  41.890 0.0000000000
65769  9.977  -5.859  41.950 0.0000000000
65770  9.173  -4.697  41.734 0.0000000000
65771  9.270  -5.277  41.628 0.0000000000
65772  8.923  -4.944  41.546 0.0000000000
65775  9.478  -2.217  41.561 0.0000000000
65776  9.283  -2.829  41.708 0.0000000000
66839  9.730  -9.216  50.376 0.0000000000
66840  9.400  -9.409  50.649 0.0000000000
66841  9.880  -10.020  50.409 0.0000000000
66843  10.297  -10.540  50.164 0.0000000000
66844  10.686  -11.064  49.818 0.0000000000
66845  10.600  -10.289  49.861 0.0000000000
66846  10.959  -9.074  49.151 0.0000000000
66847  11.139  -9.783  49.181 0.0000000000
66848  11.393  -9.562  48.823 0.0000000000
66849  11.815  -10.028  48.456 0.0000000000
66850  11.632  -9.316  48.446 0.0000000000
66851  11.823  -9.113  48.095 0.0000000000
66852  11.431  -8.656  48.468 0.0000000000
66853  10.708  -6.687  48.966 0.0000000000
66854  11.028  -7.300  48.548 0.0000000000
66855  10.882  -6.567  48.639 0.0000000000
66856  11.036  -6.448  48.288 0.0000000000
66857  10.847  -5.854  48.696 0.0000000000
66858  10.792  -4.435  50.644 0.0000000000
66859  10.584  -4.932  50.259 0.0000000000
66860  10.943  -4.312  50.254 0.0000000000
66861  11.348  -3.535  49.416 0.0000000000
66862  11.176  -4.113  49.475 0.0000000000
66863  11.263  -4.014  49.116 0.0000000000
66864  11.143  -4.495  48.789 0.0000000000
66865  11.335  -3.899  48.753 0.0000000000
66866  11.419  -3.781  48.364 0.0000000000
66867  11.477  -3.297  48.651 0.0000000000
66868  11.667  -1.304  48.631 0.0000000000
66869  11.731  -1.927  48.377 0.0000000000
66870  11.791  -1.172  48.208 0.0000000000
66871  11.955  -1.049  47.790 0.0000000000
66872  11.768  -0.459  48.024 0.0000000000
77805  9.609  -7.014  41.439 0.0000000000
77806  9.808  -7.621  41.323 0.0000000000
77807  9.368  -7.341  41.265 0.0000000000
81028  14.034  -13.998  40.593 0.0000000000
81029  14.018  -14.441  40.054 0.0000000000
81030  13.815  -13.821  40.287 0.0000000000
81031  13.527  -13.630  40.059 0.0000000000
81032  13.616  -13.180  40.535 0.0000000000
81033  13.837  -12.222  42.940 0.0000000000
81034  13.961  -12.671  42.352 0.0000000000
81035  13.745  -12.024  42.569 0.0000000000
81036  13.198  -10.996  42.160 0.0000000000
81037  13.422  -11.645  41.931 0.0000000000
81038  13.214  -11.464  41.617 0.0000000000
81039  13.219  -11.896  41.052 0.0000000000
81040  12.992  -11.288  41.300 0.0000000000
81041  12.709  -11.119  41.074 0.0000000000
81042  12.777  -10.677  41.571 0.0000000000
81043  12.446  -8.963  42.474 0.0000000000
81044  12.362  -9.394  42.014 0.0000000000
81045  12.176  -8.788  42.230 0.0000000000
81046  11.914  -8.643  41.965 0.0000000000
81047  11.963  -8.229  42.402 0.0000000000
81048  12.125  -8.751  47.336 0.0000000000
81049  12.501  -9.181  46.835 0.0000000000
81050  12.244  -8.584  46.954 0.0000000000
81051  12.210  -7.568  46.323 0.0000000000
81052  12.445  -8.182  46.227 0.0000000000
81053  12.515  -7.996  45.849 0.0000000000
81054  12.760  -8.410  45.303 0.0000000000
81055  12.531  -7.825  45.479 0.0000000000
81056  11.542  -5.093  46.588 0.0000000000
81057  11.619  -5.739  46.530 0.0000000000
81058  11.715  -5.588  46.140 0.0000000000
81059  12.008  -6.294  44.873 0.0000000000
81060  12.067  -6.469  45.242 0.0000000000
81061  12.216  -6.871  44.810 0.0000000000
81062  12.434  -7.444  44.684 0.0000000000
81063  12.345  -7.287  44.313 0.0000000000
81064  12.434  -7.719  43.840 0.0000000000
81065  12.195  -7.121  43.947 0.0000000000
81066  11.602  -6.320  43.373 0.0000000000
81067  11.778  -6.881  43.328 0.0000000000
81068  11.501  -6.736  43.060 0.0000000000
81069  11.453  -7.144  42.668 0.0000000000
81070  11.212  -6.573  42.788 0.0000000000
81071  10.941  -6.426  42.505 0.0000000000
81072  11.063  -6.049  42.822 0.0000000000
81073  11.004  -4.445  43.362 0.0000000000
81074  10.869  -4.898  42.988 0.0000000000
81075  10.815  -4.280  43.099 0.0000000000
81076  10.579  -4.151  42.844 0.0000000000
81077  10.818  -3.675  43.165 0.0000000000
81078  12.028  -2.394  44.359 0.0000000000
81079  11.741  -2.900  44.152 0.0000000000
81080  11.987  -2.295  44.005 0.0000000000
81081  12.084  -1.464  42.966 0.0000000000
81082  11.823  -2.061  43.250 0.0000000000
81083  11.697  -1.916  42.852 0.0000000000
81084  11.271  -2.390  42.752 0.0000000000
81085  11.550  -1.753  42.440 0.0000000000
81086  11.370  -1.624  42.085 0.0000000000
81087  11.826  -1.152  42.101 0.0000000000
81088  12.612  0.545  41.567 0.0000000000
81089  12.253  0.015  41.488 0.0000000000
81090  12.412  0.658  41.197 0.0000000000
81092  12.516  1.307  40.926 0.0000000000
81100  10.453  0.900  50.845 0.0000000000
81104  10.036  2.358  49.482 0.0000000000
81105  9.955  2.261  49.937 0.0000000000
81106  10.391  1.706  49.749 0.0000000000
81107  10.687  1.075  49.960 0.0000000000
81108  10.769  1.172  49.534 0.0000000000
81109  11.112  0.576  49.328 0.0000000000
81110  10.875  1.256  49.094 0.0000000000
81111  10.851  2.203  48.000 0.0000000000
81112  11.104  1.533  48.233 0.0000000000
81113  11.240  1.620  47.803 0.0000000000
81114  11.567  1.023  47.628 0.0000000000
81115  11.396  1.738  47.406 0.0000000000
81134  11.532  3.405  45.983 0.0000000000
81135  11.243  3.294  46.425 0.0000000000
81136  11.657  2.715  46.248 0.0000000000
81137  11.814  1.990  46.551 0.0000000000
81138  12.039  2.108  46.103 0.0000000000
81139  12.363  1.468  45.887 0.0000000000
81140  12.258  2.189  45.632 0.0000000000
81141  12.600  3.116  44.453 0.0000000000
81142  12.643  2.378  44.694 0.0000000000
81143  12.819  2.479  44.247 0.0000000000
81144  12.978  1.816  44.011 0.0000000000
81145  12.967  2.615  43.790 0.0000000000
81149  13.279  4.379  42.327 0.0000000000
81150  13.147  4.226  42.859 0.0000000000
81151  13.182  3.584  42.634 0.0000000000
81152  13.139  2.848  42.851 0.0000000000
81153  13.175  2.942  42.380 0.0000000000
81154  13.162  2.271  42.125 0.0000000000
81155  13.183  3.035  41.898 0.0000000000
81156  13.141  3.959  40.743 0.0000000000
81157  13.081  3.223  41.009 0.0000000000
81158  12.935  3.348  40.562 0.0000000000
81159  12.697  2.813  40.342 0.0000000000
81160  12.733  3.509  40.119 0.0000000000
81161  12.456  3.609  39.754 0.0000000000
81162  12.771  4.191  39.887 0.0000000000
92641  11.291  -0.123  40.778 0.0000000000
92642  10.890  -0.389  40.768 0.0000000000
95687  12.066  -11.483  48.193 0.0000000000
95688  12.127  -12.270  47.971 0.0000000000
95689  12.380  -11.949  47.581 0.0000000000
95690  12.712  -12.400  46.935 0.0000000000
95691  13.010  -12.901  46.394 0.0000000000
95693  13.180  -12.524  46.057 0.0000000000
95694  13.319  -12.188  45.685 0.0000000000
95695  13.425  -11.874  45.281 0.0000000000
95696  13.485  -11.711  44.896 0.0000000000
95697  13.285  -11.173  45.493 0.0000000000
95698  13.169  -10.574  45.694 0.0000000000
95699  13.066  -10.000  45.839 0.0000000000
95700  12.004  -2.185  47.247 0.0000000000
95701  11.925  -2.740  46.995 0.0000000000
95702  12.122  -2.029  46.814 0.0000000000
95703  12.254  -1.886  46.386 0.0000000000
95704  12.363  -1.754  45.984 0.0000000000
95705  12.418  -1.608  45.602 0.0000000000
95706  12.533  -1.091  45.828 0.0000000000
95707  12.678  -0.370  45.585 0.0000000000
95708  12.749  0.294  45.376 0.0000000000
99364  10.139  -5.063  42.252 0.0000000000
99365  9.906  -5.324  41.994 0.0000000000
99366  9.808  -4.746  42.086 0.0000000000
99367  9.447  -4.434  41.926 0.0000000000
99368  9.118  -4.094  41.789 0.0000000000
100007  8.954  -7.033  51.140 0.0000000000
100008  8.899  -7.910  50.939 0.0000000000
100009  9.153  -7.711  50.677 0.0000000000
100010  9.518  -8.342  50.331 0.0000000000
100011  9.961  -8.952  50.099 0.0000000000
100012  10.427  -9.497  49.835 0.0000000000
100013  10.206  -8.727  49.776 0.0000000000
100014  10.503  -8.533  49.458 0.0000000000
100015  10.758  -8.312  49.149 0.0000000000
100016  11.004  -8.135  48.838 0.0000000000
100017  10.635  -7.590  49.164 0.0000000000
100018  10.515  -6.825  49.237 0.0000000000
100019  10.510  -6.078  49.358 0.0000000000
100020  11.234  -3.122  50.567 0.0000000000
100021  11.208  -3.712  50.203 0.0000000000
100022  11.356  -3.039  50.144 0.0000000000
100023  11.424  -2.969  49.728 0.0000000000
100024  11.479  -2.868  49.328 0.0000000000
100025  11.553  -2.759  48.928 0.0000000000
100026  11.577  -2.135  49.191 0.0000000000
100027  11.587  -1.417  49.042 0.0000000000
100028  11.528  -0.666  48.897 0.0000000000
108523  14.230  -14.159  40.946 0.0000000000
108524  14.043  -13.553  41.176 0.0000000000
108525  13.446  -10.919  43.344 0.0000000000
108526  13.528  -11.370  42.803 0.0000000000
108527  13.317  -10.706  43.006 0.0000000000
108528  13.162  -10.524  42.703 0.0000000000
108529  13.003  -10.350  42.369 0.0000000000
108530  12.805  -10.190  42.078 0.0000000000
108531  12.837  -9.717  42.571 0.0000000000
108532  12.698  -9.136  42.743 0.0000000000
108533  12.534  -8.546  42.903 0.0000000000
108534  11.656  -7.560  47.486 0.0000000000
108535  12.011  -7.995  47.053 0.0000000000
108536  11.791  -7.380  47.150 0.0000000000
108537  11.902  -7.151  46.761 0.0000000000
108538  11.972  -6.977  46.388 0.0000000000
108539  11.700  -4.779  45.779 0.0000000000
108540  11.787  -5.413  45.744 0.0000000000
108541  11.819  -5.255  45.343 0.0000000000
108542  11.893  -5.701  44.950 0.0000000000
108543  11.955  -6.125  44.497 0.0000000000
108544  11.985  -6.555  44.055 0.0000000000
108545  11.853  -5.989  44.150 0.0000000000
108546  11.683  -5.875  43.798 0.0000000000
108547  11.465  -5.765  43.453 0.0000000000
108548  11.202  -5.631  43.148 0.0000000000
108549  11.364  -5.182  43.574 0.0000000000
108550  11.215  -4.573  43.658 0.0000000000
108551  11.206  -3.936  43.724 0.0000000000
108552  12.528  -1.186  43.869 0.0000000000
108553  12.243  -1.696  43.735 0.0000000000
108554  12.488  -1.074  43.444 0.0000000000
108555  12.434  -0.953  43.015 0.0000000000
108556  12.370  -0.848  42.594 0.0000000000
108557  12.253  -0.707  42.152 0.0000000000
108558  12.593  -0.211  42.267 0.0000000000
108559  12.751  0.434  41.984 0.0000000000
108560  12.874  1.096  41.732 0.0000000000
108568  9.104  3.527  49.279 0.0000000000
108569  9.651  2.975  49.170 0.0000000000
108570  10.120  2.450  49.030 0.0000000000
108571  10.563  1.905  48.869 0.0000000000
108572  10.249  2.550  48.591 0.0000000000
108573  10.388  2.708  48.159 0.0000000000
108574  10.553  2.863  47.744 0.0000000000
108589  12.145  2.918  45.336 0.0000000000
108592  12.593  3.877  44.228 0.0000000000
108597  13.337  4.437  41.889 0.0000000000
108598  13.257  3.784  41.675 0.0000000000
108599  13.360  4.526  41.418 0.0000000000
116323  10.383  -2.566  42.125 0.0000000000
116324  9.954  -2.867  42.075 0.0000000000
116325  10.231  -2.273  41.823 0.0000000000
116326  9.971  -1.928  41.515 0.0000000000
116327  9.685  -1.554  41.221 0.0000000000
116328  10.457  -0.643  40.804 0.0000000000
116329  9.907  -0.915  40.881 0.0000000000
116828  9.281  -6.289  51.394 0.0000000000
116829  9.590  -6.056  51.089 0.0000000000
116830  9.915  -5.844  50.774 0.0000000000
116831  10.147  -5.722  50.448 0.0000000000
116832  10.285  -5.208  50.933 0.0000000000
116833  10.626  -4.560  51.032 0.0000000000
116834  10.898  -3.923  51.033 0.0000000000
116837  11.103  -3.227  50.993 0.0000000000
116838  11.233  -2.492  50.911 0.0000000000
116839  11.289  -1.744  50.803 0.0000000000
116840  11.218  -1.066  50.597 0.0000000000
121930  12.459  -12.041  40.087 0.0000000000
121931  12.250  -12.430  39.722 0.0000000000
123445  14.244  -13.679  42.877 0.0000000000
123446  14.218  -13.472  42.510 0.0000000000
123447  14.052  -13.038  43.113 0.0000000000
123448  13.878  -12.407  43.330 0.0000000000
123449  13.718  -11.783  43.513 0.0000000000
123450  13.554  -11.509  44.522 0.0000000000
123451  13.582  -11.301  44.132 0.0000000000
123452  13.529  -11.131  43.706 0.0000000000
123453  13.383  -10.494  43.894 0.0000000000
123454  13.207  -9.827  44.111 0.0000000000
123455  13.051  -9.228  44.248 0.0000000000
123456  11.307  -4.789  47.760 0.0000000000
123457  11.351  -5.335  47.336 0.0000000000
123458  11.425  -4.677  47.357 0.0000000000
123459  11.522  -4.553  46.918 0.0000000000
123460  11.587  -4.419  46.558 0.0000000000
123461  11.837  -3.246  46.756 0.0000000000
123462  11.754  -3.723  46.470 0.0000000000
123463  11.659  -4.258  46.162 0.0000000000
123464  11.697  -4.099  45.772 0.0000000000
123465  11.685  -3.948  45.389 0.0000000000
123466  11.662  -3.829  45.032 0.0000000000
123467  11.604  -3.703  44.676 0.0000000000
123468  11.805  -3.172  44.923 0.0000000000
123469  12.049  -2.509  44.749 0.0000000000
123470  12.331  -1.857  44.513 0.0000000000
123471  12.490  -1.488  45.188 0.0000000000
123472  12.540  -1.364  44.750 0.0000000000
123473  12.571  -1.242  44.289 0.0000000000
123474  12.767  -0.638  44.052 0.0000000000
123475  12.932  -0.018  43.776 0.0000000000
123476  13.059  0.613  43.553 0.0000000000
131689  10.659  -7.242  41.940 0.0000000000
131690  10.448  -7.556  41.686 0.0000000000
131691  10.232  -6.959  41.804 0.0000000000
131692  9.829  -6.702  41.630 0.0000000000
131693  9.463  -6.427  41.511 0.0000000000
131694  9.645  -5.582  41.758 0.0000000000
131695  9.388  -5.847  41.572 0.0000000000
131696  9.125  -6.133  41.416 0.0000000000
131700  9.525  -3.167  41.952 0.0000000000
131701  9.149  -3.464  41.779 0.0000000000
131702  8.782  -3.754  41.609 0.0000000000
131705  8.523  -4.009  41.449 0.0000000000
133046  8.962  -8.774  50.895 0.0000000000
133052  10.765  -11.842  49.680 0.0000000000
133053  11.110  -11.592  49.388 0.0000000000
133054  11.442  -11.335  49.067 0.0000000000
133055  10.893  -9.995  49.551 0.0000000000
133056  11.316  -10.530  49.162 0.0000000000
133057  11.722  -11.029  48.724 0.0000000000
133058  11.968  -10.745  48.371 0.0000000000
133059  12.157  -10.466  47.982 0.0000000000
133060  12.351  -10.178  47.585 0.0000000000
133061  12.513  -9.968  47.186 0.0000000000
133062  12.196  -9.572  47.666 0.0000000000
133063  11.986  -8.922  47.731 0.0000000000
133064  11.744  -8.316  47.754 0.0000000000
133065  11.218  -7.978  48.504 0.0000000000
133066  11.390  -7.836  48.173 0.0000000000
133067  11.501  -7.711  47.832 0.0000000000
133068  11.347  -7.030  47.867 0.0000000000
133069  11.190  -6.331  47.935 0.0000000000
133070  11.104  -5.609  48.056 0.0000000000
133071  10.326  -5.616  50.122 0.0000000000
133072  10.497  -5.488  49.801 0.0000000000
133073  10.678  -5.375  49.455 0.0000000000
133074  11.078  -4.209  49.861 0.0000000000
133075  10.934  -4.719  49.496 0.0000000000
133076  10.811  -5.253  49.133 0.0000000000
133077  10.934  -5.144  48.793 0.0000000000
133078  11.061  -5.041  48.440 0.0000000000
133079  11.174  -4.930  48.095 0.0000000000
133080  11.345  -4.288  48.056 0.0000000000
133081  11.509  -3.667  47.963 0.0000000000
133082  11.663  -3.036  47.826 0.0000000000
133083  11.634  -2.655  48.526 0.0000000000
133084  11.727  -2.509  48.090 0.0000000000
133085  11.849  -2.364  47.660 0.0000000000
133086  12.008  -1.637  47.522 0.0000000000
133087  12.077  -0.882  47.351 0.0000000000
133088  12.112  -0.201  47.177 0.0000000000
138502  11.773  2.505  39.608 0.0000000000
146571  11.991  -12.798  39.404 0.0000000000
146589  10.248  -7.886  41.415 0.0000000000
150477  13.401  -14.115  39.618 0.0000000000
150478  13.210  -13.459  39.810 0.0000000000
150479  13.013  -12.818  40.024 0.0000000000
150480  14.155  -13.287  42.142 0.0000000000
150481  14.041  -13.089  41.784 0.0000000000
150482  13.855  -12.895  41.434 0.0000000000
150483  13.619  -11.833  42.235 0.0000000000
150484  13.647  -12.283  41.676 0.0000000000
150485  13.644  -12.716  41.103 0.0000000000
150486  13.425  -12.524  40.804 0.0000000000
150487  13.135  -12.359  40.524 0.0000000000
150488  12.821  -12.206  40.296 0.0000000000
150489  12.626  -11.591  40.588 0.0000000000
150490  12.362  -10.943  40.849 0.0000000000
150491  12.160  -10.315  41.113 0.0000000000
150492  12.574  -10.010  41.802 0.0000000000
150493  12.303  -9.832  41.569 0.0000000000
150494  11.982  -9.695  41.366 0.0000000000
150495  11.790  -9.075  41.589 0.0000000000
150496  11.543  -8.460  41.775 0.0000000000
150497  11.280  -7.947  41.970 0.0000000000
150498  12.631  -9.758  46.785 0.0000000000
150499  12.803  -9.595  46.379 0.0000000000
150500  12.905  -9.411  45.956 0.0000000000
150501  12.362  -8.386  46.599 0.0000000000
150502  12.683  -8.799  46.088 0.0000000000
150503  12.951  -9.233  45.553 0.0000000000
150504  12.961  -9.019  45.128 0.0000000000
150505  12.931  -8.819  44.748 0.0000000000
150506  12.868  -8.630  44.385 0.0000000000
150507  11.504  -5.886  46.893 0.0000000000
150508  11.730  -6.348  46.470 0.0000000000
150509  12.028  -6.799  46.016 0.0000000000
150510  11.944  -6.040  45.675 0.0000000000
150511  12.102  -6.634  45.614 0.0000000000
150512  12.274  -7.213  45.555 0.0000000000
150513  12.488  -7.631  45.075 0.0000000000
150514  12.652  -8.031  44.531 0.0000000000
150515  12.767  -8.497  44.020 0.0000000000
150516  12.661  -8.312  43.666 0.0000000000
150517  12.502  -8.143  43.353 0.0000000000
150518  12.264  -7.995  43.047 0.0000000000
150519  12.005  -6.981  43.630 0.0000000000
150520  12.001  -7.442  43.226 0.0000000000
150521  11.996  -7.856  42.777 0.0000000000
150522  11.705  -7.690  42.538 0.0000000000
150523  11.398  -7.520  42.298 0.0000000000
150524  11.032  -7.384  42.099 0.0000000000
150525  10.822  -6.848  42.214 0.0000000000
150526  10.664  -6.328  42.292 0.0000000000
150527  10.533  -5.791  42.353 0.0000000000
150528  10.955  -5.486  42.893 0.0000000000
150529  10.694  -5.364  42.645 0.0000000000
150530  10.399  -5.210  42.442 0.0000000000
150531  10.321  -4.597  42.561 0.0000000000
150532  10.338  -4.021  42.581 0.0000000000
150533  10.419  -3.388  42.539 0.0000000000
150534  11.544  -3.561  44.335 0.0000000000
150535  11.455  -3.436  43.976 0.0000000000
150536  11.340  -3.304  43.646 0.0000000000
150537  11.927  -2.202  43.633 0.0000000000
150538  11.565  -2.680  43.470 0.0000000000
150539  11.180  -3.187  43.335 0.0000000000
150540  10.964  -3.050  43.079 0.0000000000
150541  10.788  -2.888  42.710 0.0000000000
150542  10.597  -2.723  42.392 0.0000000000
150543  10.854  -2.080  42.122 0.0000000000
150544  11.166  -1.484  41.769 0.0000000000
150545  11.353  -0.926  41.440 0.0000000000
150546  12.058  -0.579  41.774 0.0000000000
150547  11.819  -0.445  41.443 0.0000000000
150548  11.558  -0.319  41.100 0.0000000000
150551  11.985  1.680  40.186 0.0000000000
150559  11.015  -0.369  50.872 0.0000000000
150560  11.105  -0.311  50.403 0.0000000000
150564  9.405  2.739  50.110 0.0000000000
150565  9.828  2.153  50.387 0.0000000000
150566  10.158  1.528  50.607 0.0000000000
150567  10.580  0.975  50.397 0.0000000000
150568  10.911  0.373  50.194 0.0000000000
150569  11.167  -0.241  49.995 0.0000000000
150570  11.259  -0.127  49.569 0.0000000000
150571  11.357  -0.022  49.143 0.0000000000
150572  11.471  0.119  48.689 0.0000000000
150573  10.982  1.375  48.666 0.0000000000
150574  11.327  0.759  48.483 0.0000000000
150575  11.551  0.165  48.251 0.0000000000
150576  11.689  0.293  47.828 0.0000000000
150577  11.878  0.415  47.434 0.0000000000
150578  12.047  0.518  47.022 0.0000000000
150599  10.759  3.042  47.323 0.0000000000
150600  10.838  3.890  46.558 0.0000000000
150601  10.966  3.173  46.884 0.0000000000
150602  11.200  2.478  47.166 0.0000000000
150603  11.595  1.875  46.996 0.0000000000
150604  11.986  1.246  46.806 0.0000000000
150605  12.245  0.645  46.578 0.0000000000
150606  12.437  0.769  46.117 0.0000000000
150607  12.602  0.866  45.639 0.0000000000
150608  12.726  0.992  45.149 0.0000000000
150609  12.454  2.281  45.155 0.0000000000
150610  12.695  1.688  44.913 0.0000000000
150611  12.854  1.082  44.697 0.0000000000
150612  12.977  1.123  44.289 0.0000000000
150613  13.062  1.229  43.815 0.0000000000
150614  13.113  1.326  43.321 0.0000000000
150617  12.813  3.996  43.791 0.0000000000
150619  12.995  4.099  43.337 0.0000000000
150620  12.945  3.362  43.551 0.0000000000
150621  13.079  2.734  43.314 0.0000000000
150622  13.118  2.089  43.083 0.0000000000
150623  13.132  1.429  42.838 0.0000000000
150624  13.145  1.526  42.337 0.0000000000
150625  13.068  1.661  41.905 0.0000000000
150626  12.957  1.794  41.481 0.0000000000
150627  13.164  3.122  41.438 0.0000000000
150628  13.008  2.516  41.248 0.0000000000
150629  12.819  1.930  41.046 0.0000000000
150630  12.619  2.065  40.620 0.0000000000
150631  12.373  2.227  40.237 0.0000000000
150632  12.092  2.372  39.905 0.0000000000
150633  12.098  3.053  39.659 0.0000000000
