#!ascii label  , from subject fsaverage vox2ras=TkReg
1401
120  11.307  50.844  10.584 0.0000000000
262  6.754  52.151  31.632 0.0000000000
263  9.817  46.820  20.513 0.0000000000
264  8.895  57.145  20.502 0.0000000000
523  15.557  41.898  11.376 0.0000000000
742  8.779  55.221  31.443 0.0000000000
743  8.074  55.494  26.506 0.0000000000
1150  9.505  48.990  14.757 0.0000000000
1151  12.506  44.695  15.693 0.0000000000
1152  14.174  46.736  10.770 0.0000000000
1153  16.121  42.978  6.660 0.0000000000
1154  13.509  47.849  5.912 0.0000000000
1624  8.321  46.568  30.480 0.0000000000
1625  7.355  43.864  25.125 0.0000000000
1626  9.681  49.730  25.835 0.0000000000
1627  8.774  51.808  20.222 0.0000000000
1628  8.569  53.709  15.479 0.0000000000
2020  7.389  47.512  37.133 0.0000000000
2021  8.170  51.564  37.219 0.0000000000
2218  8.843  61.120  14.540 0.0000000000
2219  10.802  56.744  9.884 0.0000000000
2222  10.785  52.329  5.138 0.0000000000
2663  9.085  57.306  29.097 0.0000000000
3070  10.685  49.952  12.811 0.0000000000
3071  11.810  48.168  12.747 0.0000000000
3072  12.261  48.977  10.597 0.0000000000
3073  14.090  47.455  8.350 0.0000000000
3074  12.006  49.686  8.297 0.0000000000
3667  7.392  49.344  30.983 0.0000000000
3668  8.370  48.023  28.066 0.0000000000
3669  7.953  51.129  28.769 0.0000000000
3670  7.929  56.247  23.439 0.0000000000
3671  8.503  53.787  23.167 0.0000000000
3672  9.062  54.466  20.388 0.0000000000
3673  8.333  52.665  17.745 0.0000000000
3674  9.199  55.536  17.566 0.0000000000
4428  8.326  44.786  36.509 0.0000000000
4431  8.076  49.584  40.368 0.0000000000
4432  9.811  49.937  38.966 0.0000000000
4433  9.627  51.477  35.425 0.0000000000
4890  8.835  45.493  22.815 0.0000000000
4892  11.008  44.654  20.691 0.0000000000
4893  14.491  43.684  13.488 0.0000000000
4897  14.557  39.246  11.687 0.0000000000
4899  14.721  40.060  9.536 0.0000000000
4911  9.716  59.105  12.503 0.0000000000
5944  7.275  54.355  32.012 0.0000000000
5945  7.370  53.947  29.454 0.0000000000
5946  7.698  56.119  29.541 0.0000000000
5947  8.062  57.680  26.496 0.0000000000
5948  8.229  58.794  23.546 0.0000000000
6678  9.379  47.727  17.799 0.0000000000
6679  11.174  45.775  18.026 0.0000000000
6680  10.963  46.923  15.173 0.0000000000
6681  13.497  45.981  13.266 0.0000000000
6682  15.393  44.357  11.214 0.0000000000
6683  16.018  42.391  9.129 0.0000000000
6684  15.690  44.980  8.645 0.0000000000
6685  15.483  45.532  6.161 0.0000000000
7630  9.067  43.781  29.954 0.0000000000
7632  7.761  45.136  27.595 0.0000000000
7633  8.609  46.625  25.287 0.0000000000
7634  9.633  48.092  23.005 0.0000000000
7635  8.991  52.910  26.330 0.0000000000
7636  9.718  51.228  22.942 0.0000000000
7637  9.551  49.142  20.305 0.0000000000
7638  8.150  49.869  17.636 0.0000000000
7639  8.428  50.956  14.980 0.0000000000
7640  10.213  52.072  13.251 0.0000000000
8632  9.274  44.474  33.195 0.0000000000
8633  8.272  47.268  33.702 0.0000000000
8634  7.253  49.937  34.335 0.0000000000
8636  7.171  50.051  37.612 0.0000000000
8637  7.067  52.221  34.695 0.0000000000
8638  8.238  53.248  34.107 0.0000000000
9198  12.422  43.805  18.313 0.0000000000
9207  14.998  40.581  7.248 0.0000000000
9215  8.768  60.231  20.154 0.0000000000
9217  9.282  62.214  17.016 0.0000000000
9218  8.938  59.162  16.993 0.0000000000
9219  8.847  57.480  15.082 0.0000000000
9220  10.293  55.525  13.131 0.0000000000
9221  11.040  53.568  10.336 0.0000000000
9228  8.977  57.159  7.132 0.0000000000
9229  10.344  54.094  7.594 0.0000000000
9230  10.450  51.690  7.730 0.0000000000
9231  10.581  49.974  5.265 0.0000000000
10750  11.169  50.428  11.816 0.0000000000
10751  11.479  49.529  11.628 0.0000000000
10752  11.636  49.909  10.553 0.0000000000
10753  12.264  49.347  9.470 0.0000000000
10754  11.541  50.341  9.411 0.0000000000
11347  6.982  50.773  31.236 0.0000000000
11348  7.410  50.187  29.702 0.0000000000
11349  7.100  51.634  30.086 0.0000000000
11350  8.388  56.647  22.044 0.0000000000
11351  8.427  55.296  21.893 0.0000000000
11352  9.067  55.781  20.481 0.0000000000
11353  9.361  54.981  19.000 0.0000000000
11354  9.308  56.376  18.918 0.0000000000
12113  10.560  49.580  37.906 0.0000000000
12114  11.493  48.433  38.574 0.0000000000
12570  9.469  46.193  21.758 0.0000000000
12571  9.954  44.920  21.747 0.0000000000
12572  10.302  45.742  20.616 0.0000000000
12573  15.228  42.857  12.417 0.0000000000
12574  14.839  42.465  13.650 0.0000000000
12575  15.249  41.612  12.580 0.0000000000
12577  15.226  40.583  11.475 0.0000000000
12578  14.575  39.703  10.615 0.0000000000
12579  15.407  40.864  10.448 0.0000000000
13747  7.922  54.832  31.866 0.0000000000
13748  7.459  55.271  30.812 0.0000000000
13749  8.103  55.926  30.625 0.0000000000
13750  9.307  58.222  27.599 0.0000000000
13751  8.529  57.776  27.944 0.0000000000
13752  8.587  58.537  26.388 0.0000000000
13753  8.093  58.222  24.972 0.0000000000
13754  8.628  59.197  24.893 0.0000000000
14970  9.181  48.225  16.203 0.0000000000
14971  9.976  47.290  16.386 0.0000000000
14972  10.083  48.058  14.884 0.0000000000
14973  12.994  47.556  11.827 0.0000000000
14974  12.652  47.103  13.028 0.0000000000
14975  13.910  46.398  12.079 0.0000000000
14976  14.608  45.274  12.273 0.0000000000
14977  14.971  45.539  10.982 0.0000000000
14978  15.600  44.652  9.939 0.0000000000
14979  15.057  45.910  9.698 0.0000000000
14980  13.877  47.692  7.116 0.0000000000
14981  14.876  46.524  7.267 0.0000000000
14982  14.548  46.789  5.963 0.0000000000
14984  14.251  46.896  4.806 0.0000000000
16762  8.731  45.172  30.207 0.0000000000
16763  8.322  44.442  28.800 0.0000000000
16764  8.178  45.827  28.976 0.0000000000
16765  9.102  48.890  27.027 0.0000000000
16766  8.827  47.280  26.688 0.0000000000
16767  9.424  48.044  25.524 0.0000000000
16768  9.195  47.394  24.186 0.0000000000
16769  9.828  48.868  24.327 0.0000000000
16770  7.841  54.810  28.095 0.0000000000
16771  8.157  53.486  27.931 0.0000000000
16772  8.476  54.319  26.440 0.0000000000
16773  8.672  52.799  21.627 0.0000000000
16774  9.162  52.599  23.041 0.0000000000
16775  9.337  51.530  21.503 0.0000000000
16776  9.721  50.099  21.520 0.0000000000
16777  9.265  50.490  20.203 0.0000000000
16778  8.923  49.517  18.997 0.0000000000
16779  8.518  50.785  18.923 0.0000000000
16780  8.140  53.155  16.569 0.0000000000
16781  7.773  51.788  16.426 0.0000000000
16782  8.293  52.272  15.268 0.0000000000
16783  9.314  51.408  14.185 0.0000000000
16784  9.283  52.806  14.456 0.0000000000
19040  7.863  46.146  36.798 0.0000000000
19041  8.408  46.093  35.191 0.0000000000
19042  7.839  47.398  35.416 0.0000000000
19043  7.761  48.640  34.060 0.0000000000
19044  7.447  48.708  35.695 0.0000000000
19048  8.106  50.605  38.810 0.0000000000
19049  7.486  49.915  39.040 0.0000000000
19050  7.474  50.973  37.557 0.0000000000
19051  7.158  51.133  36.132 0.0000000000
19052  7.519  52.027  36.045 0.0000000000
19053  7.473  52.961  34.493 0.0000000000
19054  8.132  52.472  35.615 0.0000000000
19056  9.808  52.277  33.909 0.0000000000
20430  7.224  43.031  26.669 0.0000000000
20438  11.704  45.263  16.837 0.0000000000
20439  11.859  44.814  18.244 0.0000000000
20440  12.435  44.255  17.028 0.0000000000
20460  16.107  42.649  7.901 0.0000000000
20461  15.691  41.399  8.121 0.0000000000
20462  15.822  41.664  6.928 0.0000000000
20488  8.993  61.904  15.693 0.0000000000
20489  8.847  60.889  16.968 0.0000000000
20490  8.678  60.313  15.650 0.0000000000
20491  8.748  58.343  15.893 0.0000000000
20492  8.720  59.326  14.728 0.0000000000
20493  10.402  57.992  11.175 0.0000000000
20494  10.037  57.301  12.797 0.0000000000
20495  10.813  56.203  11.592 0.0000000000
20496  10.908  54.496  11.789 0.0000000000
20497  11.159  55.057  10.248 0.0000000000
20516  10.687  53.650  5.216 0.0000000000
20517  10.010  54.549  6.218 0.0000000000
20518  10.425  53.095  6.357 0.0000000000
20519  10.460  52.793  7.564 0.0000000000
20520  10.184  51.967  6.331 0.0000000000
20521  10.200  50.917  6.550 0.0000000000
20522  10.227  51.277  5.059 0.0000000000
23224  9.856  55.256  30.746 0.0000000000
23225  8.945  56.325  30.303 0.0000000000
23226  9.923  56.383  29.695 0.0000000000
23227  10.073  57.392  28.491 0.0000000000
23958  10.059  49.527  13.660 0.0000000000
23959  10.593  48.703  13.720 0.0000000000
23960  11.087  49.130  12.652 0.0000000000
23961  12.126  48.635  11.653 0.0000000000
23962  13.176  47.904  10.605 0.0000000000
23963  14.139  47.170  9.503 0.0000000000
23964  13.206  48.283  9.467 0.0000000000
23965  13.076  48.568  8.258 0.0000000000
23966  12.766  48.772  7.052 0.0000000000
25033  7.934  47.961  30.805 0.0000000000
25034  8.026  47.239  29.264 0.0000000000
25035  7.749  48.655  29.431 0.0000000000
25036  8.250  49.599  28.391 0.0000000000
25037  8.968  50.499  27.359 0.0000000000
25038  7.811  55.887  24.910 0.0000000000
25039  8.310  54.770  24.804 0.0000000000
25040  8.053  54.968  23.276 0.0000000000
25041  8.479  54.030  21.760 0.0000000000
25042  8.715  53.157  20.293 0.0000000000
25043  8.507  52.224  18.913 0.0000000000
25044  9.012  53.575  19.010 0.0000000000
25045  8.918  54.047  17.694 0.0000000000
25046  8.732  54.578  16.469 0.0000000000
26402  7.732  44.912  38.059 0.0000000000
26403  7.381  46.318  38.527 0.0000000000
26407  8.969  50.000  39.801 0.0000000000
26408  8.912  50.826  38.184 0.0000000000
26409  8.882  51.667  36.394 0.0000000000
26410  9.641  50.693  37.189 0.0000000000
27234  8.013  44.684  23.884 0.0000000000
27235  8.587  43.246  24.012 0.0000000000
27236  9.352  44.063  22.840 0.0000000000
27237  10.578  43.766  21.844 0.0000000000
27239  13.567  44.266  14.589 0.0000000000
27240  13.283  43.745  15.779 0.0000000000
27250  13.485  39.206  9.826 0.0000000000
27251  13.609  39.650  8.784 0.0000000000
27252  16.032  43.221  5.387 0.0000000000
27253  15.802  41.891  5.729 0.0000000000
27274  10.268  58.347  9.594 0.0000000000
29230  6.811  53.401  31.886 0.0000000000
29231  6.899  53.057  30.537 0.0000000000
29232  7.016  54.318  30.781 0.0000000000
29233  7.350  55.163  29.591 0.0000000000
29234  7.769  55.941  28.180 0.0000000000
29235  8.291  56.886  29.371 0.0000000000
29236  7.999  57.003  28.054 0.0000000000
29237  7.891  56.642  26.565 0.0000000000
29238  7.778  57.095  24.958 0.0000000000
29239  8.014  57.584  23.552 0.0000000000
29240  8.368  58.042  22.016 0.0000000000
30942  9.722  47.335  19.198 0.0000000000
30943  10.418  46.340  19.265 0.0000000000
30944  10.217  46.803  17.851 0.0000000000
30945  10.955  46.229  16.603 0.0000000000
30946  11.741  45.801  15.472 0.0000000000
30947  11.372  47.609  13.902 0.0000000000
30948  12.152  46.566  14.197 0.0000000000
30949  12.935  45.378  14.374 0.0000000000
30950  14.092  44.853  13.435 0.0000000000
30951  15.005  44.086  12.362 0.0000000000
30952  15.623  43.113  11.285 0.0000000000
30953  15.802  42.177  10.273 0.0000000000
30954  15.918  43.412  10.127 0.0000000000
30955  16.034  43.632  8.945 0.0000000000
30956  16.058  43.995  7.631 0.0000000000
30957  15.010  46.275  8.458 0.0000000000
30958  15.633  45.281  7.401 0.0000000000
30959  15.973  44.288  6.332 0.0000000000
30960  15.819  44.521  5.102 0.0000000000
33329  8.707  41.775  28.992 0.0000000000
33330  8.462  43.098  28.778 0.0000000000
33332  7.361  44.507  26.449 0.0000000000
33333  8.161  46.541  27.771 0.0000000000
33334  8.061  45.901  26.441 0.0000000000
33335  7.720  45.392  25.183 0.0000000000
33336  8.364  46.176  24.100 0.0000000000
33337  9.049  46.801  23.005 0.0000000000
33338  9.610  47.430  21.817 0.0000000000
33339  7.552  52.557  29.154 0.0000000000
33340  8.562  52.027  27.705 0.0000000000
33341  9.452  51.354  26.142 0.0000000000
33342  8.968  53.570  24.724 0.0000000000
33343  9.506  52.122  24.614 0.0000000000
33344  9.844  50.571  24.478 0.0000000000
33345  9.927  49.666  22.928 0.0000000000
33346  9.841  48.649  21.645 0.0000000000
33347  9.636  47.966  20.459 0.0000000000
33348  9.261  48.355  19.115 0.0000000000
33349  8.730  48.708  17.668 0.0000000000
33350  8.473  49.202  16.091 0.0000000000
33351  7.921  51.270  17.698 0.0000000000
33352  7.870  50.413  16.128 0.0000000000
33353  8.903  49.892  14.686 0.0000000000
33354  9.621  50.326  13.876 0.0000000000
33355  10.357  50.866  13.074 0.0000000000
33356  10.971  51.414  11.941 0.0000000000
36149  9.288  44.183  31.514 0.0000000000
36150  8.902  45.557  31.783 0.0000000000
36152  8.779  45.893  33.502 0.0000000000
36153  8.439  46.951  32.014 0.0000000000
36154  7.938  48.330  32.338 0.0000000000
36155  7.344  49.700  32.619 0.0000000000
36156  6.978  50.991  32.914 0.0000000000
36159  7.132  47.651  38.900 0.0000000000
36161  7.208  48.978  39.009 0.0000000000
36162  7.141  48.856  37.397 0.0000000000
36163  7.137  49.975  36.001 0.0000000000
36164  7.023  51.138  34.569 0.0000000000
36165  6.799  52.270  33.187 0.0000000000
36166  7.060  53.281  33.209 0.0000000000
36167  7.686  53.889  33.092 0.0000000000
36168  8.486  54.147  32.689 0.0000000000
36169  8.866  52.495  34.847 0.0000000000
36170  9.141  53.250  33.433 0.0000000000
36171  9.507  54.204  32.013 0.0000000000
36172  10.482  54.011  31.178 0.0000000000
37836  11.213  45.354  19.420 0.0000000000
37837  11.754  44.336  19.540 0.0000000000
37838  12.324  43.172  19.619 0.0000000000
37839  13.262  43.240  17.055 0.0000000000
37840  13.196  42.704  18.395 0.0000000000
37863  15.556  41.168  9.285 0.0000000000
37864  14.835  40.382  8.369 0.0000000000
37865  13.764  39.924  7.652 0.0000000000
37866  15.060  40.796  6.082 0.0000000000
37887  8.794  59.947  23.352 0.0000000000
37888  8.536  59.517  21.920 0.0000000000
37889  8.716  58.811  20.315 0.0000000000
37894  10.367  62.834  16.757 0.0000000000
37896  8.939  61.263  18.513 0.0000000000
37897  8.907  59.839  18.502 0.0000000000
37898  9.061  58.094  18.704 0.0000000000
37899  9.069  57.314  17.283 0.0000000000
37900  8.878  56.505  16.262 0.0000000000
37901  8.888  55.619  15.372 0.0000000000
37902  9.214  58.375  13.847 0.0000000000
37903  9.425  56.521  14.196 0.0000000000
37904  9.456  54.600  14.423 0.0000000000
37905  10.264  53.649  13.284 0.0000000000
37906  10.890  52.824  11.873 0.0000000000
37907  11.142  52.085  10.476 0.0000000000
37927  9.393  58.481  8.228 0.0000000000
37928  10.071  56.947  8.389 0.0000000000
37929  9.166  55.995  5.990 0.0000000000
37930  9.766  55.588  7.410 0.0000000000
37931  10.680  55.321  8.712 0.0000000000
37932  10.866  53.834  8.839 0.0000000000
37933  10.814  52.555  8.913 0.0000000000
37934  11.034  51.380  9.101 0.0000000000
37935  10.965  50.761  8.068 0.0000000000
37936  11.366  49.867  6.820 0.0000000000
37937  12.134  48.873  5.635 0.0000000000
37938  10.635  50.432  3.764 0.0000000000
37939  11.381  48.997  4.077 0.0000000000
41470  11.270  50.637  11.250 0.0000000000
41471  11.398  50.173  11.185 0.0000000000
41472  11.438  50.376  10.613 0.0000000000
41473  11.637  50.133  9.999 0.0000000000
41474  11.406  50.617  9.973 0.0000000000
42067  6.841  51.466  31.419 0.0000000000
42068  6.981  51.215  30.579 0.0000000000
42069  6.827  51.908  30.841 0.0000000000
42070  8.654  56.884  21.289 0.0000000000
42071  8.710  56.192  21.281 0.0000000000
42072  9.001  56.464  20.500 0.0000000000
42073  9.252  56.074  19.731 0.0000000000
42074  9.142  56.757  19.659 0.0000000000
42833  11.111  48.646  39.030 0.0000000000
43290  9.699  46.515  21.181 0.0000000000
43291  9.873  45.907  21.183 0.0000000000
43292  10.050  46.253  20.581 0.0000000000
43293  15.497  42.336  11.888 0.0000000000
43294  15.264  42.238  12.492 0.0000000000
43295  15.412  41.787  11.975 0.0000000000
43296  15.310  41.118  12.026 0.0000000000
43297  15.450  41.312  11.440 0.0000000000
43298  15.300  40.746  10.970 0.0000000000
43299  15.549  41.399  10.918 0.0000000000
44467  8.306  55.063  31.639 0.0000000000
44468  8.009  55.394  31.222 0.0000000000
44469  8.421  55.626  31.059 0.0000000000
44471  8.936  58.439  27.046 0.0000000000
44472  8.977  58.806  26.308 0.0000000000
44473  8.636  58.857  25.619 0.0000000000
45690  9.270  48.595  15.426 0.0000000000
45691  9.604  48.159  15.509 0.0000000000
45692  9.775  48.563  14.802 0.0000000000
45693  13.582  47.170  11.292 0.0000000000
45694  13.466  46.978  11.941 0.0000000000
45695  14.053  46.579  11.444 0.0000000000
45696  14.462  45.988  11.537 0.0000000000
45697  14.595  46.145  10.906 0.0000000000
45698  15.031  45.711  10.340 0.0000000000
45699  14.634  46.335  10.232 0.0000000000
45700  13.719  47.790  6.511 0.0000000000
45701  14.230  47.235  6.551 0.0000000000
45702  14.036  47.338  5.906 0.0000000000
45703  14.418  46.847  5.370 0.0000000000
45704  13.898  47.368  5.345 0.0000000000
47482  8.491  45.853  30.335 0.0000000000
47483  8.426  45.493  29.578 0.0000000000
47484  8.263  46.178  29.727 0.0000000000
47485  9.403  49.318  26.435 0.0000000000
47486  9.334  48.479  26.267 0.0000000000
47487  9.635  48.915  25.669 0.0000000000
47488  9.669  48.507  24.973 0.0000000000
47489  9.811  49.317  25.092 0.0000000000
47490  8.067  55.238  27.291 0.0000000000
47491  8.163  54.635  27.357 0.0000000000
47492  8.251  54.922  26.494 0.0000000000
47493  8.780  52.308  20.919 0.0000000000
47494  8.970  52.175  21.577 0.0000000000
47495  9.048  51.653  20.874 0.0000000000
47496  9.331  50.998  20.850 0.0000000000
47497  9.021  51.132  20.225 0.0000000000
47498  8.913  50.624  19.582 0.0000000000
47499  8.710  51.300  19.583 0.0000000000
47500  8.218  53.419  16.010 0.0000000000
47501  7.979  52.720  15.933 0.0000000000
47502  8.350  52.950  15.426 0.0000000000
47503  8.767  52.516  14.825 0.0000000000
47504  8.825  53.243  14.933 0.0000000000
49760  7.603  46.830  36.970 0.0000000000
49761  7.855  46.787  36.107 0.0000000000
49762  7.592  47.475  36.253 0.0000000000
49763  7.615  48.062  35.562 0.0000000000
49764  7.402  48.130  36.369 0.0000000000
49768  8.119  51.066  38.050 0.0000000000
49769  7.739  50.811  38.240 0.0000000000
49770  7.803  51.345  37.442 0.0000000000
49771  7.509  51.530  36.776 0.0000000000
49772  7.842  51.854  36.662 0.0000000000
49773  7.795  52.280  35.870 0.0000000000
49774  8.128  52.000  36.426 0.0000000000
51150  7.173  43.422  25.911 0.0000000000
51152  7.472  43.058  25.176 0.0000000000
51158  12.026  44.971  16.260 0.0000000000
51159  12.063  44.763  16.943 0.0000000000
51160  12.416  44.491  16.372 0.0000000000
51180  16.128  42.827  7.283 0.0000000000
51181  15.997  42.158  7.408 0.0000000000
51182  16.024  42.322  6.801 0.0000000000
51206  9.137  61.928  14.489 0.0000000000
51207  9.215  62.264  15.076 0.0000000000
51208  8.890  61.538  15.091 0.0000000000
51209  8.779  61.161  15.657 0.0000000000
51210  8.728  60.720  15.112 0.0000000000
51211  8.661  59.815  15.182 0.0000000000
51212  8.726  60.267  14.623 0.0000000000
51213  10.657  57.432  10.512 0.0000000000
51214  10.621  57.117  11.384 0.0000000000
51215  10.898  56.507  10.756 0.0000000000
51216  11.037  55.613  10.940 0.0000000000
51217  11.015  55.861  10.086 0.0000000000
51236  10.819  52.929  5.242 0.0000000000
51237  10.485  53.369  5.772 0.0000000000
51238  10.546  52.737  5.773 0.0000000000
51239  10.419  52.524  6.376 0.0000000000
51240  10.406  52.138  5.712 0.0000000000
51241  10.116  51.616  5.679 0.0000000000
51242  10.517  51.833  5.089 0.0000000000
54067  10.346  55.165  30.353 0.0000000000
54068  9.884  55.825  30.224 0.0000000000
54070  10.985  56.576  28.384 0.0000000000
54071  10.494  56.798  28.797 0.0000000000
54072  10.568  57.242  28.160 0.0000000000
55290  10.388  49.733  13.242 0.0000000000
55291  10.620  49.355  13.151 0.0000000000
55292  10.867  49.549  12.714 0.0000000000
55293  11.783  49.303  11.094 0.0000000000
55294  11.764  49.086  11.605 0.0000000000
55295  12.190  48.852  11.119 0.0000000000
55296  12.616  48.315  11.180 0.0000000000
55297  12.712  48.461  10.592 0.0000000000
55298  13.209  48.093  10.036 0.0000000000
55299  12.740  48.623  10.055 0.0000000000
55300  12.175  49.519  8.883 0.0000000000
55301  12.655  48.988  8.857 0.0000000000
55302  12.546  49.131  8.270 0.0000000000
55303  12.935  48.706  7.634 0.0000000000
55304  12.391  49.203  7.658 0.0000000000
57082  7.687  48.654  30.919 0.0000000000
57083  7.783  48.294  30.141 0.0000000000
57084  7.554  49.025  30.229 0.0000000000
57085  7.675  50.658  29.222 0.0000000000
57086  7.804  49.932  29.066 0.0000000000
57087  8.123  50.375  28.579 0.0000000000
57088  8.629  50.028  27.899 0.0000000000
57089  8.479  50.820  28.077 0.0000000000
57090  7.827  56.059  24.143 0.0000000000
57091  7.931  55.459  24.082 0.0000000000
57092  7.967  55.620  23.344 0.0000000000
57093  8.737  54.852  21.127 0.0000000000
57094  8.403  54.604  21.789 0.0000000000
57095  8.702  54.222  21.064 0.0000000000
57096  8.643  53.609  21.027 0.0000000000
57097  8.850  53.826  20.338 0.0000000000
57098  8.902  53.371  19.616 0.0000000000
57099  9.127  54.028  19.695 0.0000000000
57100  9.366  55.255  18.261 0.0000000000
57101  9.238  54.525  18.314 0.0000000000
57102  9.122  54.777  17.617 0.0000000000
57103  8.818  54.290  17.062 0.0000000000
57104  9.024  55.045  16.979 0.0000000000
59362  7.458  44.963  38.864 0.0000000000
59363  7.557  45.621  38.311 0.0000000000
59368  9.863  49.517  39.797 0.0000000000
59369  9.407  49.536  40.214 0.0000000000
59370  9.404  50.020  39.417 0.0000000000
59371  8.947  50.429  39.009 0.0000000000
59372  9.337  50.414  38.585 0.0000000000
59373  9.294  50.787  37.714 0.0000000000
59374  9.725  50.313  38.105 0.0000000000
59375  10.954  49.327  37.310 0.0000000000
59376  10.479  49.916  36.999 0.0000000000
60750  8.448  45.105  23.341 0.0000000000
60751  8.637  44.327  23.335 0.0000000000
60752  9.037  44.750  22.805 0.0000000000
60753  10.516  44.783  21.208 0.0000000000
60754  10.278  44.322  21.782 0.0000000000
60755  10.829  44.208  21.274 0.0000000000
60757  11.258  44.119  20.760 0.0000000000
60758  14.060  43.988  14.041 0.0000000000
60759  13.872  43.683  14.625 0.0000000000
60760  14.284  43.400  14.091 0.0000000000
60774  14.144  38.885  11.258 0.0000000000
60775  14.655  39.895  10.104 0.0000000000
60776  14.096  39.413  10.228 0.0000000000
60777  14.125  39.626  9.667 0.0000000000
60778  13.540  39.471  9.302 0.0000000000
60779  14.196  39.792  9.132 0.0000000000
60780  15.966  43.302  4.741 0.0000000000
60781  15.910  42.681  4.901 0.0000000000
64282  7.019  53.942  31.968 0.0000000000
64283  6.869  53.889  31.311 0.0000000000
64284  7.107  54.421  31.408 0.0000000000
64285  7.597  55.704  30.188 0.0000000000
64286  7.360  55.278  30.217 0.0000000000
64287  7.520  55.684  29.541 0.0000000000
64288  7.590  55.550  28.882 0.0000000000
64289  7.704  56.088  28.863 0.0000000000
64290  9.001  56.831  29.747 0.0000000000
64291  8.559  56.658  29.918 0.0000000000
64292  8.666  57.144  29.265 0.0000000000
64293  8.263  57.810  27.238 0.0000000000
64294  8.224  57.411  28.008 0.0000000000
64295  8.058  57.376  27.272 0.0000000000
64296  7.953  56.895  27.330 0.0000000000
64297  7.942  57.179  26.531 0.0000000000
64298  7.833  56.887  25.773 0.0000000000
64299  7.887  57.432  25.739 0.0000000000
64300  8.179  58.514  24.250 0.0000000000
64301  8.006  57.948  24.276 0.0000000000
64302  8.113  58.239  23.582 0.0000000000
64303  8.161  57.780  22.800 0.0000000000
64304  8.221  58.430  22.802 0.0000000000
67950  9.533  47.526  18.520 0.0000000000
67951  9.894  47.045  18.512 0.0000000000
67952  9.774  47.269  17.804 0.0000000000
67953  10.418  47.134  15.734 0.0000000000
67954  10.462  46.750  16.479 0.0000000000
67955  10.879  46.550  15.867 0.0000000000
67956  11.276  45.982  16.022 0.0000000000
67957  11.402  46.338  15.335 0.0000000000
67958  11.183  48.436  13.195 0.0000000000
67959  10.967  48.146  13.775 0.0000000000
67960  11.594  47.897  13.310 0.0000000000
67961  13.085  46.541  13.155 0.0000000000
67962  12.411  46.853  13.607 0.0000000000
67963  12.827  46.280  13.735 0.0000000000
67964  12.565  45.930  14.315 0.0000000000
67965  13.220  45.707  13.828 0.0000000000
67966  13.557  45.126  13.895 0.0000000000
67967  13.831  45.408  13.356 0.0000000000
67968  15.048  44.827  11.754 0.0000000000
67969  14.838  44.696  12.330 0.0000000000
67970  15.223  44.227  11.808 0.0000000000
67971  15.356  43.608  11.844 0.0000000000
67972  15.533  43.749  11.273 0.0000000000
67973  15.763  43.263  10.725 0.0000000000
67974  15.679  43.890  10.697 0.0000000000
67975  15.650  44.822  9.281 0.0000000000
67976  15.849  44.180  9.435 0.0000000000
67977  15.904  44.319  8.811 0.0000000000
67978  16.072  43.819  8.302 0.0000000000
67979  15.905  44.492  8.138 0.0000000000
67980  14.151  47.310  8.930 0.0000000000
67981  14.620  46.731  8.969 0.0000000000
67982  14.570  46.879  8.404 0.0000000000
67983  15.221  46.011  6.703 0.0000000000
67984  15.290  45.909  7.337 0.0000000000
67985  15.578  45.422  6.793 0.0000000000
67986  15.834  44.799  6.851 0.0000000000
67987  15.791  44.930  6.259 0.0000000000
67988  15.917  44.406  5.748 0.0000000000
67989  15.705  45.043  5.639 0.0000000000
73328  8.869  42.740  29.321 0.0000000000
73329  8.820  43.417  29.266 0.0000000000
73330  8.015  44.784  28.222 0.0000000000
73334  7.573  44.826  27.027 0.0000000000
73335  8.074  47.587  28.660 0.0000000000
73336  8.062  46.894  28.499 0.0000000000
73337  8.308  47.269  27.907 0.0000000000
73338  8.774  46.882  25.942 0.0000000000
73339  8.476  46.562  26.536 0.0000000000
73340  8.321  46.261  25.870 0.0000000000
73341  7.887  45.610  25.824 0.0000000000
73342  8.144  46.023  25.219 0.0000000000
73343  8.024  45.785  24.606 0.0000000000
73344  8.446  46.413  24.662 0.0000000000
73345  9.424  47.730  23.602 0.0000000000
73346  9.089  47.092  23.610 0.0000000000
73347  9.336  47.423  23.031 0.0000000000
73348  9.374  47.121  22.456 0.0000000000
73349  9.617  47.726  22.421 0.0000000000
73350  7.111  53.503  30.006 0.0000000000
73351  7.183  52.809  29.824 0.0000000000
73352  7.471  53.252  29.291 0.0000000000
73353  8.581  53.225  27.170 0.0000000000
73354  8.332  52.769  27.843 0.0000000000
73355  8.801  52.467  27.080 0.0000000000
73356  9.036  51.714  26.960 0.0000000000
73357  9.245  52.107  26.281 0.0000000000
73358  8.388  54.280  23.987 0.0000000000
73359  8.645  54.197  24.773 0.0000000000
73360  8.750  53.710  23.908 0.0000000000
73361  9.454  51.947  23.005 0.0000000000
73362  9.404  52.431  23.825 0.0000000000
73363  9.651  51.730  23.759 0.0000000000
73364  9.699  51.374  24.556 0.0000000000
73365  9.849  50.990  23.753 0.0000000000
73366  9.924  50.149  23.673 0.0000000000
73367  9.888  50.466  22.922 0.0000000000
73368  9.691  49.591  20.902 0.0000000000
73369  9.802  49.361  21.580 0.0000000000
73370  9.756  48.933  20.977 0.0000000000
73371  9.766  48.307  21.058 0.0000000000
73372  9.621  48.504  20.377 0.0000000000
73373  9.493  48.163  19.780 0.0000000000
73374  9.382  48.725  19.712 0.0000000000
73375  8.545  49.695  18.314 0.0000000000
73376  8.735  49.091  18.347 0.0000000000
73377  8.415  49.270  17.633 0.0000000000
73378  8.454  48.866  16.886 0.0000000000
73379  8.131  49.470  16.877 0.0000000000
73380  8.422  52.452  18.301 0.0000000000
73381  8.225  51.758  18.332 0.0000000000
73382  8.077  51.988  17.724 0.0000000000
73383  7.897  51.320  15.617 0.0000000000
73384  7.762  51.075  16.274 0.0000000000
73385  8.057  50.699  15.470 0.0000000000
73386  8.305  50.109  15.376 0.0000000000
73387  8.661  50.368  14.835 0.0000000000
73388  9.253  50.129  14.255 0.0000000000
73389  9.030  50.609  14.418 0.0000000000
73390  9.791  51.767  13.749 0.0000000000
73391  9.840  51.149  13.669 0.0000000000
73392  10.262  51.457  13.173 0.0000000000
73393  10.695  51.131  12.547 0.0000000000
73394  10.643  51.731  12.618 0.0000000000
80150  9.394  43.763  33.058 0.0000000000
80151  9.439  43.636  32.220 0.0000000000
80152  9.352  44.331  32.352 0.0000000000
80153  9.122  44.873  31.634 0.0000000000
80154  9.158  45.046  32.507 0.0000000000
80157  8.612  44.727  35.715 0.0000000000
80158  8.347  46.681  34.437 0.0000000000
80159  8.617  46.022  34.355 0.0000000000
80160  8.533  46.606  33.590 0.0000000000
80161  8.660  46.457  32.758 0.0000000000
80162  8.418  47.161  32.847 0.0000000000
80163  8.215  47.661  32.166 0.0000000000
80164  8.143  47.823  32.986 0.0000000000
80165  7.476  49.266  34.131 0.0000000000
80166  7.548  49.164  33.315 0.0000000000
80167  7.312  49.829  33.473 0.0000000000
80168  7.154  50.354  32.760 0.0000000000
80169  7.138  50.465  33.640 0.0000000000
80180  7.730  49.204  40.463 0.0000000000
80181  7.304  50.004  38.358 0.0000000000
80182  7.312  49.490  39.056 0.0000000000
80183  7.208  49.520  38.328 0.0000000000
80184  7.147  48.926  38.218 0.0000000000
80185  7.137  49.454  37.540 0.0000000000
80186  7.174  49.407  36.704 0.0000000000
80187  7.122  49.991  36.816 0.0000000000
80188  7.148  51.647  35.473 0.0000000000
80189  7.074  51.124  35.368 0.0000000000
80190  6.997  51.709  34.634 0.0000000000
80191  6.892  51.714  33.835 0.0000000000
80192  6.885  52.297  33.911 0.0000000000
80193  6.871  52.835  33.212 0.0000000000
80194  7.013  52.769  33.885 0.0000000000
80195  7.831  53.178  34.318 0.0000000000
80196  7.550  53.393  33.774 0.0000000000
80197  7.948  53.599  33.610 0.0000000000
80198  8.083  54.051  32.948 0.0000000000
80199  8.383  53.689  33.387 0.0000000000
80200  9.200  51.626  35.956 0.0000000000
80201  8.848  52.104  35.597 0.0000000000
80202  9.260  52.020  35.152 0.0000000000
80203  9.988  52.628  33.224 0.0000000000
80204  9.492  52.786  33.690 0.0000000000
80205  9.672  53.197  32.987 0.0000000000
80206  9.319  53.701  32.729 0.0000000000
80207  9.843  53.634  32.344 0.0000000000
80208  9.995  54.151  31.607 0.0000000000
84330  8.243  42.059  28.512 0.0000000000
84353  10.812  46.065  18.651 0.0000000000
84354  10.852  45.838  19.321 0.0000000000
84355  11.234  45.573  18.726 0.0000000000
84356  12.152  44.300  18.293 0.0000000000
84357  11.839  44.601  18.896 0.0000000000
84358  12.097  44.056  18.928 0.0000000000
84359  12.008  43.756  19.575 0.0000000000
84360  12.405  43.490  18.981 0.0000000000
84361  13.648  43.237  15.914 0.0000000000
84362  13.255  43.494  16.435 0.0000000000
84363  13.653  42.974  16.536 0.0000000000
84420  15.913  42.273  9.707 0.0000000000
84421  15.743  41.639  9.785 0.0000000000
84422  15.833  41.771  9.202 0.0000000000
84423  15.395  40.920  7.672 0.0000000000
84424  15.304  40.851  8.238 0.0000000000
84425  14.912  40.492  7.811 0.0000000000
84426  14.340  40.108  8.003 0.0000000000
84427  14.417  40.197  7.426 0.0000000000
84481  9.147  59.938  23.961 0.0000000000
84483  8.785  60.438  20.855 0.0000000000
84484  8.687  60.102  21.786 0.0000000000
84485  8.641  59.853  21.060 0.0000000000
84486  8.575  59.187  21.126 0.0000000000
84487  8.679  59.539  20.272 0.0000000000
84499  9.503  62.656  16.321 0.0000000000
84500  10.066  63.011  16.167 0.0000000000
84501  9.756  62.630  16.943 0.0000000000
84503  9.422  62.234  17.742 0.0000000000
84504  9.219  61.774  18.490 0.0000000000
84505  9.086  61.773  17.743 0.0000000000
84506  8.851  60.080  16.953 0.0000000000
84507  8.890  60.327  17.717 0.0000000000
84508  8.992  59.534  17.717 0.0000000000
84509  8.964  58.968  18.613 0.0000000000
84510  9.064  58.642  17.789 0.0000000000
84511  9.115  57.692  17.908 0.0000000000
84512  8.998  58.229  17.141 0.0000000000
84513  8.719  57.900  15.492 0.0000000000
84514  8.801  57.406  16.053 0.0000000000
84515  8.777  56.984  15.656 0.0000000000
84516  8.809  56.084  15.816 0.0000000000
84517  8.892  56.558  15.243 0.0000000000
84519  9.133  59.294  13.697 0.0000000000
84520  9.470  58.758  13.197 0.0000000000
84521  10.210  56.428  12.981 0.0000000000
84522  9.746  56.933  13.522 0.0000000000
84523  9.885  56.030  13.686 0.0000000000
84524  9.476  55.567  14.328 0.0000000000
84525  9.882  55.075  13.815 0.0000000000
84526  9.864  54.125  13.870 0.0000000000
84527  10.270  54.594  13.241 0.0000000000
84528  11.033  54.004  11.046 0.0000000000
84529  10.847  53.661  11.856 0.0000000000
84530  11.001  53.225  11.110 0.0000000000
84531  11.048  52.461  11.160 0.0000000000
84532  11.066  52.822  10.403 0.0000000000
84583  9.203  57.813  7.642 0.0000000000
84584  9.732  57.708  8.282 0.0000000000
84585  9.528  57.033  7.738 0.0000000000
84588  9.669  55.590  5.408 0.0000000000
84589  10.144  54.301  6.909 0.0000000000
84590  9.822  55.048  6.799 0.0000000000
84591  10.119  54.859  7.501 0.0000000000
84592  10.299  55.434  8.059 0.0000000000
84593  10.525  54.698  8.158 0.0000000000
84594  10.826  54.548  8.827 0.0000000000
84595  10.612  53.980  8.170 0.0000000000
84596  10.355  52.171  7.622 0.0000000000
84597  10.621  52.634  8.226 0.0000000000
84598  10.617  52.094  8.293 0.0000000000
84599  10.908  51.948  9.008 0.0000000000
84600  10.786  51.549  8.410 0.0000000000
84601  10.960  51.064  8.550 0.0000000000
84602  10.649  51.252  7.890 0.0000000000
84603  10.280  50.480  5.945 0.0000000000
84604  10.645  50.400  6.718 0.0000000000
84605  10.973  49.917  6.063 0.0000000000
84606  11.762  49.364  6.194 0.0000000000
84607  11.377  49.378  5.439 0.0000000000
84614  12.216  48.465  4.312 0.0000000000
93078  10.947  50.176  12.348 0.0000000000
93079  11.107  49.760  12.236 0.0000000000
93080  11.287  49.983  11.726 0.0000000000
93081  11.572  49.724  11.112 0.0000000000
93082  11.891  49.451  10.581 0.0000000000
93083  12.288  49.134  10.084 0.0000000000
93084  11.927  49.634  10.039 0.0000000000
93085  11.866  49.845  9.474 0.0000000000
93086  11.741  50.027  8.877 0.0000000000
94153  7.159  50.065  31.091 0.0000000000
94154  7.320  49.746  30.314 0.0000000000
94155  7.118  50.449  30.420 0.0000000000
94156  7.259  50.903  29.876 0.0000000000
94157  7.484  51.390  29.425 0.0000000000
94158  8.133  56.451  22.763 0.0000000000
94159  8.114  55.821  22.682 0.0000000000
94160  8.414  55.972  21.990 0.0000000000
94161  8.754  55.512  21.204 0.0000000000
94162  9.087  55.114  20.444 0.0000000000
94163  9.279  54.704  19.731 0.0000000000
94164  9.310  55.400  19.717 0.0000000000
94165  9.373  55.690  18.967 0.0000000000
94166  9.343  55.993  18.180 0.0000000000
95528  10.270  49.432  39.283 0.0000000000
95529  10.184  49.793  38.458 0.0000000000
95530  10.670  49.234  38.751 0.0000000000
95531  11.039  49.026  38.203 0.0000000000
95532  11.471  48.759  37.743 0.0000000000
96354  9.216  45.885  22.317 0.0000000000
96355  9.380  45.160  22.296 0.0000000000
96356  9.649  45.536  21.750 0.0000000000
96357  10.153  45.339  21.197 0.0000000000
96358  10.681  45.206  20.639 0.0000000000
96359  14.896  43.301  12.965 0.0000000000
96360  14.697  43.067  13.555 0.0000000000
96361  15.022  42.686  12.997 0.0000000000
96362  15.083  42.075  13.126 0.0000000000
96365  15.214  40.906  12.618 0.0000000000
96366  15.127  40.403  12.074 0.0000000000
96367  14.891  39.896  11.580 0.0000000000
96368  14.535  39.461  11.110 0.0000000000
96369  14.954  40.102  11.028 0.0000000000
96370  15.039  40.278  10.515 0.0000000000
96371  15.118  40.423  9.972 0.0000000000
98473  7.571  54.635  31.984 0.0000000000
98474  7.334  54.823  31.425 0.0000000000
98475  7.644  55.129  31.359 0.0000000000
98476  7.754  55.617  30.745 0.0000000000
98477  7.866  56.087  30.136 0.0000000000
98478  9.201  57.764  28.374 0.0000000000
98479  8.771  57.610  28.568 0.0000000000
98480  8.885  58.089  27.800 0.0000000000
98481  8.567  58.182  27.164 0.0000000000
98482  8.270  58.143  26.477 0.0000000000
98483  8.043  57.976  25.754 0.0000000000
98484  8.300  58.445  25.683 0.0000000000
98485  8.358  58.749  24.890 0.0000000000
98486  8.385  59.042  24.199 0.0000000000
100674  9.237  47.928  17.062 0.0000000000
100675  9.631  47.503  17.064 0.0000000000
100676  9.544  47.802  16.299 0.0000000000
100677  9.970  47.678  15.613 0.0000000000
100678  10.510  47.500  15.023 0.0000000000
100679  12.381  47.919  12.324 0.0000000000
100680  12.224  47.642  12.898 0.0000000000
100681  12.887  47.329  12.424 0.0000000000
100682  13.317  46.765  12.582 0.0000000000
100683  13.739  46.191  12.686 0.0000000000
100684  14.094  45.638  12.782 0.0000000000
100685  14.307  45.824  12.162 0.0000000000
100686  14.793  45.408  11.638 0.0000000000
100687  15.207  44.951  11.118 0.0000000000
100688  15.533  44.488  10.613 0.0000000000
100689  15.334  45.096  10.459 0.0000000000
100690  15.394  45.269  9.796 0.0000000000
100691  15.391  45.471  9.165 0.0000000000
100692  13.980  47.597  7.726 0.0000000000
100693  14.482  47.021  7.813 0.0000000000
100694  14.380  47.133  7.185 0.0000000000
100695  14.729  46.646  6.617 0.0000000000
100696  15.067  46.142  6.055 0.0000000000
103900  8.923  44.494  30.007 0.0000000000
103901  8.705  44.109  29.352 0.0000000000
103902  8.580  44.810  29.450 0.0000000000
103903  8.274  45.146  28.864 0.0000000000
103904  8.037  45.489  28.277 0.0000000000
103905  8.725  48.454  27.552 0.0000000000
103906  8.676  47.684  27.349 0.0000000000
103907  9.050  48.068  26.856 0.0000000000
103908  9.141  47.629  26.102 0.0000000000
103909  9.063  47.289  25.390 0.0000000000
103910  8.911  47.029  24.743 0.0000000000
103911  9.384  47.732  24.841 0.0000000000
103912  9.545  48.082  24.228 0.0000000000
103913  9.698  48.440  23.604 0.0000000000
103914  7.593  54.392  28.830 0.0000000000
103915  7.732  53.711  28.705 0.0000000000
103916  7.957  54.178  28.061 0.0000000000
103917  8.381  53.967  27.241 0.0000000000
103918  8.742  53.658  26.372 0.0000000000
103919  8.562  53.276  22.403 0.0000000000
103920  8.817  53.195  23.114 0.0000000000
103921  8.884  52.694  22.316 0.0000000000
103922  9.219  52.076  22.261 0.0000000000
103923  9.530  51.409  22.220 0.0000000000
103924  9.777  50.676  22.175 0.0000000000
103925  9.576  50.814  21.491 0.0000000000
103926  9.561  50.337  20.845 0.0000000000
103927  9.441  49.820  20.238 0.0000000000
103928  9.268  49.347  19.648 0.0000000000
103929  9.146  49.992  19.569 0.0000000000
103930  8.761  50.153  18.940 0.0000000000
103931  8.326  50.314  18.294 0.0000000000
103932  8.207  52.915  17.161 0.0000000000
103933  7.926  52.259  17.146 0.0000000000
103934  7.898  52.498  16.534 0.0000000000
103935  7.871  52.047  15.777 0.0000000000
103936  8.310  51.602  15.124 0.0000000000
103937  8.817  51.171  14.562 0.0000000000
103938  8.769  51.829  14.685 0.0000000000
103939  9.309  52.075  14.302 0.0000000000
103940  9.767  52.400  13.864 0.0000000000
107998  8.106  45.473  36.630 0.0000000000
107999  8.378  45.431  35.856 0.0000000000
108000  8.123  46.112  35.971 0.0000000000
108001  8.121  46.712  35.274 0.0000000000
108002  8.073  47.321  34.564 0.0000000000
108003  8.011  47.930  33.873 0.0000000000
108004  7.825  47.999  34.729 0.0000000000
108005  7.605  48.668  34.859 0.0000000000
108006  7.404  49.317  34.973 0.0000000000
108012  8.110  50.130  39.537 0.0000000000
108013  7.739  49.805  39.671 0.0000000000
108014  7.762  50.308  38.962 0.0000000000
108015  7.475  50.435  38.334 0.0000000000
108016  7.279  50.519  37.600 0.0000000000
108017  7.165  50.550  36.869 0.0000000000
108018  7.293  51.075  36.843 0.0000000000
108019  7.296  51.633  36.119 0.0000000000
108020  7.283  52.125  35.461 0.0000000000
108021  7.221  52.657  34.634 0.0000000000
108022  7.488  52.505  35.297 0.0000000000
108023  7.776  52.756  35.058 0.0000000000
108024  8.142  52.907  34.836 0.0000000000
108026  9.691  51.887  34.672 0.0000000000
108028  10.271  52.031  33.452 0.0000000000
110516  11.435  45.525  17.451 0.0000000000
110517  11.536  45.313  18.156 0.0000000000
110518  11.783  45.062  17.515 0.0000000000
110519  12.124  44.513  17.648 0.0000000000
110520  12.437  44.029  17.683 0.0000000000
110556  16.070  42.514  8.501 0.0000000000
110557  15.934  41.908  8.586 0.0000000000
110558  15.979  42.010  8.002 0.0000000000
110559  15.757  41.519  7.535 0.0000000000
110560  15.472  41.071  7.083 0.0000000000
110596  8.926  60.839  20.035 0.0000000000
110605  9.329  62.503  15.699 0.0000000000
110606  9.129  62.106  16.324 0.0000000000
110607  8.993  61.619  16.998 0.0000000000
110608  8.886  61.427  16.290 0.0000000000
110609  8.785  60.636  16.270 0.0000000000
110610  8.783  59.725  16.300 0.0000000000
110611  8.843  58.768  16.410 0.0000000000
110612  8.660  59.380  15.725 0.0000000000
110613  8.664  58.853  15.315 0.0000000000
110614  8.775  58.390  14.909 0.0000000000
110615  10.087  58.535  11.866 0.0000000000
110616  9.861  58.182  12.624 0.0000000000
110617  10.268  57.659  11.995 0.0000000000
110618  10.475  56.760  12.240 0.0000000000
110619  10.651  55.905  12.396 0.0000000000
110620  10.631  54.996  12.540 0.0000000000
110621  10.908  55.337  11.724 0.0000000000
110622  11.106  54.793  10.982 0.0000000000
110623  11.186  54.262  10.266 0.0000000000
110657  10.038  54.885  5.536 0.0000000000
110658  10.284  54.066  5.696 0.0000000000
110659  10.274  53.793  6.323 0.0000000000
110660  10.318  53.558  6.951 0.0000000000
110661  10.429  53.367  7.561 0.0000000000
110662  10.389  52.922  6.964 0.0000000000
110663  10.328  52.361  6.989 0.0000000000
110664  10.180  51.797  7.013 0.0000000000
110665  10.230  51.311  7.128 0.0000000000
110666  10.066  51.438  6.402 0.0000000000
110667  9.976  51.059  5.760 0.0000000000
110668  10.187  50.638  5.112 0.0000000000
115630  9.326  55.270  31.117 0.0000000000
115631  8.877  55.798  30.885 0.0000000000
115632  9.380  55.859  30.585 0.0000000000
115633  9.419  56.397  30.035 0.0000000000
115634  9.482  56.934  29.490 0.0000000000
115635  10.439  56.294  29.325 0.0000000000
115636  9.990  56.923  29.165 0.0000000000
115637  9.569  57.404  28.842 0.0000000000
115638  9.677  57.829  28.124 0.0000000000
117342  9.770  49.282  14.168 0.0000000000
117343  10.055  48.880  14.243 0.0000000000
117344  10.323  49.133  13.666 0.0000000000
117345  10.831  48.944  13.147 0.0000000000
117346  11.392  48.686  12.633 0.0000000000
117347  11.280  49.324  12.144 0.0000000000
117348  11.607  48.888  12.124 0.0000000000
117349  11.972  48.426  12.204 0.0000000000
117350  12.490  48.146  11.761 0.0000000000
117351  13.072  47.750  11.237 0.0000000000
117352  13.695  47.325  10.654 0.0000000000
117353  14.166  46.957  10.102 0.0000000000
117354  13.691  47.538  10.050 0.0000000000
117355  13.678  47.763  9.472 0.0000000000
117356  13.668  47.867  8.887 0.0000000000
117357  12.719  48.822  9.466 0.0000000000
117358  13.164  48.420  8.861 0.0000000000
117359  13.593  48.004  8.272 0.0000000000
117360  13.480  48.138  7.651 0.0000000000
117361  13.329  48.248  7.076 0.0000000000
117362  13.159  48.324  6.508 0.0000000000
119851  8.147  47.268  30.655 0.0000000000
119852  8.140  46.914  29.882 0.0000000000
119853  7.978  47.591  30.033 0.0000000000
119854  7.902  47.934  29.377 0.0000000000
119855  8.027  48.342  28.741 0.0000000000
119856  7.541  49.478  29.594 0.0000000000
119857  7.929  49.146  28.886 0.0000000000
119858  8.331  48.788  28.215 0.0000000000
119859  8.706  49.241  27.735 0.0000000000
119860  9.079  49.700  27.172 0.0000000000
119861  9.380  50.141  26.598 0.0000000000
119862  7.964  55.712  25.684 0.0000000000
119863  8.187  55.142  25.668 0.0000000000
119864  7.997  55.319  24.829 0.0000000000
119865  8.110  54.873  24.041 0.0000000000
119866  8.242  54.375  23.221 0.0000000000
119867  8.146  55.116  22.551 0.0000000000
119868  8.233  54.460  22.455 0.0000000000
119869  8.370  53.895  22.436 0.0000000000
119870  8.533  53.416  21.695 0.0000000000
119871  8.604  52.963  20.960 0.0000000000
119872  8.685  52.482  20.243 0.0000000000
119873  8.599  52.010  19.543 0.0000000000
119874  8.669  52.704  19.517 0.0000000000
119875  8.724  52.908  18.934 0.0000000000
119876  8.746  53.116  18.357 0.0000000000
119877  9.250  54.261  19.038 0.0000000000
119878  9.026  53.807  18.355 0.0000000000
119879  8.639  53.328  17.775 0.0000000000
119880  8.522  53.581  17.131 0.0000000000
119881  8.486  53.825  16.544 0.0000000000
119882  8.532  54.154  16.016 0.0000000000
123041  7.873  44.211  37.858 0.0000000000
123042  8.039  44.846  37.281 0.0000000000
123043  7.845  45.521  37.436 0.0000000000
123044  7.616  46.205  37.646 0.0000000000
123045  7.387  46.899  37.834 0.0000000000
123053  8.510  49.852  40.116 0.0000000000
123054  8.527  50.336  39.323 0.0000000000
123055  8.523  50.787  38.566 0.0000000000
123056  8.511  51.177  37.739 0.0000000000
123057  8.498  51.639  36.885 0.0000000000
123058  8.898  51.213  37.301 0.0000000000
123059  9.246  51.178  36.807 0.0000000000
123060  9.574  51.069  36.278 0.0000000000
123061  10.078  50.173  37.559 0.0000000000
123062  10.010  50.516  36.648 0.0000000000
123063  9.980  50.887  35.709 0.0000000000
124986  7.648  44.284  24.444 0.0000000000
124987  7.837  43.499  24.555 0.0000000000
124988  8.229  43.932  23.920 0.0000000000
124989  8.979  43.687  23.404 0.0000000000
124990  9.689  43.459  22.915 0.0000000000
124991  9.680  44.465  22.286 0.0000000000
124992  10.012  43.857  22.340 0.0000000000
124997  13.038  44.495  15.142 0.0000000000
124998  12.885  44.205  15.784 0.0000000000
124999  13.397  43.967  15.187 0.0000000000
125002  14.504  42.818  14.158 0.0000000000
125022  14.083  39.146  10.751 0.0000000000
125023  13.496  38.908  10.377 0.0000000000
125025  12.855  39.126  9.531 0.0000000000
125026  12.900  39.404  9.018 0.0000000000
125027  12.987  39.613  8.482 0.0000000000
125028  16.106  43.100  6.032 0.0000000000
125029  16.007  42.438  6.190 0.0000000000
125030  15.958  42.563  5.558 0.0000000000
125071  8.886  60.673  14.036 0.0000000000
125079  10.423  58.233  10.378 0.0000000000
125080  10.554  57.611  9.716 0.0000000000
125113  10.973  52.002  4.535 0.0000000000
129808  6.746  52.788  31.817 0.0000000000
129809  6.757  52.577  31.035 0.0000000000
129810  6.767  53.247  31.182 0.0000000000
129811  6.894  53.700  30.664 0.0000000000
129812  7.079  54.133  30.127 0.0000000000
129813  7.215  54.844  30.833 0.0000000000
129814  7.152  54.776  30.249 0.0000000000
129815  7.303  54.580  29.566 0.0000000000
129816  7.547  54.982  28.851 0.0000000000
129817  7.793  55.382  28.101 0.0000000000
129818  7.962  55.783  27.355 0.0000000000
129819  8.502  56.163  30.495 0.0000000000
129820  8.177  56.421  30.046 0.0000000000
129821  7.958  56.516  29.470 0.0000000000
129822  8.410  57.358  28.682 0.0000000000
129823  8.086  56.972  28.746 0.0000000000
129824  7.866  56.565  28.814 0.0000000000
129825  7.871  56.545  28.121 0.0000000000
129826  7.917  56.340  27.380 0.0000000000
129827  7.899  56.054  26.531 0.0000000000
129828  7.839  56.299  25.723 0.0000000000
129829  7.736  56.475  24.939 0.0000000000
129830  7.788  56.671  24.208 0.0000000000
129831  7.903  57.682  24.973 0.0000000000
129832  7.874  57.345  24.246 0.0000000000
129833  7.946  56.903  23.506 0.0000000000
129834  8.115  57.097  22.788 0.0000000000
129835  8.364  57.324  22.042 0.0000000000
129836  8.608  57.585  21.254 0.0000000000
134454  9.802  47.098  19.850 0.0000000000
134455  10.084  46.578  19.885 0.0000000000
134456  10.034  46.839  19.216 0.0000000000
134457  10.340  46.564  18.604 0.0000000000
134458  10.673  46.307  17.951 0.0000000000
134459  10.099  47.039  17.106 0.0000000000
134460  10.574  46.522  17.216 0.0000000000
134461  11.032  46.011  17.337 0.0000000000
134462  11.340  45.735  16.773 0.0000000000
134463  11.638  45.458  16.147 0.0000000000
134464  12.126  45.235  15.570 0.0000000000
134465  10.369  48.394  14.315 0.0000000000
134466  10.735  47.837  14.387 0.0000000000
134467  11.144  47.260  14.511 0.0000000000
134468  12.004  47.378  13.474 0.0000000000
134469  11.769  47.089  14.058 0.0000000000
134470  11.583  46.712  14.683 0.0000000000
134471  11.939  46.164  14.818 0.0000000000
134472  12.311  45.584  14.920 0.0000000000
134473  12.694  45.013  15.002 0.0000000000
134474  13.265  44.826  14.480 0.0000000000
134475  13.819  44.573  13.995 0.0000000000
134476  14.311  44.277  13.476 0.0000000000
134477  14.375  45.103  12.890 0.0000000000
134478  14.580  44.504  12.907 0.0000000000
134479  14.745  43.906  12.932 0.0000000000
134480  15.142  43.482  12.405 0.0000000000
134481  15.451  42.982  11.866 0.0000000000
134482  15.618  42.480  11.311 0.0000000000
134483  15.673  42.023  10.826 0.0000000000
134484  15.762  42.636  10.755 0.0000000000
134485  15.912  42.779  10.183 0.0000000000
134486  15.995  42.890  9.625 0.0000000000
134487  15.781  44.039  10.048 0.0000000000
134488  15.987  43.519  9.536 0.0000000000
134489  16.066  42.974  9.039 0.0000000000
134490  16.112  43.138  8.407 0.0000000000
134491  16.130  43.323  7.775 0.0000000000
134492  16.161  43.509  7.127 0.0000000000
134493  14.616  46.545  9.590 0.0000000000
134494  15.060  46.118  9.088 0.0000000000
134495  15.387  45.643  8.523 0.0000000000
134496  14.971  46.414  7.884 0.0000000000
134497  15.351  45.789  7.913 0.0000000000
134498  15.660  45.148  8.010 0.0000000000
134499  15.898  44.654  7.474 0.0000000000
134500  16.018  44.160  6.954 0.0000000000
134501  16.101  43.636  6.500 0.0000000000
134502  16.052  43.755  5.871 0.0000000000
134503  16.023  43.855  5.211 0.0000000000
134504  15.894  43.953  4.599 0.0000000000
141145  8.554  42.448  28.907 0.0000000000
141146  8.105  42.754  28.389 0.0000000000
141147  8.389  43.754  28.740 0.0000000000
141151  7.223  43.770  26.552 0.0000000000
141152  7.228  44.208  25.785 0.0000000000
141153  8.111  46.537  29.121 0.0000000000
141154  8.042  46.189  28.368 0.0000000000
141155  7.967  45.847  27.661 0.0000000000
141156  8.454  46.894  27.199 0.0000000000
141157  8.156  46.212  27.085 0.0000000000
141158  7.839  45.525  27.017 0.0000000000
141159  7.653  45.239  26.401 0.0000000000
141160  7.511  44.928  25.796 0.0000000000
141161  7.440  44.646  25.110 0.0000000000
141162  7.730  45.080  24.527 0.0000000000
141163  8.026  45.475  23.970 0.0000000000
141164  8.497  45.827  23.442 0.0000000000
141165  8.796  46.774  24.152 0.0000000000
141166  8.734  46.499  23.558 0.0000000000
141167  8.855  46.193  22.923 0.0000000000
141168  9.217  46.538  22.377 0.0000000000
141169  9.493  46.834  21.815 0.0000000000
141170  9.656  47.155  21.197 0.0000000000
141171  6.958  52.346  30.308 0.0000000000
141172  7.302  52.098  29.616 0.0000000000
141173  7.747  51.868  28.964 0.0000000000
141174  7.884  53.015  28.570 0.0000000000
141175  8.067  52.311  28.424 0.0000000000
141176  8.281  51.578  28.262 0.0000000000
141177  8.786  51.280  27.541 0.0000000000
141178  9.261  50.956  26.776 0.0000000000
141179  9.603  50.572  25.981 0.0000000000
141180  8.448  54.589  25.623 0.0000000000
141181  8.752  53.983  25.570 0.0000000000
141182  9.029  53.276  25.527 0.0000000000
141183  9.101  53.094  23.875 0.0000000000
141184  9.260  52.867  24.678 0.0000000000
141185  9.288  52.516  25.473 0.0000000000
141186  9.517  51.741  25.401 0.0000000000
141187  9.689  50.988  25.286 0.0000000000
141188  9.821  50.133  25.181 0.0000000000
141189  9.903  49.722  24.389 0.0000000000
141190  9.879  49.265  23.627 0.0000000000
141191  9.819  48.786  22.914 0.0000000000
141192  9.864  49.913  22.229 0.0000000000
141193  9.857  49.115  22.262 0.0000000000
141194  9.778  48.379  22.333 0.0000000000
141195  9.752  48.016  21.751 0.0000000000
141196  9.726  47.709  21.143 0.0000000000
141197  9.689  47.393  20.488 0.0000000000
141198  9.618  47.639  19.833 0.0000000000
141199  9.472  47.837  19.153 0.0000000000
141200  9.285  48.012  18.477 0.0000000000
141201  9.060  48.906  19.065 0.0000000000
141202  9.019  48.535  18.410 0.0000000000
141203  9.100  48.185  17.767 0.0000000000
141204  8.851  48.370  17.000 0.0000000000
141205  8.824  48.674  16.117 0.0000000000
141206  8.949  49.025  15.365 0.0000000000
141207  8.422  51.519  18.941 0.0000000000
141208  8.202  51.017  18.305 0.0000000000
141209  7.920  50.499  17.634 0.0000000000
141210  7.761  51.530  17.054 0.0000000000
141211  7.751  50.801  16.943 0.0000000000
141212  7.883  50.117  16.884 0.0000000000
141213  8.154  49.786  16.091 0.0000000000
141214  8.618  49.548  15.326 0.0000000000
141215  9.211  49.428  14.693 0.0000000000
141216  9.485  49.695  14.144 0.0000000000
141217  9.816  49.919  13.714 0.0000000000
141218  10.181  50.118  13.381 0.0000000000
141219  9.412  50.829  14.050 0.0000000000
141220  9.999  50.578  13.534 0.0000000000
141221  10.497  50.338  12.951 0.0000000000
141222  10.808  50.611  12.446 0.0000000000
141223  11.073  50.899  11.892 0.0000000000
141224  11.194  51.105  11.241 0.0000000000
149418  9.358  43.284  30.632 0.0000000000
149420  9.449  43.490  31.416 0.0000000000
149421  9.229  43.988  30.687 0.0000000000
149422  9.046  44.689  30.796 0.0000000000
149423  8.841  45.363  30.965 0.0000000000
149424  8.587  46.030  31.091 0.0000000000
149427  9.113  44.583  34.036 0.0000000000
149428  8.677  45.376  35.070 0.0000000000
149429  8.876  45.287  34.225 0.0000000000
149430  9.046  45.184  33.377 0.0000000000
149431  8.906  45.752  32.651 0.0000000000
149432  8.648  46.242  31.903 0.0000000000
149433  8.401  46.731  31.217 0.0000000000
149434  8.209  47.452  31.392 0.0000000000
149435  7.982  48.149  31.525 0.0000000000
149436  7.692  48.828  31.642 0.0000000000
149437  7.852  48.501  33.204 0.0000000000
149438  7.619  49.010  32.483 0.0000000000
149439  7.352  49.515  31.784 0.0000000000
149440  7.135  50.255  31.911 0.0000000000
149441  6.939  50.891  32.049 0.0000000000
149442  6.820  51.559  32.228 0.0000000000
149450  7.251  47.003  38.660 0.0000000000
149451  7.244  47.586  38.012 0.0000000000
149455  7.444  49.393  39.738 0.0000000000
149456  7.300  48.951  39.749 0.0000000000
149457  7.170  48.388  39.685 0.0000000000
149458  7.136  48.334  38.918 0.0000000000
149459  7.156  48.271  38.123 0.0000000000
149460  7.254  48.194  37.259 0.0000000000
149461  7.284  48.755  36.583 0.0000000000
149462  7.279  49.356  35.857 0.0000000000
149463  7.193  49.964  35.174 0.0000000000
149464  7.089  50.536  36.107 0.0000000000
149465  7.074  50.542  35.307 0.0000000000
149466  7.118  50.539  34.497 0.0000000000
149467  7.004  51.085  33.774 0.0000000000
149468  6.841  51.636  33.089 0.0000000000
149469  6.768  52.221  32.405 0.0000000000
149470  6.789  52.828  32.523 0.0000000000
149471  6.901  53.381  32.549 0.0000000000
149472  7.165  53.818  32.605 0.0000000000
149473  7.235  53.111  33.864 0.0000000000
149474  7.348  53.609  33.194 0.0000000000
149475  7.462  54.128  32.570 0.0000000000
149476  7.811  54.348  32.472 0.0000000000
149477  8.191  54.520  32.288 0.0000000000
149478  8.625  54.654  32.030 0.0000000000
149479  8.502  52.106  36.016 0.0000000000
149480  8.490  52.556  35.271 0.0000000000
149481  8.540  52.864  34.538 0.0000000000
149482  9.368  52.426  34.446 0.0000000000
149483  8.995  52.846  34.167 0.0000000000
149484  8.674  53.257  33.812 0.0000000000
149485  8.811  53.704  33.070 0.0000000000
149486  8.989  54.198  32.373 0.0000000000
149487  9.171  54.730  31.733 0.0000000000
149488  9.668  54.740  31.329 0.0000000000
149489  10.159  54.660  30.948 0.0000000000
154470  10.419  46.076  19.940 0.0000000000
154471  10.796  45.577  20.006 0.0000000000
154472  11.158  45.081  20.071 0.0000000000
154473  11.560  45.107  18.846 0.0000000000
154474  11.502  44.856  19.495 0.0000000000
154475  11.394  44.530  20.153 0.0000000000
154476  11.640  43.986  20.179 0.0000000000
154479  12.842  43.993  16.391 0.0000000000
154480  12.831  43.764  17.018 0.0000000000
154481  12.814  43.559  17.669 0.0000000000
154482  13.668  42.701  17.139 0.0000000000
154483  13.236  43.043  17.690 0.0000000000
154484  12.820  43.257  18.348 0.0000000000
154485  12.769  42.916  19.029 0.0000000000
154551  15.640  41.523  10.371 0.0000000000
154552  15.486  41.006  9.865 0.0000000000
154553  15.182  40.590  9.392 0.0000000000
154554  15.668  41.303  8.690 0.0000000000
154555  15.251  40.749  8.816 0.0000000000
154556  14.767  40.235  8.959 0.0000000000
154557  14.272  39.929  8.582 0.0000000000
154558  13.698  39.814  8.226 0.0000000000
154560  15.806  41.794  6.329 0.0000000000
154561  15.495  41.198  6.485 0.0000000000
154562  15.059  40.658  6.666 0.0000000000
154564  14.507  40.381  6.274 0.0000000000
154565  14.453  40.283  6.843 0.0000000000
154566  13.799  39.997  7.078 0.0000000000
154624  8.680  59.572  24.134 0.0000000000
154625  8.446  59.408  23.460 0.0000000000
154626  8.864  60.274  22.530 0.0000000000
154627  8.604  59.780  22.653 0.0000000000
154628  8.347  59.136  22.739 0.0000000000
154629  8.390  58.807  21.963 0.0000000000
154630  8.569  58.420  21.181 0.0000000000
154631  8.839  57.948  20.395 0.0000000000
154650  9.460  61.730  19.203 0.0000000000
154651  9.023  61.330  19.225 0.0000000000
154652  8.854  60.750  19.339 0.0000000000
154653  8.903  61.086  17.739 0.0000000000
154654  8.850  60.600  18.565 0.0000000000
154655  8.807  60.057  19.357 0.0000000000
154656  8.823  59.283  19.421 0.0000000000
154657  8.916  58.445  19.515 0.0000000000
154658  9.031  57.588  19.578 0.0000000000
154659  9.171  57.191  18.746 0.0000000000
154660  9.230  56.801  18.026 0.0000000000
154661  9.143  56.436  17.456 0.0000000000
154662  8.918  57.827  16.569 0.0000000000
154663  8.973  56.918  16.743 0.0000000000
154664  9.025  56.004  16.915 0.0000000000
154665  8.876  55.535  16.380 0.0000000000
154666  8.776  55.101  15.943 0.0000000000
154667  8.788  54.650  15.453 0.0000000000
154668  8.851  59.773  14.158 0.0000000000
154669  8.922  58.859  14.313 0.0000000000
154670  9.004  57.952  14.486 0.0000000000
154671  9.592  57.823  13.340 0.0000000000
154672  9.319  57.445  14.034 0.0000000000
154673  9.084  57.043  14.661 0.0000000000
154674  9.128  56.096  14.812 0.0000000000
154675  9.096  55.116  14.897 0.0000000000
154676  8.993  54.165  14.948 0.0000000000
154677  9.391  53.704  14.464 0.0000000000
154678  9.802  53.213  13.916 0.0000000000
154679  10.218  52.773  13.327 0.0000000000
154680  10.643  54.127  12.624 0.0000000000
154681  10.640  53.256  12.644 0.0000000000
154682  10.626  52.438  12.637 0.0000000000
154683  10.887  52.084  11.924 0.0000000000
154684  11.092  51.739  11.227 0.0000000000
154685  11.217  51.422  10.502 0.0000000000
154746  9.858  58.384  8.879 0.0000000000
154747  10.209  57.652  8.964 0.0000000000
154748  10.503  56.893  9.083 0.0000000000
154750  8.920  56.799  5.909 0.0000000000
154751  8.929  56.514  6.571 0.0000000000
154752  9.601  55.272  6.091 0.0000000000
154753  9.339  55.731  6.704 0.0000000000
154754  9.337  56.337  7.282 0.0000000000
154755  9.916  56.227  7.892 0.0000000000
154756  10.406  56.148  8.541 0.0000000000
154757  10.788  56.022  9.257 0.0000000000
154758  10.968  55.169  9.462 0.0000000000
154759  11.052  54.399  9.523 0.0000000000
154760  11.024  53.719  9.564 0.0000000000
154761  10.639  53.267  8.184 0.0000000000
154762  10.838  53.155  8.880 0.0000000000
154763  10.989  53.064  9.609 0.0000000000
154764  11.020  52.388  9.658 0.0000000000
154765  11.100  51.746  9.750 0.0000000000
154766  11.187  51.162  9.800 0.0000000000
154767  11.238  50.857  9.246 0.0000000000
154768  11.313  50.560  8.730 0.0000000000
154769  11.453  50.217  8.220 0.0000000000
154770  10.530  50.839  7.318 0.0000000000
154771  11.077  50.326  7.460 0.0000000000
154772  11.738  49.764  7.577 0.0000000000
154773  12.124  49.281  6.946 0.0000000000
154774  12.494  48.833  6.351 0.0000000000
154775  12.860  48.369  5.807 0.0000000000
154776  10.706  51.483  4.470 0.0000000000
154777  10.345  50.873  4.372 0.0000000000
154778  10.439  50.168  4.458 0.0000000000
154780  10.721  49.697  3.846 0.0000000000
154781  10.997  49.496  4.649 0.0000000000
154782  11.771  48.916  4.874 0.0000000000
154783  12.569  48.396  5.079 0.0000000000
154784  13.283  47.873  5.235 0.0000000000
