#!ascii label  , from subject fsaverage vox2ras=TkReg
533
56  40.986  39.800  -4.868 0.0000000000
389  39.337  48.923  2.386 0.0000000000
1135  44.016  43.211  -9.252 0.0000000000
1616  47.582  37.409  -2.626 0.0000000000
1617  45.958  35.978  -7.301 0.0000000000
1867  38.619  44.203  -1.234 0.0000000000
1869  39.954  42.357  2.354 0.0000000000
1870  42.287  39.330  -0.692 0.0000000000
3053  40.676  43.288  -5.046 0.0000000000
3055  42.215  41.585  -7.302 0.0000000000
3654  50.189  35.314  -4.189 0.0000000000
4102  38.509  46.771  0.598 0.0000000000
4107  39.865  40.953  3.999 0.0000000000
4108  40.835  39.571  2.391 0.0000000000
4109  40.505  40.688  0.588 0.0000000000
4110  42.788  38.407  1.198 0.0000000000
4111  45.023  37.431  0.100 0.0000000000
4847  46.298  37.323  -10.268 0.0000000000
7610  43.727  37.909  -3.673 0.0000000000
7611  43.358  37.719  -6.357 0.0000000000
7612  46.920  36.407  -5.047 0.0000000000
7613  49.412  34.745  -6.274 0.0000000000
8220  39.458  45.215  -3.082 0.0000000000
8221  39.203  41.949  -3.276 0.0000000000
8224  40.257  47.119  4.168 0.0000000000
8226  40.846  44.015  4.160 0.0000000000
8227  39.332  45.213  2.592 0.0000000000
8228  38.645  43.168  0.687 0.0000000000
8229  39.274  41.044  -1.297 0.0000000000
8230  41.142  39.139  -2.670 0.0000000000
8231  44.777  38.400  -1.639 0.0000000000
8232  47.755  36.651  -0.889 0.0000000000
9142  44.164  39.368  -9.030 0.0000000000
10733  40.490  41.524  -5.182 0.0000000000
10734  41.313  42.467  -6.235 0.0000000000
10735  41.440  40.571  -6.166 0.0000000000
11780  39.294  49.727  1.304 0.0000000000
11781  39.056  48.518  0.410 0.0000000000
11782  38.859  47.969  1.466 0.0000000000
11789  41.722  38.964  1.753 0.0000000000
16718  45.575  37.545  -3.173 0.0000000000
16719  45.180  37.144  -4.408 0.0000000000
16720  47.270  36.858  -3.893 0.0000000000
16721  50.662  34.049  -4.832 0.0000000000
16722  49.857  34.884  -5.362 0.0000000000
16723  50.412  33.845  -5.854 0.0000000000
16724  50.109  33.774  -6.752 0.0000000000
18063  38.824  45.911  -1.145 0.0000000000
18064  39.120  46.284  -2.077 0.0000000000
18065  38.986  44.719  -2.123 0.0000000000
18066  39.331  43.659  -3.130 0.0000000000
18067  38.793  43.046  -2.234 0.0000000000
18079  40.240  41.646  3.235 0.0000000000
18080  40.337  42.331  4.116 0.0000000000
18081  40.420  43.209  3.184 0.0000000000
18082  40.290  44.684  3.251 0.0000000000
18083  39.740  43.718  2.456 0.0000000000
18084  38.849  44.193  1.702 0.0000000000
18085  39.299  42.807  1.539 0.0000000000
18086  41.247  39.986  -0.126 0.0000000000
18087  39.817  40.864  -0.336 0.0000000000
18088  40.516  39.989  -1.105 0.0000000000
18089  40.070  40.036  -2.075 0.0000000000
18090  41.585  39.193  -1.678 0.0000000000
18091  42.862  38.668  -2.175 0.0000000000
18092  43.486  38.852  -1.184 0.0000000000
18094  46.352  37.017  -0.356 0.0000000000
20296  44.605  36.848  -6.887 0.0000000000
20297  43.562  38.379  -7.764 0.0000000000
20298  44.649  37.443  -8.355 0.0000000000
20300  46.030  39.361  -10.792 0.0000000000
20301  46.373  39.909  -11.886 0.0000000000
23927  40.743  44.786  -5.012 0.0000000000
23929  41.495  44.109  -6.104 0.0000000000
23930  42.285  43.346  -7.219 0.0000000000
23931  43.162  42.433  -8.186 0.0000000000
25007  49.347  36.810  -2.220 0.0000000000
25008  49.116  36.597  -3.387 0.0000000000
25009  50.465  35.630  -3.061 0.0000000000
25010  50.981  34.320  -3.743 0.0000000000
25815  38.829  47.284  -0.313 0.0000000000
25816  38.432  45.483  -0.259 0.0000000000
25825  40.194  40.217  3.158 0.0000000000
25826  40.326  40.860  2.380 0.0000000000
25827  39.977  41.479  1.448 0.0000000000
25828  40.896  40.217  1.593 0.0000000000
25829  41.771  39.606  0.857 0.0000000000
25830  42.860  39.045  0.318 0.0000000000
25831  43.910  38.607  -0.203 0.0000000000
25832  43.834  37.894  0.648 0.0000000000
27154  47.178  35.129  -7.759 0.0000000000
27155  45.831  36.488  -8.816 0.0000000000
27156  46.930  35.470  -9.161 0.0000000000
33272  42.115  38.606  -4.280 0.0000000000
33273  42.202  38.837  -5.695 0.0000000000
33274  43.425  37.726  -5.063 0.0000000000
33275  44.935  36.851  -5.648 0.0000000000
33276  46.359  36.072  -6.068 0.0000000000
33277  48.798  36.042  -4.524 0.0000000000
33278  48.289  35.588  -5.586 0.0000000000
33279  47.683  35.348  -6.567 0.0000000000
33280  48.898  34.565  -7.130 0.0000000000
34960  40.061  45.647  -4.129 0.0000000000
34961  40.093  44.254  -4.050 0.0000000000
34962  39.853  42.604  -4.176 0.0000000000
34963  39.985  40.806  -4.117 0.0000000000
34971  39.999  49.054  4.202 0.0000000000
34972  39.634  47.986  3.364 0.0000000000
34976  39.541  41.761  4.825 0.0000000000
34977  40.093  43.241  4.908 0.0000000000
34980  39.876  46.182  3.418 0.0000000000
34981  39.105  46.986  2.593 0.0000000000
34982  38.613  45.989  1.682 0.0000000000
34983  38.360  44.862  0.676 0.0000000000
34984  38.346  43.636  -0.353 0.0000000000
34985  39.345  41.829  0.557 0.0000000000
34986  38.827  42.091  -0.398 0.0000000000
34987  38.612  42.544  -1.342 0.0000000000
34988  39.076  41.357  -2.269 0.0000000000
34989  39.838  40.291  -3.073 0.0000000000
34990  40.892  39.339  -3.706 0.0000000000
34991  42.400  38.418  -3.132 0.0000000000
34992  44.243  38.184  -2.685 0.0000000000
34993  46.103  37.942  -2.038 0.0000000000
34994  45.147  38.131  -0.616 0.0000000000
34995  46.449  37.746  -0.998 0.0000000000
34996  47.794  37.357  -1.638 0.0000000000
37666  42.449  39.474  -6.963 0.0000000000
37667  43.106  40.476  -8.136 0.0000000000
37668  44.121  41.493  -9.114 0.0000000000
37669  45.272  38.475  -9.700 0.0000000000
37670  45.067  40.384  -10.092 0.0000000000
37671  44.779  42.106  -10.251 0.0000000000
37672  44.886  42.520  -11.585 0.0000000000
41453  40.615  40.601  -5.040 0.0000000000
41454  40.963  41.039  -5.683 0.0000000000
41455  41.163  40.118  -5.531 0.0000000000
42498  39.426  49.859  2.288 0.0000000000
42499  39.329  50.200  1.724 0.0000000000
42500  39.255  49.379  1.822 0.0000000000
42501  39.106  48.873  1.358 0.0000000000
42502  39.077  48.493  1.933 0.0000000000
45645  44.236  43.453  -9.933 0.0000000000
47438  46.569  37.444  -2.864 0.0000000000
47439  46.425  37.206  -3.517 0.0000000000
47440  47.433  37.124  -3.282 0.0000000000
47442  50.562  33.921  -5.381 0.0000000000
47443  50.533  33.348  -5.553 0.0000000000
47444  50.407  33.310  -5.994 0.0000000000
48783  38.716  45.040  -1.181 0.0000000000
48784  38.880  45.308  -1.606 0.0000000000
48785  38.781  44.431  -1.699 0.0000000000
48786  38.895  43.880  -2.187 0.0000000000
48787  38.684  43.603  -1.745 0.0000000000
48799  40.145  42.028  2.794 0.0000000000
48800  40.318  42.421  3.216 0.0000000000
48801  40.125  42.791  2.783 0.0000000000
48802  40.123  43.500  2.801 0.0000000000
48803  39.815  43.059  2.398 0.0000000000
48804  39.429  43.261  2.065 0.0000000000
48805  39.617  42.627  1.963 0.0000000000
48806  41.717  39.642  -0.414 0.0000000000
48807  40.842  40.019  -0.610 0.0000000000
48808  41.302  39.649  -0.936 0.0000000000
48809  41.023  39.571  -1.424 0.0000000000
48810  41.927  39.290  -1.205 0.0000000000
48811  42.526  39.023  -1.482 0.0000000000
48812  42.869  39.069  -0.956 0.0000000000
51016  45.311  36.446  -7.126 0.0000000000
51017  44.609  37.027  -7.585 0.0000000000
51018  45.170  36.602  -7.848 0.0000000000
51020  46.621  38.998  -11.670 0.0000000000
55238  40.745  44.052  -4.993 0.0000000000
55239  41.105  44.434  -5.570 0.0000000000
55240  41.088  43.771  -5.538 0.0000000000
55241  41.728  42.045  -6.782 0.0000000000
55242  41.762  42.947  -6.725 0.0000000000
55243  42.172  42.514  -7.242 0.0000000000
55244  42.714  42.912  -7.693 0.0000000000
55245  42.669  42.042  -7.725 0.0000000000
57038  50.034  36.236  -2.080 0.0000000000
57039  50.024  36.316  -2.657 0.0000000000
57043  51.242  33.748  -3.459 0.0000000000
57044  51.034  33.690  -3.988 0.0000000000
58383  38.784  47.694  0.476 0.0000000000
58384  38.945  47.910  0.035 0.0000000000
58385  38.668  47.058  0.107 0.0000000000
58386  38.610  46.391  -0.255 0.0000000000
58387  38.420  46.128  0.210 0.0000000000
58399  40.637  39.282  2.717 0.0000000000
58400  40.208  39.626  3.094 0.0000000000
58401  40.472  39.867  2.747 0.0000000000
58402  40.350  40.515  2.778 0.0000000000
58403  40.587  40.172  2.376 0.0000000000
58404  40.543  40.523  1.976 0.0000000000
58405  40.924  39.909  2.036 0.0000000000
58406  42.240  38.656  1.460 0.0000000000
58407  41.785  39.289  1.364 0.0000000000
58408  42.355  38.991  1.085 0.0000000000
58409  42.295  39.299  0.585 0.0000000000
58410  42.906  38.730  0.813 0.0000000000
58411  43.402  38.495  0.528 0.0000000000
58412  43.301  38.173  0.934 0.0000000000
60616  47.847  34.765  -7.932 0.0000000000
60617  47.055  35.242  -8.426 0.0000000000
73193  42.836  38.141  -3.979 0.0000000000
73194  42.751  38.188  -4.670 0.0000000000
73195  43.531  37.823  -4.362 0.0000000000
73196  46.036  36.739  -4.737 0.0000000000
73197  45.040  36.974  -5.042 0.0000000000
73198  45.895  36.604  -5.337 0.0000000000
73199  45.646  36.465  -5.867 0.0000000000
73200  46.625  36.215  -5.550 0.0000000000
73201  49.734  36.019  -3.790 0.0000000000
73202  48.945  36.317  -4.006 0.0000000000
73203  49.543  35.690  -4.394 0.0000000000
73204  49.659  34.804  -5.780 0.0000000000
73205  49.150  35.309  -5.459 0.0000000000
73206  48.888  35.196  -5.944 0.0000000000
73207  47.942  35.492  -6.046 0.0000000000
73208  48.595  35.081  -6.380 0.0000000000
73209  48.325  34.986  -6.831 0.0000000000
73210  49.172  34.663  -6.695 0.0000000000
73212  49.889  33.669  -7.122 0.0000000000
77231  39.210  45.722  -2.606 0.0000000000
77233  39.494  45.945  -3.124 0.0000000000
77235  39.759  45.434  -3.605 0.0000000000
77236  40.113  44.966  -4.081 0.0000000000
77237  39.743  44.727  -3.565 0.0000000000
77238  39.188  42.805  -3.222 0.0000000000
77239  39.529  43.119  -3.677 0.0000000000
77240  39.472  42.281  -3.743 0.0000000000
77241  39.781  41.704  -4.217 0.0000000000
77242  39.569  41.408  -3.724 0.0000000000
77263  40.109  48.017  4.198 0.0000000000
77264  39.863  48.512  3.758 0.0000000000
77265  39.906  47.524  3.793 0.0000000000
77274  39.496  40.724  4.317 0.0000000000
77276  39.741  41.359  4.410 0.0000000000
77277  40.604  43.130  4.161 0.0000000000
77278  40.203  42.740  4.554 0.0000000000
77279  40.529  43.624  4.558 0.0000000000
77280  40.429  44.152  4.918 0.0000000000
77284  39.806  44.932  2.956 0.0000000000
77285  40.129  45.409  3.357 0.0000000000
77286  39.628  45.682  3.011 0.0000000000
77287  39.407  46.520  3.077 0.0000000000
77288  39.178  46.063  2.630 0.0000000000
77289  38.804  46.524  2.199 0.0000000000
77290  38.898  45.589  2.193 0.0000000000
77291  38.736  43.692  1.190 0.0000000000
77292  38.549  44.500  1.192 0.0000000000
77293  38.487  43.947  0.695 0.0000000000
77294  38.356  44.246  0.179 0.0000000000
77295  38.468  43.412  0.181 0.0000000000
77296  40.222  41.080  1.001 0.0000000000
77297  39.608  41.656  1.001 0.0000000000
77298  39.889  41.229  0.540 0.0000000000
77299  39.497  40.917  -0.835 0.0000000000
77300  39.297  41.423  -0.407 0.0000000000
77301  39.027  41.562  -0.871 0.0000000000
77302  38.680  42.319  -0.846 0.0000000000
77303  38.872  41.746  -1.336 0.0000000000
77304  38.824  41.942  -1.824 0.0000000000
77305  39.146  41.168  -1.775 0.0000000000
77306  40.515  39.569  -2.420 0.0000000000
77307  39.866  40.149  -2.581 0.0000000000
77308  40.413  39.658  -2.899 0.0000000000
77309  40.307  39.752  -3.413 0.0000000000
77310  40.996  39.190  -3.189 0.0000000000
77311  41.567  38.834  -3.453 0.0000000000
77312  41.762  38.766  -2.902 0.0000000000
77313  43.834  38.555  -1.945 0.0000000000
77314  43.535  38.423  -2.410 0.0000000000
77315  44.550  38.315  -2.200 0.0000000000
77316  45.197  38.073  -2.387 0.0000000000
77317  45.443  38.185  -1.828 0.0000000000
77318  44.522  38.036  0.000 0.0000000000
77319  44.556  38.360  -0.384 0.0000000000
77320  45.139  37.776  -0.228 0.0000000000
77321  47.028  36.853  -0.566 0.0000000000
77322  46.416  37.425  -0.652 0.0000000000
77323  47.091  37.250  -0.911 0.0000000000
77324  47.114  37.547  -1.291 0.0000000000
77325  47.799  37.061  -1.228 0.0000000000
77326  48.552  36.881  -1.526 0.0000000000
77327  48.526  36.475  -1.199 0.0000000000
83926  42.780  38.262  -6.071 0.0000000000
83927  42.256  39.079  -6.388 0.0000000000
83928  42.810  38.495  -6.702 0.0000000000
83929  43.783  38.792  -8.416 0.0000000000
83930  43.269  39.373  -8.018 0.0000000000
83931  43.622  39.835  -8.583 0.0000000000
83932  43.626  40.988  -8.655 0.0000000000
83933  44.101  40.411  -9.137 0.0000000000
83934  46.035  36.905  -9.564 0.0000000000
83935  45.489  37.482  -9.356 0.0000000000
83936  45.831  37.925  -10.041 0.0000000000
83937  45.894  40.270  -10.957 0.0000000000
83938  45.592  39.878  -10.437 0.0000000000
83939  45.463  40.797  -10.569 0.0000000000
83940  44.994  41.278  -10.127 0.0000000000
83941  45.241  41.628  -10.705 0.0000000000
83942  44.936  42.358  -10.884 0.0000000000
83943  45.319  41.886  -11.339 0.0000000000
93047  40.559  42.453  -5.145 0.0000000000
93048  40.972  42.883  -5.652 0.0000000000
93049  40.916  41.979  -5.723 0.0000000000
93050  41.313  41.540  -6.290 0.0000000000
93051  41.790  41.091  -6.755 0.0000000000
94933  39.317  49.372  0.354 0.0000000000
94934  39.170  49.177  0.848 0.0000000000
94935  38.922  48.306  0.909 0.0000000000
94936  38.663  47.395  1.016 0.0000000000
94946  41.103  38.989  2.395 0.0000000000
94947  41.282  39.290  2.080 0.0000000000
94949  42.083  38.360  1.779 0.0000000000
94950  42.622  38.085  1.512 0.0000000000
103820  44.627  37.704  -3.443 0.0000000000
103821  44.429  37.548  -4.049 0.0000000000
103822  45.310  37.325  -3.799 0.0000000000
103823  46.205  36.970  -4.139 0.0000000000
103824  47.097  36.608  -4.480 0.0000000000
103825  50.507  34.697  -4.538 0.0000000000
103826  49.997  35.066  -4.806 0.0000000000
103827  50.340  34.506  -5.110 0.0000000000
103828  50.215  34.373  -5.590 0.0000000000
103829  50.084  34.315  -6.105 0.0000000000
103830  49.820  34.267  -6.543 0.0000000000
103831  50.237  33.804  -6.312 0.0000000000
106241  38.954  46.767  -1.142 0.0000000000
106243  38.961  46.100  -1.580 0.0000000000
106244  39.050  45.526  -2.074 0.0000000000
106245  39.182  44.969  -2.584 0.0000000000
106246  39.426  44.466  -3.078 0.0000000000
106247  39.151  44.184  -2.618 0.0000000000
106248  39.007  43.345  -2.674 0.0000000000
106249  38.957  42.461  -2.741 0.0000000000
106263  40.414  46.801  4.522 0.0000000000
106269  40.131  41.256  3.641 0.0000000000
106270  40.097  41.610  4.069 0.0000000000
106271  40.258  41.989  3.668 0.0000000000
106272  40.473  42.773  3.658 0.0000000000
106273  40.620  43.602  3.676 0.0000000000
106274  40.635  44.392  3.678 0.0000000000
106275  40.418  43.981  3.218 0.0000000000
106276  39.998  44.214  2.872 0.0000000000
106277  39.498  44.447  2.571 0.0000000000
106278  39.023  44.739  2.211 0.0000000000
106279  39.222  43.957  2.160 0.0000000000
106280  39.081  43.459  1.665 0.0000000000
106281  38.972  42.992  1.142 0.0000000000
106282  40.826  40.342  0.224 0.0000000000
106283  40.149  40.779  0.122 0.0000000000
106284  40.439  40.390  -0.230 0.0000000000
106285  40.106  40.407  -0.728 0.0000000000
106286  39.826  40.457  -1.223 0.0000000000
106287  39.637  40.501  -1.686 0.0000000000
106288  40.254  39.964  -1.616 0.0000000000
106289  40.750  39.542  -1.925 0.0000000000
106290  41.304  39.154  -2.168 0.0000000000
106291  41.932  38.784  -2.393 0.0000000000
106292  42.197  38.928  -1.953 0.0000000000
106293  43.154  38.798  -1.732 0.0000000000
106294  44.066  38.664  -1.445 0.0000000000
106296  45.690  37.189  -0.136 0.0000000000
106298  46.925  36.429  -0.264 0.0000000000
106299  47.603  36.242  -0.501 0.0000000000
110260  43.981  37.292  -6.649 0.0000000000
110261  43.369  37.985  -7.067 0.0000000000
110262  43.981  37.525  -7.355 0.0000000000
110263  44.107  37.826  -8.039 0.0000000000
110264  44.335  38.379  -8.762 0.0000000000
110266  46.142  38.367  -10.591 0.0000000000
110267  46.448  38.781  -11.129 0.0000000000
110268  46.291  39.695  -11.329 0.0000000000
117269  40.714  45.487  -5.052 0.0000000000
117274  41.421  43.353  -6.142 0.0000000000
117275  41.911  43.752  -6.657 0.0000000000
117276  42.331  44.062  -7.220 0.0000000000
117277  42.814  43.770  -7.705 0.0000000000
119789  48.501  37.193  -2.371 0.0000000000
119790  48.376  36.996  -3.024 0.0000000000
119791  49.243  36.749  -2.783 0.0000000000
119792  49.876  36.182  -3.212 0.0000000000
119793  50.366  35.500  -3.609 0.0000000000
119795  50.839  34.958  -3.449 0.0000000000
119796  50.652  34.851  -3.978 0.0000000000
119797  50.825  34.199  -4.281 0.0000000000
121673  39.215  48.733  -0.042 0.0000000000
121676  38.795  46.588  -0.712 0.0000000000
121677  38.645  45.699  -0.699 0.0000000000
121678  38.514  44.805  -0.740 0.0000000000
121694  39.632  40.327  3.848 0.0000000000
121697  39.976  40.592  3.560 0.0000000000
121698  40.215  40.891  3.203 0.0000000000
121699  40.229  41.245  2.816 0.0000000000
121700  40.125  41.610  2.356 0.0000000000
121701  39.932  41.957  1.877 0.0000000000
121702  40.182  41.192  1.921 0.0000000000
121703  40.437  40.838  1.491 0.0000000000
121704  40.772  40.508  1.097 0.0000000000
121705  41.335  39.607  1.696 0.0000000000
121706  41.289  39.918  1.233 0.0000000000
121707  41.116  40.211  0.715 0.0000000000
121708  41.570  39.848  0.379 0.0000000000
121709  42.104  39.546  0.102 0.0000000000
121710  42.606  39.259  -0.188 0.0000000000
121711  43.152  39.063  -0.463 0.0000000000
121712  43.357  38.857  0.026 0.0000000000
121713  43.954  38.275  0.273 0.0000000000
121714  44.405  37.662  0.349 0.0000000000
121716  44.236  37.279  0.679 0.0000000000
121717  44.886  37.055  0.424 0.0000000000
124798  46.571  35.570  -7.529 0.0000000000
124799  45.823  36.164  -8.046 0.0000000000
124800  46.381  35.626  -8.228 0.0000000000
124801  46.430  35.968  -8.993 0.0000000000
124802  46.548  36.354  -9.759 0.0000000000
124804  47.053  35.853  -9.890 0.0000000000
124805  46.747  36.760  -10.428 0.0000000000
131461  39.509  49.401  2.819 0.0000000000
140978  41.501  39.138  -4.609 0.0000000000
140979  41.601  39.323  -5.335 0.0000000000
140980  42.115  38.684  -4.972 0.0000000000
140981  42.753  38.194  -5.366 0.0000000000
140982  43.436  37.694  -5.743 0.0000000000
140983  44.263  37.404  -4.710 0.0000000000
140984  44.176  37.282  -5.393 0.0000000000
140985  44.071  37.185  -6.020 0.0000000000
140986  44.749  36.811  -6.244 0.0000000000
140987  45.417  36.392  -6.451 0.0000000000
140988  46.147  36.013  -6.676 0.0000000000
140989  48.231  36.752  -3.665 0.0000000000
140990  48.051  36.478  -4.240 0.0000000000
140991  47.912  36.235  -4.772 0.0000000000
140992  49.346  35.451  -4.961 0.0000000000
140993  48.568  35.788  -5.083 0.0000000000
140994  47.672  35.994  -5.288 0.0000000000
140995  47.339  35.820  -5.781 0.0000000000
140996  47.071  35.663  -6.258 0.0000000000
140997  46.779  35.610  -6.881 0.0000000000
140998  47.391  35.216  -7.141 0.0000000000
140999  48.044  34.848  -7.395 0.0000000000
141001  49.625  34.205  -6.936 0.0000000000
145901  40.407  45.216  -4.572 0.0000000000
145902  40.442  44.523  -4.533 0.0000000000
145903  40.407  43.792  -4.509 0.0000000000
145904  39.705  43.984  -3.561 0.0000000000
145905  39.993  43.466  -4.085 0.0000000000
145906  40.266  42.961  -4.613 0.0000000000
145907  40.166  42.065  -4.670 0.0000000000
145908  40.207  41.150  -4.632 0.0000000000
145909  40.444  40.281  -4.490 0.0000000000
145936  39.449  48.421  2.909 0.0000000000
145949  39.919  42.012  4.515 0.0000000000
145950  39.770  42.449  4.896 0.0000000000
145951  39.636  42.959  5.182 0.0000000000
145952  39.957  43.819  5.227 0.0000000000
145957  40.424  46.338  4.118 0.0000000000
145958  40.510  45.146  3.689 0.0000000000
145959  40.296  45.880  3.753 0.0000000000
145960  40.047  46.636  3.792 0.0000000000
145961  39.685  47.039  3.421 0.0000000000
145962  39.368  47.451  2.987 0.0000000000
145963  39.169  47.959  2.478 0.0000000000
145964  38.874  47.525  2.058 0.0000000000
145965  38.667  46.963  1.601 0.0000000000
145966  38.430  46.381  1.151 0.0000000000
145967  38.688  45.065  1.697 0.0000000000
145968  38.425  45.444  1.192 0.0000000000
145969  38.352  45.809  0.671 0.0000000000
145970  38.315  45.181  0.186 0.0000000000
145971  38.319  44.551  -0.303 0.0000000000
145972  38.453  43.952  -0.791 0.0000000000
145973  39.588  42.139  1.464 0.0000000000
145974  39.261  42.315  1.029 0.0000000000
145975  38.932  42.468  0.614 0.0000000000
145976  39.558  41.333  0.068 0.0000000000
145977  39.058  41.937  0.088 0.0000000000
145978  38.687  42.649  0.154 0.0000000000
145979  38.480  42.870  -0.302 0.0000000000
145980  38.495  43.121  -0.822 0.0000000000
145981  38.552  43.397  -1.287 0.0000000000
145982  38.678  42.769  -1.800 0.0000000000
145983  38.822  42.167  -2.304 0.0000000000
145984  39.075  41.574  -2.758 0.0000000000
145985  39.509  40.648  -2.180 0.0000000000
145986  39.389  40.809  -2.689 0.0000000000
145987  39.431  41.053  -3.206 0.0000000000
145988  39.846  40.498  -3.606 0.0000000000
145989  40.358  39.994  -3.930 0.0000000000
145990  40.886  39.503  -4.279 0.0000000000
145991  41.481  38.958  -4.006 0.0000000000
145992  42.220  38.494  -3.701 0.0000000000
145993  43.054  38.190  -3.412 0.0000000000
145994  42.599  38.532  -2.637 0.0000000000
145995  43.251  38.298  -2.902 0.0000000000
145996  43.948  38.028  -3.166 0.0000000000
145997  44.925  37.884  -2.951 0.0000000000
145998  45.850  37.773  -2.597 0.0000000000
145999  46.823  37.668  -2.307 0.0000000000
146000  43.801  38.817  -0.652 0.0000000000
146001  44.381  38.563  -0.878 0.0000000000
146002  45.035  38.401  -1.094 0.0000000000
146003  45.764  37.576  -0.433 0.0000000000
146004  45.757  37.949  -0.818 0.0000000000
146005  45.661  38.144  -1.292 0.0000000000
146006  46.340  37.926  -1.486 0.0000000000
146007  47.046  37.751  -1.744 0.0000000000
146008  47.728  37.456  -2.090 0.0000000000
146009  48.548  37.105  -1.930 0.0000000000
146010  49.336  36.641  -1.796 0.0000000000
153958  41.749  39.646  -5.979 0.0000000000
153959  41.947  40.074  -6.601 0.0000000000
153960  42.256  40.546  -7.138 0.0000000000
153961  42.985  38.880  -7.422 0.0000000000
153962  42.713  39.973  -7.563 0.0000000000
153963  42.668  41.064  -7.704 0.0000000000
153964  43.143  41.574  -8.206 0.0000000000
153965  43.632  41.983  -8.691 0.0000000000
153966  44.092  42.361  -9.163 0.0000000000
153967  45.240  36.991  -8.606 0.0000000000
153968  44.880  37.962  -9.093 0.0000000000
153969  44.695  38.929  -9.398 0.0000000000
153970  45.641  38.906  -10.286 0.0000000000
153971  45.142  39.446  -9.932 0.0000000000
153972  44.607  39.918  -9.597 0.0000000000
153973  44.586  40.899  -9.610 0.0000000000
153974  44.518  41.811  -9.649 0.0000000000
153975  44.393  42.649  -9.760 0.0000000000
153976  44.574  42.887  -10.435 0.0000000000
153977  44.594  43.030  -11.146 0.0000000000
