#!ascii label  , from subject fsaverage vox2ras=TkReg
532
117  23.636  20.664  -18.767 0.0000000000
514  19.930  29.637  -19.126 0.0000000000
515  27.452  28.503  -12.708 0.0000000000
1327  18.806  19.014  -20.329 0.0000000000
1329  21.411  14.688  -21.686 0.0000000000
2183  17.268  24.536  -22.437 0.0000000000
2184  20.295  24.261  -16.005 0.0000000000
2186  21.278  28.915  -12.427 0.0000000000
2187  25.107  25.270  -15.553 0.0000000000
3247  21.033  19.540  -18.607 0.0000000000
3248  19.840  16.342  -21.231 0.0000000000
3249  22.173  17.686  -20.367 0.0000000000
4818  17.958  29.816  -21.982 0.0000000000
4820  18.947  27.001  -20.592 0.0000000000
4821  19.189  24.405  -18.821 0.0000000000
4822  19.479  27.012  -17.058 0.0000000000
4826  25.225  30.347  -10.059 0.0000000000
4827  22.384  31.053  -10.974 0.0000000000
4828  23.991  28.453  -11.491 0.0000000000
4829  22.963  26.518  -13.010 0.0000000000
4830  26.075  26.984  -14.103 0.0000000000
4831  27.868  25.921  -18.036 0.0000000000
6997  16.932  19.129  -22.728 0.0000000000
6999  17.745  16.232  -22.405 0.0000000000
9112  18.092  21.907  -21.014 0.0000000000
9113  19.638  21.775  -17.957 0.0000000000
9114  21.855  22.020  -16.469 0.0000000000
9117  20.848  32.136  -17.256 0.0000000000
9119  20.798  31.901  -13.581 0.0000000000
9120  19.779  29.530  -15.236 0.0000000000
9121  20.557  26.666  -14.098 0.0000000000
9122  22.366  24.411  -14.710 0.0000000000
9123  24.530  23.032  -17.139 0.0000000000
9124  26.918  23.766  -19.347 0.0000000000
10927  22.380  20.028  -18.407 0.0000000000
10928  21.512  18.538  -19.495 0.0000000000
10929  22.805  19.178  -19.447 0.0000000000
12498  19.292  29.625  -20.666 0.0000000000
12499  18.504  28.416  -21.361 0.0000000000
12500  19.505  28.351  -19.935 0.0000000000
12501  19.410  27.037  -18.890 0.0000000000
12502  19.621  28.342  -18.093 0.0000000000
12506  26.298  29.295  -10.975 0.0000000000
12507  24.584  29.415  -10.759 0.0000000000
12508  25.664  28.410  -11.789 0.0000000000
12509  25.074  27.572  -12.540 0.0000000000
12510  26.775  27.784  -13.400 0.0000000000
12511  27.661  27.400  -15.404 0.0000000000
12512  28.335  28.132  -14.673 0.0000000000
15502  17.888  19.094  -21.561 0.0000000000
15503  17.230  17.583  -22.658 0.0000000000
15504  18.183  17.531  -21.807 0.0000000000
15505  20.632  15.459  -21.508 0.0000000000
15506  19.506  15.050  -21.866 0.0000000000
15507  20.370  14.126  -21.913 0.0000000000
20220  16.347  23.242  -23.345 0.0000000000
20221  16.931  21.851  -22.707 0.0000000000
20222  17.796  23.170  -21.692 0.0000000000
20223  19.629  24.259  -17.267 0.0000000000
20224  19.325  23.047  -18.170 0.0000000000
20225  20.051  23.006  -16.967 0.0000000000
20226  20.655  21.793  -16.946 0.0000000000
20227  20.957  23.093  -16.004 0.0000000000
20239  21.782  30.022  -11.639 0.0000000000
20240  21.391  31.548  -12.095 0.0000000000
20241  20.791  30.426  -12.800 0.0000000000
20242  20.196  30.691  -14.353 0.0000000000
20243  20.268  29.246  -13.517 0.0000000000
20244  20.032  28.041  -14.360 0.0000000000
20245  20.859  27.780  -13.219 0.0000000000
20246  24.089  25.797  -14.030 0.0000000000
20247  22.628  25.524  -13.849 0.0000000000
20248  23.720  24.755  -14.834 0.0000000000
20249  23.494  23.664  -15.631 0.0000000000
20250  24.787  24.229  -16.416 0.0000000000
20251  25.656  23.578  -18.210 0.0000000000
20252  26.000  24.739  -17.521 0.0000000000
24277  19.764  19.132  -19.291 0.0000000000
24278  19.184  17.537  -20.827 0.0000000000
24279  20.257  17.896  -19.994 0.0000000000
24280  20.953  16.958  -20.587 0.0000000000
24281  21.707  16.153  -21.157 0.0000000000
27104  16.609  30.082  -23.542 0.0000000000
27106  17.086  28.586  -22.905 0.0000000000
27107  17.594  27.107  -22.170 0.0000000000
27108  18.230  25.771  -21.509 0.0000000000
27109  18.575  24.453  -20.602 0.0000000000
27110  19.124  25.692  -19.690 0.0000000000
27111  19.396  25.678  -17.875 0.0000000000
27112  19.760  25.609  -16.346 0.0000000000
27120  23.728  30.651  -10.305 0.0000000000
27121  23.098  29.696  -10.989 0.0000000000
27122  22.508  28.663  -11.702 0.0000000000
27123  22.003  27.590  -12.507 0.0000000000
27124  23.460  27.516  -12.218 0.0000000000
27125  24.534  26.687  -13.273 0.0000000000
27126  25.518  26.181  -14.786 0.0000000000
27127  26.491  25.725  -16.700 0.0000000000
27128  26.989  26.628  -16.045 0.0000000000
27129  28.492  26.868  -17.469 0.0000000000
30844  16.042  31.666  -24.025 0.0000000000
30847  19.980  30.844  -19.835 0.0000000000
31687  15.873  19.306  -23.440 0.0000000000
31689  16.240  17.791  -23.164 0.0000000000
31690  16.796  16.294  -22.778 0.0000000000
31692  18.750  16.193  -21.817 0.0000000000
34012  24.820  21.097  -19.632 0.0000000000
34013  24.060  19.755  -20.042 0.0000000000
37576  16.250  20.616  -23.289 0.0000000000
37577  17.427  20.566  -22.059 0.0000000000
37578  18.347  20.548  -20.477 0.0000000000
37579  18.742  23.159  -19.827 0.0000000000
37580  18.802  21.791  -19.297 0.0000000000
37581  19.126  20.485  -19.084 0.0000000000
37582  20.234  20.550  -18.085 0.0000000000
37583  21.483  20.826  -17.461 0.0000000000
37584  22.818  21.266  -17.412 0.0000000000
37592  20.565  32.198  -18.949 0.0000000000
37593  20.320  30.938  -18.200 0.0000000000
37600  20.662  32.041  -15.337 0.0000000000
37601  20.068  30.882  -16.189 0.0000000000
37602  19.729  29.668  -17.153 0.0000000000
37603  19.579  28.230  -16.098 0.0000000000
37604  19.855  26.819  -15.394 0.0000000000
37605  20.441  25.533  -15.039 0.0000000000
37606  21.608  26.506  -13.349 0.0000000000
37607  21.400  25.466  -14.220 0.0000000000
37608  21.217  24.262  -15.132 0.0000000000
37609  22.160  23.214  -15.584 0.0000000000
37610  23.223  22.470  -16.498 0.0000000000
37611  24.160  21.871  -17.969 0.0000000000
37612  25.327  22.305  -18.973 0.0000000000
41647  23.024  20.348  -18.522 0.0000000000
41648  22.611  19.614  -18.939 0.0000000000
41649  23.239  19.941  -19.102 0.0000000000
43218  19.734  29.620  -19.969 0.0000000000
43219  19.471  29.002  -20.368 0.0000000000
43220  19.759  29.015  -19.571 0.0000000000
43221  19.649  28.353  -19.066 0.0000000000
43222  19.744  28.983  -18.603 0.0000000000
43226  26.866  28.876  -11.780 0.0000000000
43227  25.962  28.869  -11.368 0.0000000000
43228  26.557  28.444  -12.156 0.0000000000
43229  26.247  28.060  -12.549 0.0000000000
43230  27.115  28.147  -13.074 0.0000000000
43231  27.590  27.921  -14.029 0.0000000000
43232  27.929  28.278  -13.665 0.0000000000
46222  18.350  19.067  -20.923 0.0000000000
46223  18.006  18.295  -21.697 0.0000000000
46224  18.473  18.266  -21.150 0.0000000000
46225  21.019  15.079  -21.621 0.0000000000
46226  20.505  14.776  -21.803 0.0000000000
46227  20.876  14.376  -21.821 0.0000000000
46229  21.252  14.001  -21.739 0.0000000000
50936  16.986  25.187  -22.792 0.0000000000
50940  16.792  23.903  -22.943 0.0000000000
50941  17.083  23.210  -22.650 0.0000000000
50942  17.532  23.861  -22.102 0.0000000000
50943  19.934  24.254  -16.590 0.0000000000
50944  19.817  23.637  -17.038 0.0000000000
50945  20.184  23.615  -16.475 0.0000000000
50946  20.477  23.005  -16.473 0.0000000000
50947  20.599  23.658  -15.980 0.0000000000
50959  21.521  29.466  -12.016 0.0000000000
50960  21.247  30.226  -12.161 0.0000000000
50961  21.000  29.667  -12.545 0.0000000000
50962  20.539  29.853  -13.184 0.0000000000
50963  20.759  29.083  -12.921 0.0000000000
50964  20.553  28.484  -13.311 0.0000000000
50965  21.028  28.350  -12.810 0.0000000000
50966  24.611  25.508  -14.738 0.0000000000
50967  23.878  25.292  -14.452 0.0000000000
50968  24.420  25.016  -15.130 0.0000000000
50969  24.260  24.494  -15.566 0.0000000000
50970  24.925  24.757  -16.012 0.0000000000
50971  25.385  24.508  -16.952 0.0000000000
50972  25.549  25.016  -16.516 0.0000000000
55822  20.364  19.306  -18.902 0.0000000000
55823  19.931  18.464  -19.653 0.0000000000
55824  20.574  18.736  -19.293 0.0000000000
55825  21.863  18.108  -19.956 0.0000000000
55826  21.212  17.752  -20.072 0.0000000000
55827  21.556  17.328  -20.448 0.0000000000
55828  21.323  16.572  -20.885 0.0000000000
55829  21.892  16.900  -20.803 0.0000000000
60533  17.272  29.938  -22.775 0.0000000000
60534  16.833  29.332  -23.289 0.0000000000
60535  17.524  29.215  -22.440 0.0000000000
60536  18.717  27.744  -21.021 0.0000000000
60537  18.043  27.782  -21.746 0.0000000000
60538  18.349  27.075  -21.379 0.0000000000
60539  17.907  26.421  -21.824 0.0000000000
60540  18.603  26.360  -20.997 0.0000000000
60541  18.787  25.708  -20.618 0.0000000000
60542  19.107  26.314  -20.153 0.0000000000
60543  19.460  27.056  -17.995 0.0000000000
60544  19.390  26.374  -18.366 0.0000000000
60545  19.472  26.372  -17.465 0.0000000000
60546  19.549  25.654  -17.086 0.0000000000
60547  19.592  26.344  -16.629 0.0000000000
60556  24.740  30.937  -9.812 0.0000000000
60558  24.456  30.486  -10.128 0.0000000000
60559  24.241  28.921  -11.128 0.0000000000
60560  23.797  29.536  -10.837 0.0000000000
60561  23.498  29.058  -11.179 0.0000000000
60562  22.795  29.191  -11.340 0.0000000000
60563  23.235  28.560  -11.519 0.0000000000
60564  22.958  28.052  -11.913 0.0000000000
60565  23.734  27.997  -11.847 0.0000000000
60566  25.574  27.233  -13.248 0.0000000000
60567  24.786  27.129  -12.891 0.0000000000
60568  25.289  26.812  -13.624 0.0000000000
60569  25.024  26.376  -13.955 0.0000000000
60570  25.762  26.577  -14.434 0.0000000000
60571  26.222  26.424  -15.344 0.0000000000
60572  26.538  26.799  -15.027 0.0000000000
60573  28.401  27.652  -16.082 0.0000000000
60574  28.092  27.215  -16.461 0.0000000000
60575  28.786  27.360  -17.126 0.0000000000
60576  29.165  26.832  -18.029 0.0000000000
69547  16.411  19.182  -23.160 0.0000000000
69548  16.050  18.537  -23.299 0.0000000000
69549  16.577  18.441  -23.036 0.0000000000
69550  17.462  16.916  -22.543 0.0000000000
69551  16.973  16.961  -22.788 0.0000000000
69552  17.268  16.258  -22.612 0.0000000000
69553  17.134  15.689  -22.579 0.0000000000
69554  17.594  15.596  -22.442 0.0000000000
69555  19.479  16.908  -21.038 0.0000000000
69556  18.952  16.819  -21.446 0.0000000000
69557  19.305  16.205  -21.517 0.0000000000
69559  18.974  14.932  -22.031 0.0000000000
83701  15.718  20.740  -23.660 0.0000000000
83702  15.950  21.343  -23.558 0.0000000000
83703  17.568  21.883  -21.935 0.0000000000
83704  17.198  21.208  -22.385 0.0000000000
83705  17.734  21.257  -21.616 0.0000000000
83706  17.920  20.585  -21.257 0.0000000000
83707  18.195  21.236  -20.666 0.0000000000
83708  18.938  24.431  -19.695 0.0000000000
83709  18.695  23.804  -20.193 0.0000000000
83710  18.992  23.776  -19.305 0.0000000000
83711  19.434  22.408  -18.037 0.0000000000
83712  19.068  22.438  -18.735 0.0000000000
83713  19.184  21.789  -18.554 0.0000000000
83714  18.928  21.127  -19.153 0.0000000000
83715  19.385  21.149  -18.472 0.0000000000
83716  19.659  20.492  -18.538 0.0000000000
83717  19.906  21.136  -17.970 0.0000000000
83718  21.206  21.957  -16.622 0.0000000000
83719  21.031  21.308  -17.162 0.0000000000
83720  21.681  21.433  -16.940 0.0000000000
83721  22.160  21.017  -17.349 0.0000000000
83722  22.373  21.580  -16.861 0.0000000000
83743  20.819  32.141  -18.214 0.0000000000
83744  20.552  31.531  -18.677 0.0000000000
83745  20.552  31.545  -17.731 0.0000000000
83754  22.734  31.599  -10.674 0.0000000000
83757  21.037  31.732  -12.804 0.0000000000
83759  21.179  32.495  -13.279 0.0000000000
83763  20.683  31.987  -14.409 0.0000000000
83764  19.949  30.112  -14.760 0.0000000000
83765  20.075  30.788  -15.240 0.0000000000
83766  19.837  30.238  -15.659 0.0000000000
83767  19.877  30.318  -16.686 0.0000000000
83768  19.694  29.638  -16.171 0.0000000000
83769  19.581  28.975  -16.632 0.0000000000
83770  19.627  28.935  -15.672 0.0000000000
83771  20.254  27.356  -14.196 0.0000000000
83772  19.910  27.438  -14.893 0.0000000000
83773  20.140  26.751  -14.696 0.0000000000
83774  20.096  26.156  -15.183 0.0000000000
83775  20.485  26.097  -14.594 0.0000000000
83776  22.454  27.025  -12.707 0.0000000000
83777  21.787  27.033  -12.914 0.0000000000
83778  22.251  26.477  -13.122 0.0000000000
83779  22.481  24.995  -14.251 0.0000000000
83780  21.987  25.480  -13.967 0.0000000000
83781  21.833  24.893  -14.425 0.0000000000
83782  21.293  24.861  -14.681 0.0000000000
83783  21.764  24.299  -14.870 0.0000000000
83784  21.669  23.699  -15.309 0.0000000000
83785  22.267  23.797  -15.129 0.0000000000
83786  24.035  23.315  -16.330 0.0000000000
83787  23.384  23.066  -16.053 0.0000000000
83788  23.899  22.723  -16.741 0.0000000000
83789  23.720  22.126  -17.165 0.0000000000
83790  24.361  22.437  -17.570 0.0000000000
83791  24.761  22.126  -18.490 0.0000000000
83792  24.945  22.720  -18.064 0.0000000000
83793  26.265  23.733  -18.799 0.0000000000
83794  26.072  23.139  -19.136 0.0000000000
83798  27.180  25.913  -17.355 0.0000000000
83799  26.924  25.437  -17.738 0.0000000000
83800  27.599  25.452  -18.346 0.0000000000
89190  24.268  19.232  -20.635 0.0000000000
89191  23.655  19.049  -20.268 0.0000000000
93397  21.705  19.756  -18.435 0.0000000000
93398  21.247  19.032  -19.038 0.0000000000
93399  21.946  19.301  -18.936 0.0000000000
93400  22.211  18.870  -19.442 0.0000000000
93401  22.478  18.430  -19.923 0.0000000000
96224  18.657  29.708  -21.234 0.0000000000
96225  18.227  29.112  -21.676 0.0000000000
96226  18.896  29.034  -21.013 0.0000000000
96227  19.135  28.373  -20.705 0.0000000000
96228  19.298  27.681  -20.284 0.0000000000
96229  19.277  27.004  -19.763 0.0000000000
96230  19.489  27.686  -19.449 0.0000000000
96231  19.529  27.699  -18.526 0.0000000000
96232  19.515  27.677  -17.567 0.0000000000
96238  25.773  29.777  -10.436 0.0000000000
96239  24.921  29.876  -10.375 0.0000000000
96240  25.423  29.343  -10.788 0.0000000000
96241  25.076  28.884  -11.151 0.0000000000
96242  24.799  28.405  -11.573 0.0000000000
96243  24.517  27.968  -11.925 0.0000000000
96244  25.377  27.987  -12.168 0.0000000000
96245  25.924  27.655  -12.911 0.0000000000
96246  26.426  27.394  -13.751 0.0000000000
96247  26.881  27.189  -14.676 0.0000000000
96248  27.232  27.568  -14.373 0.0000000000
96249  28.008  27.774  -15.046 0.0000000000
101632  17.421  19.109  -22.171 0.0000000000
101633  17.057  18.367  -22.665 0.0000000000
101634  17.534  18.335  -22.209 0.0000000000
101635  17.702  17.571  -22.262 0.0000000000
101636  17.933  16.872  -22.228 0.0000000000
101637  20.236  15.876  -21.368 0.0000000000
101638  19.681  15.671  -21.597 0.0000000000
101639  20.077  15.198  -21.682 0.0000000000
101640  19.919  14.555  -21.919 0.0000000000
110124  15.938  22.608  -23.667 0.0000000000
110125  16.257  21.932  -23.356 0.0000000000
110126  16.639  22.535  -23.030 0.0000000000
110127  17.356  22.510  -22.235 0.0000000000
110128  17.993  22.514  -21.347 0.0000000000
110129  19.387  24.300  -18.015 0.0000000000
110130  19.246  23.708  -18.474 0.0000000000
110131  19.509  23.654  -17.715 0.0000000000
110132  19.667  23.026  -17.526 0.0000000000
110133  19.871  22.391  -17.442 0.0000000000
110134  20.135  21.758  -17.429 0.0000000000
110135  20.325  22.375  -16.955 0.0000000000
110136  20.825  22.458  -16.502 0.0000000000
110137  21.376  22.542  -16.190 0.0000000000
110157  22.057  30.541  -11.307 0.0000000000
110158  21.840  31.323  -11.477 0.0000000000
110159  21.477  30.798  -11.804 0.0000000000
110160  21.053  30.970  -12.439 0.0000000000
110161  20.700  31.138  -13.118 0.0000000000
110162  20.470  31.282  -13.925 0.0000000000
110163  20.417  30.598  -13.508 0.0000000000
110164  20.186  29.990  -13.933 0.0000000000
110165  19.982  29.364  -14.349 0.0000000000
110166  19.861  28.764  -14.746 0.0000000000
110167  20.163  28.626  -13.948 0.0000000000
110168  20.388  27.921  -13.701 0.0000000000
110169  20.699  27.243  -13.631 0.0000000000
110170  23.557  26.119  -13.477 0.0000000000
110171  22.806  26.014  -13.446 0.0000000000
110172  23.330  25.616  -13.878 0.0000000000
110173  23.157  25.113  -14.287 0.0000000000
110174  23.025  24.573  -14.694 0.0000000000
110175  22.926  24.012  -15.094 0.0000000000
110176  23.589  24.236  -15.249 0.0000000000
110177  24.129  23.932  -15.922 0.0000000000
110178  24.667  23.632  -16.791 0.0000000000
110179  25.103  23.355  -17.676 0.0000000000
110180  25.253  23.956  -17.334 0.0000000000
110181  25.805  24.202  -17.880 0.0000000000
110182  26.435  24.340  -18.469 0.0000000000
110183  28.557  25.857  -18.597 0.0000000000
110184  28.262  25.350  -18.880 0.0000000000
118087  19.239  19.039  -19.769 0.0000000000
118088  18.945  18.236  -20.601 0.0000000000
118089  19.382  18.280  -20.086 0.0000000000
118090  19.638  17.664  -20.390 0.0000000000
118091  19.984  17.125  -20.652 0.0000000000
118092  20.863  18.197  -19.678 0.0000000000
118093  20.611  17.397  -20.299 0.0000000000
118094  20.385  16.636  -20.892 0.0000000000
118095  20.789  16.187  -21.135 0.0000000000
118096  21.168  15.795  -21.315 0.0000000000
118097  21.543  15.401  -21.473 0.0000000000
124682  15.989  30.239  -24.164 0.0000000000
124685  16.397  28.700  -23.693 0.0000000000
124686  16.631  27.935  -23.387 0.0000000000
124687  17.785  28.490  -22.080 0.0000000000
124688  17.332  27.827  -22.514 0.0000000000
124691  17.451  25.798  -22.319 0.0000000000
124692  17.762  25.147  -21.942 0.0000000000
124693  18.048  24.484  -21.521 0.0000000000
124694  18.451  25.110  -21.050 0.0000000000
124695  18.913  25.058  -20.125 0.0000000000
124696  19.133  25.098  -19.198 0.0000000000
124697  19.290  26.353  -19.270 0.0000000000
124698  19.294  25.715  -18.772 0.0000000000
124699  19.298  25.029  -18.317 0.0000000000
124700  19.472  24.951  -17.526 0.0000000000
124701  19.698  24.948  -16.798 0.0000000000
124702  19.995  24.919  -16.117 0.0000000000
124717  23.336  31.372  -10.295 0.0000000000
124718  23.029  30.822  -10.607 0.0000000000
124719  24.121  30.017  -10.467 0.0000000000
124720  23.405  30.169  -10.664 0.0000000000
124721  22.711  30.340  -10.941 0.0000000000
124722  22.384  29.842  -11.267 0.0000000000
124723  22.125  29.320  -11.620 0.0000000000
124724  21.862  28.773  -12.013 0.0000000000
124725  21.598  28.232  -12.373 0.0000000000
124726  22.235  28.130  -12.098 0.0000000000
124727  22.684  27.551  -12.301 0.0000000000
124728  23.207  27.024  -12.637 0.0000000000
124729  24.238  27.531  -12.297 0.0000000000
124730  24.001  27.053  -12.699 0.0000000000
124731  23.770  26.591  -13.070 0.0000000000
124732  24.296  26.255  -13.638 0.0000000000
124733  24.801  25.955  -14.333 0.0000000000
124734  25.309  25.733  -15.134 0.0000000000
124735  25.789  25.500  -16.082 0.0000000000
124736  26.009  25.965  -15.672 0.0000000000
124737  26.732  26.180  -16.345 0.0000000000
124738  27.453  26.326  -17.046 0.0000000000
124739  27.320  27.015  -15.727 0.0000000000
124740  27.782  26.802  -16.784 0.0000000000
124741  28.180  26.380  -17.744 0.0000000000
124742  28.902  26.324  -18.407 0.0000000000
134187  15.431  31.875  -24.569 0.0000000000
134188  15.701  31.056  -24.367 0.0000000000
134189  16.357  30.868  -23.760 0.0000000000
134190  17.020  30.691  -23.056 0.0000000000
134194  18.403  30.397  -21.492 0.0000000000
134195  19.065  30.272  -20.848 0.0000000000
134196  19.638  30.193  -20.269 0.0000000000
134197  20.070  30.234  -19.561 0.0000000000
134220  25.519  30.797  -9.736 0.0000000000
134222  26.360  30.649  -9.751 0.0000000000
134223  26.043  30.233  -10.088 0.0000000000
134224  26.626  29.691  -10.633 0.0000000000
134225  27.179  29.274  -11.393 0.0000000000
134226  27.761  28.920  -12.290 0.0000000000
134227  28.280  28.662  -13.228 0.0000000000
136479  15.560  18.734  -23.443 0.0000000000
136480  15.757  17.970  -23.305 0.0000000000
136482  16.729  17.699  -22.944 0.0000000000
136483  16.485  17.042  -22.992 0.0000000000
136488  18.677  17.516  -21.319 0.0000000000
136489  18.416  16.818  -21.869 0.0000000000
136490  18.218  16.206  -22.156 0.0000000000
136491  19.118  15.600  -21.815 0.0000000000
136492  18.557  15.564  -22.085 0.0000000000
136493  18.075  15.544  -22.265 0.0000000000
136494  17.961  15.003  -22.273 0.0000000000
143122  24.218  20.921  -19.130 0.0000000000
143123  23.862  20.252  -19.386 0.0000000000
143124  24.427  20.470  -19.770 0.0000000000
143125  24.634  19.936  -20.416 0.0000000000
153689  16.054  19.967  -23.391 0.0000000000
153690  16.617  19.880  -22.989 0.0000000000
153691  16.576  21.239  -23.028 0.0000000000
153692  16.888  20.548  -22.762 0.0000000000
153693  17.176  19.861  -22.449 0.0000000000
153694  17.689  19.895  -21.728 0.0000000000
153695  18.133  19.870  -21.035 0.0000000000
153696  18.526  19.796  -20.364 0.0000000000
153697  18.216  23.836  -21.126 0.0000000000
153698  18.345  23.160  -20.748 0.0000000000
153699  18.449  22.538  -20.391 0.0000000000
153700  19.041  23.118  -18.908 0.0000000000
153701  18.762  22.493  -19.510 0.0000000000
153702  18.497  21.869  -20.081 0.0000000000
153703  18.548  21.147  -19.890 0.0000000000
153704  18.675  20.462  -19.762 0.0000000000
153705  18.947  19.767  -19.720 0.0000000000
153706  19.422  19.792  -19.133 0.0000000000
153707  20.015  19.881  -18.639 0.0000000000
153708  20.645  19.989  -18.302 0.0000000000
153709  20.452  21.184  -17.513 0.0000000000
153710  20.845  20.660  -17.722 0.0000000000
153711  21.293  20.170  -18.058 0.0000000000
153712  21.944  20.405  -17.893 0.0000000000
153713  22.605  20.675  -17.852 0.0000000000
153714  23.247  20.951  -18.061 0.0000000000
153739  20.380  31.552  -19.440 0.0000000000
153740  20.292  30.889  -19.098 0.0000000000
153741  20.099  30.291  -18.653 0.0000000000
153762  20.736  32.074  -16.316 0.0000000000
153763  20.352  31.374  -14.817 0.0000000000
153764  20.314  31.432  -15.752 0.0000000000
153765  20.440  31.516  -16.733 0.0000000000
153766  20.190  30.970  -17.197 0.0000000000
153767  19.997  30.324  -17.682 0.0000000000
153768  19.866  29.650  -18.127 0.0000000000
153769  19.651  28.977  -17.605 0.0000000000
153770  19.547  28.299  -17.080 0.0000000000
153771  19.511  27.617  -16.580 0.0000000000
153772  19.748  28.142  -15.180 0.0000000000
153773  19.659  27.518  -15.677 0.0000000000
153774  19.624  26.922  -16.177 0.0000000000
153775  19.812  26.216  -15.867 0.0000000000
153776  20.049  25.567  -15.632 0.0000000000
153777  20.373  24.920  -15.531 0.0000000000
153778  21.404  27.667  -12.812 0.0000000000
153779  21.220  27.114  -13.219 0.0000000000
153780  21.054  26.585  -13.668 0.0000000000
153781  22.103  25.990  -13.525 0.0000000000
153782  21.501  26.022  -13.752 0.0000000000
153783  20.954  26.042  -14.125 0.0000000000
153784  20.865  25.477  -14.589 0.0000000000
153785  20.802  24.896  -15.056 0.0000000000
153786  20.699  24.310  -15.499 0.0000000000
153787  21.107  23.685  -15.578 0.0000000000
153788  21.535  23.120  -15.740 0.0000000000
153789  22.016  22.619  -16.016 0.0000000000
153790  22.833  23.409  -15.537 0.0000000000
153791  22.719  22.814  -15.963 0.0000000000
153792  22.544  22.221  -16.416 0.0000000000
153793  23.022  21.896  -16.895 0.0000000000
153794  23.495  21.548  -17.637 0.0000000000
153795  23.884  21.264  -18.376 0.0000000000
153796  24.490  21.506  -18.835 0.0000000000
153797  25.089  21.679  -19.352 0.0000000000
153799  25.504  22.952  -18.582 0.0000000000
153805  26.240  25.264  -17.140 0.0000000000
153806  26.648  24.891  -18.098 0.0000000000
153807  27.121  24.330  -18.991 0.0000000000
160278  23.444  19.509  -19.681 0.0000000000
160279  23.007  18.735  -19.990 0.0000000000
160280  22.747  18.028  -20.387 0.0000000000
160285  22.085  15.736  -21.367 0.0000000000
160286  21.936  14.986  -21.599 0.0000000000
