#!ascii label  , from subject fsaverage vox2ras=TkReg
817
197  37.767  -4.075  0.491 0.0000000000
429  37.389  -3.209  -9.939 0.0000000000
503  37.698  -13.779  9.087 0.0000000000
677  37.796  -8.963  0.979 0.0000000000
678  35.695  -12.360  -3.739 0.0000000000
954  37.191  1.510  -4.784 0.0000000000
1508  36.075  -3.425  -4.309 0.0000000000
1509  35.551  -7.992  -3.875 0.0000000000
1960  37.614  0.979  -10.090 0.0000000000
2152  36.398  -6.684  5.437 0.0000000000
2154  35.683  -6.965  8.610 0.0000000000
2207  37.587  -1.748  5.139 0.0000000000
2597  37.406  -11.059  1.451 0.0000000000
2598  36.333  -12.906  -1.028 0.0000000000
2874  38.393  3.908  -2.904 0.0000000000
3472  38.170  -1.707  0.233 0.0000000000
3473  37.085  -3.801  -1.775 0.0000000000
3474  37.118  -6.201  -1.633 0.0000000000
4300  37.237  1.335  -7.181 0.0000000000
4301  37.399  3.829  -7.593 0.0000000000
4302  37.653  -1.332  -9.925 0.0000000000
4303  38.368  -3.038  -13.208 0.0000000000
4306  35.856  -5.491  -6.973 0.0000000000
4747  37.301  -2.907  7.745 0.0000000000
4748  35.936  -6.837  7.035 0.0000000000
4881  37.351  -4.143  5.355 0.0000000000
5354  38.268  -13.492  7.377 0.0000000000
5827  37.879  -6.569  0.675 0.0000000000
5828  37.005  -8.568  -1.390 0.0000000000
5829  36.567  -10.755  -1.140 0.0000000000
6325  37.892  3.974  -5.297 0.0000000000
6326  36.819  -0.940  -7.030 0.0000000000
6956  36.767  -14.101  10.607 0.0000000000
6958  36.923  -16.569  10.348 0.0000000000
7358  38.026  1.291  -2.376 0.0000000000
7359  37.234  -1.232  -1.952 0.0000000000
7360  35.887  -5.810  -4.063 0.0000000000
7362  35.460  -10.184  -3.761 0.0000000000
8473  36.916  6.256  -8.190 0.0000000000
8478  36.479  -0.852  -4.495 0.0000000000
8479  36.238  -3.185  -7.064 0.0000000000
9022  38.109  -10.119  3.786 0.0000000000
9024  37.556  -10.374  5.356 0.0000000000
9025  36.481  -10.710  6.771 0.0000000000
9026  35.503  -10.969  8.262 0.0000000000
9028  35.337  -7.059  10.179 0.0000000000
9029  34.589  -11.181  9.803 0.0000000000
9183  37.713  -2.927  2.762 0.0000000000
9184  37.242  -5.375  2.977 0.0000000000
9185  37.445  -7.942  3.169 0.0000000000
11152  37.843  -2.797  0.401 0.0000000000
11153  37.584  -3.908  -0.734 0.0000000000
11154  37.543  -5.204  -0.662 0.0000000000
11980  37.255  -1.179  -8.481 0.0000000000
11981  37.352  -0.062  -8.461 0.0000000000
11982  37.503  -2.270  -9.873 0.0000000000
11983  37.945  -3.244  -11.511 0.0000000000
11984  37.831  -4.157  -11.472 0.0000000000
12428  36.931  -3.028  8.473 0.0000000000
13034  38.063  -13.655  8.255 0.0000000000
13552  37.796  -7.803  0.820 0.0000000000
13553  37.478  -8.792  -0.206 0.0000000000
13554  37.235  -9.846  0.000 0.0000000000
13556  36.068  -13.675  -2.249 0.0000000000
14380  38.305  3.952  -4.116 0.0000000000
14381  38.097  5.330  -4.446 0.0000000000
14382  37.702  2.762  -5.028 0.0000000000
14383  37.152  1.545  -5.950 0.0000000000
14384  36.790  0.292  -5.829 0.0000000000
15435  37.541  -15.235  10.669 0.0000000000
16178  38.392  1.016  -1.302 0.0000000000
16179  38.070  -0.221  -1.077 0.0000000000
16180  36.413  -5.977  -2.802 0.0000000000
16181  36.493  -4.801  -2.876 0.0000000000
16182  35.715  -6.882  -3.954 0.0000000000
16184  35.140  -8.923  -5.310 0.0000000000
16185  36.005  -10.523  -2.386 0.0000000000
16186  36.189  -9.348  -2.434 0.0000000000
16187  35.654  -11.282  -3.713 0.0000000000
18663  37.451  2.382  -8.692 0.0000000000
18664  37.212  5.128  -7.808 0.0000000000
18665  37.401  3.557  -8.958 0.0000000000
18666  37.212  4.783  -9.233 0.0000000000
18667  37.531  2.218  -10.225 0.0000000000
18668  37.770  1.060  -11.634 0.0000000000
18669  37.880  -0.091  -11.518 0.0000000000
18675  36.793  -1.054  -3.179 0.0000000000
18676  37.210  0.238  -3.327 0.0000000000
18677  36.307  -2.206  -4.413 0.0000000000
18679  36.044  -4.387  -7.040 0.0000000000
18680  36.427  -5.343  -8.376 0.0000000000
18681  36.517  -4.252  -8.440 0.0000000000
20002  36.980  -8.625  4.488 0.0000000000
20003  37.957  -10.229  4.583 0.0000000000
20004  36.497  -8.761  5.243 0.0000000000
20005  35.786  -6.960  7.810 0.0000000000
20006  35.754  -8.932  6.731 0.0000000000
20007  35.414  -8.892  7.533 0.0000000000
20008  35.984  -10.832  7.527 0.0000000000
20009  35.172  -8.963  8.332 0.0000000000
20399  37.881  -1.156  3.862 0.0000000000
20400  37.751  -2.366  3.965 0.0000000000
20401  37.481  -4.134  2.850 0.0000000000
20402  37.571  -3.583  4.050 0.0000000000
20403  36.870  -5.430  5.393 0.0000000000
20404  36.835  -6.087  4.134 0.0000000000
20405  36.827  -7.428  4.262 0.0000000000
20406  37.801  -9.062  3.482 0.0000000000
23107  37.590  -10.053  1.227 0.0000000000
23108  36.939  -10.954  0.116 0.0000000000
23109  36.688  -11.933  0.279 0.0000000000
23606  37.962  2.742  -3.831 0.0000000000
24683  37.859  -1.485  -0.903 0.0000000000
24684  37.695  -2.666  -0.767 0.0000000000
24685  37.048  -4.948  -1.730 0.0000000000
24686  36.388  -7.071  -2.670 0.0000000000
26172  37.647  4.064  -6.383 0.0000000000
26173  37.447  5.251  -6.666 0.0000000000
26174  37.397  2.525  -7.392 0.0000000000
26175  37.428  1.127  -8.545 0.0000000000
26176  37.669  -0.226  -9.951 0.0000000000
26177  37.969  -1.255  -11.520 0.0000000000
26178  38.003  -2.257  -11.480 0.0000000000
26179  38.352  -3.877  -13.080 0.0000000000
26181  35.551  -5.663  -5.458 0.0000000000
26182  35.744  -4.474  -5.588 0.0000000000
26977  37.005  -4.803  6.675 0.0000000000
26978  36.119  -6.782  6.187 0.0000000000
26979  36.997  -4.882  7.511 0.0000000000
26980  36.864  -4.948  8.253 0.0000000000
26981  36.698  -4.984  9.049 0.0000000000
27217  37.673  -2.939  5.294 0.0000000000
27218  37.481  -2.335  6.440 0.0000000000
27219  37.520  -3.587  6.581 0.0000000000
28070  38.432  -13.368  6.535 0.0000000000
28957  37.747  -5.338  0.585 0.0000000000
28958  37.683  -6.465  -0.575 0.0000000000
28959  37.654  -7.665  -0.410 0.0000000000
28960  36.786  -9.682  -1.238 0.0000000000
28961  36.072  -11.599  -2.357 0.0000000000
28962  36.381  -11.872  -1.089 0.0000000000
28963  36.093  -12.539  -2.207 0.0000000000
28964  35.843  -13.306  -3.580 0.0000000000
30119  37.754  5.381  -5.600 0.0000000000
30120  37.388  2.703  -6.152 0.0000000000
30121  37.022  0.121  -7.123 0.0000000000
30122  37.096  -2.135  -8.426 0.0000000000
31592  37.224  -13.927  9.838 0.0000000000
31593  37.904  -14.994  8.961 0.0000000000
31594  37.785  -15.116  9.844 0.0000000000
31595  36.935  -16.360  9.505 0.0000000000
31596  35.399  -17.519  9.023 0.0000000000
31598  35.518  -17.779  9.877 0.0000000000
32589  38.572  2.366  -1.521 0.0000000000
32590  37.594  -0.002  -2.179 0.0000000000
32591  36.638  -2.337  -3.020 0.0000000000
32592  37.079  -2.510  -1.834 0.0000000000
32593  36.545  -3.537  -2.920 0.0000000000
32594  36.014  -4.667  -4.227 0.0000000000
32595  35.449  -6.874  -5.434 0.0000000000
32598  37.150  -7.453  -1.499 0.0000000000
32599  36.245  -8.306  -2.550 0.0000000000
32600  35.456  -9.070  -3.798 0.0000000000
32601  35.351  -11.993  -5.153 0.0000000000
32603  35.182  -9.890  -5.223 0.0000000000
35695  36.896  5.947  -9.570 0.0000000000
35697  37.593  2.167  -11.770 0.0000000000
35706  38.264  2.592  -2.579 0.0000000000
35707  37.559  1.452  -3.548 0.0000000000
35708  36.751  0.291  -4.606 0.0000000000
35709  35.929  -3.307  -5.699 0.0000000000
35710  36.157  -2.056  -5.661 0.0000000000
35711  36.434  -0.805  -5.722 0.0000000000
35712  36.520  -2.008  -6.993 0.0000000000
35713  36.778  -3.172  -8.456 0.0000000000
35714  37.165  -4.139  -9.860 0.0000000000
37312  37.988  -11.652  2.842 0.0000000000
37314  38.435  -11.675  3.696 0.0000000000
37315  38.522  -11.720  4.622 0.0000000000
37316  38.373  -11.886  5.480 0.0000000000
37317  36.105  -8.862  5.958 0.0000000000
37318  37.062  -10.638  6.041 0.0000000000
37319  38.020  -12.019  6.336 0.0000000000
37320  37.585  -12.181  7.129 0.0000000000
37321  37.079  -12.402  7.824 0.0000000000
37322  36.630  -12.635  8.555 0.0000000000
37325  36.547  -5.038  9.823 0.0000000000
37328  35.524  -7.057  9.388 0.0000000000
37329  34.860  -9.002  9.156 0.0000000000
37330  35.024  -11.058  9.030 0.0000000000
37331  36.043  -12.758  9.292 0.0000000000
37332  35.467  -12.843  10.067 0.0000000000
37782  37.992  -2.269  1.587 0.0000000000
37791  37.776  -3.537  1.596 0.0000000000
37792  37.631  -4.684  1.689 0.0000000000
37793  37.651  -5.951  1.845 0.0000000000
37794  37.713  -7.231  1.941 0.0000000000
37795  37.224  -4.735  4.166 0.0000000000
37796  37.319  -6.572  3.069 0.0000000000
37797  37.932  -8.404  2.121 0.0000000000
37798  38.069  -9.488  2.381 0.0000000000
37799  38.108  -10.595  2.627 0.0000000000
41872  37.729  -3.463  0.466 0.0000000000
41873  37.722  -3.991  -0.138 0.0000000000
41874  37.670  -4.630  -0.098 0.0000000000
42700  37.298  -2.279  -9.226 0.0000000000
42701  37.349  -1.735  -9.169 0.0000000000
42702  37.445  -2.757  -9.927 0.0000000000
42703  37.646  -3.231  -10.662 0.0000000000
42704  37.592  -3.702  -10.710 0.0000000000
43754  37.916  -13.742  8.675 0.0000000000
43756  38.082  -14.321  8.684 0.0000000000
44272  37.792  -8.360  0.947 0.0000000000
44273  37.627  -8.839  0.430 0.0000000000
44274  37.518  -9.426  0.481 0.0000000000
45100  37.826  2.739  -4.437 0.0000000000
45101  38.052  3.363  -4.561 0.0000000000
45102  37.417  2.117  -4.914 0.0000000000
45103  37.165  1.551  -5.357 0.0000000000
45104  36.972  0.927  -5.286 0.0000000000
46900  35.933  -7.021  -3.306 0.0000000000
46901  36.058  -6.472  -3.361 0.0000000000
46902  35.558  -7.502  -3.958 0.0000000000
46903  35.325  -7.974  -4.671 0.0000000000
46904  35.261  -8.491  -4.584 0.0000000000
46905  35.849  -11.457  -3.055 0.0000000000
46906  35.862  -10.900  -3.031 0.0000000000
46907  35.659  -11.815  -3.734 0.0000000000
49383  37.520  1.635  -9.398 0.0000000000
49384  37.425  2.987  -8.810 0.0000000000
49385  37.477  2.278  -9.468 0.0000000000
49386  37.444  2.837  -9.585 0.0000000000
49387  37.576  1.598  -10.149 0.0000000000
49388  37.697  1.029  -10.816 0.0000000000
49389  37.744  0.385  -10.776 0.0000000000
49395  36.451  -2.231  -3.685 0.0000000000
49396  36.541  -1.622  -3.792 0.0000000000
49397  36.190  -2.822  -4.382 0.0000000000
50722  36.557  -7.749  4.914 0.0000000000
50723  36.759  -8.662  4.880 0.0000000000
50724  36.256  -7.794  5.275 0.0000000000
50725  35.753  -6.940  8.215 0.0000000000
50726  35.471  -7.910  7.650 0.0000000000
50727  35.385  -7.903  8.052 0.0000000000
50728  35.266  -8.912  7.936 0.0000000000
50729  35.310  -7.957  8.439 0.0000000000
51119  37.634  -1.468  4.493 0.0000000000
51120  37.724  -2.052  4.561 0.0000000000
51121  37.721  -2.962  4.004 0.0000000000
51122  37.732  -2.639  4.645 0.0000000000
51123  36.660  -6.068  5.416 0.0000000000
51124  36.680  -6.450  4.755 0.0000000000
51125  36.587  -7.167  4.808 0.0000000000
51126  36.892  -8.043  4.372 0.0000000000
53872  37.468  -10.598  1.318 0.0000000000
53873  37.099  -11.007  0.802 0.0000000000
53874  37.024  -11.492  0.872 0.0000000000
53876  36.545  -13.422  -0.297 0.0000000000
54703  38.310  3.972  -3.538 0.0000000000
54704  38.291  3.308  -3.378 0.0000000000
56497  38.370  -1.099  0.161 0.0000000000
56498  38.109  -1.581  -0.340 0.0000000000
56499  37.960  -2.186  -0.287 0.0000000000
56500  37.342  -5.112  -1.223 0.0000000000
56501  37.337  -4.424  -1.241 0.0000000000
56502  37.109  -5.549  -1.675 0.0000000000
56503  36.743  -6.040  -2.213 0.0000000000
56504  36.787  -6.627  -2.132 0.0000000000
58980  37.410  2.651  -6.747 0.0000000000
58981  37.477  3.245  -6.882 0.0000000000
58982  37.325  1.901  -7.281 0.0000000000
58983  37.482  -0.703  -9.176 0.0000000000
58984  37.398  0.549  -8.478 0.0000000000
58985  37.519  -0.149  -9.194 0.0000000000
58986  37.529  0.448  -9.227 0.0000000000
58987  37.671  -0.805  -9.947 0.0000000000
58988  37.844  -1.294  -10.690 0.0000000000
58989  37.841  -1.828  -10.693 0.0000000000
58990  38.129  -4.036  -12.348 0.0000000000
58991  38.172  -3.604  -12.374 0.0000000000
58995  35.532  -6.775  -6.160 0.0000000000
58996  35.620  -6.173  -6.189 0.0000000000
60322  37.392  -3.846  7.269 0.0000000000
60323  37.006  -4.822  7.106 0.0000000000
60324  37.370  -3.871  7.690 0.0000000000
60326  37.087  -3.961  8.420 0.0000000000
60327  36.970  -3.992  8.794 0.0000000000
60328  36.768  -4.946  8.665 0.0000000000
60329  36.838  -3.996  9.187 0.0000000000
60724  37.415  -2.659  7.056 0.0000000000
60725  37.483  -3.248  7.167 0.0000000000
60726  37.314  -4.205  6.629 0.0000000000
62144  38.317  -13.436  6.942 0.0000000000
63697  37.831  -5.985  0.601 0.0000000000
63698  37.805  -6.653  0.011 0.0000000000
63699  37.829  -7.212  0.084 0.0000000000
63700  37.002  -9.768  -0.636 0.0000000000
63701  37.134  -9.227  -0.696 0.0000000000
63702  36.663  -10.234  -1.202 0.0000000000
63703  36.344  -10.686  -1.789 0.0000000000
63704  36.281  -11.242  -1.765 0.0000000000
63705  36.476  -11.946  -0.449 0.0000000000
63706  36.590  -11.445  -0.466 0.0000000000
63707  36.322  -12.400  -1.046 0.0000000000
63708  35.939  -14.005  -2.890 0.0000000000
63709  36.048  -13.119  -2.232 0.0000000000
63710  35.901  -13.472  -2.889 0.0000000000
63711  36.000  -12.945  -2.838 0.0000000000
63712  35.820  -13.819  -3.553 0.0000000000
66183  38.055  4.647  -4.880 0.0000000000
66185  37.882  5.389  -5.047 0.0000000000
66187  37.867  4.729  -5.434 0.0000000000
66188  37.789  4.041  -5.823 0.0000000000
66189  37.622  3.381  -5.693 0.0000000000
66190  36.895  0.325  -6.358 0.0000000000
66191  37.041  0.859  -6.520 0.0000000000
66192  36.930  -0.398  -7.031 0.0000000000
66193  37.054  -1.064  -7.748 0.0000000000
66194  36.956  -1.546  -7.702 0.0000000000
69344  37.037  -14.024  10.241 0.0000000000
69345  37.655  -14.501  9.889 0.0000000000
69346  37.557  -14.558  10.327 0.0000000000
69347  37.365  -15.913  10.528 0.0000000000
69348  37.451  -15.815  10.119 0.0000000000
69349  36.954  -16.457  9.925 0.0000000000
69350  36.181  -16.924  9.287 0.0000000000
69351  36.187  -17.045  9.710 0.0000000000
71574  38.351  2.849  -1.130 0.0000000000
71575  37.815  -0.153  -1.627 0.0000000000
71576  38.029  0.496  -1.742 0.0000000000
71577  37.413  -0.653  -2.061 0.0000000000
71578  37.052  -1.142  -2.515 0.0000000000
71579  36.931  -1.784  -2.466 0.0000000000
71580  37.400  -2.618  -1.313 0.0000000000
71581  37.444  -2.009  -1.363 0.0000000000
71582  37.051  -3.131  -1.792 0.0000000000
71583  36.197  -5.301  -3.450 0.0000000000
71584  36.571  -4.061  -2.814 0.0000000000
71585  36.193  -4.651  -3.507 0.0000000000
71586  36.261  -4.157  -3.579 0.0000000000
71587  35.922  -5.249  -4.172 0.0000000000
71588  35.742  -5.788  -4.805 0.0000000000
71589  35.614  -6.333  -4.750 0.0000000000
71595  37.439  -7.538  -0.963 0.0000000000
71596  37.466  -6.977  -1.014 0.0000000000
71597  37.105  -7.991  -1.427 0.0000000000
71598  35.752  -9.745  -3.052 0.0000000000
71599  36.194  -8.824  -2.494 0.0000000000
71600  35.753  -9.243  -3.114 0.0000000000
71601  35.795  -8.694  -3.154 0.0000000000
71602  35.386  -9.659  -3.806 0.0000000000
71604  35.404  -12.492  -5.153 0.0000000000
79028  37.425  4.558  -7.096 0.0000000000
79029  37.288  5.906  -6.856 0.0000000000
79030  37.299  5.197  -7.221 0.0000000000
79031  37.088  5.721  -7.981 0.0000000000
79032  36.957  6.424  -7.478 0.0000000000
79038  37.314  4.073  -9.789 0.0000000000
79039  37.067  5.373  -9.389 0.0000000000
79046  37.943  0.561  -12.373 0.0000000000
79050  38.156  -2.181  -12.329 0.0000000000
79051  38.128  -1.665  -12.297 0.0000000000
79052  38.339  -2.534  -13.151 0.0000000000
79065  38.547  2.463  -2.044 0.0000000000
79066  38.399  3.136  -2.165 0.0000000000
79067  38.212  1.938  -2.493 0.0000000000
79068  36.829  -0.318  -3.909 0.0000000000
79069  37.367  0.822  -3.441 0.0000000000
79070  36.932  0.304  -3.988 0.0000000000
79071  37.031  0.844  -4.082 0.0000000000
79072  36.567  -0.244  -4.553 0.0000000000
79073  35.699  -4.992  -6.284 0.0000000000
79074  35.815  -3.902  -5.654 0.0000000000
79075  35.776  -4.422  -6.348 0.0000000000
79076  36.105  -3.795  -7.090 0.0000000000
79077  36.048  -3.271  -6.352 0.0000000000
79078  36.169  -2.623  -6.360 0.0000000000
79079  36.268  -1.376  -5.665 0.0000000000
79080  36.298  -1.978  -6.341 0.0000000000
79081  36.455  -1.410  -6.326 0.0000000000
79082  36.361  -2.552  -6.996 0.0000000000
79083  36.756  -4.737  -9.139 0.0000000000
79084  36.610  -3.659  -8.409 0.0000000000
79085  36.847  -4.193  -9.136 0.0000000000
79086  36.970  -3.667  -9.148 0.0000000000
79087  37.065  -4.662  -9.852 0.0000000000
83047  38.326  -10.862  3.328 0.0000000000
83048  38.273  -11.666  3.263 0.0000000000
83049  38.345  -10.913  3.756 0.0000000000
83050  37.785  -10.307  4.966 0.0000000000
83051  38.319  -11.002  4.590 0.0000000000
83052  38.190  -11.049  5.014 0.0000000000
83053  38.486  -11.795  5.073 0.0000000000
83054  37.989  -11.146  5.438 0.0000000000
83055  36.086  -6.821  6.623 0.0000000000
83056  35.956  -7.883  6.021 0.0000000000
83057  35.908  -7.896  6.445 0.0000000000
83058  36.032  -9.859  6.743 0.0000000000
83059  36.342  -9.843  6.368 0.0000000000
83060  36.756  -10.670  6.414 0.0000000000
83061  37.547  -11.360  6.156 0.0000000000
83062  37.278  -11.420  6.510 0.0000000000
83063  37.789  -12.096  6.746 0.0000000000
83064  37.022  -11.491  6.918 0.0000000000
83065  35.740  -10.911  7.903 0.0000000000
83066  36.481  -11.663  7.640 0.0000000000
83067  36.202  -11.777  7.970 0.0000000000
83068  36.875  -12.529  8.185 0.0000000000
83069  35.961  -11.854  8.340 0.0000000000
83076  36.554  -4.026  9.950 0.0000000000
83077  36.430  -4.019  10.346 0.0000000000
83085  35.348  -7.090  9.778 0.0000000000
83086  35.077  -8.022  9.253 0.0000000000
83087  34.957  -8.016  9.677 0.0000000000
83088  34.485  -10.141  9.862 0.0000000000
83089  34.637  -10.075  9.451 0.0000000000
83090  34.798  -11.143  9.413 0.0000000000
83091  35.427  -12.037  9.090 0.0000000000
83092  35.208  -12.074  9.485 0.0000000000
83093  35.767  -12.818  9.677 0.0000000000
83094  34.955  -12.091  9.865 0.0000000000
84216  38.169  -1.744  1.506 0.0000000000
84236  37.903  -2.061  3.338 0.0000000000
84237  38.000  -1.471  3.277 0.0000000000
84238  37.884  -2.374  2.737 0.0000000000
84239  37.879  -2.674  2.117 0.0000000000
84240  37.750  -3.234  2.169 0.0000000000
84241  37.701  -4.067  1.664 0.0000000000
84242  37.623  -3.790  2.229 0.0000000000
84243  37.391  -4.721  2.902 0.0000000000
84244  37.479  -5.024  2.361 0.0000000000
84245  37.450  -5.655  2.405 0.0000000000
84246  37.661  -6.589  1.882 0.0000000000
84247  37.466  -6.294  2.449 0.0000000000
84248  37.560  -3.522  5.346 0.0000000000
84249  37.504  -3.847  4.700 0.0000000000
84250  37.234  -4.402  4.794 0.0000000000
84251  37.062  -7.037  3.618 0.0000000000
84252  37.053  -6.322  3.601 0.0000000000
84253  37.365  -7.247  3.100 0.0000000000
84254  37.622  -7.521  2.555 0.0000000000
84255  37.807  -8.136  2.679 0.0000000000
84256  38.040  -8.954  2.244 0.0000000000
84257  37.948  -8.702  2.815 0.0000000000
84258  37.954  -9.598  3.606 0.0000000000
84259  38.138  -9.823  3.068 0.0000000000
84260  38.218  -10.333  3.198 0.0000000000
84261  38.021  -11.124  2.736 0.0000000000
88537  37.480  -15.602  8.838 0.0000000000
88538  37.377  -15.504  8.408 0.0000000000
92227  37.314  -11.543  1.541 0.0000000000
92228  36.931  -11.983  0.938 0.0000000000
93802  38.028  -2.255  0.326 0.0000000000
93803  37.834  -2.737  -0.207 0.0000000000
93804  37.784  -3.359  -0.172 0.0000000000
93805  37.565  -4.564  -0.699 0.0000000000
93806  37.350  -5.802  -1.199 0.0000000000
95292  37.217  0.006  -7.788 0.0000000000
95293  37.257  0.605  -7.769 0.0000000000
95294  37.301  -0.624  -8.459 0.0000000000
95295  37.421  -1.239  -9.172 0.0000000000
95296  37.604  -1.807  -9.943 0.0000000000
95297  37.785  -2.321  -10.707 0.0000000000
95298  37.726  -2.790  -10.683 0.0000000000
95299  37.889  -3.695  -11.465 0.0000000000
95300  38.093  -4.468  -12.260 0.0000000000
96098  37.145  -2.980  8.119 0.0000000000
97190  38.116  -13.581  7.824 0.0000000000
98122  37.862  -7.196  0.739 0.0000000000
98123  37.776  -7.749  0.192 0.0000000000
98124  37.678  -8.312  0.300 0.0000000000
98125  37.354  -9.320  -0.105 0.0000000000
98126  36.893  -10.296  -0.554 0.0000000000
98128  36.196  -13.292  -1.639 0.0000000000
98129  36.105  -14.164  -2.238 0.0000000000
98130  35.998  -14.519  -2.864 0.0000000000
99614  38.274  4.601  -4.285 0.0000000000
99615  38.158  3.971  -4.750 0.0000000000
99616  37.878  3.360  -5.181 0.0000000000
99617  37.500  2.780  -5.565 0.0000000000
99618  37.353  2.171  -5.454 0.0000000000
99619  36.974  0.937  -5.847 0.0000000000
99620  36.669  -0.359  -6.426 0.0000000000
101511  37.272  -14.650  10.691 0.0000000000
101514  37.266  -15.986  10.959 0.0000000000
102850  38.203  0.382  -1.195 0.0000000000
102851  37.591  -0.747  -1.525 0.0000000000
102852  36.838  -4.873  -2.262 0.0000000000
102853  36.760  -4.313  -2.290 0.0000000000
102854  36.500  -5.406  -2.831 0.0000000000
102855  36.168  -5.878  -3.398 0.0000000000
102856  35.844  -6.323  -3.971 0.0000000000
102857  35.511  -6.861  -4.706 0.0000000000
102858  35.439  -7.381  -4.674 0.0000000000
102859  35.214  -8.456  -5.432 0.0000000000
102861  36.526  -9.548  -1.861 0.0000000000
102862  36.619  -8.967  -1.889 0.0000000000
102863  36.183  -9.932  -2.408 0.0000000000
102864  35.844  -10.281  -2.984 0.0000000000
102865  35.602  -10.717  -3.689 0.0000000000
107321  37.416  3.094  -8.131 0.0000000000
107322  37.335  4.464  -7.706 0.0000000000
107323  37.379  3.749  -8.226 0.0000000000
107324  37.303  4.370  -8.356 0.0000000000
107325  37.209  4.934  -8.532 0.0000000000
107326  37.071  5.503  -8.696 0.0000000000
107327  37.332  4.168  -9.095 0.0000000000
107328  37.396  3.448  -9.697 0.0000000000
107329  37.473  2.801  -10.353 0.0000000000
107330  37.565  2.205  -11.006 0.0000000000
107331  37.638  1.622  -10.911 0.0000000000
107332  37.841  0.485  -11.556 0.0000000000
107343  37.336  0.133  -2.739 0.0000000000
107344  37.628  0.773  -2.856 0.0000000000
107345  36.957  -0.381  -3.278 0.0000000000
107346  36.651  -0.931  -3.839 0.0000000000
107347  36.383  -1.522  -4.449 0.0000000000
107348  36.068  -5.958  -7.619 0.0000000000
107349  35.932  -4.932  -6.993 0.0000000000
107350  36.145  -5.453  -7.688 0.0000000000
107351  36.165  -4.889  -7.761 0.0000000000
107352  36.238  -4.289  -7.777 0.0000000000
107353  36.358  -3.739  -7.722 0.0000000000
107354  36.470  -4.799  -8.404 0.0000000000
107355  36.719  -5.290  -9.093 0.0000000000
109732  37.590  -9.401  4.154 0.0000000000
109733  38.057  -10.180  4.202 0.0000000000
109734  37.366  -9.465  4.532 0.0000000000
109735  37.231  -9.517  4.912 0.0000000000
109736  36.990  -9.605  5.287 0.0000000000
109737  35.907  -6.931  7.421 0.0000000000
109738  35.734  -7.967  6.813 0.0000000000
109739  35.628  -7.942  7.248 0.0000000000
109740  35.582  -8.888  7.152 0.0000000000
109741  35.798  -9.848  7.111 0.0000000000
109742  36.210  -10.777  7.131 0.0000000000
109743  35.613  -9.897  7.492 0.0000000000
109744  35.431  -9.958  7.871 0.0000000000
109745  35.244  -9.980  8.277 0.0000000000
110446  37.609  -0.860  4.381 0.0000000000
110447  37.783  -1.758  3.927 0.0000000000
110448  37.767  -2.679  3.353 0.0000000000
110449  37.574  -3.544  2.803 0.0000000000
110450  37.592  -3.285  3.362 0.0000000000
110451  37.498  -3.844  3.424 0.0000000000
110452  37.349  -4.465  3.490 0.0000000000
110453  37.065  -4.785  5.386 0.0000000000
110454  37.001  -5.099  4.754 0.0000000000
110455  36.826  -5.772  4.749 0.0000000000
110456  36.791  -6.802  4.150 0.0000000000
110457  37.126  -7.696  3.704 0.0000000000
110458  37.617  -8.510  3.339 0.0000000000
110459  37.213  -8.281  3.864 0.0000000000
110460  37.389  -8.851  3.971 0.0000000000
115357  37.742  -9.513  1.090 0.0000000000
115358  37.418  -9.978  0.549 0.0000000000
115359  37.289  -10.479  0.679 0.0000000000
115360  36.769  -11.434  0.232 0.0000000000
115361  36.494  -12.466  -0.395 0.0000000000
115362  36.694  -12.440  0.306 0.0000000000
115363  36.515  -12.946  -0.363 0.0000000000
116520  38.409  4.548  -3.715 0.0000000000
116521  38.131  3.373  -3.978 0.0000000000
116522  37.582  2.154  -4.291 0.0000000000
119033  38.447  -0.333  -0.516 0.0000000000
119034  38.257  -0.955  -0.408 0.0000000000
119035  37.765  -2.091  -0.826 0.0000000000
119036  37.392  -3.254  -1.274 0.0000000000
119037  37.605  -3.215  -0.699 0.0000000000
119038  37.319  -3.776  -1.225 0.0000000000
119039  37.050  -4.350  -1.757 0.0000000000
119040  36.752  -5.456  -2.258 0.0000000000
119041  36.344  -6.530  -2.760 0.0000000000
119042  35.952  -7.480  -3.203 0.0000000000
119043  35.653  -13.210  -4.437 0.0000000000
119044  35.564  -12.700  -4.436 0.0000000000
122508  37.628  5.271  -6.162 0.0000000000
122509  37.472  5.928  -6.323 0.0000000000
122510  37.557  4.585  -6.541 0.0000000000
122511  37.479  3.892  -7.001 0.0000000000
122512  37.422  3.194  -7.484 0.0000000000
122513  37.324  1.278  -7.814 0.0000000000
122514  37.362  1.844  -7.913 0.0000000000
122515  37.391  2.478  -8.014 0.0000000000
122516  37.409  1.799  -8.588 0.0000000000
122517  37.524  1.056  -9.274 0.0000000000
122518  37.650  0.367  -10.013 0.0000000000
122519  37.781  -0.187  -10.722 0.0000000000
122520  37.829  -0.774  -10.724 0.0000000000
122521  38.000  -1.757  -11.502 0.0000000000
122522  38.169  -2.670  -12.320 0.0000000000
122523  37.984  -2.772  -11.513 0.0000000000
122524  38.173  -3.151  -12.324 0.0000000000
122525  38.354  -3.473  -13.129 0.0000000000
122529  35.805  -4.561  -4.892 0.0000000000
122530  35.874  -3.948  -4.947 0.0000000000
122531  35.688  -5.048  -5.517 0.0000000000
122532  35.668  -5.597  -6.245 0.0000000000
122533  35.818  -6.065  -6.900 0.0000000000
124387  36.625  -5.679  6.060 0.0000000000
124388  36.249  -6.744  5.827 0.0000000000
124389  36.516  -5.718  6.467 0.0000000000
124390  36.495  -5.790  6.853 0.0000000000
124391  36.422  -5.796  7.271 0.0000000000
124392  37.218  -3.940  8.060 0.0000000000
124393  36.907  -4.901  7.872 0.0000000000
124394  36.383  -5.891  7.645 0.0000000000
124395  36.304  -5.920  8.043 0.0000000000
124396  36.274  -5.947  8.440 0.0000000000
124397  36.208  -6.002  8.807 0.0000000000
124945  37.700  -2.349  5.233 0.0000000000
124946  37.525  -2.081  5.772 0.0000000000
124947  37.651  -2.615  5.905 0.0000000000
124948  37.577  -3.227  5.950 0.0000000000
124950  37.542  -2.947  6.531 0.0000000000
124951  37.424  -3.877  5.989 0.0000000000
124952  37.226  -4.513  6.019 0.0000000000
124953  36.958  -5.082  6.059 0.0000000000
126938  38.405  -13.343  6.055 0.0000000000
129067  37.780  -4.681  0.531 0.0000000000
129068  37.696  -5.255  -0.050 0.0000000000
129069  37.709  -5.885  0.027 0.0000000000
129070  37.688  -7.082  -0.495 0.0000000000
129071  37.380  -8.105  -0.901 0.0000000000
129072  37.579  -8.227  -0.316 0.0000000000
129073  37.289  -8.662  -0.804 0.0000000000
129074  36.893  -9.128  -1.332 0.0000000000
129075  36.404  -10.110  -1.799 0.0000000000
129076  36.071  -11.071  -2.366 0.0000000000
129077  35.877  -11.977  -3.016 0.0000000000
129078  37.076  -10.427  0.050 0.0000000000
129079  36.759  -10.864  -0.500 0.0000000000
129080  36.468  -11.293  -1.097 0.0000000000
129081  36.180  -12.801  -1.644 0.0000000000
129082  36.221  -12.204  -1.639 0.0000000000
129083  36.252  -11.714  -1.701 0.0000000000
129084  36.080  -12.094  -2.300 0.0000000000
129085  35.923  -12.462  -2.944 0.0000000000
129086  35.762  -12.862  -3.681 0.0000000000
132222  37.726  4.700  -5.985 0.0000000000
132223  37.533  3.355  -6.259 0.0000000000
132224  37.271  2.006  -6.651 0.0000000000
132225  37.269  2.119  -6.057 0.0000000000
132226  37.137  1.402  -6.587 0.0000000000
132227  37.112  0.655  -7.153 0.0000000000
132228  37.149  -0.571  -7.797 0.0000000000
132229  37.186  -1.695  -8.472 0.0000000000
132230  37.219  -2.668  -9.150 0.0000000000
136220  37.494  -13.823  9.461 0.0000000000
136221  37.966  -14.372  9.069 0.0000000000
136222  37.896  -14.400  9.491 0.0000000000
136223  37.823  -15.050  9.404 0.0000000000
136224  37.456  -15.672  9.264 0.0000000000
136225  37.666  -15.166  10.261 0.0000000000
136226  37.535  -15.776  9.689 0.0000000000
136227  36.862  -16.251  9.097 0.0000000000
136228  36.125  -16.802  8.882 0.0000000000
136232  37.075  -16.039  11.348 0.0000000000
136233  36.824  -16.647  10.748 0.0000000000
136236  36.240  -17.188  10.139 0.0000000000
136237  35.461  -17.642  9.456 0.0000000000
139000  38.439  3.030  -1.642 0.0000000000
139001  38.378  1.831  -1.918 0.0000000000
139002  38.582  1.696  -1.411 0.0000000000
139003  38.209  1.168  -1.835 0.0000000000
139004  37.794  0.654  -2.266 0.0000000000
139005  37.109  -0.516  -2.614 0.0000000000
139006  36.739  -1.676  -3.069 0.0000000000
139007  36.361  -2.879  -3.626 0.0000000000
139008  38.008  -0.869  -0.985 0.0000000000
139009  37.526  -1.427  -1.438 0.0000000000
139010  37.129  -1.885  -1.903 0.0000000000
139011  36.761  -3.624  -2.285 0.0000000000
139012  36.788  -3.009  -2.351 0.0000000000
139013  36.836  -2.417  -2.423 0.0000000000
139014  36.567  -2.968  -2.984 0.0000000000
139015  36.292  -3.549  -3.603 0.0000000000
139016  36.015  -4.057  -4.263 0.0000000000
139017  35.770  -5.134  -4.858 0.0000000000
139018  35.515  -6.306  -5.478 0.0000000000
139020  35.366  -7.367  -5.395 0.0000000000
139026  37.536  -5.854  -0.623 0.0000000000
139027  37.391  -6.409  -1.136 0.0000000000
139028  37.103  -6.872  -1.594 0.0000000000
139029  36.685  -8.414  -1.934 0.0000000000
139030  36.742  -7.884  -2.017 0.0000000000
139031  36.728  -7.295  -2.075 0.0000000000
139032  36.276  -7.695  -2.632 0.0000000000
139033  35.870  -8.062  -3.161 0.0000000000
139034  35.533  -8.469  -3.807 0.0000000000
139035  35.479  -12.179  -4.395 0.0000000000
139036  35.454  -11.665  -4.429 0.0000000000
139037  35.408  -11.099  -4.413 0.0000000000
139039  35.275  -11.429  -5.139 0.0000000000
139040  35.314  -10.568  -4.458 0.0000000000
139041  35.310  -10.032  -4.492 0.0000000000
139042  35.303  -9.463  -4.519 0.0000000000
139043  35.253  -8.937  -4.551 0.0000000000
139044  35.121  -9.370  -5.217 0.0000000000
148068  37.130  5.811  -7.348 0.0000000000
148077  36.925  6.061  -8.871 0.0000000000
148078  36.771  6.669  -9.065 0.0000000000
148086  37.703  1.622  -11.675 0.0000000000
148087  37.874  1.114  -12.403 0.0000000000
148092  37.928  -0.656  -11.465 0.0000000000
148093  38.104  -1.108  -12.268 0.0000000000
148111  38.298  3.829  -2.312 0.0000000000
148112  38.460  3.256  -2.719 0.0000000000
148113  37.815  1.382  -2.954 0.0000000000
148114  37.957  2.012  -3.058 0.0000000000
148115  38.184  2.695  -3.174 0.0000000000
148116  37.771  2.088  -3.670 0.0000000000
148117  37.272  1.486  -4.173 0.0000000000
148118  37.003  0.918  -4.651 0.0000000000
148119  35.963  -3.366  -4.990 0.0000000000
148120  36.064  -2.749  -5.041 0.0000000000
148121  36.146  -2.080  -5.081 0.0000000000
148122  35.906  -3.863  -6.352 0.0000000000
148123  36.041  -2.699  -5.682 0.0000000000
148124  36.203  -1.419  -5.082 0.0000000000
148125  36.338  -0.817  -5.112 0.0000000000
148126  36.562  -0.248  -5.141 0.0000000000
148127  36.808  0.323  -5.193 0.0000000000
148128  36.678  -0.287  -5.774 0.0000000000
148129  36.586  -0.919  -6.367 0.0000000000
148130  36.679  -1.496  -7.034 0.0000000000
148131  36.448  -3.121  -7.680 0.0000000000
148132  36.635  -2.579  -7.698 0.0000000000
148133  36.828  -2.073  -7.715 0.0000000000
148134  36.995  -2.656  -8.418 0.0000000000
148135  37.129  -3.184  -9.169 0.0000000000
148136  37.289  -3.693  -9.927 0.0000000000
148162  37.383  -4.607  -10.629 0.0000000000
148163  37.506  -4.188  -10.727 0.0000000000
148164  37.788  -4.638  -11.544 0.0000000000
152904  37.823  -12.336  2.780 0.0000000000
152905  38.117  -12.362  3.219 0.0000000000
152906  38.285  -12.376  3.710 0.0000000000
152907  38.447  -10.928  4.192 0.0000000000
152908  38.594  -11.695  4.170 0.0000000000
152909  38.487  -12.396  4.178 0.0000000000
152910  38.500  -12.481  4.652 0.0000000000
152911  38.578  -12.574  5.089 0.0000000000
152912  38.543  -12.572  5.562 0.0000000000
152913  36.158  -7.830  5.671 0.0000000000
152914  36.355  -8.794  5.628 0.0000000000
152915  36.794  -9.673  5.650 0.0000000000
152916  36.012  -8.916  6.359 0.0000000000
152917  36.617  -9.831  6.002 0.0000000000
152918  37.343  -10.499  5.723 0.0000000000
152919  37.766  -11.264  5.798 0.0000000000
152920  38.251  -11.966  5.877 0.0000000000
152921  38.466  -12.602  6.049 0.0000000000
152922  38.346  -12.676  6.477 0.0000000000
152923  38.185  -12.747  6.873 0.0000000000
152924  38.054  -12.819  7.269 0.0000000000
152925  36.730  -11.581  7.283 0.0000000000
152926  37.333  -12.283  7.473 0.0000000000
152927  37.822  -12.948  7.644 0.0000000000
152928  37.674  -13.068  8.043 0.0000000000
152929  37.496  -13.161  8.430 0.0000000000
152930  37.232  -13.209  8.803 0.0000000000
152937  36.697  -4.033  9.558 0.0000000000
152938  36.608  -5.059  9.407 0.0000000000
152939  36.178  -6.054  9.199 0.0000000000
152946  36.481  -5.027  10.230 0.0000000000
152947  36.126  -6.039  9.612 0.0000000000
152948  35.622  -7.043  8.992 0.0000000000
152949  35.180  -8.022  8.801 0.0000000000
152950  34.903  -8.940  8.764 0.0000000000
152951  34.950  -10.055  8.629 0.0000000000
152952  34.702  -9.006  9.554 0.0000000000
152953  34.842  -10.039  9.055 0.0000000000
152954  35.223  -11.026  8.624 0.0000000000
152955  35.699  -11.948  8.718 0.0000000000
152956  36.299  -12.671  8.921 0.0000000000
152957  36.928  -13.241  9.196 0.0000000000
152958  36.649  -13.339  9.573 0.0000000000
152959  36.376  -13.428  9.953 0.0000000000
152960  36.157  -13.506  10.333 0.0000000000
152962  35.216  -12.875  10.458 0.0000000000
152963  35.910  -13.594  10.719 0.0000000000
154305  38.321  -1.403  0.835 0.0000000000
154306  38.113  -1.966  0.924 0.0000000000
154307  37.919  -2.566  0.992 0.0000000000
154308  37.802  -3.139  1.064 0.0000000000
154330  37.887  -0.577  3.717 0.0000000000
154333  38.044  -1.984  2.163 0.0000000000
154334  37.872  -2.886  1.604 0.0000000000
154335  37.787  -3.777  1.068 0.0000000000
154336  37.765  -4.402  1.105 0.0000000000
154337  37.767  -4.993  1.144 0.0000000000
154338  37.769  -5.597  1.194 0.0000000000
154339  37.511  -4.407  2.284 0.0000000000
154340  37.631  -5.317  1.775 0.0000000000
154341  37.794  -6.252  1.265 0.0000000000
154342  37.818  -6.880  1.321 0.0000000000
154343  37.848  -7.494  1.397 0.0000000000
154344  37.879  -8.111  1.465 0.0000000000
154345  37.676  -3.243  4.679 0.0000000000
154346  37.375  -4.177  4.078 0.0000000000
154347  37.212  -5.068  3.550 0.0000000000
154348  37.034  -5.360  4.192 0.0000000000
154349  37.137  -5.616  3.634 0.0000000000
154350  37.265  -5.945  3.037 0.0000000000
154351  37.530  -6.898  2.506 0.0000000000
154352  37.823  -7.842  2.013 0.0000000000
154353  37.965  -8.704  1.529 0.0000000000
154354  37.923  -9.224  1.678 0.0000000000
154355  37.905  -9.770  1.790 0.0000000000
154356  37.871  -10.300  1.916 0.0000000000
154357  38.039  -9.255  2.953 0.0000000000
154358  38.102  -10.037  2.511 0.0000000000
154359  37.779  -10.812  2.061 0.0000000000
154360  37.680  -11.313  2.152 0.0000000000
154361  37.601  -11.859  2.240 0.0000000000
159496  37.875  -14.935  8.526 0.0000000000
