#!ascii label  , from subject fsaverage vox2ras=TkReg
973
92  7.604  19.342  46.805 0.0000000000
212  7.111  18.485  56.556 0.0000000000
213  7.216  30.289  50.377 0.0000000000
454  8.185  31.446  38.888 0.0000000000
706  8.721  12.746  58.245 0.0000000000
992  8.576  20.673  42.409 0.0000000000
993  8.482  26.653  38.225 0.0000000000
994  8.571  25.929  42.623 0.0000000000
996  7.161  36.305  46.135 0.0000000000
1532  7.633  18.848  51.447 0.0000000000
1533  8.664  24.988  48.342 0.0000000000
1534  7.113  24.112  53.383 0.0000000000
2016  8.594  36.731  34.559 0.0000000000
2017  8.447  31.215  44.340 0.0000000000
2018  8.734  36.855  40.116 0.0000000000
2019  8.601  42.067  35.749 0.0000000000
2912  7.932  19.709  44.493 0.0000000000
2913  7.746  23.395  42.144 0.0000000000
2914  8.063  22.690  44.643 0.0000000000
2953  8.668  16.831  48.019 0.0000000000
2955  8.414  17.131  45.772 0.0000000000
3512  7.256  18.681  53.829 0.0000000000
3513  7.322  21.498  52.290 0.0000000000
3514  6.960  21.086  54.772 0.0000000000
3553  8.357  16.185  57.583 0.0000000000
3555  8.511  16.580  55.099 0.0000000000
3556  8.957  16.672  52.641 0.0000000000
4415  8.364  28.983  38.494 0.0000000000
4416  8.687  29.065  36.490 0.0000000000
4417  8.115  31.657  36.608 0.0000000000
4418  8.353  34.466  34.335 0.0000000000
4419  8.285  34.225  36.726 0.0000000000
4420  8.099  27.746  49.447 0.0000000000
4421  8.687  28.297  46.573 0.0000000000
4422  7.846  30.857  47.378 0.0000000000
4423  7.201  39.309  43.919 0.0000000000
4424  7.815  36.659  43.070 0.0000000000
4425  7.900  39.631  40.865 0.0000000000
4426  8.178  39.584  37.906 0.0000000000
4427  7.527  42.316  38.683 0.0000000000
5853  6.869  20.614  57.482 0.0000000000
6394  8.203  23.868  40.012 0.0000000000
6395  8.165  26.459  40.252 0.0000000000
6396  8.421  28.773  40.752 0.0000000000
6398  7.222  33.328  48.291 0.0000000000
7412  7.773  19.124  48.978 0.0000000000
7413  8.273  22.128  47.282 0.0000000000
7414  7.979  21.876  49.754 0.0000000000
7415  7.805  24.514  50.955 0.0000000000
7416  7.353  27.166  52.175 0.0000000000
7418  6.924  26.652  54.869 0.0000000000
7474  9.150  16.711  50.271 0.0000000000
8623  9.189  25.392  45.433 0.0000000000
8624  8.675  28.540  43.435 0.0000000000
8625  8.576  31.373  41.444 0.0000000000
8626  7.749  33.776  45.227 0.0000000000
8627  8.347  34.019  42.302 0.0000000000
8628  8.619  34.086  39.325 0.0000000000
8629  8.637  36.801  37.202 0.0000000000
8630  8.502  39.350  35.020 0.0000000000
8631  9.324  41.707  32.700 0.0000000000
10592  7.675  19.436  45.668 0.0000000000
10593  7.747  21.197  44.478 0.0000000000
10594  7.665  20.905  45.744 0.0000000000
10633  7.944  17.975  47.416 0.0000000000
10634  8.436  16.963  46.871 0.0000000000
10635  7.949  18.116  46.314 0.0000000000
10636  8.150  18.301  45.209 0.0000000000
11192  7.156  18.626  55.141 0.0000000000
11193  6.994  19.888  54.288 0.0000000000
11194  6.914  19.739  55.667 0.0000000000
11233  7.612  17.369  57.086 0.0000000000
11234  8.450  16.429  56.378 0.0000000000
11235  7.679  17.556  55.733 0.0000000000
11236  7.814  17.571  54.503 0.0000000000
12095  8.195  30.210  38.691 0.0000000000
12096  8.263  30.289  37.566 0.0000000000
12097  8.111  31.580  37.720 0.0000000000
12098  8.143  33.004  36.608 0.0000000000
12099  8.278  32.859  37.789 0.0000000000
12100  7.640  29.009  49.975 0.0000000000
12101  7.924  29.298  48.547 0.0000000000
12102  7.525  30.557  48.887 0.0000000000
12104  7.523  39.483  42.373 0.0000000000
12106  7.591  41.022  39.702 0.0000000000
14493  8.694  22.639  40.270 0.0000000000
14494  8.369  22.283  41.209 0.0000000000
14495  8.073  24.735  42.395 0.0000000000
14496  7.891  25.100  41.154 0.0000000000
14497  8.254  26.208  41.474 0.0000000000
14498  8.290  27.596  40.496 0.0000000000
14499  8.456  27.407  41.640 0.0000000000
14623  8.761  19.187  43.226 0.0000000000
16292  7.701  18.990  50.225 0.0000000000
16293  7.817  20.492  49.319 0.0000000000
16294  7.662  20.354  50.580 0.0000000000
16295  7.220  22.809  52.764 0.0000000000
16296  7.544  23.012  51.627 0.0000000000
16297  7.405  24.308  52.184 0.0000000000
16298  7.603  25.895  51.557 0.0000000000
16299  7.200  25.542  52.858 0.0000000000
16301  6.944  22.121  56.603 0.0000000000
16306  6.882  28.156  54.138 0.0000000000
16423  8.202  17.695  52.072 0.0000000000
16424  9.125  16.715  51.486 0.0000000000
16425  8.292  17.737  50.896 0.0000000000
16426  8.268  17.824  49.668 0.0000000000
19002  8.819  26.847  37.353 0.0000000000
19003  8.545  30.398  35.450 0.0000000000
19010  8.503  35.555  34.346 0.0000000000
19015  8.550  23.587  47.741 0.0000000000
19016  8.743  23.708  46.336 0.0000000000
19017  9.040  25.212  46.971 0.0000000000
19018  8.491  29.785  45.426 0.0000000000
19019  8.742  28.439  45.034 0.0000000000
19020  8.612  29.899  43.859 0.0000000000
19021  8.645  29.963  42.454 0.0000000000
19022  8.592  31.323  42.867 0.0000000000
19023  7.186  34.836  47.239 0.0000000000
19024  7.450  33.542  46.730 0.0000000000
19025  7.400  34.979  45.703 0.0000000000
19026  8.280  36.822  41.636 0.0000000000
19027  8.105  35.342  42.727 0.0000000000
19028  8.478  35.427  41.223 0.0000000000
19029  8.511  34.080  40.789 0.0000000000
19030  8.804  35.464  39.704 0.0000000000
19031  8.768  35.456  38.208 0.0000000000
19032  8.858  36.857  38.595 0.0000000000
19033  8.148  40.799  36.801 0.0000000000
19034  8.260  39.403  36.437 0.0000000000
19035  8.543  40.674  35.361 0.0000000000
19036  8.806  40.584  33.894 0.0000000000
19037  9.027  41.924  34.210 0.0000000000
19038  9.413  43.069  32.929 0.0000000000
19039  9.164  43.275  34.601 0.0000000000
23672  8.210  20.112  43.376 0.0000000000
23673  8.015  21.962  42.194 0.0000000000
23674  7.789  21.515  43.320 0.0000000000
23675  7.882  23.100  43.417 0.0000000000
23676  8.452  24.349  43.601 0.0000000000
23749  8.874  16.263  45.339 0.0000000000
23751  8.542  17.378  44.739 0.0000000000
23752  8.387  18.641  44.136 0.0000000000
24752  7.395  18.720  52.653 0.0000000000
24753  7.358  20.164  51.791 0.0000000000
24754  7.127  20.022  52.986 0.0000000000
24755  7.099  21.332  53.507 0.0000000000
24756  7.028  22.594  54.046 0.0000000000
24825  8.843  14.561  57.913 0.0000000000
24827  9.132  15.012  56.832 0.0000000000
24828  9.327  15.285  55.664 0.0000000000
24831  8.717  16.619  53.882 0.0000000000
24832  7.977  17.592  53.323 0.0000000000
26377  8.525  27.790  38.319 0.0000000000
26378  8.735  27.918  37.334 0.0000000000
26379  8.536  29.022  37.414 0.0000000000
26380  8.404  30.326  36.536 0.0000000000
26383  8.132  33.196  35.462 0.0000000000
26384  8.219  34.396  35.524 0.0000000000
26385  8.340  35.510  35.658 0.0000000000
26386  8.485  26.394  48.974 0.0000000000
26387  8.868  26.663  47.522 0.0000000000
26388  8.459  28.028  48.083 0.0000000000
26389  8.214  29.570  46.966 0.0000000000
26390  8.186  31.055  45.854 0.0000000000
26391  7.158  37.777  45.046 0.0000000000
26392  7.442  36.479  44.595 0.0000000000
26393  7.493  37.976  43.455 0.0000000000
26394  7.949  38.173  41.973 0.0000000000
26395  8.418  38.323  40.481 0.0000000000
26396  8.601  38.304  38.968 0.0000000000
26397  8.133  39.669  39.319 0.0000000000
26398  7.817  40.908  38.256 0.0000000000
26399  8.026  42.185  37.208 0.0000000000
26400  8.564  43.449  36.178 0.0000000000
26401  7.955  43.522  37.685 0.0000000000
29012  7.107  18.298  57.993 0.0000000000
29013  6.853  19.525  57.084 0.0000000000
29014  6.931  19.278  58.531 0.0000000000
29073  8.252  15.778  58.801 0.0000000000
29074  7.644  17.110  58.431 0.0000000000
30274  9.034  22.893  39.391 0.0000000000
30275  8.485  24.092  39.174 0.0000000000
30276  8.194  25.360  39.026 0.0000000000
30277  7.920  23.660  41.002 0.0000000000
30278  7.983  25.245  39.995 0.0000000000
30279  8.269  26.573  39.173 0.0000000000
30280  8.352  27.703  39.352 0.0000000000
30281  8.262  28.920  39.609 0.0000000000
30282  8.329  30.119  39.853 0.0000000000
30283  6.949  31.512  50.864 0.0000000000
30284  7.211  31.808  49.373 0.0000000000
30285  6.942  33.039  49.879 0.0000000000
30286  7.004  34.660  48.768 0.0000000000
30287  6.961  36.063  47.779 0.0000000000
30290  6.928  37.545  46.648 0.0000000000
30291  6.956  39.061  45.491 0.0000000000
32732  7.700  19.215  47.867 0.0000000000
32733  7.773  20.784  46.934 0.0000000000
32734  7.825  20.636  48.096 0.0000000000
32735  8.182  22.036  48.566 0.0000000000
32736  8.238  23.392  49.035 0.0000000000
32737  7.638  21.704  51.003 0.0000000000
32738  7.917  23.202  50.336 0.0000000000
32739  8.253  24.743  49.673 0.0000000000
32740  8.077  26.158  50.247 0.0000000000
32741  7.726  27.463  50.837 0.0000000000
32742  7.309  28.730  51.388 0.0000000000
32743  6.849  20.882  56.090 0.0000000000
32744  6.920  22.394  55.314 0.0000000000
32745  6.962  23.947  54.619 0.0000000000
32748  6.980  25.372  54.179 0.0000000000
32749  7.056  26.933  53.508 0.0000000000
32750  7.012  28.505  52.794 0.0000000000
32751  6.933  30.037  51.794 0.0000000000
32752  6.795  31.210  52.309 0.0000000000
32900  9.844  15.659  49.677 0.0000000000
32901  8.941  16.714  49.108 0.0000000000
32902  8.073  17.871  48.491 0.0000000000
36106  8.944  28.070  36.451 0.0000000000
36121  8.234  22.357  45.941 0.0000000000
36122  8.695  23.998  44.879 0.0000000000
36123  9.005  25.609  43.938 0.0000000000
36124  9.093  26.913  45.994 0.0000000000
36125  9.058  27.065  44.515 0.0000000000
36126  8.760  27.231  42.986 0.0000000000
36127  8.576  28.681  42.002 0.0000000000
36128  8.503  30.013  41.111 0.0000000000
36129  8.346  31.405  40.112 0.0000000000
36130  7.524  32.060  47.786 0.0000000000
36131  7.800  32.278  46.288 0.0000000000
36132  8.108  32.487  44.845 0.0000000000
36133  7.705  35.226  44.194 0.0000000000
36134  8.094  33.941  43.780 0.0000000000
36135  8.334  32.628  43.290 0.0000000000
36136  8.506  32.742  41.854 0.0000000000
36137  8.469  32.745  40.424 0.0000000000
36138  8.360  32.785  39.085 0.0000000000
36139  8.475  34.115  37.942 0.0000000000
36140  8.469  35.452  36.917 0.0000000000
36141  8.500  36.772  35.879 0.0000000000
36142  8.550  38.207  37.572 0.0000000000
36143  8.438  38.059  36.153 0.0000000000
36144  8.590  38.043  34.776 0.0000000000
36145  8.775  39.221  33.656 0.0000000000
36146  9.207  40.357  32.500 0.0000000000
36148  9.475  42.782  31.290 0.0000000000
36151  8.903  44.668  34.894 0.0000000000
41312  7.612  19.392  46.256 0.0000000000
41313  7.591  20.105  45.681 0.0000000000
41314  7.571  20.060  46.265 0.0000000000
41353  7.733  18.641  47.097 0.0000000000
41354  7.906  18.064  46.877 0.0000000000
41355  7.738  18.718  46.551 0.0000000000
41356  7.801  18.750  46.011 0.0000000000
41912  7.138  18.530  55.844 0.0000000000
41913  7.001  19.184  55.421 0.0000000000
41914  6.992  19.097  56.117 0.0000000000
41953  7.359  17.910  56.839 0.0000000000
41954  7.639  17.478  56.392 0.0000000000
41955  7.356  18.021  56.084 0.0000000000
41956  7.363  18.039  55.418 0.0000000000
42815  8.154  30.818  38.781 0.0000000000
42816  8.139  30.873  38.217 0.0000000000
42817  8.137  31.518  38.295 0.0000000000
42818  8.164  32.254  37.762 0.0000000000
42819  8.207  32.161  38.374 0.0000000000
42820  7.397  29.651  50.149 0.0000000000
42821  7.606  29.775  49.427 0.0000000000
42822  7.381  30.433  49.632 0.0000000000
45215  8.351  25.308  42.533 0.0000000000
45216  8.179  25.523  41.930 0.0000000000
45217  8.379  26.067  42.044 0.0000000000
45218  8.400  26.803  41.521 0.0000000000
45219  8.495  26.704  42.063 0.0000000000
45343  8.691  19.938  42.834 0.0000000000
45344  8.965  19.485  42.782 0.0000000000
47012  7.657  18.926  50.842 0.0000000000
47013  7.598  19.642  50.361 0.0000000000
47014  7.535  19.576  50.988 0.0000000000
47015  7.168  23.437  53.107 0.0000000000
47016  7.275  23.560  52.481 0.0000000000
47017  7.239  24.216  52.795 0.0000000000
47018  7.297  24.980  52.482 0.0000000000
47019  7.146  24.850  53.126 0.0000000000
47143  7.814  18.236  51.779 0.0000000000
47144  8.254  17.737  51.474 0.0000000000
47145  7.872  18.299  51.173 0.0000000000
47146  7.933  18.336  50.557 0.0000000000
49720  8.455  26.112  38.224 0.0000000000
49721  8.647  26.193  37.810 0.0000000000
49722  8.676  26.751  37.770 0.0000000000
49730  8.569  36.154  34.446 0.0000000000
49734  8.754  37.341  34.022 0.0000000000
49735  8.630  24.279  48.044 0.0000000000
49736  8.825  24.367  47.369 0.0000000000
49737  8.863  25.106  47.666 0.0000000000
49738  8.448  30.494  44.873 0.0000000000
49739  8.563  29.849  44.635 0.0000000000
49740  8.535  30.558  44.117 0.0000000000
49741  8.616  30.599  43.356 0.0000000000
49742  8.539  31.262  43.601 0.0000000000
49743  7.137  35.590  46.706 0.0000000000
49744  7.272  34.936  46.481 0.0000000000
49745  7.268  35.651  45.902 0.0000000000
49746  8.539  36.844  40.902 0.0000000000
49747  8.397  36.113  41.441 0.0000000000
49748  8.620  36.138  40.677 0.0000000000
49749  8.672  35.443  40.484 0.0000000000
49750  8.814  36.146  39.900 0.0000000000
49751  8.898  36.148  39.144 0.0000000000
49752  8.866  36.864  39.327 0.0000000000
49753  8.322  41.433  36.232 0.0000000000
49754  8.356  40.715  36.092 0.0000000000
49755  8.576  41.348  35.526 0.0000000000
49756  8.790  41.326  34.793 0.0000000000
49757  8.852  42.018  34.995 0.0000000000
49758  9.118  42.600  34.397 0.0000000000
49759  8.894  42.702  35.202 0.0000000000
54812  8.077  19.908  43.937 0.0000000000
54813  7.997  20.796  43.338 0.0000000000
54814  7.895  20.559  43.896 0.0000000000
54815  7.822  21.966  44.572 0.0000000000
54816  7.785  22.160  43.936 0.0000000000
54817  7.972  22.893  44.031 0.0000000000
54818  8.117  23.749  43.516 0.0000000000
54819  8.280  23.540  44.105 0.0000000000
54933  9.079  16.236  48.285 0.0000000000
54935  8.912  16.336  47.719 0.0000000000
54936  8.400  17.025  46.325 0.0000000000
54940  8.637  16.666  45.539 0.0000000000
54941  8.689  16.810  45.067 0.0000000000
54942  8.463  17.247  45.253 0.0000000000
54943  8.020  18.961  44.866 0.0000000000
54944  8.242  18.439  44.646 0.0000000000
54945  8.146  19.140  44.294 0.0000000000
54946  8.315  19.347  43.791 0.0000000000
56612  7.298  18.710  53.251 0.0000000000
56613  7.185  19.374  52.843 0.0000000000
56614  7.126  19.333  53.411 0.0000000000
56615  6.956  20.489  54.512 0.0000000000
56616  7.009  20.610  53.861 0.0000000000
56617  7.022  21.254  54.121 0.0000000000
56618  7.087  21.965  53.770 0.0000000000
56619  7.005  21.849  54.390 0.0000000000
56733  8.675  15.434  57.773 0.0000000000
56734  9.002  14.801  57.372 0.0000000000
56735  8.782  15.627  57.171 0.0000000000
56736  8.476  16.519  55.740 0.0000000000
56737  8.864  15.935  55.995 0.0000000000
56738  8.916  16.012  55.409 0.0000000000
56740  9.019  16.069  54.797 0.0000000000
56741  9.131  16.100  54.177 0.0000000000
56742  8.604  16.599  54.479 0.0000000000
56743  7.475  18.121  54.087 0.0000000000
56744  7.891  17.578  53.907 0.0000000000
56745  7.549  18.120  53.569 0.0000000000
56746  7.652  18.132  52.993 0.0000000000
59320  8.461  28.383  38.396 0.0000000000
59321  8.561  28.425  37.866 0.0000000000
59322  8.455  29.014  37.959 0.0000000000
59323  8.183  30.944  37.106 0.0000000000
59324  8.327  30.310  37.031 0.0000000000
59325  8.230  30.990  36.576 0.0000000000
59326  8.283  31.022  36.033 0.0000000000
59327  8.137  31.724  36.062 0.0000000000
59328  8.098  32.523  35.459 0.0000000000
59329  8.074  32.442  36.040 0.0000000000
59330  8.191  33.637  36.633 0.0000000000
59331  8.131  33.743  36.067 0.0000000000
59332  8.228  34.313  36.126 0.0000000000
59333  8.292  34.943  35.578 0.0000000000
59334  8.314  34.885  36.209 0.0000000000
59335  8.323  27.098  49.228 0.0000000000
59336  8.528  27.208  48.552 0.0000000000
59337  8.290  27.886  48.769 0.0000000000
59338  7.852  30.078  47.947 0.0000000000
59339  8.072  29.430  47.757 0.0000000000
59340  8.015  30.197  47.170 0.0000000000
59341  8.174  30.342  46.423 0.0000000000
59342  8.014  30.967  46.611 0.0000000000
59343  7.186  38.526  44.486 0.0000000000
59344  7.316  37.870  44.229 0.0000000000
59345  7.337  38.629  43.667 0.0000000000
59346  7.716  39.566  41.621 0.0000000000
59347  7.731  38.803  42.205 0.0000000000
59348  7.952  38.888  41.455 0.0000000000
59349  8.196  38.254  41.252 0.0000000000
59350  8.164  38.990  40.696 0.0000000000
59351  8.300  39.013  39.872 0.0000000000
59352  8.027  39.665  40.084 0.0000000000
59353  7.495  41.673  39.184 0.0000000000
59354  7.694  40.957  38.990 0.0000000000
59355  7.652  41.610  38.481 0.0000000000
59356  7.833  41.549  37.738 0.0000000000
59357  7.731  42.230  37.967 0.0000000000
59358  7.988  42.846  37.465 0.0000000000
63812  7.156  18.207  58.620 0.0000000000
63813  7.002  18.788  58.250 0.0000000000
63814  7.045  18.693  58.915 0.0000000000
63946  7.348  17.726  58.210 0.0000000000
66515  8.423  23.226  40.111 0.0000000000
66516  8.548  23.377  39.673 0.0000000000
66517  8.335  23.992  39.548 0.0000000000
66518  8.309  24.722  39.078 0.0000000000
66519  8.169  24.630  39.491 0.0000000000
66520  7.815  22.625  42.108 0.0000000000
66521  7.960  22.781  41.561 0.0000000000
66522  7.799  23.541  41.544 0.0000000000
66523  7.999  25.804  40.672 0.0000000000
66524  7.896  25.175  40.571 0.0000000000
66525  8.053  25.898  40.072 0.0000000000
66526  8.133  25.972  39.535 0.0000000000
66527  8.191  26.542  39.656 0.0000000000
66528  8.327  27.128  39.245 0.0000000000
66529  8.271  27.089  39.786 0.0000000000
66530  8.348  28.164  40.640 0.0000000000
66531  8.320  28.236  40.054 0.0000000000
66532  8.336  28.836  40.180 0.0000000000
66533  8.251  29.531  39.727 0.0000000000
66534  8.385  29.433  40.300 0.0000000000
66536  6.948  32.256  50.364 0.0000000000
66537  6.834  32.839  50.658 0.0000000000
66541  6.988  35.317  48.286 0.0000000000
66542  6.922  35.916  48.549 0.0000000000
66551  6.916  38.346  46.050 0.0000000000
66552  6.865  38.970  46.286 0.0000000000
71912  7.745  19.176  48.412 0.0000000000
71913  7.735  19.910  47.961 0.0000000000
71914  7.765  19.804  48.576 0.0000000000
71915  7.924  21.194  49.580 0.0000000000
71916  7.984  21.244  48.944 0.0000000000
71917  8.086  21.965  49.164 0.0000000000
71918  8.229  22.698  48.769 0.0000000000
71919  8.114  22.648  49.417 0.0000000000
71920  7.344  20.834  52.036 0.0000000000
71921  7.480  20.960  51.433 0.0000000000
71922  7.460  21.604  51.634 0.0000000000
71923  7.675  23.760  51.233 0.0000000000
71924  7.732  23.104  50.979 0.0000000000
71925  7.905  23.862  50.600 0.0000000000
71926  8.092  24.010  49.955 0.0000000000
71927  8.034  24.623  50.327 0.0000000000
71928  8.167  25.430  49.993 0.0000000000
71929  7.927  25.305  50.594 0.0000000000
71930  7.471  26.519  51.850 0.0000000000
71931  7.690  26.660  51.186 0.0000000000
71932  7.523  27.324  51.503 0.0000000000
71933  7.483  28.084  51.113 0.0000000000
71934  7.324  27.930  51.801 0.0000000000
71935  6.818  20.055  57.252 0.0000000000
71936  6.815  20.186  56.543 0.0000000000
71937  6.832  20.780  56.757 0.0000000000
71938  6.974  22.924  56.196 0.0000000000
71939  6.911  22.280  55.946 0.0000000000
71940  6.949  23.054  55.553 0.0000000000
71941  6.955  23.163  54.931 0.0000000000
71949  6.900  25.271  54.765 0.0000000000
71950  6.944  25.983  54.484 0.0000000000
71951  7.006  26.113  53.867 0.0000000000
71952  6.965  26.769  54.176 0.0000000000
71953  6.828  28.987  53.762 0.0000000000
71954  6.940  28.367  53.448 0.0000000000
71955  6.887  29.140  53.078 0.0000000000
71956  6.967  29.267  52.388 0.0000000000
71957  6.799  29.883  52.570 0.0000000000
71958  6.851  30.638  52.077 0.0000000000
71959  6.791  30.501  52.784 0.0000000000
72303  9.349  16.143  52.945 0.0000000000
72306  9.157  16.704  50.906 0.0000000000
72310  9.541  16.186  49.971 0.0000000000
72311  9.407  16.179  49.364 0.0000000000
72312  9.063  16.708  49.681 0.0000000000
72313  7.931  18.426  49.343 0.0000000000
72314  8.190  17.871  49.076 0.0000000000
72315  7.878  18.484  48.754 0.0000000000
72316  7.800  18.489  48.167 0.0000000000
80043  8.749  28.481  36.912 0.0000000000
80044  8.861  27.966  36.882 0.0000000000
80045  8.822  28.561  36.465 0.0000000000
80080  8.019  21.489  47.051 0.0000000000
80081  7.957  21.557  46.455 0.0000000000
80082  8.259  22.222  46.606 0.0000000000
80083  9.013  24.535  45.876 0.0000000000
80084  8.735  23.830  45.605 0.0000000000
80085  8.994  24.676  45.117 0.0000000000
80086  8.915  24.820  44.406 0.0000000000
80087  9.144  25.504  44.673 0.0000000000
80088  8.825  27.475  47.092 0.0000000000
80089  9.001  26.800  46.752 0.0000000000
80090  8.903  27.631  46.303 0.0000000000
80091  8.694  28.558  44.234 0.0000000000
80092  8.911  27.794  44.726 0.0000000000
80093  8.820  27.882  43.936 0.0000000000
80094  8.936  27.142  43.756 0.0000000000
80095  8.696  27.913  43.158 0.0000000000
80096  8.636  27.981  42.460 0.0000000000
80097  8.629  28.598  42.692 0.0000000000
80098  8.620  30.670  41.977 0.0000000000
80099  8.594  29.982  41.787 0.0000000000
80100  8.575  30.633  41.301 0.0000000000
80101  8.417  30.698  40.613 0.0000000000
80102  8.465  31.392  40.764 0.0000000000
80103  7.221  32.591  48.845 0.0000000000
80104  7.363  31.932  48.584 0.0000000000
80105  7.353  32.694  48.050 0.0000000000
80106  7.586  33.647  45.983 0.0000000000
80107  7.608  32.893  46.519 0.0000000000
80108  7.762  33.027  45.759 0.0000000000
80109  7.949  32.387  45.564 0.0000000000
80110  7.936  33.145  45.018 0.0000000000
80111  7.625  36.559  43.814 0.0000000000
80112  7.590  35.833  44.379 0.0000000000
80113  7.737  35.907  43.624 0.0000000000
80114  8.237  34.701  42.535 0.0000000000
80115  8.092  34.645  43.281 0.0000000000
80116  8.229  33.974  43.054 0.0000000000
80117  8.239  33.251  43.587 0.0000000000
80118  8.338  33.322  42.825 0.0000000000
80119  8.445  32.711  42.566 0.0000000000
80120  8.422  33.385  42.061 0.0000000000
80121  8.575  34.080  40.051 0.0000000000
80122  8.495  33.400  40.581 0.0000000000
80123  8.499  33.414  39.863 0.0000000000
80124  8.415  32.758  39.749 0.0000000000
80125  8.477  33.436  39.158 0.0000000000
80126  8.427  33.452  38.462 0.0000000000
80127  8.553  34.071  38.591 0.0000000000
80128  8.719  36.112  37.706 0.0000000000
80129  8.618  35.418  37.546 0.0000000000
80130  8.569  36.087  37.034 0.0000000000
80131  8.437  36.082  36.386 0.0000000000
80132  8.548  36.774  36.509 0.0000000000
80133  8.402  38.942  38.425 0.0000000000
80134  8.590  38.262  38.246 0.0000000000
80135  8.347  38.914  37.704 0.0000000000
80136  8.391  39.363  35.708 0.0000000000
80137  8.366  38.725  36.283 0.0000000000
80138  8.440  38.682  35.554 0.0000000000
80139  8.489  38.030  35.437 0.0000000000
80140  8.556  38.698  34.896 0.0000000000
80141  8.688  38.664  34.212 0.0000000000
80142  8.625  39.308  34.345 0.0000000000
80143  9.052  41.169  33.288 0.0000000000
80144  8.994  40.478  33.199 0.0000000000
80145  9.229  41.020  32.613 0.0000000000
80147  9.422  41.596  31.959 0.0000000000
80148  9.479  42.112  31.251 0.0000000000
80149  9.453  42.257  32.015 0.0000000000
80155  8.480  44.144  36.360 0.0000000000
80156  8.796  44.085  35.537 0.0000000000
92792  7.794  19.539  45.061 0.0000000000
92793  7.777  20.381  44.509 0.0000000000
92794  7.672  20.222  45.103 0.0000000000
92795  7.669  21.012  45.140 0.0000000000
92796  7.851  21.746  45.172 0.0000000000
92865  8.280  17.382  47.749 0.0000000000
92866  8.543  16.901  47.446 0.0000000000
92867  8.191  17.455  47.179 0.0000000000
92868  8.156  17.520  46.617 0.0000000000
92869  8.182  17.593  46.061 0.0000000000
92870  8.265  17.709  45.503 0.0000000000
92871  8.031  18.190  45.775 0.0000000000
92872  7.903  18.828  45.445 0.0000000000
93872  7.202  18.663  54.469 0.0000000000
93873  7.099  19.283  53.998 0.0000000000
93874  7.028  19.250  54.713 0.0000000000
93875  6.937  19.838  54.955 0.0000000000
93876  6.905  20.368  55.191 0.0000000000
93945  7.973  16.796  57.387 0.0000000000
93946  8.402  16.326  56.977 0.0000000000
93947  7.974  16.921  56.751 0.0000000000
93948  8.007  17.016  56.081 0.0000000000
93949  8.084  17.052  55.439 0.0000000000
93950  8.152  17.080  54.810 0.0000000000
93951  7.742  17.565  55.101 0.0000000000
93952  7.397  18.051  54.761 0.0000000000
95497  8.302  29.595  38.584 0.0000000000
95498  8.342  29.594  38.036 0.0000000000
95499  8.221  30.266  38.125 0.0000000000
95500  8.151  30.917  37.654 0.0000000000
95501  8.120  31.606  37.147 0.0000000000
95502  8.094  32.341  36.599 0.0000000000
95503  8.129  32.268  37.174 0.0000000000
95504  8.216  32.920  37.203 0.0000000000
95505  8.289  33.541  37.225 0.0000000000
95506  7.875  28.382  49.727 0.0000000000
95507  8.033  28.518  49.002 0.0000000000
95508  7.821  29.148  49.239 0.0000000000
95509  7.710  29.947  48.704 0.0000000000
95510  7.676  30.695  48.134 0.0000000000
95512  7.353  39.390  43.146 0.0000000000
95514  7.450  40.267  41.789 0.0000000000
95515  7.626  40.319  41.030 0.0000000000
95516  7.748  40.352  40.273 0.0000000000
95518  7.353  41.701  39.877 0.0000000000
95519  7.338  42.369  39.389 0.0000000000
99815  8.542  22.482  40.732 0.0000000000
99816  8.293  23.083  40.567 0.0000000000
99817  7.847  24.115  42.262 0.0000000000
99818  7.795  24.302  41.611 0.0000000000
99819  7.950  24.963  41.756 0.0000000000
99820  8.057  25.714  41.309 0.0000000000
99821  8.184  26.344  40.860 0.0000000000
99822  8.255  27.045  40.322 0.0000000000
99823  8.310  26.937  40.917 0.0000000000
99824  8.353  27.505  41.076 0.0000000000
99825  8.410  28.110  41.199 0.0000000000
100047  8.790  18.458  43.593 0.0000000000
100049  8.994  18.735  43.142 0.0000000000
100050  9.203  19.002  42.684 0.0000000000
103052  7.751  19.053  49.595 0.0000000000
103053  7.730  19.747  49.165 0.0000000000
103054  7.655  19.708  49.743 0.0000000000
103055  7.746  20.425  49.937 0.0000000000
103056  7.817  21.110  50.191 0.0000000000
103057  7.271  22.133  52.560 0.0000000000
103058  7.426  22.234  51.961 0.0000000000
103059  7.346  22.908  52.177 0.0000000000
103060  7.460  23.660  51.862 0.0000000000
103061  7.593  24.400  51.563 0.0000000000
103062  7.704  25.193  51.219 0.0000000000
103063  7.504  25.097  51.866 0.0000000000
103064  7.387  25.713  52.195 0.0000000000
103065  7.294  26.398  52.524 0.0000000000
103067  6.916  21.379  57.044 0.0000000000
103076  6.933  27.400  54.516 0.0000000000
103077  6.881  28.003  54.825 0.0000000000
103287  8.570  17.174  52.372 0.0000000000
103288  9.061  16.706  52.064 0.0000000000
103289  8.647  17.237  51.774 0.0000000000
103290  8.704  17.225  51.196 0.0000000000
103291  8.719  17.229  50.596 0.0000000000
103292  8.693  17.251  49.988 0.0000000000
103293  8.302  17.778  50.277 0.0000000000
103294  7.955  18.352  49.934 0.0000000000
107931  8.652  29.759  35.992 0.0000000000
107932  8.783  29.193  36.012 0.0000000000
107933  8.763  29.810  35.471 0.0000000000
107944  8.416  34.994  34.348 0.0000000000
107953  8.465  22.842  47.485 0.0000000000
107954  8.524  22.907  46.801 0.0000000000
107955  8.697  23.644  47.061 0.0000000000
107956  8.958  24.454  46.632 0.0000000000
107957  9.141  25.272  46.224 0.0000000000
107958  8.594  29.039  46.000 0.0000000000
107959  8.738  28.369  45.794 0.0000000000
107960  8.643  29.145  45.145 0.0000000000
107961  8.669  29.198  44.392 0.0000000000
107962  8.654  29.228  43.626 0.0000000000
107963  8.636  29.248  42.905 0.0000000000
107964  8.642  29.936  43.099 0.0000000000
107965  8.636  30.656  42.657 0.0000000000
107966  8.603  31.399  42.140 0.0000000000
107967  7.213  34.071  47.718 0.0000000000
107968  7.366  33.434  47.479 0.0000000000
107969  7.315  34.185  46.966 0.0000000000
107970  7.426  34.279  46.216 0.0000000000
107971  7.569  34.362  45.472 0.0000000000
107972  8.037  36.755  42.349 0.0000000000
107973  7.955  35.997  42.912 0.0000000000
107974  8.178  36.064  42.185 0.0000000000
107975  8.293  35.393  41.977 0.0000000000
107976  8.370  34.726  41.766 0.0000000000
107977  8.423  34.060  41.546 0.0000000000
107978  8.511  34.753  41.018 0.0000000000
107979  8.650  34.775  40.270 0.0000000000
107980  8.747  34.768  39.501 0.0000000000
107981  8.735  34.774  38.768 0.0000000000
107982  8.828  35.471  38.936 0.0000000000
107983  8.858  36.145  38.403 0.0000000000
107984  8.752  36.829  37.901 0.0000000000
107985  8.072  40.183  37.363 0.0000000000
107986  8.195  39.498  37.178 0.0000000000
107987  8.163  40.089  36.628 0.0000000000
107988  8.352  40.038  35.899 0.0000000000
107989  8.502  39.978  35.184 0.0000000000
107990  8.629  39.930  34.484 0.0000000000
107991  8.706  40.633  34.617 0.0000000000
107992  8.914  41.265  34.017 0.0000000000
107993  9.172  41.828  33.434 0.0000000000
107994  9.380  42.394  32.811 0.0000000000
107995  9.270  42.465  33.592 0.0000000000
107996  9.341  43.162  33.776 0.0000000000
107997  9.283  43.877  33.890 0.0000000000
116672  8.388  20.392  42.885 0.0000000000
116673  8.319  21.286  42.253 0.0000000000
116674  8.140  21.042  42.785 0.0000000000
116675  7.872  21.735  42.751 0.0000000000
116676  7.721  22.472  42.687 0.0000000000
116677  7.743  21.339  43.905 0.0000000000
116678  7.749  22.335  43.300 0.0000000000
116679  7.769  23.244  42.772 0.0000000000
116680  7.966  23.940  42.890 0.0000000000
116681  8.264  24.540  43.009 0.0000000000
116682  8.588  25.127  43.121 0.0000000000
116846  8.767  16.413  47.163 0.0000000000
116854  8.745  16.967  44.613 0.0000000000
116855  8.643  17.542  44.338 0.0000000000
116856  8.350  17.832  44.950 0.0000000000
116857  8.452  17.981  44.443 0.0000000000
116858  8.596  18.185  44.028 0.0000000000
116859  8.565  18.883  43.681 0.0000000000
116860  8.498  19.617  43.303 0.0000000000
119192  7.509  18.764  52.051 0.0000000000
119193  7.438  19.494  51.631 0.0000000000
119194  7.286  19.403  52.277 0.0000000000
119195  7.228  20.073  52.390 0.0000000000
119196  7.219  20.741  52.634 0.0000000000
119197  7.058  19.947  53.624 0.0000000000
119198  7.106  20.680  53.231 0.0000000000
119199  7.197  21.404  52.896 0.0000000000
119200  7.173  22.078  53.167 0.0000000000
119201  7.125  22.704  53.382 0.0000000000
119202  7.069  23.340  53.708 0.0000000000
119361  8.825  13.642  58.114 0.0000000000
119363  9.028  13.874  57.598 0.0000000000
119366  8.836  15.794  56.577 0.0000000000
119367  9.250  15.150  56.263 0.0000000000
119374  9.243  16.117  53.545 0.0000000000
119375  8.837  16.642  53.273 0.0000000000
119376  8.224  17.100  54.203 0.0000000000
119377  8.345  17.094  53.612 0.0000000000
119378  8.464  17.125  52.994 0.0000000000
119379  8.120  17.638  52.685 0.0000000000
119380  7.777  18.166  52.347 0.0000000000
122983  8.521  27.213  38.270 0.0000000000
122984  8.656  27.303  37.787 0.0000000000
122985  8.628  27.856  37.815 0.0000000000
122986  8.653  28.476  37.348 0.0000000000
122987  8.605  29.016  36.950 0.0000000000
122988  8.435  29.669  37.489 0.0000000000
122989  8.500  29.673  36.982 0.0000000000
122990  8.553  29.664  36.511 0.0000000000
122991  8.462  30.357  36.007 0.0000000000
122992  8.337  31.061  35.471 0.0000000000
122996  8.215  33.246  34.883 0.0000000000
122997  8.231  33.885  34.905 0.0000000000
122998  8.062  33.144  35.983 0.0000000000
122999  8.159  33.834  35.482 0.0000000000
123000  8.263  34.476  34.910 0.0000000000
123001  8.331  34.995  34.943 0.0000000000
123002  8.424  35.570  34.994 0.0000000000
123003  8.490  36.150  35.085 0.0000000000
123004  8.601  25.711  48.673 0.0000000000
123005  8.815  25.835  47.939 0.0000000000
123006  8.703  26.521  48.255 0.0000000000
123007  8.695  27.342  47.832 0.0000000000
123008  8.586  28.183  47.366 0.0000000000
123009  8.188  28.668  48.302 0.0000000000
123010  8.324  28.831  47.550 0.0000000000
123011  8.475  28.943  46.790 0.0000000000
123012  8.346  29.701  46.182 0.0000000000
123013  8.328  30.420  45.634 0.0000000000
123014  8.340  31.135  45.090 0.0000000000
123015  7.163  37.002  45.649 0.0000000000
123016  7.296  36.410  45.347 0.0000000000
123017  7.306  37.127  44.789 0.0000000000
123018  7.475  37.217  44.031 0.0000000000
123019  7.669  37.321  43.247 0.0000000000
123020  7.511  38.721  42.941 0.0000000000
123021  7.696  38.087  42.698 0.0000000000
123022  7.874  37.427  42.487 0.0000000000
123023  8.137  37.501  41.793 0.0000000000
123024  8.391  37.554  41.013 0.0000000000
123025  8.606  37.590  40.261 0.0000000000
123026  8.769  37.603  39.533 0.0000000000
123027  8.558  38.328  39.693 0.0000000000
123028  8.377  38.991  39.119 0.0000000000
123029  8.187  39.651  38.601 0.0000000000
123030  7.833  40.349  39.481 0.0000000000
123031  7.930  40.277  38.718 0.0000000000
123032  7.994  40.246  38.048 0.0000000000
123033  7.949  40.875  37.534 0.0000000000
123034  8.058  41.525  36.965 0.0000000000
123035  8.317  42.146  36.471 0.0000000000
123036  8.600  42.760  35.979 0.0000000000
123037  8.302  42.812  36.710 0.0000000000
123038  8.265  43.491  36.939 0.0000000000
123039  8.186  44.170  37.127 0.0000000000
129212  7.100  18.411  57.273 0.0000000000
129213  6.964  19.018  56.819 0.0000000000
129214  6.974  18.901  57.544 0.0000000000
129215  6.875  19.390  57.840 0.0000000000
129216  6.857  19.916  57.974 0.0000000000
129365  8.535  12.609  58.786 0.0000000000
129373  8.499  13.296  59.156 0.0000000000
129374  8.666  13.432  58.617 0.0000000000
129375  8.660  14.342  58.499 0.0000000000
129376  8.584  15.208  58.331 0.0000000000
129377  8.308  15.999  58.196 0.0000000000
129379  7.938  16.530  58.594 0.0000000000
129380  7.978  16.660  57.982 0.0000000000
129381  7.612  17.249  57.805 0.0000000000
129382  7.345  17.819  57.540 0.0000000000
132637  8.856  22.779  39.819 0.0000000000
132638  8.731  23.487  39.270 0.0000000000
132642  8.306  26.051  38.650 0.0000000000
132643  8.190  22.112  41.701 0.0000000000
132644  8.138  22.939  41.051 0.0000000000
132645  8.061  23.763  40.495 0.0000000000
132646  7.830  24.401  41.047 0.0000000000
132647  7.910  24.479  40.506 0.0000000000
132648  8.030  24.553  39.974 0.0000000000
132649  8.079  25.298  39.489 0.0000000000
132650  8.221  26.012  39.074 0.0000000000
132651  8.357  26.605  38.698 0.0000000000
132652  8.411  27.173  38.745 0.0000000000
132653  8.410  27.762  38.814 0.0000000000
132654  8.356  28.361  38.915 0.0000000000
132655  8.315  27.642  39.913 0.0000000000
132656  8.323  28.296  39.482 0.0000000000
132657  8.296  28.954  39.042 0.0000000000
132658  8.257  29.578  39.147 0.0000000000
132659  8.252  30.176  39.271 0.0000000000
132660  8.210  30.786  39.415 0.0000000000
132661  7.072  30.926  50.645 0.0000000000
132662  7.219  31.068  49.883 0.0000000000
132663  7.075  31.672  50.117 0.0000000000
132664  7.073  32.430  49.616 0.0000000000
132665  7.075  33.204  49.083 0.0000000000
132666  6.875  33.647  50.119 0.0000000000
132667  6.985  33.825  49.289 0.0000000000
132668  7.100  33.984  48.463 0.0000000000
132669  7.111  34.740  47.992 0.0000000000
132670  7.064  35.459  47.495 0.0000000000
132671  7.039  36.199  46.933 0.0000000000
132679  6.937  36.792  47.258 0.0000000000
132680  7.037  36.896  46.452 0.0000000000
132681  7.041  37.674  45.802 0.0000000000
132682  7.053  38.416  45.267 0.0000000000
132683  7.072  39.161  44.704 0.0000000000
139412  7.649  19.263  47.326 0.0000000000
139413  7.628  20.024  46.856 0.0000000000
139414  7.687  19.970  47.409 0.0000000000
139415  7.793  20.707  47.509 0.0000000000
139416  8.015  21.406  47.673 0.0000000000
139417  7.882  20.548  48.736 0.0000000000
139418  8.007  21.311  48.308 0.0000000000
139419  8.278  22.085  47.924 0.0000000000
139420  8.361  22.781  48.136 0.0000000000
139421  8.391  23.482  48.382 0.0000000000
139422  8.462  24.173  48.709 0.0000000000
139423  7.505  20.270  51.186 0.0000000000
139424  7.666  21.033  50.813 0.0000000000
139425  7.835  21.797  50.400 0.0000000000
139426  7.613  22.364  51.345 0.0000000000
139427  7.801  22.476  50.676 0.0000000000
139428  7.971  22.576  50.045 0.0000000000
139429  8.106  23.326  49.704 0.0000000000
139430  8.285  24.101  49.330 0.0000000000
139431  8.459  24.876  48.997 0.0000000000
139432  8.380  25.578  49.368 0.0000000000
139433  8.283  26.274  49.618 0.0000000000
139434  8.132  26.959  49.848 0.0000000000
139435  7.833  26.040  50.922 0.0000000000
139436  7.920  26.812  50.501 0.0000000000
139437  7.936  27.602  50.154 0.0000000000
139438  7.713  28.259  50.418 0.0000000000
139439  7.449  28.873  50.688 0.0000000000
139440  7.241  29.511  50.869 0.0000000000
139441  6.880  19.632  56.366 0.0000000000
139442  6.843  20.288  55.884 0.0000000000
139443  6.896  20.972  55.424 0.0000000000
139444  6.887  21.514  56.368 0.0000000000
139445  6.886  21.622  55.696 0.0000000000
139446  6.929  21.725  55.030 0.0000000000
139447  6.959  22.504  54.682 0.0000000000
139448  6.986  23.266  54.306 0.0000000000
139449  7.018  24.045  53.994 0.0000000000
139456  6.904  24.591  55.010 0.0000000000
139457  6.927  24.698  54.407 0.0000000000
139458  7.032  24.750  53.775 0.0000000000
139459  7.089  25.463  53.546 0.0000000000
139460  7.139  26.270  53.204 0.0000000000
139461  7.186  27.063  52.851 0.0000000000
139462  6.987  27.573  53.820 0.0000000000
139463  7.069  27.745  53.118 0.0000000000
139464  7.198  27.824  52.483 0.0000000000
139465  7.139  28.633  52.107 0.0000000000
139466  7.099  29.375  51.619 0.0000000000
139467  7.072  30.169  51.074 0.0000000000
139468  6.941  30.773  51.360 0.0000000000
139469  6.844  31.344  51.604 0.0000000000
139900  9.244  16.180  48.827 0.0000000000
139901  8.799  16.752  48.559 0.0000000000
139902  8.589  17.268  49.406 0.0000000000
139903  8.487  17.283  48.832 0.0000000000
139904  8.382  17.314  48.271 0.0000000000
139905  7.995  17.911  47.950 0.0000000000
139906  7.755  18.571  47.621 0.0000000000
149290  8.791  27.374  37.333 0.0000000000
149291  8.917  27.461  36.898 0.0000000000
149335  7.725  20.847  46.350 0.0000000000
149336  7.896  21.632  45.831 0.0000000000
149337  8.162  22.506  45.292 0.0000000000
149338  8.487  23.024  46.134 0.0000000000
149339  8.455  23.191  45.408 0.0000000000
149340  8.392  23.363  44.739 0.0000000000
149341  8.623  24.169  44.221 0.0000000000
149342  8.780  24.965  43.743 0.0000000000
149343  8.814  25.781  43.272 0.0000000000
149344  8.987  25.973  47.230 0.0000000000
149345  9.116  26.049  46.507 0.0000000000
149346  9.194  26.126  45.752 0.0000000000
149347  8.944  27.699  45.522 0.0000000000
149348  9.110  26.986  45.239 0.0000000000
149349  9.213  26.226  44.961 0.0000000000
149350  9.109  26.322  44.186 0.0000000000
149351  8.926  26.452  43.463 0.0000000000
149352  8.714  26.583  42.755 0.0000000000
149353  8.605  27.302  42.255 0.0000000000
149354  8.535  28.047  41.809 0.0000000000
149355  8.506  28.726  41.361 0.0000000000
149356  8.621  29.292  42.223 0.0000000000
149357  8.554  29.350  41.567 0.0000000000
149358  8.480  29.393  40.915 0.0000000000
149359  8.411  30.056  40.444 0.0000000000
149360  8.294  30.748  40.012 0.0000000000
149361  8.254  31.419  39.509 0.0000000000
149362  7.366  31.202  49.106 0.0000000000
149363  7.504  31.329  48.346 0.0000000000
149364  7.686  31.460  47.594 0.0000000000
149365  7.484  32.777  47.267 0.0000000000
149366  7.666  32.180  47.028 0.0000000000
149367  7.853  31.559  46.840 0.0000000000
149368  8.003  31.654  46.101 0.0000000000
149369  8.149  31.748  45.366 0.0000000000
149370  8.296  31.852  44.603 0.0000000000
149371  7.427  35.731  45.129 0.0000000000
149372  7.542  35.121  44.954 0.0000000000
149373  7.730  34.505  44.708 0.0000000000
149374  7.902  35.272  43.452 0.0000000000
149375  7.917  34.585  44.001 0.0000000000
149376  7.946  33.892  44.484 0.0000000000
149377  8.111  33.238  44.292 0.0000000000
149378  8.242  32.570  44.095 0.0000000000
149379  8.408  31.927  43.837 0.0000000000
149380  8.494  31.993  43.097 0.0000000000
149381  8.538  32.046  42.362 0.0000000000
149382  8.513  32.069  41.656 0.0000000000
149383  8.489  33.410  41.313 0.0000000000
149384  8.509  32.747  41.155 0.0000000000
149385  8.474  32.083  40.969 0.0000000000
149386  8.410  32.089  40.300 0.0000000000
149387  8.328  32.085  39.652 0.0000000000
149388  8.261  32.114  39.001 0.0000000000
149389  8.311  32.820  38.433 0.0000000000
149390  8.375  33.484  37.841 0.0000000000
149391  8.394  34.177  37.332 0.0000000000
149392  8.633  34.773  38.080 0.0000000000
149393  8.490  34.788  37.443 0.0000000000
149394  8.386  34.849  36.822 0.0000000000
149395  8.382  35.495  36.283 0.0000000000
149396  8.445  36.135  35.701 0.0000000000
149397  8.516  36.753  35.220 0.0000000000
149398  8.765  37.587  38.782 0.0000000000
149399  8.713  37.546  38.078 0.0000000000
149400  8.612  37.487  37.393 0.0000000000
149401  8.343  38.813  36.994 0.0000000000
149402  8.446  38.111  36.876 0.0000000000
149403  8.509  37.449  36.695 0.0000000000
149404  8.488  37.410  36.007 0.0000000000
149405  8.517  37.391  35.333 0.0000000000
149406  8.592  37.370  34.669 0.0000000000
149407  8.728  37.988  34.107 0.0000000000
149408  8.842  38.580  33.545 0.0000000000
149409  9.015  39.155  33.005 0.0000000000
149410  8.752  39.897  33.790 0.0000000000
149411  8.991  39.809  33.104 0.0000000000
149419  9.461  42.945  32.105 0.0000000000
149425  8.892  43.373  35.406 0.0000000000
149426  9.083  43.986  34.706 0.0000000000
