#!ascii label  , from subject fsaverage vox2ras=TkReg
325
508  52.548  6.167  1.305 0.0000000000
1107  42.336  3.371  12.426 0.0000000000
1109  45.763  2.631  10.735 0.0000000000
2168  48.639  7.428  2.730 0.0000000000
2169  49.411  2.048  7.416 0.0000000000
3028  44.041  3.030  11.660 0.0000000000
3029  44.895  5.267  8.451 0.0000000000
4785  50.632  7.100  1.585 0.0000000000
4786  48.752  4.649  4.867 0.0000000000
4787  50.804  4.285  3.401 0.0000000000
4789  49.858  -2.526  7.641 0.0000000000
6603  42.927  0.893  14.687 0.0000000000
6605  46.333  0.049  12.869 0.0000000000
6616  52.686  3.388  3.052 0.0000000000
6617  54.369  2.405  3.777 0.0000000000
9068  46.742  7.603  4.813 0.0000000000
9069  46.901  4.791  6.858 0.0000000000
9070  47.646  2.375  9.156 0.0000000000
9071  48.004  -0.647  11.156 0.0000000000
9072  50.813  1.185  6.000 0.0000000000
9073  48.970  -1.596  9.176 0.0000000000
12463  52.365  7.469  1.164 0.0000000000
12464  51.643  8.061  1.135 0.0000000000
12465  51.619  6.634  1.319 0.0000000000
12466  50.653  5.730  2.277 0.0000000000
12467  51.723  5.358  1.919 0.0000000000
14841  41.039  2.578  14.128 0.0000000000
14842  41.905  2.316  13.890 0.0000000000
14844  42.759  2.084  13.649 0.0000000000
14845  44.943  2.829  11.239 0.0000000000
14846  44.452  1.775  12.895 0.0000000000
14847  45.352  1.574  12.467 0.0000000000
14848  45.560  0.299  13.420 0.0000000000
14849  46.174  1.386  11.890 0.0000000000
14866  54.336  3.742  2.754 0.0000000000
20111  49.923  8.813  1.655 0.0000000000
20115  47.637  7.496  3.718 0.0000000000
20116  46.706  6.145  5.629 0.0000000000
20117  47.539  5.867  4.689 0.0000000000
20118  49.159  3.514  6.118 0.0000000000
20119  48.192  3.564  7.001 0.0000000000
20120  48.557  2.252  8.234 0.0000000000
20121  47.943  1.016  10.256 0.0000000000
20122  48.731  0.677  9.409 0.0000000000
20123  52.521  1.767  4.367 0.0000000000
20124  51.709  2.302  4.419 0.0000000000
20125  51.437  0.636  5.626 0.0000000000
20127  49.387  -2.058  8.255 0.0000000000
20128  48.379  -3.326  9.709 0.0000000000
23882  43.167  3.156  12.098 0.0000000000
23883  43.567  4.257  10.490 0.0000000000
23884  44.450  4.087  10.092 0.0000000000
23885  45.302  3.931  9.603 0.0000000000
27044  50.869  8.549  1.371 0.0000000000
27045  49.589  7.375  2.041 0.0000000000
27046  48.527  5.905  3.672 0.0000000000
27047  49.570  5.883  2.884 0.0000000000
27048  49.765  4.561  4.029 0.0000000000
27049  50.077  3.248  5.302 0.0000000000
27051  50.972  -1.209  6.525 0.0000000000
30761  40.231  2.915  14.240 0.0000000000
30768  43.590  1.948  13.273 0.0000000000
30796  52.684  4.796  1.975 0.0000000000
30797  53.549  4.273  2.186 0.0000000000
30798  53.517  2.833  3.316 0.0000000000
37449  45.707  6.401  6.638 0.0000000000
37450  45.915  4.997  7.703 0.0000000000
37451  46.343  3.748  8.853 0.0000000000
37452  47.811  4.708  5.831 0.0000000000
37453  47.291  3.602  7.985 0.0000000000
37454  46.732  2.493  9.972 0.0000000000
37455  47.087  1.207  11.103 0.0000000000
37456  47.234  -0.243  12.011 0.0000000000
37457  47.098  -1.879  12.776 0.0000000000
37458  51.803  3.910  3.027 0.0000000000
37459  50.967  2.891  4.702 0.0000000000
37460  50.178  1.718  6.630 0.0000000000
37461  50.384  -0.736  6.986 0.0000000000
37462  49.942  -0.150  7.634 0.0000000000
37463  49.417  0.306  8.515 0.0000000000
37464  48.572  -1.101  10.145 0.0000000000
37465  47.645  -2.314  11.750 0.0000000000
43181  52.879  6.560  1.236 0.0000000000
43182  52.726  7.168  1.272 0.0000000000
43183  52.456  6.828  1.151 0.0000000000
43184  52.047  7.093  1.118 0.0000000000
43185  52.081  6.408  1.261 0.0000000000
43186  51.687  6.006  1.564 0.0000000000
43187  52.178  5.790  1.516 0.0000000000
45561  41.726  2.974  13.277 0.0000000000
45562  42.131  2.842  13.179 0.0000000000
45563  42.308  2.203  13.778 0.0000000000
45564  42.538  2.725  13.069 0.0000000000
45565  45.361  2.744  10.988 0.0000000000
45566  45.162  2.219  11.842 0.0000000000
45567  45.572  2.103  11.613 0.0000000000
45568  45.746  1.482  12.181 0.0000000000
45569  45.967  1.973  11.378 0.0000000000
50831  49.276  8.172  2.062 0.0000000000
50832  49.443  8.901  1.890 0.0000000000
50833  48.774  8.221  2.408 0.0000000000
50834  48.273  8.272  2.775 0.0000000000
50835  48.100  7.420  3.179 0.0000000000
50836  47.569  6.704  4.139 0.0000000000
50837  47.998  6.583  3.682 0.0000000000
50838  49.316  2.841  6.714 0.0000000000
50839  48.872  2.855  7.236 0.0000000000
50840  49.008  2.171  7.794 0.0000000000
50841  48.687  1.496  8.842 0.0000000000
50842  49.109  1.389  8.459 0.0000000000
50844  51.995  1.226  4.969 0.0000000000
50845  51.827  0.367  5.530 0.0000000000
55166  44.245  4.798  9.489 0.0000000000
55167  44.675  4.689  9.280 0.0000000000
55168  44.887  4.002  9.867 0.0000000000
55169  45.108  4.608  9.033 0.0000000000
60431  51.164  7.614  1.268 0.0000000000
60432  51.247  8.326  1.259 0.0000000000
60433  50.718  7.836  1.427 0.0000000000
60434  50.294  8.006  1.608 0.0000000000
60435  50.166  7.263  1.830 0.0000000000
60436  49.546  6.614  2.418 0.0000000000
60437  50.116  6.564  2.114 0.0000000000
60438  50.697  5.004  2.794 0.0000000000
60439  50.140  5.124  3.078 0.0000000000
60440  50.274  4.429  3.707 0.0000000000
60441  49.906  3.919  4.676 0.0000000000
60442  50.421  3.750  4.337 0.0000000000
67562  40.496  3.428  13.588 0.0000000000
67563  41.160  1.917  14.750 0.0000000000
67575  43.599  3.092  11.880 0.0000000000
67576  43.395  2.568  12.680 0.0000000000
67577  43.832  2.546  12.423 0.0000000000
67578  44.586  1.099  13.496 0.0000000000
67579  44.144  1.226  13.662 0.0000000000
67585  45.965  0.194  13.142 0.0000000000
67589  46.357  -0.717  13.314 0.0000000000
67636  53.500  4.969  1.763 0.0000000000
67638  54.397  3.081  3.219 0.0000000000
67639  53.935  3.290  2.981 0.0000000000
67640  53.960  2.608  3.509 0.0000000000
67641  53.456  2.080  3.903 0.0000000000
67642  53.880  1.873  4.124 0.0000000000
83386  45.752  7.100  6.231 0.0000000000
83387  46.197  6.970  5.778 0.0000000000
83388  46.730  5.397  6.253 0.0000000000
83389  46.269  5.565  6.658 0.0000000000
83390  46.418  4.876  7.263 0.0000000000
83391  46.123  4.378  8.276 0.0000000000
83392  46.614  4.276  7.887 0.0000000000
83393  48.605  5.247  4.264 0.0000000000
83394  48.155  5.242  4.679 0.0000000000
83395  48.326  4.671  5.326 0.0000000000
83396  47.912  2.976  8.078 0.0000000000
83397  47.725  3.589  7.482 0.0000000000
83398  47.457  2.996  8.588 0.0000000000
83399  47.010  3.053  9.009 0.0000000000
83400  47.181  2.439  9.582 0.0000000000
83401  46.920  1.865  10.583 0.0000000000
83402  47.370  1.808  10.137 0.0000000000
83403  48.014  0.210  10.738 0.0000000000
83404  47.627  0.383  11.163 0.0000000000
83405  47.622  -0.461  11.611 0.0000000000
83406  47.205  -1.071  12.445 0.0000000000
83407  47.558  -1.299  11.996 0.0000000000
83408  52.687  4.110  2.455 0.0000000000
83409  52.214  4.370  2.422 0.0000000000
83410  52.229  3.651  3.003 0.0000000000
83411  51.274  1.780  5.207 0.0000000000
83412  51.369  2.651  4.492 0.0000000000
83413  50.927  2.071  5.378 0.0000000000
83414  50.556  2.319  5.686 0.0000000000
83415  50.502  1.446  6.298 0.0000000000
83416  50.406  -1.886  7.067 0.0000000000
83417  50.662  -0.978  6.708 0.0000000000
83418  50.111  -1.661  7.303 0.0000000000
83419  49.176  -1.833  8.702 0.0000000000
83420  49.695  -1.147  7.974 0.0000000000
83421  49.466  -0.884  8.423 0.0000000000
83422  49.695  0.089  8.072 0.0000000000
83423  49.268  -0.668  8.940 0.0000000000
83424  48.987  -0.458  9.375 0.0000000000
83425  48.786  -1.369  9.661 0.0000000000
83427  47.880  -2.526  11.194 0.0000000000
96163  52.022  7.758  1.141 0.0000000000
96164  51.634  7.359  1.129 0.0000000000
96165  51.132  6.900  1.414 0.0000000000
96166  50.644  6.432  1.868 0.0000000000
96167  51.149  6.261  1.692 0.0000000000
96168  51.191  5.556  2.052 0.0000000000
96169  51.230  4.838  2.572 0.0000000000
100441  40.873  3.239  13.537 0.0000000000
100442  41.290  3.094  13.420 0.0000000000
100443  41.460  2.444  14.026 0.0000000000
100444  41.590  1.794  14.601 0.0000000000
100446  41.991  1.723  14.430 0.0000000000
100447  42.455  1.587  14.318 0.0000000000
100448  42.861  1.500  14.171 0.0000000000
100449  44.498  2.921  11.479 0.0000000000
100450  44.268  2.416  12.278 0.0000000000
100451  44.710  2.308  12.087 0.0000000000
100452  44.896  1.652  12.709 0.0000000000
100453  45.039  1.021  13.241 0.0000000000
100455  45.467  0.961  12.965 0.0000000000
100456  45.880  0.860  12.680 0.0000000000
100457  46.278  0.754  12.393 0.0000000000
100489  54.826  2.904  3.506 0.0000000000
109927  50.533  9.319  1.546 0.0000000000
109935  47.168  7.549  4.276 0.0000000000
109936  46.681  6.873  5.220 0.0000000000
109937  47.137  6.793  4.667 0.0000000000
109938  47.130  6.014  5.178 0.0000000000
109939  47.186  5.304  5.782 0.0000000000
109940  48.943  4.087  5.462 0.0000000000
109941  48.503  4.109  5.923 0.0000000000
109942  48.698  3.496  6.609 0.0000000000
109943  48.383  2.935  7.637 0.0000000000
109944  48.089  2.330  8.679 0.0000000000
109945  47.812  1.743  9.719 0.0000000000
109946  48.253  1.647  9.271 0.0000000000
109947  48.371  0.853  9.840 0.0000000000
109948  48.363  0.007  10.321 0.0000000000
109949  52.614  2.579  3.731 0.0000000000
109950  52.201  2.902  3.668 0.0000000000
109951  52.116  2.077  4.387 0.0000000000
109952  51.592  1.464  5.088 0.0000000000
109953  51.116  0.900  5.796 0.0000000000
109955  49.582  -2.308  7.906 0.0000000000
109956  49.116  -2.936  8.563 0.0000000000
109957  48.869  -2.716  8.973 0.0000000000
109958  48.658  -2.500  9.446 0.0000000000
109959  48.484  -2.242  9.902 0.0000000000
109960  48.177  -3.142  10.208 0.0000000000
117163  42.505  3.922  11.637 0.0000000000
117164  42.735  3.268  12.262 0.0000000000
117165  42.923  3.807  11.469 0.0000000000
117166  43.366  3.703  11.292 0.0000000000
117167  43.795  3.627  11.062 0.0000000000
117169  44.007  4.188  10.268 0.0000000000
117170  44.240  3.552  10.847 0.0000000000
117171  44.699  3.441  10.661 0.0000000000
117172  45.121  3.349  10.419 0.0000000000
117173  45.524  3.270  10.164 0.0000000000
124540  51.708  8.742  1.270 0.0000000000
124541  51.359  8.971  1.339 0.0000000000
124542  50.969  9.188  1.423 0.0000000000
124543  50.430  8.734  1.495 0.0000000000
124544  49.757  8.110  1.788 0.0000000000
124545  49.131  7.401  2.377 0.0000000000
124546  48.548  6.620  3.183 0.0000000000
124547  49.039  6.647  2.779 0.0000000000
124548  49.021  5.906  3.262 0.0000000000
124549  49.095  5.216  3.842 0.0000000000
124550  50.134  5.818  2.498 0.0000000000
124551  49.648  5.199  3.429 0.0000000000
124552  49.256  4.626  4.418 0.0000000000
124553  49.428  4.041  5.048 0.0000000000
124554  49.603  3.408  5.679 0.0000000000
124555  49.742  2.697  6.331 0.0000000000
133964  40.620  2.750  14.195 0.0000000000
133980  42.969  2.627  12.888 0.0000000000
133981  43.175  2.011  13.479 0.0000000000
133982  43.299  1.385  14.037 0.0000000000
133983  44.045  1.912  13.059 0.0000000000
133984  43.729  1.316  13.846 0.0000000000
133985  43.387  0.781  14.546 0.0000000000
134055  52.978  5.873  1.360 0.0000000000
134056  52.634  5.496  1.583 0.0000000000
134057  53.099  5.189  1.665 0.0000000000
134058  53.138  4.533  2.071 0.0000000000
134059  53.129  3.837  2.573 0.0000000000
134060  53.915  3.986  2.483 0.0000000000
134061  53.505  3.532  2.753 0.0000000000
134062  53.096  3.067  3.168 0.0000000000
134063  53.031  2.255  3.816 0.0000000000
134064  52.941  1.510  4.422 0.0000000000
153310  45.245  6.540  7.067 0.0000000000
153311  45.259  5.807  7.544 0.0000000000
153312  46.190  6.281  6.156 0.0000000000
153313  45.723  5.669  7.098 0.0000000000
153314  45.391  5.117  8.103 0.0000000000
153315  45.610  4.485  8.687 0.0000000000
153316  45.831  3.845  9.225 0.0000000000
153317  46.052  3.176  9.821 0.0000000000
153318  48.013  5.836  4.191 0.0000000000
153319  47.647  5.264  5.287 0.0000000000
153320  47.345  4.730  6.393 0.0000000000
153321  47.999  4.151  6.386 0.0000000000
153322  47.538  4.171  6.884 0.0000000000
153323  47.101  4.202  7.420 0.0000000000
153324  46.853  3.675  8.430 0.0000000000
153325  46.554  3.106  9.428 0.0000000000
153326  46.262  2.547  10.380 0.0000000000
153327  46.460  1.923  10.961 0.0000000000
153328  46.632  1.289  11.533 0.0000000000
153329  46.754  0.635  12.013 0.0000000000
153330  47.541  1.133  10.667 0.0000000000
153331  47.196  0.510  11.570 0.0000000000
153332  46.806  -0.088  12.433 0.0000000000
153333  46.801  -0.864  12.863 0.0000000000
153336  52.195  5.094  1.918 0.0000000000
153337  51.697  4.645  2.417 0.0000000000
153338  51.291  4.127  3.160 0.0000000000
153339  51.780  3.154  3.676 0.0000000000
153340  51.355  3.417  3.795 0.0000000000
153341  50.897  3.614  4.006 0.0000000000
153342  50.530  3.063  4.987 0.0000000000
153343  50.148  2.532  5.981 0.0000000000
153344  49.807  1.902  7.038 0.0000000000
153345  51.247  -0.290  6.110 0.0000000000
153346  50.906  -0.035  6.290 0.0000000000
153347  50.645  0.256  6.548 0.0000000000
153348  49.876  -1.406  7.616 0.0000000000
153349  50.165  -0.439  7.280 0.0000000000
153350  50.387  0.531  6.840 0.0000000000
153351  50.122  0.810  7.196 0.0000000000
153352  49.829  1.049  7.599 0.0000000000
153353  49.455  1.205  8.023 0.0000000000
153354  49.068  0.469  8.983 0.0000000000
153355  48.673  -0.201  9.870 0.0000000000
153356  48.270  -0.845  10.660 0.0000000000
153357  48.342  -1.928  10.394 0.0000000000
153358  48.106  -1.696  10.931 0.0000000000
153359  47.849  -1.466  11.481 0.0000000000
153360  47.424  -2.109  12.295 0.0000000000
