#!ascii label  , from subject fsaverage vox2ras=TkReg
504
43  22.001  16.676  50.753 0.0000000000
363  18.315  17.537  57.981 0.0000000000
1000  21.207  17.987  56.116 0.0000000000
1001  18.361  22.656  54.843 0.0000000000
1803  15.136  15.670  58.978 0.0000000000
1806  21.063  13.306  53.277 0.0000000000
2023  14.445  20.514  55.024 0.0000000000
2920  21.530  17.328  53.407 0.0000000000
2921  21.786  20.401  54.625 0.0000000000
2922  21.574  19.495  51.678 0.0000000000
3968  21.182  13.629  55.679 0.0000000000
4435  16.814  16.739  58.261 0.0000000000
4436  14.940  18.217  57.051 0.0000000000
4437  16.711  18.919  56.362 0.0000000000
6406  19.875  17.987  57.342 0.0000000000
6407  18.384  19.794  56.101 0.0000000000
6408  20.183  20.609  56.290 0.0000000000
6409  20.625  23.374  55.099 0.0000000000
6410  20.252  25.800  53.125 0.0000000000
7423  22.358  16.130  48.080 0.0000000000
7424  21.349  18.695  48.705 0.0000000000
8045  16.536  14.547  59.736 0.0000000000
8046  18.205  15.477  59.325 0.0000000000
8049  19.705  15.905  58.488 0.0000000000
8050  21.038  16.007  56.822 0.0000000000
8051  21.316  15.651  54.575 0.0000000000
8052  21.342  15.124  52.051 0.0000000000
8060  21.352  12.895  50.756 0.0000000000
8061  21.969  14.497  49.484 0.0000000000
8062  22.611  13.913  47.132 0.0000000000
8641  12.982  17.662  58.637 0.0000000000
8644  16.458  21.344  54.378 0.0000000000
10600  21.777  16.993  52.125 0.0000000000
10601  21.747  18.446  52.595 0.0000000000
10602  21.891  18.104  51.163 0.0000000000
12115  17.511  17.185  58.090 0.0000000000
12116  16.747  17.855  57.364 0.0000000000
12117  17.556  18.272  57.207 0.0000000000
14515  20.634  18.042  56.874 0.0000000000
14516  19.967  19.171  56.854 0.0000000000
14517  20.826  19.415  56.467 0.0000000000
14518  21.573  21.579  53.523 0.0000000000
14519  21.416  22.010  54.991 0.0000000000
14520  21.282  23.239  53.940 0.0000000000
14521  20.604  24.700  54.224 0.0000000000
16315  22.510  15.861  46.876 0.0000000000
16316  22.032  17.113  47.141 0.0000000000
17647  17.351  13.921  60.139 0.0000000000
17648  17.405  15.101  59.546 0.0000000000
17656  19.685  14.910  59.120 0.0000000000
17657  20.441  15.010  58.311 0.0000000000
17658  20.541  15.991  57.756 0.0000000000
17659  20.953  14.913  57.233 0.0000000000
17660  21.159  13.436  54.572 0.0000000000
17661  21.281  14.697  55.120 0.0000000000
17662  21.242  14.446  53.851 0.0000000000
17663  21.220  15.349  53.308 0.0000000000
17664  21.209  14.321  52.594 0.0000000000
17685  21.530  12.673  49.453 0.0000000000
17686  21.573  13.723  50.109 0.0000000000
17687  21.830  13.444  48.855 0.0000000000
17688  22.291  14.189  48.296 0.0000000000
17689  22.274  13.105  47.736 0.0000000000
19063  14.697  19.352  56.078 0.0000000000
19064  13.782  19.152  56.742 0.0000000000
19068  18.369  21.158  55.313 0.0000000000
19069  17.441  20.597  55.161 0.0000000000
19070  17.321  22.057  54.466 0.0000000000
19072  15.291  23.924  53.277 0.0000000000
23686  21.382  17.617  54.776 0.0000000000
23687  21.488  19.171  55.501 0.0000000000
23688  21.630  18.882  54.039 0.0000000000
23689  21.687  19.971  53.102 0.0000000000
23690  21.253  20.980  52.060 0.0000000000
26413  16.035  16.201  58.552 0.0000000000
26414  15.124  16.920  58.061 0.0000000000
26415  15.946  17.427  57.618 0.0000000000
26416  15.823  18.599  56.702 0.0000000000
26417  15.661  19.605  55.611 0.0000000000
26418  18.430  24.196  54.563 0.0000000000
26419  17.341  23.554  54.102 0.0000000000
26420  17.470  25.110  54.081 0.0000000000
30304  19.134  17.780  57.706 0.0000000000
30305  18.284  18.603  57.092 0.0000000000
30306  19.197  18.978  56.964 0.0000000000
30307  19.227  20.242  56.244 0.0000000000
30308  19.305  21.655  55.648 0.0000000000
30309  21.163  20.677  55.919 0.0000000000
30310  20.404  22.030  55.774 0.0000000000
30311  19.457  23.123  55.254 0.0000000000
30312  19.606  24.652  54.817 0.0000000000
32761  22.275  16.432  49.362 0.0000000000
32762  21.936  17.721  49.754 0.0000000000
32763  21.936  17.393  48.486 0.0000000000
34449  15.797  15.119  59.308 0.0000000000
34450  16.668  15.684  59.040 0.0000000000
34451  17.476  16.152  58.837 0.0000000000
34452  18.216  16.507  58.653 0.0000000000
34459  18.963  14.693  59.682 0.0000000000
34460  18.930  15.747  59.004 0.0000000000
34461  19.024  16.735  58.355 0.0000000000
34462  19.871  16.962  57.896 0.0000000000
34463  20.588  17.036  57.257 0.0000000000
34464  21.096  16.935  56.487 0.0000000000
34465  21.215  14.869  56.259 0.0000000000
34466  21.305  15.831  55.794 0.0000000000
34467  21.271  16.688  55.373 0.0000000000
34468  21.347  16.440  54.040 0.0000000000
34469  21.425  16.206  52.771 0.0000000000
34470  21.687  15.866  51.481 0.0000000000
34494  21.160  13.171  52.023 0.0000000000
34495  21.326  14.009  51.335 0.0000000000
34496  21.599  14.795  50.782 0.0000000000
34497  22.054  15.558  50.215 0.0000000000
34498  22.284  15.281  48.893 0.0000000000
34499  22.549  15.005  47.587 0.0000000000
34500  22.852  14.701  46.391 0.0000000000
36178  13.976  17.880  57.813 0.0000000000
36184  17.490  19.338  56.118 0.0000000000
36185  16.590  19.970  55.270 0.0000000000
36186  15.461  20.778  54.520 0.0000000000
36187  16.326  22.943  53.814 0.0000000000
36188  15.298  22.273  53.690 0.0000000000
36202  21.444  19.104  50.151 0.0000000000
36203  20.920  20.509  50.529 0.0000000000
41320  21.950  16.861  51.369 0.0000000000
41321  21.902  17.571  51.664 0.0000000000
41322  21.983  17.379  50.954 0.0000000000
42835  17.950  17.387  58.162 0.0000000000
42836  17.530  17.739  57.699 0.0000000000
42837  17.926  17.934  57.614 0.0000000000
45235  20.929  18.077  56.545 0.0000000000
45236  20.705  18.722  56.693 0.0000000000
45237  21.029  18.761  56.357 0.0000000000
45238  21.353  22.143  52.999 0.0000000000
45239  21.503  22.414  53.798 0.0000000000
45240  21.208  22.940  53.212 0.0000000000
47035  22.709  15.680  46.208 0.0000000000
47036  22.454  16.333  46.371 0.0000000000
47037  22.520  16.178  45.739 0.0000000000
48368  17.798  14.181  60.073 0.0000000000
48378  20.729  14.977  57.796 0.0000000000
48380  21.139  13.396  53.904 0.0000000000
48381  21.225  13.946  54.193 0.0000000000
48382  21.187  13.879  53.542 0.0000000000
48383  21.209  14.383  53.256 0.0000000000
48384  21.158  13.854  52.963 0.0000000000
48404  21.603  12.181  49.191 0.0000000000
48405  21.702  12.570  48.841 0.0000000000
48406  21.710  13.060  49.166 0.0000000000
48407  21.864  12.933  48.527 0.0000000000
48408  22.065  13.272  48.258 0.0000000000
49782  14.635  16.122  58.828 0.0000000000
49783  14.556  19.924  55.561 0.0000000000
49784  14.091  19.819  55.875 0.0000000000
49785  13.925  20.459  55.333 0.0000000000
49788  18.375  21.889  55.035 0.0000000000
49789  17.853  21.608  54.853 0.0000000000
49790  17.865  22.352  54.631 0.0000000000
54835  21.428  17.501  54.057 0.0000000000
54836  21.503  18.260  54.420 0.0000000000
54837  21.551  18.073  53.725 0.0000000000
54838  21.731  18.986  52.113 0.0000000000
54839  21.733  19.225  52.871 0.0000000000
54840  21.613  19.727  52.390 0.0000000000
54841  21.529  20.480  52.604 0.0000000000
54842  21.353  20.235  51.837 0.0000000000
57983  20.990  12.338  54.690 0.0000000000
59380  16.448  16.510  58.435 0.0000000000
59381  16.039  16.863  58.078 0.0000000000
59382  16.376  17.096  57.919 0.0000000000
59383  16.703  18.406  56.873 0.0000000000
59384  16.330  18.208  57.048 0.0000000000
59385  16.263  18.710  56.514 0.0000000000
59386  15.743  19.063  56.148 0.0000000000
59387  16.188  19.232  55.926 0.0000000000
59388  18.457  24.903  54.490 0.0000000000
59389  17.967  24.635  54.337 0.0000000000
59390  17.971  25.369  54.270 0.0000000000
66580  19.539  17.913  57.531 0.0000000000
66581  19.161  18.351  57.356 0.0000000000
66582  19.543  18.493  57.219 0.0000000000
66583  20.063  19.858  56.576 0.0000000000
66584  19.591  19.741  56.542 0.0000000000
66585  19.697  20.409  56.279 0.0000000000
66586  19.287  20.945  55.957 0.0000000000
66587  19.766  21.112  56.011 0.0000000000
66588  21.598  19.759  55.064 0.0000000000
66589  21.391  19.939  55.769 0.0000000000
66590  21.580  20.550  55.315 0.0000000000
66591  21.053  22.716  55.122 0.0000000000
66592  20.959  22.045  55.535 0.0000000000
66593  20.506  22.739  55.446 0.0000000000
66594  19.964  22.606  55.571 0.0000000000
66595  20.050  23.397  55.282 0.0000000000
66596  19.561  23.909  55.030 0.0000000000
66597  20.160  24.108  54.994 0.0000000000
66598  20.462  25.252  53.716 0.0000000000
66599  20.158  25.369  54.269 0.0000000000
66600  20.071  25.946  53.762 0.0000000000
71980  22.262  16.261  48.702 0.0000000000
71981  22.061  16.912  48.915 0.0000000000
71982  22.186  16.766  48.287 0.0000000000
71984  21.756  17.669  47.276 0.0000000000
75973  16.434  13.888  59.967 0.0000000000
75975  16.039  14.235  59.796 0.0000000000
75977  16.150  14.830  59.518 0.0000000000
75978  16.274  15.377  59.219 0.0000000000
75979  16.602  15.103  59.437 0.0000000000
75980  17.806  15.331  59.418 0.0000000000
75981  17.412  15.672  59.198 0.0000000000
75982  17.836  15.852  59.083 0.0000000000
75983  17.849  16.360  58.779 0.0000000000
75984  18.192  16.017  59.021 0.0000000000
76003  19.727  15.429  58.792 0.0000000000
76004  19.318  15.346  59.091 0.0000000000
76005  19.324  15.864  58.771 0.0000000000
76006  18.979  16.238  58.690 0.0000000000
76007  19.375  16.320  58.452 0.0000000000
76008  19.434  16.842  58.181 0.0000000000
76009  19.786  16.423  58.202 0.0000000000
76010  20.833  16.011  57.246 0.0000000000
76011  20.639  16.566  57.466 0.0000000000
76012  20.874  16.583  57.074 0.0000000000
76013  20.850  17.055  56.857 0.0000000000
76014  21.060  16.498  56.609 0.0000000000
76015  21.149  13.732  56.294 0.0000000000
76016  21.151  14.331  56.531 0.0000000000
76017  21.232  14.242  55.967 0.0000000000
76018  21.319  15.151  54.826 0.0000000000
76019  21.277  15.271  55.474 0.0000000000
76020  21.329  15.670  55.259 0.0000000000
76021  21.293  16.289  55.636 0.0000000000
76022  21.341  16.193  54.950 0.0000000000
76023  21.291  16.603  54.678 0.0000000000
76024  21.223  16.050  54.278 0.0000000000
76025  21.254  15.270  52.667 0.0000000000
76026  21.241  15.810  53.045 0.0000000000
76027  21.325  15.653  52.408 0.0000000000
76028  21.521  16.046  52.117 0.0000000000
76029  21.442  15.496  51.768 0.0000000000
76089  21.059  12.594  51.779 0.0000000000
76090  21.205  13.045  51.305 0.0000000000
76091  21.233  13.577  51.690 0.0000000000
76092  21.342  13.453  51.000 0.0000000000
76093  21.753  14.116  49.808 0.0000000000
76094  21.603  14.228  50.438 0.0000000000
76095  21.802  14.630  50.174 0.0000000000
76096  21.797  15.154  50.559 0.0000000000
76097  22.053  15.055  49.851 0.0000000000
76098  22.199  15.476  49.474 0.0000000000
76099  22.166  14.873  49.156 0.0000000000
76100  22.411  14.036  47.681 0.0000000000
76101  22.394  14.538  47.949 0.0000000000
76102  22.576  14.466  47.362 0.0000000000
76103  22.614  14.903  47.014 0.0000000000
76104  22.732  14.304  46.758 0.0000000000
80223  15.053  17.561  57.559 0.0000000000
80224  14.585  17.386  57.966 0.0000000000
80225  14.488  18.033  57.429 0.0000000000
80238  18.348  19.236  56.550 0.0000000000
80239  17.905  18.995  56.600 0.0000000000
80240  17.912  19.589  56.067 0.0000000000
80241  16.956  20.986  54.770 0.0000000000
80242  17.012  20.284  55.180 0.0000000000
80243  16.520  20.631  54.791 0.0000000000
80244  16.055  20.339  54.890 0.0000000000
80245  15.974  21.032  54.460 0.0000000000
80246  16.842  24.041  53.839 0.0000000000
80247  16.845  23.294  53.939 0.0000000000
80248  16.376  23.701  53.655 0.0000000000
80250  15.252  23.077  53.441 0.0000000000
80251  14.714  22.786  53.461 0.0000000000
80252  14.799  21.995  53.772 0.0000000000
80283  21.672  18.212  49.269 0.0000000000
80284  21.700  18.406  49.990 0.0000000000
80285  21.396  18.882  49.432 0.0000000000
92806  21.653  17.217  52.730 0.0000000000
92807  21.684  17.952  53.019 0.0000000000
92808  21.740  17.745  52.372 0.0000000000
92809  21.833  18.243  51.925 0.0000000000
92810  21.768  18.820  51.400 0.0000000000
95533  17.164  16.921  58.203 0.0000000000
95534  16.774  17.284  57.836 0.0000000000
95535  17.149  17.536  57.719 0.0000000000
95536  17.133  18.083  57.285 0.0000000000
95537  17.160  18.573  56.781 0.0000000000
99853  20.317  17.956  57.155 0.0000000000
99854  19.910  18.550  57.067 0.0000000000
99855  20.302  18.668  56.931 0.0000000000
99856  20.440  19.307  56.755 0.0000000000
99857  20.542  20.005  56.463 0.0000000000
99858  21.758  20.973  54.098 0.0000000000
99859  21.676  21.183  54.833 0.0000000000
99860  21.666  21.780  54.346 0.0000000000
99861  21.423  22.634  54.510 0.0000000000
99862  21.097  23.344  54.669 0.0000000000
99863  20.669  24.048  54.687 0.0000000000
99864  20.977  24.014  54.129 0.0000000000
103093  22.448  15.986  47.429 0.0000000000
103094  22.209  16.627  47.606 0.0000000000
103095  22.328  16.492  47.000 0.0000000000
103096  22.105  16.928  46.526 0.0000000000
105491  16.938  14.242  59.949 0.0000000000
105492  16.972  14.836  59.656 0.0000000000
105493  17.399  14.516  59.847 0.0000000000
105494  17.809  14.775  59.782 0.0000000000
105495  18.199  14.976  59.629 0.0000000000
105506  19.724  14.392  59.437 0.0000000000
105507  20.062  14.411  59.078 0.0000000000
105508  20.130  15.001  58.716 0.0000000000
105509  20.098  15.518  58.442 0.0000000000
105510  20.148  15.998  58.153 0.0000000000
105511  20.475  15.505  58.020 0.0000000000
105512  20.802  15.511  57.491 0.0000000000
105513  20.999  15.478  57.021 0.0000000000
105514  21.198  13.618  55.106 0.0000000000
105515  21.275  14.221  55.384 0.0000000000
105516  21.247  14.101  54.787 0.0000000000
105517  21.258  14.532  54.501 0.0000000000
105518  21.268  15.020  54.200 0.0000000000
105519  21.261  15.479  53.881 0.0000000000
105520  21.235  14.920  53.543 0.0000000000
105521  21.218  14.876  52.954 0.0000000000
105522  21.289  14.703  52.294 0.0000000000
105559  21.456  12.798  50.052 0.0000000000
105560  21.445  13.337  50.377 0.0000000000
105561  21.556  13.194  49.739 0.0000000000
105562  21.734  13.585  49.465 0.0000000000
105563  21.875  13.917  49.183 0.0000000000
105564  22.084  14.303  48.915 0.0000000000
105565  22.082  13.800  48.614 0.0000000000
105566  22.284  13.628  47.999 0.0000000000
105567  22.413  13.468  47.411 0.0000000000
108038  13.521  17.128  58.654 0.0000000000
108039  14.817  18.817  56.597 0.0000000000
108040  14.381  18.678  56.899 0.0000000000
108041  14.180  19.282  56.404 0.0000000000
108048  18.345  20.422  55.662 0.0000000000
108049  17.926  20.146  55.543 0.0000000000
108050  17.858  20.841  55.172 0.0000000000
108051  17.389  21.280  54.778 0.0000000000
108052  16.885  21.705  54.405 0.0000000000
108054  15.838  24.204  53.387 0.0000000000
116704  21.366  17.828  55.499 0.0000000000
116705  21.342  18.565  55.843 0.0000000000
116706  21.448  18.319  55.156 0.0000000000
116707  21.567  18.992  54.739 0.0000000000
116708  21.670  19.586  54.338 0.0000000000
116709  21.666  18.649  53.311 0.0000000000
116710  21.705  19.405  53.579 0.0000000000
116711  21.744  20.240  53.848 0.0000000000
116712  21.640  20.773  53.308 0.0000000000
116713  21.454  21.259  52.808 0.0000000000
116714  21.141  21.776  52.255 0.0000000000
121110  21.069  13.098  55.467 0.0000000000
121111  21.116  12.975  54.899 0.0000000000
121112  21.043  12.886  54.284 0.0000000000
123067  15.597  15.931  58.757 0.0000000000
123068  15.155  16.322  58.551 0.0000000000
123069  15.592  16.552  58.289 0.0000000000
123070  15.558  17.151  57.768 0.0000000000
123071  15.489  17.782  57.329 0.0000000000
123072  16.408  17.640  57.510 0.0000000000
123073  15.971  17.978  57.235 0.0000000000
123074  15.387  18.401  56.824 0.0000000000
123075  15.264  18.971  56.354 0.0000000000
123076  15.161  19.447  55.847 0.0000000000
123077  15.077  20.034  55.307 0.0000000000
123078  18.413  23.443  54.684 0.0000000000
123079  17.853  23.149  54.454 0.0000000000
123080  17.932  23.854  54.376 0.0000000000
123081  17.417  24.361  54.063 0.0000000000
123082  16.913  24.831  53.837 0.0000000000
123084  16.956  25.596  53.849 0.0000000000
132718  18.725  17.657  57.897 0.0000000000
132719  18.299  18.111  57.584 0.0000000000
132720  18.725  18.225  57.441 0.0000000000
132721  18.752  18.836  56.968 0.0000000000
132722  18.782  19.422  56.565 0.0000000000
132723  19.557  19.097  56.870 0.0000000000
132724  19.199  19.602  56.575 0.0000000000
132725  18.760  20.053  56.125 0.0000000000
132726  18.831  20.701  55.790 0.0000000000
132727  18.860  21.414  55.569 0.0000000000
132728  18.834  22.139  55.255 0.0000000000
132729  21.188  19.292  56.102 0.0000000000
132730  20.952  20.011  56.221 0.0000000000
132731  20.660  20.654  56.197 0.0000000000
132732  21.332  21.329  55.478 0.0000000000
132733  20.857  21.348  55.894 0.0000000000
132734  20.287  21.323  56.050 0.0000000000
132735  19.826  21.876  55.765 0.0000000000
132736  19.353  22.391  55.423 0.0000000000
132737  18.888  22.949  55.042 0.0000000000
132738  18.913  23.638  54.881 0.0000000000
132739  18.993  24.386  54.777 0.0000000000
132740  19.040  25.160  54.618 0.0000000000
132741  20.179  24.722  54.660 0.0000000000
132742  19.650  25.309  54.555 0.0000000000
139495  22.125  16.562  50.077 0.0000000000
139496  22.070  17.225  50.237 0.0000000000
139497  22.106  17.030  49.606 0.0000000000
139498  21.893  17.581  49.137 0.0000000000
139499  21.627  18.003  48.597 0.0000000000
139500  21.977  17.246  47.801 0.0000000000
139501  21.687  17.844  48.002 0.0000000000
144381  15.457  15.401  59.132 0.0000000000
144382  16.006  15.606  59.030 0.0000000000
144383  16.369  15.920  58.797 0.0000000000
144384  16.751  16.220  58.692 0.0000000000
144385  17.021  15.400  59.281 0.0000000000
144386  17.074  15.936  58.936 0.0000000000
144387  17.151  16.417  58.576 0.0000000000
144388  17.512  16.627  58.506 0.0000000000
144389  17.844  16.854  58.388 0.0000000000
144390  18.300  16.975  58.343 0.0000000000
144411  18.557  15.104  59.518 0.0000000000
144412  19.319  14.852  59.388 0.0000000000
144413  18.931  15.272  59.312 0.0000000000
144414  18.545  15.657  59.213 0.0000000000
144415  18.568  16.123  58.856 0.0000000000
144416  18.647  16.587  58.566 0.0000000000
144417  18.719  17.183  58.198 0.0000000000
144418  19.078  17.236  58.048 0.0000000000
144419  19.503  17.387  57.847 0.0000000000
144420  19.853  17.483  57.612 0.0000000000
144421  20.191  16.477  57.870 0.0000000000
144422  20.250  17.025  57.612 0.0000000000
144423  20.289  17.522  57.371 0.0000000000
144424  20.591  17.544  57.057 0.0000000000
144425  20.888  17.490  56.737 0.0000000000
144426  21.078  17.458  56.330 0.0000000000
144427  21.035  14.367  57.018 0.0000000000
144428  21.097  14.912  56.778 0.0000000000
144429  21.154  15.442  56.526 0.0000000000
144430  21.305  14.760  55.688 0.0000000000
144431  21.268  15.326  55.999 0.0000000000
144432  21.201  15.930  56.344 0.0000000000
144433  21.225  16.386  56.165 0.0000000000
144434  21.234  16.867  56.030 0.0000000000
144435  21.268  17.322  55.761 0.0000000000
144436  21.340  17.162  55.093 0.0000000000
144437  21.326  17.064  54.389 0.0000000000
144438  21.392  16.863  53.748 0.0000000000
144439  21.253  15.905  53.668 0.0000000000
144440  21.369  16.314  53.423 0.0000000000
144441  21.468  16.773  53.078 0.0000000000
144442  21.606  16.616  52.443 0.0000000000
144443  21.749  16.428  51.794 0.0000000000
144444  21.882  16.258  51.165 0.0000000000
144515  21.008  12.640  52.400 0.0000000000
144516  21.095  13.255  52.619 0.0000000000
144517  21.168  13.701  52.269 0.0000000000
144518  21.272  14.142  51.979 0.0000000000
144519  21.313  14.556  51.721 0.0000000000
144520  21.453  13.898  50.684 0.0000000000
144521  21.454  14.448  51.047 0.0000000000
144522  21.442  14.966  51.434 0.0000000000
144523  21.590  15.352  51.150 0.0000000000
144524  21.814  15.710  50.863 0.0000000000
144525  22.034  16.081  50.502 0.0000000000
144526  22.216  15.971  49.845 0.0000000000
144527  22.233  15.848  49.163 0.0000000000
144528  22.381  15.702  48.515 0.0000000000
144529  22.381  14.755  48.547 0.0000000000
144530  22.442  15.168  48.212 0.0000000000
144531  22.454  15.582  47.808 0.0000000000
144532  22.572  15.422  47.238 0.0000000000
144533  22.652  15.302  46.630 0.0000000000
144534  22.821  15.107  45.993 0.0000000000
144540  22.840  13.756  46.532 0.0000000000
144541  22.953  14.177  46.171 0.0000000000
144542  23.025  14.567  45.808 0.0000000000
149506  14.652  16.753  58.410 0.0000000000
149507  14.058  17.235  58.257 0.0000000000
149508  13.436  17.750  58.134 0.0000000000
149509  13.870  18.528  57.290 0.0000000000
149524  17.891  18.449  57.141 0.0000000000
149525  17.473  18.804  56.607 0.0000000000
149526  17.111  19.095  56.241 0.0000000000
149527  17.484  19.934  55.606 0.0000000000
149528  17.063  19.674  55.670 0.0000000000
149529  16.629  19.426  55.822 0.0000000000
149530  16.108  19.765  55.417 0.0000000000
149531  15.555  20.139  55.054 0.0000000000
149532  14.922  20.599  54.718 0.0000000000
149533  17.327  22.812  54.262 0.0000000000
149534  16.846  22.493  54.121 0.0000000000
149535  16.369  22.126  54.066 0.0000000000
149536  15.809  23.404  53.508 0.0000000000
149537  15.830  22.527  53.733 0.0000000000
149538  15.904  21.745  54.015 0.0000000000
149539  15.391  21.494  54.109 0.0000000000
149540  14.855  21.228  54.204 0.0000000000
149541  14.345  21.102  54.452 0.0000000000
149578  21.936  17.889  50.494 0.0000000000
149579  21.712  18.588  50.703 0.0000000000
149580  21.455  19.269  50.880 0.0000000000
149581  21.146  19.581  49.620 0.0000000000
149582  21.161  19.784  50.317 0.0000000000
149583  21.255  19.994  51.089 0.0000000000
149584  21.042  20.723  51.228 0.0000000000
149585  20.899  21.499  51.486 0.0000000000
