#!ascii label  , from subject fsaverage vox2ras=TkReg
1297
136  27.497  -83.909  13.965 0.0000000000
445  39.190  -87.058  -13.050 0.0000000000
446  28.841  -84.303  -11.645 0.0000000000
578  28.544  -85.494  9.663 0.0000000000
618  24.021  -81.712  -8.620 0.0000000000
620  22.690  -74.208  -7.810 0.0000000000
982  33.176  -85.770  -13.758 0.0000000000
1279  30.932  -87.799  13.684 0.0000000000
1280  27.316  -90.504  10.882 0.0000000000
1281  27.654  -89.919  15.962 0.0000000000
1385  22.091  -71.403  -4.707 0.0000000000
1386  27.266  -69.748  -4.952 0.0000000000
1387  27.275  -73.564  -6.590 0.0000000000
1522  29.886  -86.102  0.879 0.0000000000
1995  36.823  -87.361  -4.611 0.0000000000
1999  35.695  -80.221  -12.130 0.0000000000
2000  32.900  -79.130  -9.986 0.0000000000
2341  24.673  -88.033  17.869 0.0000000000
2370  29.512  -82.121  4.236 0.0000000000
2371  26.604  -87.637  5.829 0.0000000000
2490  30.699  -78.095  -8.178 0.0000000000
2498  28.843  -76.162  -7.993 0.0000000000
3199  29.216  -85.865  13.998 0.0000000000
3200  29.209  -88.812  14.644 0.0000000000
3201  27.282  -86.728  14.818 0.0000000000
3305  27.616  -67.393  -4.259 0.0000000000
4375  35.898  -88.934  -3.008 0.0000000000
4377  37.183  -88.792  -11.540 0.0000000000
4378  37.523  -86.905  -9.102 0.0000000000
4379  40.288  -86.328  -10.677 0.0000000000
4383  39.798  -84.495  -13.460 0.0000000000
4384  30.762  -85.252  -12.901 0.0000000000
4385  34.413  -83.188  -13.348 0.0000000000
4386  32.084  -82.454  -12.750 0.0000000000
4387  33.895  -79.760  -11.350 0.0000000000
4388  30.940  -82.018  -11.219 0.0000000000
5212  22.877  -90.248  18.825 0.0000000000
5213  24.870  -91.313  18.898 0.0000000000
5275  30.920  -84.855  10.590 0.0000000000
5279  28.182  -83.512  6.964 0.0000000000
5280  27.581  -84.906  4.946 0.0000000000
5281  26.737  -86.516  7.931 0.0000000000
5579  28.521  -80.947  -8.632 0.0000000000
5580  27.553  -80.355  -8.007 0.0000000000
5592  22.408  -72.540  -6.617 0.0000000000
5598  21.919  -76.429  -7.603 0.0000000000
5600  27.829  -74.967  -7.176 0.0000000000
6373  35.462  -88.923  -13.310 0.0000000000
6374  36.348  -86.468  -13.942 0.0000000000
6375  32.251  -88.094  -13.637 0.0000000000
6910  32.126  -86.579  12.500 0.0000000000
6911  30.172  -87.303  11.737 0.0000000000
6912  27.794  -88.048  10.506 0.0000000000
6913  29.379  -89.462  12.574 0.0000000000
6914  27.702  -91.031  13.617 0.0000000000
7098  25.489  -64.446  -4.219 0.0000000000
7099  22.245  -67.633  -4.591 0.0000000000
7100  24.778  -68.011  -3.462 0.0000000000
7101  24.580  -70.612  -4.253 0.0000000000
7102  24.664  -72.052  -5.583 0.0000000000
7103  24.481  -74.184  -6.037 0.0000000000
7104  27.207  -71.547  -5.663 0.0000000000
7390  32.296  -84.044  0.313 0.0000000000
7391  34.570  -85.147  -0.629 0.0000000000
8565  36.832  -86.614  -1.041 0.0000000000
8568  34.929  -87.594  -7.003 0.0000000000
8569  37.996  -85.200  -6.303 0.0000000000
9574  26.272  -82.704  14.521 0.0000000000
9582  24.297  -85.006  15.988 0.0000000000
9583  25.754  -85.875  15.323 0.0000000000
9584  26.155  -88.862  17.265 0.0000000000
9585  25.960  -92.245  17.133 0.0000000000
9666  31.919  -81.970  1.934 0.0000000000
9667  29.515  -84.133  2.388 0.0000000000
9668  27.842  -86.524  3.218 0.0000000000
10023  27.132  -83.909  -10.557 0.0000000000
10024  29.587  -81.607  -9.885 0.0000000000
10025  31.860  -78.537  -8.799 0.0000000000
10047  23.112  -79.947  -7.848 0.0000000000
10048  24.663  -76.157  -6.323 0.0000000000
10049  25.453  -77.573  -6.607 0.0000000000
10050  26.533  -78.812  -7.268 0.0000000000
10051  29.911  -77.097  -8.298 0.0000000000
10879  28.209  -84.923  13.922 0.0000000000
10880  28.194  -86.319  14.347 0.0000000000
10881  27.260  -85.379  14.279 0.0000000000
12057  38.297  -88.054  -12.281 0.0000000000
12058  38.792  -87.627  -11.075 0.0000000000
12059  39.958  -86.935  -11.927 0.0000000000
12061  40.609  -85.932  -12.732 0.0000000000
12063  39.553  -85.885  -13.484 0.0000000000
12064  29.696  -84.820  -12.248 0.0000000000
12065  31.314  -83.920  -12.926 0.0000000000
12066  30.334  -83.523  -12.451 0.0000000000
12067  31.317  -82.272  -12.061 0.0000000000
12068  29.647  -83.178  -11.767 0.0000000000
12955  29.760  -85.086  10.090 0.0000000000
12957  29.411  -84.094  9.017 0.0000000000
12958  29.129  -83.030  7.841 0.0000000000
12959  28.106  -84.532  8.325 0.0000000000
12960  27.266  -84.944  7.441 0.0000000000
12961  27.462  -85.967  8.867 0.0000000000
13258  24.628  -82.091  -8.906 0.0000000000
13259  26.289  -81.422  -8.662 0.0000000000
13260  25.681  -81.036  -8.226 0.0000000000
13272  22.890  -73.130  -7.524 0.0000000000
13278  22.279  -75.321  -7.701 0.0000000000
14462  33.845  -88.522  -13.602 0.0000000000
14467  28.209  -86.890  -12.032 0.0000000000
15355  31.145  -86.586  13.768 0.0000000000
15356  32.051  -86.318  13.376 0.0000000000
15357  31.613  -87.251  13.166 0.0000000000
15358  31.239  -86.988  12.164 0.0000000000
15359  30.867  -87.921  12.704 0.0000000000
15360  29.839  -88.421  12.130 0.0000000000
15361  30.294  -88.825  13.160 0.0000000000
15362  28.419  -89.309  15.204 0.0000000000
15363  28.759  -90.187  14.277 0.0000000000
15364  27.944  -90.758  14.892 0.0000000000
15365  27.037  -91.607  14.029 0.0000000000
15366  27.296  -91.380  15.527 0.0000000000
15669  26.882  -64.514  -3.951 0.0000000000
15670  25.051  -66.153  -3.700 0.0000000000
15671  26.519  -66.154  -3.695 0.0000000000
15672  27.421  -68.664  -4.517 0.0000000000
15673  26.151  -69.095  -3.895 0.0000000000
15674  25.967  -70.253  -4.419 0.0000000000
15675  24.565  -71.383  -5.078 0.0000000000
15676  25.896  -71.089  -4.958 0.0000000000
15677  25.867  -71.884  -5.352 0.0000000000
15678  27.231  -70.636  -5.315 0.0000000000
16246  31.012  -85.040  0.585 0.0000000000
16247  32.080  -85.480  -0.094 0.0000000000
16248  30.812  -86.410  0.161 0.0000000000
18879  34.338  -86.667  -0.887 0.0000000000
18880  35.784  -85.953  -0.793 0.0000000000
18881  35.489  -87.434  -1.274 0.0000000000
18882  36.563  -88.487  -3.912 0.0000000000
18883  37.396  -88.214  -2.723 0.0000000000
18891  37.713  -85.951  -7.749 0.0000000000
18892  39.274  -85.021  -7.268 0.0000000000
18893  39.392  -84.239  -5.899 0.0000000000
18894  40.673  -84.038  -6.854 0.0000000000
18909  34.707  -85.981  -13.991 0.0000000000
18910  36.662  -85.355  -13.813 0.0000000000
18911  35.165  -84.851  -13.750 0.0000000000
18912  35.054  -81.669  -12.753 0.0000000000
18913  36.216  -82.078  -12.805 0.0000000000
18914  36.866  -80.496  -12.359 0.0000000000
18919  33.297  -79.505  -10.632 0.0000000000
21393  23.700  -87.586  17.807 0.0000000000
21394  23.610  -86.015  16.953 0.0000000000
21395  24.412  -86.513  16.757 0.0000000000
21396  25.113  -85.421  15.660 0.0000000000
21397  25.282  -86.872  16.559 0.0000000000
21398  25.832  -87.217  16.211 0.0000000000
21399  25.574  -88.385  17.688 0.0000000000
21401  25.535  -91.904  18.127 0.0000000000
21597  30.846  -80.763  3.982 0.0000000000
21599  30.645  -81.912  3.026 0.0000000000
21600  30.634  -82.916  2.130 0.0000000000
21601  29.412  -83.092  3.311 0.0000000000
21602  26.954  -86.278  5.373 0.0000000000
21603  27.713  -85.622  4.049 0.0000000000
21604  27.085  -86.987  4.585 0.0000000000
21607  27.563  -89.299  10.739 0.0000000000
21608  27.047  -88.758  9.596 0.0000000000
22494  28.295  -82.633  -10.607 0.0000000000
22495  27.698  -82.318  -9.948 0.0000000000
22496  29.765  -79.644  -8.093 0.0000000000
22497  30.316  -79.924  -8.521 0.0000000000
22498  31.288  -78.311  -8.368 0.0000000000
22499  32.360  -76.971  -9.337 0.0000000000
22500  31.665  -76.673  -9.058 0.0000000000
22532  22.071  -69.714  -4.236 0.0000000000
22533  21.054  -69.322  -5.018 0.0000000000
22553  22.796  -79.294  -7.785 0.0000000000
22554  25.921  -74.000  -6.024 0.0000000000
22555  24.516  -75.210  -6.191 0.0000000000
22556  26.072  -74.953  -6.206 0.0000000000
22557  28.236  -75.507  -7.505 0.0000000000
22558  26.740  -76.354  -6.716 0.0000000000
22559  27.277  -76.927  -7.109 0.0000000000
22560  26.011  -78.232  -6.909 0.0000000000
22561  27.913  -77.508  -7.313 0.0000000000
22562  28.423  -78.067  -7.639 0.0000000000
22563  29.436  -76.658  -8.171 0.0000000000
24190  30.229  -85.470  13.809 0.0000000000
24191  30.150  -86.858  14.074 0.0000000000
24192  30.056  -88.345  14.215 0.0000000000
24193  29.249  -87.298  14.518 0.0000000000
24194  28.339  -87.706  14.882 0.0000000000
24195  27.532  -88.244  15.570 0.0000000000
24379  27.923  -65.951  -4.213 0.0000000000
24381  28.776  -66.899  -5.215 0.0000000000
24383  28.408  -69.041  -5.839 0.0000000000
24724  28.827  -87.241  1.264 0.0000000000
26305  34.962  -88.626  -2.185 0.0000000000
26307  34.989  -89.254  -4.026 0.0000000000
26308  35.454  -88.341  -4.788 0.0000000000
26310  35.970  -88.148  -9.686 0.0000000000
26311  37.460  -87.964  -10.363 0.0000000000
26312  39.014  -86.736  -9.844 0.0000000000
26322  31.870  -85.575  -13.380 0.0000000000
26323  33.697  -84.511  -13.613 0.0000000000
26324  32.410  -84.248  -13.393 0.0000000000
26325  33.090  -82.823  -13.149 0.0000000000
26326  33.958  -81.428  -12.517 0.0000000000
26327  34.749  -80.027  -11.829 0.0000000000
26328  32.989  -81.076  -12.035 0.0000000000
26329  32.403  -80.914  -11.169 0.0000000000
26330  32.011  -80.729  -10.351 0.0000000000
27815  24.896  -89.691  18.610 0.0000000000
27816  23.946  -90.786  19.083 0.0000000000
27934  29.399  -82.056  6.553 0.0000000000
27935  28.714  -82.709  5.552 0.0000000000
27936  28.428  -83.469  4.564 0.0000000000
27937  27.684  -84.136  5.994 0.0000000000
27938  26.937  -85.637  6.432 0.0000000000
27939  26.524  -87.100  6.798 0.0000000000
28473  27.230  -81.920  -9.409 0.0000000000
28474  26.741  -81.704  -8.999 0.0000000000
28475  27.980  -80.754  -8.312 0.0000000000
28476  29.209  -79.359  -7.908 0.0000000000
28496  22.185  -72.241  -5.710 0.0000000000
28508  21.827  -77.427  -7.557 0.0000000000
28509  28.405  -72.746  -7.759 0.0000000000
28510  27.594  -74.302  -6.954 0.0000000000
28511  28.595  -73.391  -8.045 0.0000000000
30228  36.523  -89.175  -12.638 0.0000000000
30229  37.381  -88.021  -13.197 0.0000000000
30230  37.874  -86.857  -13.740 0.0000000000
30231  35.972  -87.601  -13.644 0.0000000000
30232  34.349  -87.174  -13.737 0.0000000000
30233  32.824  -86.882  -13.697 0.0000000000
30236  31.253  -86.501  -13.399 0.0000000000
30237  30.016  -86.201  -12.872 0.0000000000
30238  28.940  -85.945  -12.145 0.0000000000
30239  28.094  -85.586  -11.463 0.0000000000
31484  32.815  -85.633  11.950 0.0000000000
31485  31.551  -85.879  11.557 0.0000000000
31486  30.429  -86.084  11.206 0.0000000000
31487  29.228  -86.359  10.759 0.0000000000
31488  28.020  -86.772  10.159 0.0000000000
31489  28.974  -87.615  11.192 0.0000000000
31490  28.724  -88.740  11.555 0.0000000000
31491  28.188  -89.928  11.859 0.0000000000
31492  29.545  -89.574  13.719 0.0000000000
31493  28.590  -90.309  13.081 0.0000000000
31494  27.449  -90.885  12.240 0.0000000000
31495  26.853  -91.552  12.624 0.0000000000
31496  26.261  -92.181  13.003 0.0000000000
31920  24.184  -64.241  -4.791 0.0000000000
31921  22.631  -65.670  -5.064 0.0000000000
31922  23.698  -65.928  -4.223 0.0000000000
31923  23.407  -67.910  -3.766 0.0000000000
31924  23.308  -69.721  -3.751 0.0000000000
31925  26.265  -67.822  -3.640 0.0000000000
31926  24.672  -69.513  -3.672 0.0000000000
31927  23.356  -70.968  -4.405 0.0000000000
31928  23.320  -71.682  -5.256 0.0000000000
31929  23.563  -72.287  -6.216 0.0000000000
31930  23.656  -73.039  -6.630 0.0000000000
31931  23.387  -74.259  -6.738 0.0000000000
31932  24.578  -73.016  -5.890 0.0000000000
31933  25.884  -72.908  -5.721 0.0000000000
31934  27.254  -72.566  -6.183 0.0000000000
31935  28.343  -69.985  -6.193 0.0000000000
31937  28.376  -71.921  -7.172 0.0000000000
32674  33.629  -83.290  0.274 0.0000000000
32676  33.384  -84.526  -0.285 0.0000000000
32677  33.206  -85.951  -0.566 0.0000000000
32678  32.835  -87.441  -0.910 0.0000000000
34232  24.659  -62.637  -5.334 0.0000000000
34234  27.255  -62.927  -4.300 0.0000000000
35958  36.442  -88.043  -1.872 0.0000000000
35959  37.728  -87.269  -1.584 0.0000000000
35965  34.380  -88.355  -5.917 0.0000000000
35966  35.735  -87.138  -5.573 0.0000000000
35967  36.067  -87.021  -8.161 0.0000000000
35968  36.396  -86.173  -6.627 0.0000000000
35969  37.046  -86.030  -5.240 0.0000000000
35991  38.192  -85.661  -13.793 0.0000000000
35992  38.466  -84.298  -13.473 0.0000000000
35994  35.642  -83.525  -13.349 0.0000000000
35995  37.541  -82.344  -12.909 0.0000000000
38962  26.858  -83.312  14.195 0.0000000000
38986  24.424  -83.393  15.547 0.0000000000
38987  25.172  -83.892  15.152 0.0000000000
38988  25.935  -84.490  14.769 0.0000000000
38989  26.536  -84.987  14.448 0.0000000000
38990  26.388  -86.231  15.042 0.0000000000
38991  26.577  -87.636  15.884 0.0000000000
38992  26.851  -89.340  16.666 0.0000000000
38993  25.760  -90.170  18.270 0.0000000000
38994  26.382  -90.744  17.658 0.0000000000
38995  26.934  -91.091  16.646 0.0000000000
38996  26.206  -92.250  15.843 0.0000000000
39235  32.072  -83.040  1.035 0.0000000000
39236  30.774  -84.012  1.251 0.0000000000
39237  29.675  -85.093  1.540 0.0000000000
39238  28.453  -84.335  3.622 0.0000000000
39239  28.582  -85.316  2.787 0.0000000000
39240  28.682  -86.248  1.918 0.0000000000
39241  27.994  -87.552  2.398 0.0000000000
39244  27.065  -87.352  9.383 0.0000000000
39245  26.655  -87.995  8.290 0.0000000000
40305  27.887  -84.170  -11.113 0.0000000000
40306  28.984  -82.921  -11.203 0.0000000000
40307  30.333  -81.844  -10.510 0.0000000000
40308  31.466  -80.495  -9.763 0.0000000000
40309  29.084  -81.280  -9.159 0.0000000000
40310  30.909  -80.256  -9.017 0.0000000000
40311  32.380  -78.850  -9.376 0.0000000000
40377  23.558  -80.831  -8.147 0.0000000000
40378  23.162  -75.342  -6.707 0.0000000000
40379  23.061  -76.338  -6.683 0.0000000000
40380  23.280  -77.281  -6.711 0.0000000000
40381  26.430  -75.650  -6.476 0.0000000000
40382  25.009  -76.914  -6.375 0.0000000000
40383  23.710  -78.086  -6.837 0.0000000000
40384  24.212  -78.792  -7.026 0.0000000000
40385  24.684  -79.433  -7.300 0.0000000000
40386  25.162  -80.275  -7.790 0.0000000000
40387  27.090  -79.631  -7.631 0.0000000000
40388  28.898  -78.716  -7.743 0.0000000000
40389  30.264  -77.618  -8.235 0.0000000000
40391  30.817  -75.932  -9.380 0.0000000000
40392  31.271  -76.282  -9.168 0.0000000000
41598  28.235  -84.155  13.833 0.0000000000
41599  27.794  -84.441  13.892 0.0000000000
41600  27.736  -85.178  14.038 0.0000000000
41601  27.349  -84.665  14.073 0.0000000000
42777  38.795  -87.604  -12.697 0.0000000000
42778  39.180  -87.484  -12.138 0.0000000000
42779  39.638  -87.045  -12.555 0.0000000000
42780  40.335  -86.473  -12.348 0.0000000000
42781  39.969  -86.532  -12.911 0.0000000000
42782  40.150  -85.918  -13.156 0.0000000000
42783  39.401  -86.502  -13.307 0.0000000000
42784  29.272  -84.516  -11.952 0.0000000000
42785  29.995  -84.177  -12.361 0.0000000000
42786  29.560  -83.944  -12.091 0.0000000000
42787  30.005  -83.326  -12.101 0.0000000000
42788  29.214  -83.729  -11.744 0.0000000000
43675  29.160  -85.280  9.896 0.0000000000
43676  29.560  -84.602  9.600 0.0000000000
43677  28.918  -84.799  9.304 0.0000000000
43678  28.754  -84.300  8.678 0.0000000000
43679  28.314  -85.017  8.999 0.0000000000
43680  27.773  -85.249  8.619 0.0000000000
43681  27.984  -85.712  9.316 0.0000000000
43978  24.354  -81.885  -8.793 0.0000000000
43979  25.134  -81.580  -8.573 0.0000000000
43980  24.816  -81.385  -8.436 0.0000000000
43992  22.880  -73.595  -7.708 0.0000000000
43993  22.457  -73.649  -8.180 0.0000000000
43994  22.390  -74.136  -8.374 0.0000000000
43998  22.534  -74.804  -7.766 0.0000000000
46075  31.080  -87.194  13.766 0.0000000000
46076  31.473  -87.005  13.529 0.0000000000
46077  31.303  -87.520  13.434 0.0000000000
46078  31.320  -87.658  12.996 0.0000000000
46079  31.021  -88.035  13.235 0.0000000000
46080  30.602  -88.380  12.917 0.0000000000
46081  30.651  -88.367  13.453 0.0000000000
46082  28.048  -89.627  15.593 0.0000000000
46083  28.268  -90.127  15.123 0.0000000000
46084  27.873  -90.411  15.483 0.0000000000
46085  27.611  -91.059  15.219 0.0000000000
46086  27.531  -90.668  15.821 0.0000000000
46389  27.662  -64.451  -4.057 0.0000000000
46390  26.633  -65.371  -3.789 0.0000000000
46392  27.458  -69.123  -4.759 0.0000000000
46393  26.742  -69.471  -4.396 0.0000000000
46394  26.650  -69.958  -4.637 0.0000000000
46395  25.897  -70.691  -4.688 0.0000000000
46396  26.598  -70.460  -4.893 0.0000000000
46397  26.587  -70.784  -5.110 0.0000000000
46398  27.279  -70.132  -5.176 0.0000000000
46966  30.429  -85.553  0.707 0.0000000000
46967  30.948  -85.751  0.360 0.0000000000
46968  30.373  -86.251  0.506 0.0000000000
49599  34.157  -87.386  -1.118 0.0000000000
49600  34.935  -87.060  -1.063 0.0000000000
49601  34.736  -87.757  -1.363 0.0000000000
49602  36.706  -87.983  -4.269 0.0000000000
49606  37.457  -86.815  -4.487 0.0000000000
49613  40.091  -84.543  -7.085 0.0000000000
49629  33.970  -85.856  -13.890 0.0000000000
49630  34.940  -85.435  -13.902 0.0000000000
49631  34.180  -85.257  -13.825 0.0000000000
49632  35.411  -80.927  -12.382 0.0000000000
49633  35.955  -81.103  -12.542 0.0000000000
49634  36.228  -80.358  -12.264 0.0000000000
49635  37.103  -79.713  -12.253 0.0000000000
49639  33.104  -79.329  -10.354 0.0000000000
52113  24.173  -87.827  17.845 0.0000000000
52114  24.044  -87.085  17.317 0.0000000000
52115  24.536  -87.281  17.286 0.0000000000
52116  24.874  -86.712  16.668 0.0000000000
52117  25.019  -87.483  17.232 0.0000000000
52118  25.412  -87.609  17.150 0.0000000000
52119  25.150  -88.210  17.822 0.0000000000
52315  29.670  -81.686  4.740 0.0000000000
52317  30.130  -81.435  4.091 0.0000000000
52318  30.686  -81.311  3.485 0.0000000000
52319  30.015  -81.921  3.621 0.0000000000
52320  30.002  -82.477  3.160 0.0000000000
52321  29.430  -82.557  3.766 0.0000000000
52322  26.719  -86.977  5.616 0.0000000000
52323  26.947  -86.631  4.991 0.0000000000
52324  26.795  -87.336  5.233 0.0000000000
52325  26.921  -87.702  4.848 0.0000000000
52327  27.463  -89.949  10.856 0.0000000000
52328  27.218  -89.696  10.252 0.0000000000
52329  27.191  -90.341  10.296 0.0000000000
53214  26.984  -82.920  -10.203 0.0000000000
53215  26.773  -82.772  -9.918 0.0000000000
53216  30.297  -78.870  -8.063 0.0000000000
53217  30.550  -78.961  -8.205 0.0000000000
53218  31.064  -78.082  -8.259 0.0000000000
53219  31.512  -77.460  -8.640 0.0000000000
53220  31.255  -77.354  -8.601 0.0000000000
53252  22.091  -70.593  -4.347 0.0000000000
53253  21.585  -70.555  -4.603 0.0000000000
53254  21.532  -71.457  -4.853 0.0000000000
53273  22.524  -78.902  -7.770 0.0000000000
53274  26.619  -73.847  -6.248 0.0000000000
53275  26.056  -74.515  -6.156 0.0000000000
53276  26.698  -74.316  -6.378 0.0000000000
53277  28.605  -75.767  -7.756 0.0000000000
53278  27.773  -76.231  -7.270 0.0000000000
53279  28.182  -76.506  -7.479 0.0000000000
53280  27.626  -77.239  -7.273 0.0000000000
53281  28.398  -76.867  -7.614 0.0000000000
53282  28.718  -77.073  -7.739 0.0000000000
53283  29.149  -76.373  -8.140 0.0000000000
55675  29.207  -85.121  13.837 0.0000000000
55676  29.753  -84.937  13.739 0.0000000000
55677  29.665  -85.620  13.912 0.0000000000
55678  30.160  -86.150  13.976 0.0000000000
55679  29.686  -86.342  14.131 0.0000000000
55680  29.689  -87.070  14.293 0.0000000000
55681  29.235  -86.549  14.285 0.0000000000
55682  27.730  -86.516  14.515 0.0000000000
55683  28.253  -87.009  14.605 0.0000000000
55684  27.821  -87.228  14.831 0.0000000000
55685  27.925  -88.000  15.193 0.0000000000
55686  27.437  -87.452  15.187 0.0000000000
56566  28.429  -87.853  1.445 0.0000000000
59204  34.492  -89.226  -4.500 0.0000000000
59205  35.256  -88.878  -4.401 0.0000000000
59206  34.730  -88.817  -4.904 0.0000000000
59208  36.658  -88.554  -10.616 0.0000000000
59209  37.370  -88.382  -10.951 0.0000000000
59210  39.556  -87.018  -10.873 0.0000000000
59211  38.913  -87.221  -10.463 0.0000000000
59212  39.694  -86.592  -10.290 0.0000000000
59224  40.395  -84.566  -13.331 0.0000000000
59229  31.296  -85.406  -13.209 0.0000000000
59230  32.142  -84.935  -13.395 0.0000000000
59231  31.598  -84.787  -13.205 0.0000000000
59232  31.597  -83.214  -12.948 0.0000000000
59233  32.144  -83.386  -13.147 0.0000000000
59234  32.536  -82.638  -12.989 0.0000000000
59235  33.516  -82.123  -12.863 0.0000000000
59236  33.018  -81.886  -12.684 0.0000000000
59237  33.418  -81.229  -12.332 0.0000000000
59238  32.548  -81.744  -12.435 0.0000000000
59239  31.109  -82.160  -11.694 0.0000000000
59240  31.853  -81.632  -11.656 0.0000000000
59241  31.667  -81.530  -11.216 0.0000000000
59242  32.167  -80.865  -10.798 0.0000000000
59243  31.536  -81.398  -10.762 0.0000000000
61713  22.343  -89.877  18.621 0.0000000000
61717  23.361  -89.840  18.702 0.0000000000
61718  23.914  -90.070  18.852 0.0000000000
61719  23.449  -90.557  19.030 0.0000000000
61905  31.563  -84.818  10.861 0.0000000000
61907  31.366  -84.283  10.367 0.0000000000
61908  30.455  -83.282  9.036 0.0000000000
61915  28.625  -83.248  7.403 0.0000000000
61916  29.207  -82.543  7.213 0.0000000000
61917  28.782  -82.779  6.753 0.0000000000
61918  29.028  -82.325  6.074 0.0000000000
61919  28.408  -83.061  6.264 0.0000000000
61920  28.192  -83.407  5.752 0.0000000000
61921  27.892  -83.788  6.504 0.0000000000
61922  26.961  -85.725  7.702 0.0000000000
61923  27.042  -85.301  6.954 0.0000000000
61924  26.754  -86.047  7.206 0.0000000000
61925  26.696  -86.358  6.635 0.0000000000
61926  26.560  -86.814  7.404 0.0000000000
62814  26.071  -82.239  -9.299 0.0000000000
62816  26.914  -80.914  -8.314 0.0000000000
62817  27.127  -81.089  -8.469 0.0000000000
62818  27.806  -80.532  -8.125 0.0000000000
62819  28.605  -80.090  -8.069 0.0000000000
62820  28.414  -79.891  -7.906 0.0000000000
62852  22.301  -72.407  -6.190 0.0000000000
62853  21.802  -72.715  -6.441 0.0000000000
62854  21.875  -72.866  -6.850 0.0000000000
62873  21.856  -76.896  -7.575 0.0000000000
62874  28.783  -72.219  -8.423 0.0000000000
62875  28.534  -73.028  -7.930 0.0000000000
66418  35.649  -89.660  -12.828 0.0000000000
66419  36.010  -89.106  -13.012 0.0000000000
66420  36.981  -88.604  -12.897 0.0000000000
66421  36.377  -88.469  -13.240 0.0000000000
66422  36.766  -87.802  -13.501 0.0000000000
66423  35.764  -88.257  -13.432 0.0000000000
66424  33.077  -88.303  -13.618 0.0000000000
66425  34.086  -87.838  -13.614 0.0000000000
66426  33.340  -87.649  -13.612 0.0000000000
66427  33.583  -87.016  -13.693 0.0000000000
66428  32.590  -87.448  -13.634 0.0000000000
66435  30.936  -87.004  -13.416 0.0000000000
66436  30.229  -86.843  -13.200 0.0000000000
66437  30.640  -86.348  -13.157 0.0000000000
66438  29.622  -86.660  -12.892 0.0000000000
66440  28.545  -86.409  -12.094 0.0000000000
66441  28.064  -86.336  -11.710 0.0000000000
66442  28.511  -85.832  -11.823 0.0000000000
69108  32.267  -86.643  12.979 0.0000000000
69109  32.533  -86.202  13.185 0.0000000000
69110  32.629  -86.339  12.683 0.0000000000
69111  33.009  -85.996  12.453 0.0000000000
69112  32.425  -86.139  12.222 0.0000000000
69113  32.156  -85.757  11.738 0.0000000000
69114  31.857  -86.302  12.031 0.0000000000
69115  30.719  -87.113  11.955 0.0000000000
69116  30.855  -86.562  11.695 0.0000000000
69117  30.286  -86.700  11.483 0.0000000000
69118  29.789  -86.218  10.990 0.0000000000
69119  29.735  -86.884  11.277 0.0000000000
69120  29.097  -86.999  11.023 0.0000000000
69121  29.601  -87.455  11.483 0.0000000000
69122  29.627  -88.931  12.324 0.0000000000
69123  29.299  -88.570  11.849 0.0000000000
69124  29.094  -89.126  12.052 0.0000000000
69125  28.500  -89.307  11.733 0.0000000000
69126  28.785  -89.670  12.237 0.0000000000
69127  29.621  -88.599  14.414 0.0000000000
69128  29.851  -88.996  13.995 0.0000000000
69129  29.435  -89.283  14.237 0.0000000000
69130  28.281  -90.663  13.989 0.0000000000
69131  28.727  -90.328  13.707 0.0000000000
69132  28.178  -90.673  13.381 0.0000000000
69133  27.944  -90.614  12.699 0.0000000000
69134  27.561  -90.954  12.936 0.0000000000
69135  27.109  -91.220  12.464 0.0000000000
69136  27.222  -91.292  13.142 0.0000000000
69138  26.591  -91.904  13.484 0.0000000000
70044  24.810  -64.355  -4.486 0.0000000000
70045  23.953  -65.037  -4.499 0.0000000000
70046  24.577  -65.192  -4.200 0.0000000000
70047  24.915  -67.071  -3.549 0.0000000000
70048  24.200  -67.005  -3.693 0.0000000000
70049  24.104  -67.984  -3.547 0.0000000000
70050  23.359  -68.874  -3.669 0.0000000000
70051  24.049  -68.840  -3.524 0.0000000000
70052  27.741  -66.653  -4.244 0.0000000000
70053  27.054  -66.861  -3.904 0.0000000000
70054  26.970  -67.595  -3.917 0.0000000000
70055  25.366  -69.907  -3.975 0.0000000000
70056  25.447  -69.298  -3.740 0.0000000000
70057  24.693  -70.089  -3.910 0.0000000000
70058  24.029  -70.244  -3.919 0.0000000000
70059  23.907  -70.809  -4.265 0.0000000000
70060  23.220  -71.411  -4.883 0.0000000000
70061  23.851  -71.233  -4.728 0.0000000000
70062  24.622  -71.678  -5.363 0.0000000000
70063  23.985  -71.832  -5.591 0.0000000000
70064  24.103  -72.145  -5.855 0.0000000000
70065  23.680  -72.575  -6.449 0.0000000000
70066  24.145  -72.520  -6.096 0.0000000000
70067  24.069  -73.016  -6.227 0.0000000000
70068  24.591  -72.475  -5.763 0.0000000000
70069  26.506  -71.749  -5.459 0.0000000000
70070  25.834  -72.364  -5.543 0.0000000000
70071  26.578  -72.215  -5.676 0.0000000000
70072  26.565  -72.772  -5.847 0.0000000000
70073  27.216  -72.029  -5.908 0.0000000000
70075  28.383  -69.557  -5.991 0.0000000000
70080  28.371  -71.431  -6.891 0.0000000000
71776  32.931  -83.610  0.259 0.0000000000
71777  33.489  -83.873  -0.036 0.0000000000
71778  32.832  -84.264  -0.012 0.0000000000
71779  31.944  -86.154  -0.244 0.0000000000
71780  32.656  -85.693  -0.350 0.0000000000
71781  32.514  -86.353  -0.454 0.0000000000
71782  32.990  -86.709  -0.696 0.0000000000
71783  32.289  -87.113  -0.654 0.0000000000
75472  27.927  -62.910  -4.267 0.0000000000
79674  34.675  -84.396  -0.406 0.0000000000
79677  36.337  -86.274  -0.885 0.0000000000
79678  36.480  -85.581  -0.654 0.0000000000
79682  35.441  -88.901  -2.558 0.0000000000
79683  35.767  -88.393  -1.966 0.0000000000
79684  36.234  -88.610  -2.385 0.0000000000
79685  38.077  -87.770  -2.579 0.0000000000
79686  37.578  -87.801  -2.167 0.0000000000
79687  38.221  -87.373  -1.964 0.0000000000
79700  34.242  -88.217  -7.248 0.0000000000
79702  34.604  -87.956  -6.370 0.0000000000
79703  35.074  -87.731  -5.732 0.0000000000
79704  35.335  -87.246  -6.197 0.0000000000
79705  36.723  -87.489  -9.387 0.0000000000
79706  36.022  -87.562  -9.001 0.0000000000
79707  36.779  -86.929  -8.673 0.0000000000
79708  37.849  -85.512  -7.085 0.0000000000
79709  36.966  -85.995  -7.209 0.0000000000
79710  37.217  -85.683  -6.464 0.0000000000
79711  36.722  -86.040  -5.905 0.0000000000
79712  37.462  -85.520  -5.753 0.0000000000
79713  37.755  -85.536  -5.077 0.0000000000
79714  38.150  -84.990  -5.565 0.0000000000
79764  37.105  -86.697  -13.807 0.0000000000
79765  38.029  -86.289  -13.806 0.0000000000
79766  37.268  -86.112  -13.897 0.0000000000
79767  36.871  -84.706  -13.585 0.0000000000
79768  37.597  -84.888  -13.640 0.0000000000
79772  33.997  -83.894  -13.518 0.0000000000
79773  34.666  -84.021  -13.511 0.0000000000
79774  34.992  -83.363  -13.314 0.0000000000
79775  37.145  -81.399  -12.573 0.0000000000
79776  36.853  -82.181  -12.810 0.0000000000
79777  37.801  -81.486  -12.628 0.0000000000
79794  34.296  -79.896  -11.627 0.0000000000
79795  35.099  -79.271  -11.654 0.0000000000
87164  26.599  -82.981  14.349 0.0000000000
87221  23.926  -85.559  16.462 0.0000000000
87222  23.554  -85.324  16.571 0.0000000000
87223  23.941  -84.825  16.152 0.0000000000
87224  24.031  -84.044  15.896 0.0000000000
87225  24.355  -84.269  15.740 0.0000000000
87226  24.761  -83.627  15.305 0.0000000000
87227  24.707  -84.470  15.526 0.0000000000
87228  25.457  -85.648  15.471 0.0000000000
87229  25.505  -84.967  15.183 0.0000000000
87230  25.804  -85.206  15.017 0.0000000000
87231  26.231  -84.740  14.582 0.0000000000
87232  26.109  -85.434  14.852 0.0000000000
87233  26.428  -85.623  14.732 0.0000000000
87234  26.032  -86.005  15.149 0.0000000000
87235  25.979  -87.948  16.781 0.0000000000
87236  26.145  -87.331  16.056 0.0000000000
87237  26.322  -88.178  16.550 0.0000000000
87238  26.726  -88.447  16.334 0.0000000000
87239  26.497  -89.100  16.995 0.0000000000
87240  24.921  -90.499  18.847 0.0000000000
87241  25.409  -89.904  18.549 0.0000000000
87242  25.354  -90.770  18.644 0.0000000000
87243  25.733  -92.125  17.630 0.0000000000
87244  25.953  -91.366  17.892 0.0000000000
87245  26.220  -91.546  17.475 0.0000000000
87246  26.648  -90.914  17.161 0.0000000000
87247  26.461  -91.674  16.967 0.0000000000
87248  26.613  -91.735  16.297 0.0000000000
87249  26.083  -92.227  16.530 0.0000000000
87841  31.956  -82.514  1.504 0.0000000000
87842  30.053  -83.499  2.249 0.0000000000
87843  30.687  -83.467  1.669 0.0000000000
87844  30.114  -84.033  1.797 0.0000000000
87845  30.207  -84.545  1.378 0.0000000000
87846  29.600  -84.640  1.938 0.0000000000
87847  27.970  -84.201  4.758 0.0000000000
87848  28.414  -83.897  4.091 0.0000000000
87849  28.005  -84.602  4.282 0.0000000000
87850  27.780  -86.043  3.637 0.0000000000
87851  28.110  -85.469  3.417 0.0000000000
87852  28.167  -85.900  2.986 0.0000000000
87853  28.646  -85.751  2.340 0.0000000000
87854  28.170  -86.372  2.536 0.0000000000
87855  28.314  -86.895  2.154 0.0000000000
87856  27.900  -87.058  2.800 0.0000000000
87862  27.860  -87.407  10.392 0.0000000000
87863  27.494  -87.046  9.786 0.0000000000
87864  27.406  -87.689  9.977 0.0000000000
87865  26.841  -89.145  9.045 0.0000000000
87866  26.861  -88.372  8.956 0.0000000000
90518  27.533  -84.085  -10.807 0.0000000000
90519  28.393  -83.520  -11.239 0.0000000000
90520  27.970  -83.430  -10.910 0.0000000000
90521  28.919  -82.130  -10.346 0.0000000000
90522  29.223  -82.226  -10.638 0.0000000000
90523  29.913  -81.668  -10.190 0.0000000000
90524  30.935  -81.213  -10.109 0.0000000000
90525  30.565  -81.086  -9.685 0.0000000000
90526  27.929  -81.452  -8.990 0.0000000000
90527  28.139  -81.655  -9.261 0.0000000000
90528  28.790  -81.121  -8.879 0.0000000000
90529  31.145  -79.258  -8.590 0.0000000000
90530  30.581  -80.070  -8.774 0.0000000000
90531  31.426  -79.404  -8.842 0.0000000000
90532  31.677  -79.608  -9.166 0.0000000000
90533  32.162  -78.729  -9.040 0.0000000000
90535  32.462  -77.838  -9.169 0.0000000000
90632  22.438  -66.615  -4.818 0.0000000000
90634  21.721  -67.459  -5.051 0.0000000000
90698  23.309  -80.362  -7.969 0.0000000000
90699  23.876  -74.253  -6.354 0.0000000000
90700  23.255  -74.836  -6.756 0.0000000000
90701  23.787  -74.830  -6.374 0.0000000000
90702  24.614  -75.727  -6.261 0.0000000000
90703  23.818  -75.789  -6.415 0.0000000000
90704  23.853  -76.302  -6.443 0.0000000000
90705  23.123  -76.823  -6.675 0.0000000000
90706  23.950  -76.713  -6.451 0.0000000000
90707  27.746  -74.623  -7.042 0.0000000000
90708  27.036  -74.990  -6.655 0.0000000000
90709  27.159  -75.325  -6.739 0.0000000000
90710  26.060  -76.991  -6.590 0.0000000000
90711  25.842  -76.692  -6.508 0.0000000000
90712  25.152  -77.283  -6.487 0.0000000000
90713  24.309  -77.496  -6.512 0.0000000000
90714  24.537  -77.846  -6.572 0.0000000000
90715  23.950  -78.498  -6.951 0.0000000000
90716  24.845  -78.184  -6.768 0.0000000000
90717  26.278  -78.520  -7.091 0.0000000000
90718  25.327  -78.856  -7.011 0.0000000000
90719  25.623  -79.090  -7.264 0.0000000000
90720  24.960  -79.771  -7.515 0.0000000000
90721  25.850  -79.508  -7.475 0.0000000000
90722  26.100  -79.958  -7.730 0.0000000000
90723  26.815  -79.210  -7.464 0.0000000000
90724  29.269  -77.530  -7.881 0.0000000000
90725  28.668  -78.389  -7.679 0.0000000000
90726  29.461  -77.894  -7.937 0.0000000000
90727  29.625  -78.220  -7.971 0.0000000000
90728  30.086  -77.378  -8.292 0.0000000000
90735  31.017  -76.178  -9.266 0.0000000000
93310  28.723  -84.644  13.815 0.0000000000
93311  28.703  -85.398  13.946 0.0000000000
93312  28.708  -86.098  14.158 0.0000000000
93313  28.190  -85.653  14.086 0.0000000000
93314  27.709  -85.849  14.286 0.0000000000
93315  27.231  -86.031  14.530 0.0000000000
95429  37.749  -88.453  -11.885 0.0000000000
95430  38.019  -88.167  -11.295 0.0000000000
95431  38.638  -87.840  -11.687 0.0000000000
95432  39.440  -87.314  -11.465 0.0000000000
95433  40.144  -86.720  -11.286 0.0000000000
95435  40.644  -86.345  -11.694 0.0000000000
95436  40.946  -85.808  -12.164 0.0000000000
95439  40.788  -85.311  -13.003 0.0000000000
95440  40.291  -85.257  -13.278 0.0000000000
95441  39.702  -85.203  -13.545 0.0000000000
95442  30.200  -85.035  -12.581 0.0000000000
95443  31.052  -84.610  -12.915 0.0000000000
95444  30.500  -84.395  -12.657 0.0000000000
95445  30.770  -83.732  -12.725 0.0000000000
95446  31.153  -83.048  -12.650 0.0000000000
95447  31.603  -82.374  -12.445 0.0000000000
95448  30.810  -82.874  -12.369 0.0000000000
95449  30.527  -82.723  -11.977 0.0000000000
95450  30.308  -82.605  -11.577 0.0000000000
96934  22.315  -90.581  18.845 0.0000000000
96935  22.850  -90.932  19.030 0.0000000000
97047  30.361  -84.952  10.363 0.0000000000
97048  30.739  -84.322  10.087 0.0000000000
97049  30.131  -84.409  9.820 0.0000000000
97050  30.017  -83.928  9.335 0.0000000000
97051  29.882  -83.404  8.726 0.0000000000
97053  29.264  -83.576  8.395 0.0000000000
97054  28.611  -83.772  8.041 0.0000000000
97055  28.079  -84.018  7.639 0.0000000000
97056  27.638  -84.260  7.187 0.0000000000
97057  27.646  -84.754  7.906 0.0000000000
97058  27.303  -85.482  8.173 0.0000000000
97059  27.024  -86.242  8.414 0.0000000000
97593  25.616  -81.910  -9.011 0.0000000000
97594  25.437  -81.801  -8.798 0.0000000000
97595  25.994  -81.254  -8.395 0.0000000000
97596  26.634  -80.704  -8.084 0.0000000000
97616  22.688  -72.808  -7.128 0.0000000000
97617  22.058  -72.985  -7.356 0.0000000000
97627  21.720  -75.852  -8.301 0.0000000000
97628  22.117  -75.882  -7.627 0.0000000000
99758  34.775  -88.688  -13.528 0.0000000000
99759  33.620  -89.212  -13.628 0.0000000000
99760  32.777  -88.978  -13.698 0.0000000000
99761  31.913  -88.762  -13.732 0.0000000000
99767  28.693  -87.027  -12.522 0.0000000000
101367  31.183  -85.910  13.674 0.0000000000
101369  31.598  -86.411  13.565 0.0000000000
101370  31.869  -86.837  13.266 0.0000000000
101371  31.879  -86.947  12.807 0.0000000000
101372  31.683  -86.803  12.322 0.0000000000
101373  31.527  -87.239  12.672 0.0000000000
101374  31.100  -87.439  12.455 0.0000000000
101375  30.559  -87.669  12.199 0.0000000000
101376  30.025  -87.912  11.954 0.0000000000
101377  30.383  -88.196  12.415 0.0000000000
101378  30.170  -88.716  12.576 0.0000000000
101379  29.872  -89.236  12.843 0.0000000000
101380  28.807  -89.022  14.876 0.0000000000
101381  29.077  -89.540  14.521 0.0000000000
101382  28.688  -89.836  14.819 0.0000000000
101383  28.312  -90.468  14.582 0.0000000000
101384  27.870  -90.974  14.259 0.0000000000
101385  27.354  -91.322  13.827 0.0000000000
101386  27.528  -91.265  14.503 0.0000000000
101931  26.172  -64.491  -4.012 0.0000000000
101932  25.274  -65.273  -3.937 0.0000000000
101933  26.025  -65.318  -3.780 0.0000000000
101934  25.759  -66.213  -3.628 0.0000000000
101935  25.616  -67.064  -3.528 0.0000000000
101936  27.523  -68.021  -4.372 0.0000000000
101937  26.878  -68.306  -3.985 0.0000000000
101938  26.775  -68.913  -4.140 0.0000000000
101939  26.033  -69.746  -4.093 0.0000000000
101940  25.295  -70.424  -4.295 0.0000000000
101941  24.537  -71.033  -4.655 0.0000000000
101942  25.208  -70.865  -4.686 0.0000000000
101943  25.232  -71.258  -4.927 0.0000000000
101944  25.226  -71.588  -5.181 0.0000000000
101945  25.217  -71.978  -5.388 0.0000000000
101946  25.872  -71.440  -5.175 0.0000000000
101947  26.553  -71.267  -5.286 0.0000000000
101948  27.199  -71.051  -5.520 0.0000000000
102970  31.636  -84.537  0.461 0.0000000000
102971  32.187  -84.743  0.101 0.0000000000
102972  31.548  -85.251  0.238 0.0000000000
102973  31.404  -85.971  0.012 0.0000000000
102974  31.267  -86.587  -0.139 0.0000000000
107709  34.409  -85.882  -0.793 0.0000000000
107710  35.202  -85.541  -0.739 0.0000000000
107711  35.073  -86.327  -0.849 0.0000000000
107712  35.662  -86.692  -0.985 0.0000000000
107713  36.190  -87.031  -1.176 0.0000000000
107714  36.271  -88.792  -3.471 0.0000000000
107715  36.652  -88.597  -2.867 0.0000000000
107716  36.995  -88.375  -3.341 0.0000000000
107717  37.669  -87.922  -3.208 0.0000000000
107727  34.733  -87.931  -7.897 0.0000000000
107728  38.364  -86.405  -8.850 0.0000000000
107729  37.606  -86.406  -8.435 0.0000000000
107730  38.452  -85.926  -8.193 0.0000000000
107731  38.530  -85.486  -7.524 0.0000000000
107732  38.597  -85.040  -6.810 0.0000000000
107733  38.706  -84.723  -6.101 0.0000000000
107734  39.374  -84.588  -6.632 0.0000000000
107735  40.038  -84.112  -6.402 0.0000000000
107763  35.536  -86.226  -13.980 0.0000000000
107764  36.500  -85.932  -13.935 0.0000000000
107765  35.729  -85.681  -13.967 0.0000000000
107766  35.902  -85.141  -13.800 0.0000000000
107767  36.136  -84.480  -13.574 0.0000000000
107768  34.739  -82.434  -13.081 0.0000000000
107769  35.366  -82.641  -13.104 0.0000000000
107770  35.673  -81.857  -12.828 0.0000000000
107771  36.606  -81.278  -12.596 0.0000000000
107772  37.454  -80.620  -12.391 0.0000000000
112202  25.938  -82.406  14.734 0.0000000000
112235  23.198  -87.319  17.786 0.0000000000
112236  23.132  -86.528  17.382 0.0000000000
112237  23.623  -86.803  17.364 0.0000000000
112238  23.989  -86.292  16.865 0.0000000000
112239  24.337  -85.758  16.345 0.0000000000
112240  24.704  -85.221  15.840 0.0000000000
112241  24.759  -85.973  16.226 0.0000000000
112242  25.170  -86.138  16.062 0.0000000000
112243  25.487  -86.363  15.883 0.0000000000
112244  25.724  -86.544  15.692 0.0000000000
112245  25.583  -87.064  16.407 0.0000000000
112246  25.719  -87.808  16.977 0.0000000000
112247  25.866  -88.596  17.491 0.0000000000
112249  25.273  -91.612  18.651 0.0000000000
112607  31.268  -81.923  2.466 0.0000000000
112608  31.272  -82.459  1.990 0.0000000000
112609  30.634  -82.445  2.574 0.0000000000
112610  30.002  -83.005  2.710 0.0000000000
112611  29.422  -83.617  2.879 0.0000000000
112612  27.249  -85.589  5.140 0.0000000000
112613  27.629  -85.287  4.489 0.0000000000
112614  27.279  -85.947  4.706 0.0000000000
112615  27.375  -86.278  4.304 0.0000000000
112616  27.454  -86.699  3.888 0.0000000000
112617  27.566  -87.173  3.473 0.0000000000
112618  27.228  -87.387  4.179 0.0000000000
112619  27.072  -88.090  4.422 0.0000000000
112621  27.683  -88.673  10.625 0.0000000000
112622  27.366  -88.354  10.084 0.0000000000
112623  27.253  -89.034  10.204 0.0000000000
112624  27.027  -89.453  9.659 0.0000000000
114215  26.731  -83.738  -10.343 0.0000000000
114216  27.685  -83.255  -10.642 0.0000000000
114217  27.263  -83.036  -10.461 0.0000000000
114218  27.918  -82.424  -10.334 0.0000000000
114219  28.658  -81.928  -9.965 0.0000000000
114220  29.077  -80.383  -8.338 0.0000000000
114221  29.420  -80.496  -8.515 0.0000000000
114222  29.998  -79.777  -8.293 0.0000000000
114223  30.883  -79.165  -8.336 0.0000000000
114224  31.569  -78.388  -8.600 0.0000000000
114225  32.199  -77.675  -8.897 0.0000000000
114226  31.873  -77.535  -8.794 0.0000000000
114227  32.048  -76.729  -9.173 0.0000000000
114284  22.115  -68.692  -4.341 0.0000000000
114285  21.583  -68.535  -4.804 0.0000000000
114286  21.544  -69.566  -4.624 0.0000000000
114324  25.185  -74.139  -5.953 0.0000000000
114325  24.522  -74.744  -6.103 0.0000000000
114326  25.250  -74.614  -6.056 0.0000000000
114327  25.322  -75.136  -6.135 0.0000000000
114328  25.430  -75.536  -6.214 0.0000000000
114329  28.008  -75.222  -7.308 0.0000000000
114330  27.287  -75.692  -6.871 0.0000000000
114331  27.470  -75.944  -7.028 0.0000000000
114332  26.904  -76.660  -6.858 0.0000000000
114333  26.404  -77.246  -6.722 0.0000000000
114334  25.705  -77.915  -6.738 0.0000000000
114335  26.736  -77.584  -7.011 0.0000000000
114336  26.968  -77.907  -7.108 0.0000000000
114337  27.235  -78.166  -7.176 0.0000000000
114338  27.519  -78.462  -7.407 0.0000000000
114339  28.151  -77.732  -7.516 0.0000000000
114340  28.984  -77.355  -7.860 0.0000000000
114341  29.715  -76.793  -8.267 0.0000000000
117885  30.699  -85.982  13.856 0.0000000000
117886  30.660  -86.715  13.929 0.0000000000
117887  30.601  -87.369  13.940 0.0000000000
117888  30.531  -88.063  13.948 0.0000000000
117889  30.125  -87.593  14.173 0.0000000000
117890  29.678  -87.841  14.439 0.0000000000
117891  29.280  -88.058  14.724 0.0000000000
117892  28.734  -86.803  14.465 0.0000000000
117893  28.797  -87.517  14.709 0.0000000000
117894  28.843  -88.262  14.862 0.0000000000
117895  28.413  -88.513  15.099 0.0000000000
117896  28.004  -88.799  15.432 0.0000000000
117897  27.614  -89.058  15.864 0.0000000000
118324  28.332  -66.478  -4.639 0.0000000000
118327  28.295  -67.081  -4.740 0.0000000000
118328  28.124  -67.770  -4.816 0.0000000000
118329  27.999  -68.398  -4.955 0.0000000000
118330  28.010  -68.903  -5.179 0.0000000000
118331  27.918  -69.402  -5.365 0.0000000000
118332  28.484  -68.553  -5.698 0.0000000000
118333  28.877  -68.163  -6.296 0.0000000000
119128  29.277  -86.648  1.082 0.0000000000
119129  29.781  -86.736  0.687 0.0000000000
119130  29.227  -87.282  0.876 0.0000000000
122815  34.474  -88.335  -1.809 0.0000000000
122817  34.654  -89.059  -2.698 0.0000000000
122818  35.106  -89.165  -3.129 0.0000000000
122820  34.696  -89.391  -3.665 0.0000000000
122821  35.506  -89.135  -3.572 0.0000000000
122822  35.816  -88.910  -4.013 0.0000000000
122823  36.023  -88.401  -4.370 0.0000000000
122824  36.140  -87.828  -4.688 0.0000000000
122828  36.690  -88.055  -10.042 0.0000000000
122829  37.444  -87.435  -9.750 0.0000000000
122830  38.135  -87.847  -10.712 0.0000000000
122831  38.201  -87.378  -10.109 0.0000000000
122832  38.282  -86.847  -9.480 0.0000000000
122833  39.105  -86.272  -9.157 0.0000000000
122856  32.466  -85.644  -13.565 0.0000000000
122857  33.417  -85.148  -13.691 0.0000000000
122858  32.734  -85.091  -13.509 0.0000000000
122859  33.010  -84.420  -13.488 0.0000000000
122860  33.384  -83.717  -13.414 0.0000000000
122861  31.833  -84.106  -13.203 0.0000000000
122862  32.708  -83.527  -13.349 0.0000000000
122863  33.758  -82.983  -13.259 0.0000000000
122864  34.033  -82.260  -13.010 0.0000000000
122865  34.447  -81.512  -12.715 0.0000000000
122866  34.838  -80.825  -12.334 0.0000000000
122868  34.365  -80.763  -12.138 0.0000000000
122869  33.848  -80.559  -11.970 0.0000000000
122870  33.445  -80.442  -11.654 0.0000000000
122871  32.114  -81.677  -12.068 0.0000000000
122872  32.624  -80.982  -11.656 0.0000000000
122873  33.120  -80.302  -11.273 0.0000000000
122874  32.861  -80.241  -10.833 0.0000000000
122875  32.636  -80.144  -10.461 0.0000000000
122876  32.482  -79.963  -10.094 0.0000000000
126337  22.727  -87.925  18.062 0.0000000000
126338  23.272  -88.179  18.139 0.0000000000
126340  24.294  -88.671  18.289 0.0000000000
126341  24.803  -88.863  18.342 0.0000000000
126342  24.408  -89.494  18.628 0.0000000000
126343  24.439  -90.262  18.880 0.0000000000
126344  24.472  -91.019  19.120 0.0000000000
126345  23.369  -91.239  19.154 0.0000000000
126622  29.267  -82.011  5.397 0.0000000000
126623  29.061  -82.406  4.881 0.0000000000
126624  28.941  -82.786  4.393 0.0000000000
126625  28.538  -83.060  5.048 0.0000000000
126626  28.027  -83.791  5.244 0.0000000000
126627  27.578  -84.504  5.433 0.0000000000
126628  27.421  -84.555  6.728 0.0000000000
126629  27.243  -84.912  6.195 0.0000000000
126630  27.213  -85.218  5.618 0.0000000000
126631  26.940  -85.929  5.832 0.0000000000
126632  26.698  -86.664  6.075 0.0000000000
126633  26.568  -87.376  6.306 0.0000000000
127874  25.638  -83.054  -9.711 0.0000000000
127875  26.519  -82.560  -9.727 0.0000000000
127876  26.295  -82.378  -9.520 0.0000000000
127877  26.950  -81.798  -9.196 0.0000000000
127878  27.583  -81.332  -8.782 0.0000000000
127879  26.467  -81.592  -8.848 0.0000000000
127880  27.401  -81.204  -8.673 0.0000000000
127881  28.247  -80.783  -8.443 0.0000000000
127882  28.887  -80.207  -8.175 0.0000000000
127883  29.491  -79.554  -7.983 0.0000000000
127884  29.951  -78.772  -7.976 0.0000000000
127928  22.157  -71.935  -5.151 0.0000000000
127929  21.587  -72.144  -5.307 0.0000000000
127930  21.655  -72.556  -5.828 0.0000000000
127958  21.981  -77.951  -7.613 0.0000000000
127959  27.962  -73.157  -7.148 0.0000000000
127960  27.445  -73.926  -6.787 0.0000000000
127961  28.061  -73.569  -7.306 0.0000000000
127962  28.202  -73.802  -7.483 0.0000000000
127963  28.274  -74.209  -7.563 0.0000000000
127966  28.456  -74.474  -7.696 0.0000000000
127970  29.431  -75.638  -8.623 0.0000000000
132513  36.025  -89.602  -12.285 0.0000000000
132514  36.870  -89.064  -12.078 0.0000000000
132515  37.400  -88.639  -12.432 0.0000000000
132516  37.910  -88.137  -12.769 0.0000000000
132517  38.272  -87.564  -13.174 0.0000000000
132518  38.558  -86.964  -13.464 0.0000000000
132519  37.682  -87.466  -13.474 0.0000000000
132520  36.946  -87.268  -13.653 0.0000000000
132521  36.158  -87.007  -13.824 0.0000000000
132522  35.022  -88.004  -13.564 0.0000000000
132523  35.220  -87.324  -13.677 0.0000000000
132524  35.370  -86.772  -13.887 0.0000000000
132525  34.556  -86.551  -13.882 0.0000000000
132526  33.773  -86.446  -13.860 0.0000000000
132527  33.007  -86.334  -13.761 0.0000000000
132533  31.421  -87.845  -13.632 0.0000000000
132534  31.757  -87.213  -13.579 0.0000000000
132535  31.976  -86.665  -13.574 0.0000000000
132536  32.211  -86.159  -13.596 0.0000000000
132537  31.574  -86.038  -13.402 0.0000000000
132538  30.975  -85.922  -13.192 0.0000000000
132539  30.379  -85.794  -12.891 0.0000000000
132540  29.109  -86.471  -12.486 0.0000000000
132541  29.478  -86.080  -12.486 0.0000000000
132542  29.853  -85.597  -12.524 0.0000000000
132543  29.392  -85.475  -12.181 0.0000000000
132544  28.920  -85.187  -11.888 0.0000000000
132545  28.508  -84.909  -11.510 0.0000000000
135929  31.212  -85.402  11.131 0.0000000000
135930  31.375  -86.450  11.859 0.0000000000
135931  30.988  -85.964  11.405 0.0000000000
135932  30.644  -85.477  10.913 0.0000000000
135933  30.057  -85.600  10.684 0.0000000000
135934  29.462  -85.720  10.441 0.0000000000
135935  28.840  -85.916  10.236 0.0000000000
135936  28.246  -86.149  9.938 0.0000000000
135937  28.614  -86.541  10.500 0.0000000000
135938  28.471  -87.189  10.713 0.0000000000
135939  28.344  -87.828  10.877 0.0000000000
135940  29.447  -88.017  11.669 0.0000000000
135941  28.862  -88.183  11.370 0.0000000000
135942  28.205  -88.394  11.033 0.0000000000
135943  28.068  -88.973  11.162 0.0000000000
135944  27.911  -89.604  11.302 0.0000000000
135945  27.687  -90.217  11.421 0.0000000000
135946  30.269  -88.688  13.723 0.0000000000
135947  29.970  -89.239  13.448 0.0000000000
135948  29.510  -89.635  13.120 0.0000000000
135949  29.148  -89.897  13.992 0.0000000000
135950  29.111  -89.977  13.395 0.0000000000
135951  28.978  -89.910  12.787 0.0000000000
135952  28.365  -90.162  12.429 0.0000000000
135953  27.819  -90.452  12.035 0.0000000000
135954  27.374  -90.757  11.541 0.0000000000
135958  26.912  -91.612  13.336 0.0000000000
135959  26.555  -91.879  12.803 0.0000000000
137106  23.604  -64.145  -5.207 0.0000000000
137108  23.396  -64.953  -4.864 0.0000000000
137109  23.165  -65.820  -4.623 0.0000000000
137110  22.983  -66.755  -4.386 0.0000000000
137111  24.361  -66.060  -3.905 0.0000000000
137112  23.610  -66.895  -3.942 0.0000000000
137113  22.759  -67.842  -4.122 0.0000000000
137114  22.700  -68.812  -3.958 0.0000000000
137115  22.672  -69.749  -3.935 0.0000000000
137116  22.683  -70.567  -4.166 0.0000000000
137117  27.262  -66.040  -3.899 0.0000000000
137118  26.355  -66.989  -3.654 0.0000000000
137119  25.539  -67.907  -3.523 0.0000000000
137120  26.200  -68.499  -3.709 0.0000000000
137121  25.439  -68.688  -3.583 0.0000000000
137122  24.724  -68.789  -3.515 0.0000000000
137123  23.971  -69.632  -3.649 0.0000000000
137124  23.341  -70.441  -4.001 0.0000000000
137125  22.720  -71.198  -4.549 0.0000000000
137126  22.711  -71.656  -5.022 0.0000000000
137127  22.737  -71.953  -5.525 0.0000000000
137128  22.832  -72.131  -5.943 0.0000000000
137129  23.925  -71.507  -5.172 0.0000000000
137130  23.391  -71.964  -5.784 0.0000000000
137131  23.018  -72.362  -6.456 0.0000000000
137132  23.222  -72.682  -6.839 0.0000000000
137133  23.294  -73.070  -7.100 0.0000000000
137134  23.204  -73.630  -7.235 0.0000000000
137135  23.063  -74.219  -7.230 0.0000000000
137136  23.537  -73.603  -6.746 0.0000000000
137137  23.958  -73.603  -6.307 0.0000000000
137138  24.492  -73.613  -6.007 0.0000000000
137139  25.186  -72.467  -5.534 0.0000000000
137140  25.155  -72.998  -5.720 0.0000000000
137141  25.203  -73.569  -5.826 0.0000000000
137142  25.901  -73.488  -5.843 0.0000000000
137143  26.659  -73.356  -6.014 0.0000000000
137144  27.266  -73.077  -6.376 0.0000000000
137145  27.886  -69.857  -5.474 0.0000000000
137146  27.819  -70.295  -5.719 0.0000000000
137147  27.808  -70.819  -5.881 0.0000000000
137150  27.848  -71.239  -6.106 0.0000000000
137151  27.812  -71.767  -6.342 0.0000000000
137152  27.849  -72.277  -6.582 0.0000000000
137153  27.830  -72.761  -6.837 0.0000000000
139246  34.340  -82.974  0.417 0.0000000000
139248  34.200  -83.542  0.012 0.0000000000
139249  34.074  -84.143  -0.263 0.0000000000
139250  33.969  -84.796  -0.481 0.0000000000
139251  32.733  -84.974  -0.217 0.0000000000
139252  33.299  -85.233  -0.468 0.0000000000
139253  33.847  -85.534  -0.660 0.0000000000
139254  33.729  -86.294  -0.739 0.0000000000
139255  33.571  -87.044  -0.906 0.0000000000
139256  33.420  -87.754  -1.159 0.0000000000
139257  30.240  -86.864  0.316 0.0000000000
143755  24.138  -62.509  -5.799 0.0000000000
143756  23.912  -63.304  -5.498 0.0000000000
143757  24.448  -63.420  -5.081 0.0000000000
143758  25.013  -63.540  -4.757 0.0000000000
143759  25.668  -63.635  -4.477 0.0000000000
143762  26.407  -63.713  -4.254 0.0000000000
143763  27.053  -63.727  -4.112 0.0000000000
143764  27.779  -63.698  -4.141 0.0000000000
148848  35.913  -85.194  -0.607 0.0000000000
148854  35.256  -88.085  -1.636 0.0000000000
148855  35.952  -87.771  -1.550 0.0000000000
148856  36.638  -87.372  -1.428 0.0000000000
148857  36.928  -88.197  -2.243 0.0000000000
148858  37.085  -87.654  -1.773 0.0000000000
148859  37.293  -86.983  -1.276 0.0000000000
148860  37.916  -86.630  -1.053 0.0000000000
148877  34.197  -88.783  -5.480 0.0000000000
148878  34.873  -88.250  -5.336 0.0000000000
148879  35.550  -87.706  -5.167 0.0000000000
148880  36.227  -87.213  -5.023 0.0000000000
148881  35.276  -88.290  -9.274 0.0000000000
148882  35.333  -87.694  -8.511 0.0000000000
148883  35.440  -87.247  -7.604 0.0000000000
148884  36.894  -86.450  -7.932 0.0000000000
148885  36.234  -86.582  -7.367 0.0000000000
148886  35.635  -86.841  -6.777 0.0000000000
148887  36.003  -86.621  -6.070 0.0000000000
148888  36.378  -86.587  -5.414 0.0000000000
148889  36.930  -86.689  -4.935 0.0000000000
148890  37.568  -86.162  -4.769 0.0000000000
148953  38.783  -86.362  -13.635 0.0000000000
148954  38.948  -85.765  -13.690 0.0000000000
148955  39.059  -85.104  -13.633 0.0000000000
148956  37.412  -85.536  -13.840 0.0000000000
148957  38.353  -84.981  -13.699 0.0000000000
148958  39.176  -84.406  -13.511 0.0000000000
148962  34.400  -84.631  -13.682 0.0000000000
148963  35.389  -84.194  -13.554 0.0000000000
148964  36.378  -83.760  -13.336 0.0000000000
148965  35.915  -82.815  -13.081 0.0000000000
148966  36.635  -82.974  -13.103 0.0000000000
148967  37.336  -83.153  -13.114 0.0000000000
157846  27.186  -83.601  14.093 0.0000000000
157918  24.516  -82.477  15.487 0.0000000000
157919  24.899  -82.742  15.247 0.0000000000
157920  25.271  -82.974  15.036 0.0000000000
157921  25.694  -83.287  14.832 0.0000000000
157922  25.110  -84.695  15.343 0.0000000000
157923  25.564  -84.171  14.980 0.0000000000
157924  26.060  -83.588  14.610 0.0000000000
157925  26.392  -83.900  14.408 0.0000000000
157926  26.691  -84.153  14.285 0.0000000000
157927  27.009  -84.391  14.159 0.0000000000
157928  26.869  -85.151  14.374 0.0000000000
157929  26.791  -85.819  14.624 0.0000000000
157930  26.733  -86.463  14.888 0.0000000000
157931  26.061  -86.684  15.564 0.0000000000
157932  26.399  -86.898  15.429 0.0000000000
157933  26.900  -87.171  15.302 0.0000000000
157934  27.059  -87.914  15.711 0.0000000000
157935  27.176  -88.753  16.114 0.0000000000
157936  27.246  -89.600  16.332 0.0000000000
157937  25.294  -89.056  18.258 0.0000000000
157938  25.714  -89.251  18.094 0.0000000000
157939  26.026  -89.552  17.851 0.0000000000
157940  25.701  -91.050  18.299 0.0000000000
157941  26.063  -90.471  17.992 0.0000000000
157942  26.311  -89.800  17.566 0.0000000000
157943  26.663  -90.040  17.198 0.0000000000
157944  26.961  -90.245  16.761 0.0000000000
157945  27.302  -90.447  16.326 0.0000000000
157946  27.104  -91.207  16.057 0.0000000000
157947  26.777  -91.845  15.658 0.0000000000
158660  32.847  -83.156  0.597 0.0000000000
158661  32.200  -83.575  0.633 0.0000000000
158662  31.311  -82.972  1.557 0.0000000000
158663  31.407  -83.498  1.123 0.0000000000
158664  31.537  -84.027  0.749 0.0000000000
158665  30.880  -84.510  0.896 0.0000000000
158666  30.304  -85.035  1.008 0.0000000000
158667  29.769  -85.594  1.201 0.0000000000
158668  28.871  -83.236  3.906 0.0000000000
158669  28.897  -83.716  3.456 0.0000000000
158670  28.963  -84.241  3.001 0.0000000000
158671  28.056  -85.024  3.828 0.0000000000
158672  28.504  -84.868  3.197 0.0000000000
158673  29.039  -84.750  2.550 0.0000000000
158674  29.130  -85.195  2.148 0.0000000000
158675  29.174  -85.655  1.761 0.0000000000
158676  29.245  -86.161  1.386 0.0000000000
158677  28.778  -86.745  1.562 0.0000000000
158678  28.439  -87.380  1.776 0.0000000000
158679  28.024  -87.990  1.962 0.0000000000
158680  27.648  -87.695  3.075 0.0000000000
158681  27.688  -88.186  2.636 0.0000000000
158686  27.674  -86.401  9.533 0.0000000000
158687  27.211  -86.677  9.112 0.0000000000
158688  26.900  -87.004  8.641 0.0000000000
158689  27.073  -88.033  9.534 0.0000000000
158690  26.856  -87.690  8.824 0.0000000000
158691  26.634  -87.300  8.149 0.0000000000
158692  26.479  -87.587  7.634 0.0000000000
158693  26.484  -87.855  7.071 0.0000000000
158694  26.534  -88.093  6.522 0.0000000000
161844  27.921  -84.885  -11.245 0.0000000000
161871  28.354  -84.260  -11.353 0.0000000000
161872  28.784  -83.663  -11.464 0.0000000000
161873  29.297  -83.084  -11.467 0.0000000000
161874  29.921  -82.535  -11.310 0.0000000000
161875  28.547  -82.794  -10.955 0.0000000000
161876  29.625  -82.364  -10.978 0.0000000000
161877  30.642  -81.964  -10.839 0.0000000000
161878  31.232  -81.325  -10.416 0.0000000000
161879  31.735  -80.610  -10.045 0.0000000000
161880  32.196  -79.834  -9.780 0.0000000000
161881  27.474  -82.176  -9.625 0.0000000000
161882  28.412  -81.777  -9.588 0.0000000000
161883  29.353  -81.429  -9.504 0.0000000000
161884  29.704  -80.637  -8.800 0.0000000000
161885  29.993  -80.794  -9.102 0.0000000000
161886  30.270  -81.006  -9.390 0.0000000000
161887  31.150  -80.387  -9.383 0.0000000000
161888  31.948  -79.685  -9.483 0.0000000000
162088  22.823  -74.880  -7.197 0.0000000000
162089  22.649  -75.332  -7.158 0.0000000000
162090  22.536  -75.888  -7.140 0.0000000000
162091  23.790  -75.320  -6.341 0.0000000000
162092  23.111  -75.856  -6.720 0.0000000000
162093  22.458  -76.384  -7.116 0.0000000000
162094  22.405  -76.870  -7.075 0.0000000000
162095  22.488  -77.389  -7.068 0.0000000000
162096  22.667  -77.865  -7.123 0.0000000000
162097  26.920  -74.585  -6.526 0.0000000000
162098  26.239  -75.304  -6.359 0.0000000000
162099  25.516  -75.996  -6.298 0.0000000000
162100  26.512  -76.019  -6.589 0.0000000000
162101  25.692  -76.310  -6.399 0.0000000000
162102  24.782  -76.571  -6.319 0.0000000000
162103  24.090  -77.143  -6.445 0.0000000000
162104  23.486  -77.701  -6.745 0.0000000000
162105  22.959  -78.287  -7.193 0.0000000000
162106  23.201  -78.722  -7.283 0.0000000000
162107  23.451  -79.036  -7.305 0.0000000000
162108  23.570  -79.383  -7.415 0.0000000000
162109  25.069  -78.508  -6.911 0.0000000000
162110  24.421  -79.114  -7.185 0.0000000000
162111  23.828  -79.717  -7.534 0.0000000000
162112  24.088  -80.095  -7.701 0.0000000000
162113  24.312  -80.544  -7.932 0.0000000000
162114  24.565  -81.031  -8.196 0.0000000000
162115  25.443  -80.705  -8.074 0.0000000000
162116  26.415  -80.336  -7.879 0.0000000000
162117  27.392  -79.966  -7.800 0.0000000000
162118  27.754  -78.866  -7.549 0.0000000000
162119  28.060  -79.192  -7.652 0.0000000000
162120  28.345  -79.580  -7.749 0.0000000000
162121  29.067  -79.049  -7.829 0.0000000000
162122  29.801  -78.476  -7.883 0.0000000000
162123  30.434  -77.834  -8.207 0.0000000000
162126  30.231  -76.314  -8.774 0.0000000000
162129  30.466  -76.507  -8.796 0.0000000000
162130  30.569  -76.767  -8.761 0.0000000000
162131  30.767  -76.962  -8.651 0.0000000000
162132  31.067  -77.133  -8.561 0.0000000000
