#!ascii label  , from subject fsaverage vox2ras=TkReg
496
441  21.598  -41.229  -9.733 0.0000000000
612  26.750  -29.807  -20.047 0.0000000000
975  18.428  -39.582  -9.477 0.0000000000
1365  23.795  -24.909  -22.888 0.0000000000
1989  25.940  -41.507  -8.867 0.0000000000
2462  20.174  -34.883  -12.949 0.0000000000
2463  24.685  -35.811  -13.820 0.0000000000
2471  22.095  -30.569  -17.405 0.0000000000
3286  25.159  -24.063  -24.717 0.0000000000
4361  20.890  -44.510  -9.340 0.0000000000
4363  22.701  -44.883  -8.512 0.0000000000
4365  23.668  -41.453  -9.099 0.0000000000
5511  22.162  -35.536  -13.637 0.0000000000
5512  20.968  -32.756  -14.872 0.0000000000
5531  23.245  -27.922  -20.115 0.0000000000
5533  24.303  -30.642  -19.092 0.0000000000
5534  25.833  -32.818  -16.914 0.0000000000
5535  28.740  -31.927  -17.131 0.0000000000
6362  19.139  -43.549  -9.110 0.0000000000
6363  19.779  -40.570  -9.904 0.0000000000
7064  22.824  -25.477  -20.560 0.0000000000
7065  25.152  -27.435  -21.943 0.0000000000
7066  28.580  -28.504  -20.469 0.0000000000
7067  26.856  -26.620  -23.299 0.0000000000
7068  28.584  -25.430  -24.313 0.0000000000
9938  18.182  -36.297  -9.931 0.0000000000
9939  19.066  -36.822  -11.139 0.0000000000
9941  19.161  -34.272  -11.543 0.0000000000
9942  21.070  -37.648  -11.606 0.0000000000
9943  23.475  -38.284  -11.363 0.0000000000
9944  25.889  -38.709  -11.158 0.0000000000
9970  23.099  -33.076  -16.249 0.0000000000
12041  21.418  -43.002  -9.360 0.0000000000
12043  22.348  -43.139  -9.009 0.0000000000
12044  23.286  -43.158  -8.560 0.0000000000
12045  22.600  -41.331  -9.470 0.0000000000
13191  20.500  -32.520  -14.061 0.0000000000
13211  24.765  -29.130  -20.474 0.0000000000
13212  23.649  -29.307  -19.666 0.0000000000
13213  25.546  -30.337  -19.639 0.0000000000
13214  26.419  -31.391  -18.446 0.0000000000
13215  27.760  -30.828  -18.647 0.0000000000
13217  28.828  -30.259  -18.831 0.0000000000
14441  18.609  -41.238  -8.884 0.0000000000
14443  19.062  -41.758  -9.220 0.0000000000
14444  19.758  -42.266  -9.475 0.0000000000
14445  19.036  -40.080  -9.758 0.0000000000
15613  23.157  -25.253  -21.724 0.0000000000
15614  23.516  -26.466  -21.442 0.0000000000
15615  24.398  -26.196  -22.467 0.0000000000
15616  25.965  -27.069  -22.641 0.0000000000
15617  25.222  -25.810  -23.368 0.0000000000
15618  25.962  -23.560  -25.596 0.0000000000
15619  26.893  -24.908  -24.887 0.0000000000
15620  27.818  -24.354  -25.521 0.0000000000
18851  25.488  -43.057  -8.017 0.0000000000
22281  18.520  -36.529  -10.592 0.0000000000
22282  18.655  -35.290  -10.797 0.0000000000
22286  19.736  -33.423  -12.377 0.0000000000
22288  19.486  -34.493  -12.275 0.0000000000
22289  19.593  -35.798  -12.053 0.0000000000
22290  20.472  -36.177  -12.413 0.0000000000
22291  22.207  -37.982  -11.529 0.0000000000
22292  21.642  -36.543  -12.578 0.0000000000
22293  23.462  -35.759  -13.774 0.0000000000
22294  24.246  -37.131  -12.486 0.0000000000
22295  25.463  -37.235  -12.487 0.0000000000
22296  27.065  -38.752  -11.209 0.0000000000
22297  26.693  -37.242  -12.543 0.0000000000
22354  21.997  -29.262  -17.626 0.0000000000
22356  21.805  -29.224  -16.439 0.0000000000
22358  21.491  -30.414  -16.299 0.0000000000
22359  21.626  -31.714  -16.126 0.0000000000
22360  22.461  -31.804  -16.950 0.0000000000
22361  28.251  -33.638  -15.520 0.0000000000
22362  26.809  -33.952  -15.429 0.0000000000
23643  18.199  -39.145  -9.015 0.0000000000
24346  24.428  -24.509  -23.849 0.0000000000
24348  24.292  -22.699  -25.193 0.0000000000
26288  24.368  -43.113  -8.180 0.0000000000
26289  24.776  -41.453  -8.944 0.0000000000
28350  19.951  -33.566  -13.229 0.0000000000
28351  21.071  -35.260  -13.414 0.0000000000
28352  20.594  -33.879  -13.894 0.0000000000
28353  21.482  -34.096  -14.462 0.0000000000
28354  22.437  -34.278  -14.874 0.0000000000
28389  22.519  -27.959  -18.912 0.0000000000
28390  22.703  -29.374  -18.716 0.0000000000
28391  23.079  -30.657  -18.320 0.0000000000
28392  23.678  -31.887  -17.631 0.0000000000
28393  25.077  -31.753  -18.122 0.0000000000
28394  27.300  -32.397  -17.030 0.0000000000
30205  19.982  -44.095  -9.318 0.0000000000
30206  20.536  -42.655  -9.498 0.0000000000
30207  20.666  -40.978  -9.888 0.0000000000
31843  22.931  -26.644  -20.288 0.0000000000
31844  24.080  -27.714  -21.037 0.0000000000
31845  25.907  -28.663  -21.127 0.0000000000
31846  27.706  -29.187  -20.287 0.0000000000
31847  26.805  -28.196  -21.608 0.0000000000
31848  27.718  -27.560  -22.028 0.0000000000
31849  28.527  -26.905  -22.342 0.0000000000
31850  26.071  -25.423  -24.134 0.0000000000
31851  27.732  -26.053  -23.872 0.0000000000
31852  29.372  -26.195  -22.676 0.0000000000
40047  17.897  -37.457  -9.202 0.0000000000
40050  18.169  -37.779  -9.771 0.0000000000
40051  18.672  -38.197  -10.232 0.0000000000
40052  19.385  -38.659  -10.519 0.0000000000
40053  20.356  -39.045  -10.672 0.0000000000
40060  18.970  -35.446  -11.481 0.0000000000
40061  19.922  -37.240  -11.507 0.0000000000
40062  21.385  -39.327  -10.639 0.0000000000
40063  22.549  -39.609  -10.376 0.0000000000
40064  23.688  -39.783  -10.131 0.0000000000
40065  24.822  -39.886  -10.019 0.0000000000
40066  22.956  -36.878  -12.608 0.0000000000
40067  24.709  -38.532  -11.222 0.0000000000
40068  25.982  -40.077  -9.900 0.0000000000
40144  21.014  -31.532  -15.065 0.0000000000
40145  21.838  -32.936  -15.664 0.0000000000
40146  23.808  -34.389  -15.177 0.0000000000
40147  24.495  -33.049  -16.682 0.0000000000
40148  25.280  -34.183  -15.339 0.0000000000
40149  26.141  -35.678  -13.878 0.0000000000
40162  29.752  -29.661  -19.003 0.0000000000
42761  21.585  -42.155  -9.480 0.0000000000
42762  21.881  -43.098  -9.196 0.0000000000
42763  22.017  -42.201  -9.364 0.0000000000
42764  22.531  -42.255  -9.149 0.0000000000
42765  22.095  -41.302  -9.615 0.0000000000
43931  25.709  -29.532  -20.403 0.0000000000
43932  25.125  -29.776  -20.108 0.0000000000
43933  26.151  -30.093  -19.855 0.0000000000
43934  26.629  -30.634  -19.227 0.0000000000
43935  27.262  -30.334  -19.355 0.0000000000
43936  28.323  -30.546  -18.738 0.0000000000
43937  27.708  -30.034  -19.475 0.0000000000
45161  18.566  -40.403  -9.177 0.0000000000
45162  18.773  -41.478  -9.050 0.0000000000
45163  18.778  -40.647  -9.330 0.0000000000
45164  19.017  -40.833  -9.465 0.0000000000
45165  18.703  -39.816  -9.641 0.0000000000
46331  23.189  -24.437  -22.424 0.0000000000
46333  23.441  -25.081  -22.336 0.0000000000
46334  23.671  -25.728  -22.150 0.0000000000
46335  24.064  -25.529  -22.697 0.0000000000
46336  24.810  -26.040  -22.937 0.0000000000
46337  24.459  -25.354  -23.168 0.0000000000
49571  25.747  -42.257  -8.421 0.0000000000
53001  18.583  -35.204  -10.445 0.0000000000
53006  19.752  -34.075  -12.782 0.0000000000
53007  19.564  -33.933  -12.343 0.0000000000
53008  19.800  -34.687  -12.633 0.0000000000
53009  19.870  -35.327  -12.469 0.0000000000
53010  20.309  -35.519  -12.702 0.0000000000
53011  20.991  -36.328  -12.524 0.0000000000
53012  20.775  -35.694  -12.893 0.0000000000
53013  24.092  -35.805  -13.797 0.0000000000
53014  24.503  -36.504  -13.143 0.0000000000
53015  25.129  -36.552  -13.129 0.0000000000
53016  26.087  -37.248  -12.511 0.0000000000
53017  25.719  -36.529  -13.176 0.0000000000
53074  21.985  -29.939  -17.604 0.0000000000
53075  21.851  -29.228  -17.037 0.0000000000
53076  21.754  -29.880  -17.049 0.0000000000
53077  21.629  -29.825  -16.416 0.0000000000
53078  21.760  -30.507  -16.901 0.0000000000
53079  21.848  -31.110  -16.707 0.0000000000
53080  22.250  -31.155  -17.182 0.0000000000
54764  18.360  -40.038  -8.826 0.0000000000
54765  18.174  -39.002  -8.750 0.0000000000
59168  22.797  -45.768  -8.257 0.0000000000
59170  23.173  -44.877  -8.195 0.0000000000
59171  23.492  -42.248  -8.771 0.0000000000
59172  23.809  -43.150  -8.345 0.0000000000
59173  24.029  -42.283  -8.622 0.0000000000
59174  24.593  -42.282  -8.527 0.0000000000
59175  24.255  -41.493  -8.988 0.0000000000
62609  20.053  -32.872  -12.754 0.0000000000
62610  20.141  -32.949  -13.194 0.0000000000
62611  20.256  -33.755  -13.573 0.0000000000
62612  20.266  -33.077  -13.642 0.0000000000
62613  20.713  -32.644  -14.482 0.0000000000
62614  20.815  -33.255  -14.378 0.0000000000
62615  21.194  -33.407  -14.767 0.0000000000
62616  21.951  -34.197  -14.679 0.0000000000
62617  21.579  -33.510  -15.067 0.0000000000
62673  22.855  -27.973  -19.556 0.0000000000
62674  23.937  -30.010  -19.410 0.0000000000
62675  23.188  -29.386  -19.203 0.0000000000
62676  23.329  -30.029  -18.989 0.0000000000
62677  22.810  -29.987  -18.508 0.0000000000
62678  23.670  -30.650  -18.702 0.0000000000
62679  24.027  -31.318  -18.385 0.0000000000
62680  24.653  -31.184  -18.667 0.0000000000
62681  27.558  -31.610  -17.828 0.0000000000
62682  26.874  -31.860  -17.772 0.0000000000
62683  28.014  -32.165  -17.081 0.0000000000
66364  18.809  -43.336  -8.998 0.0000000000
66370  19.543  -43.823  -9.242 0.0000000000
66371  19.841  -41.403  -9.595 0.0000000000
66372  20.131  -42.467  -9.490 0.0000000000
66373  20.234  -41.700  -9.648 0.0000000000
66374  20.709  -41.845  -9.645 0.0000000000
66375  20.213  -40.785  -9.915 0.0000000000
69880  22.879  -26.068  -20.458 0.0000000000
69881  24.223  -26.945  -21.758 0.0000000000
69882  23.791  -27.079  -21.254 0.0000000000
69883  24.593  -27.586  -21.481 0.0000000000
69884  24.943  -28.252  -21.176 0.0000000000
69885  25.481  -28.057  -21.577 0.0000000000
69886  26.336  -28.422  -21.378 0.0000000000
69887  25.937  -27.860  -21.860 0.0000000000
69888  26.367  -26.874  -22.966 0.0000000000
69889  26.787  -27.436  -22.457 0.0000000000
69890  27.219  -27.127  -22.695 0.0000000000
69891  28.129  -27.240  -22.216 0.0000000000
69892  27.666  -26.843  -22.937 0.0000000000
69893  24.796  -24.308  -24.291 0.0000000000
69894  25.179  -24.955  -24.028 0.0000000000
69895  25.593  -24.736  -24.472 0.0000000000
69896  27.781  -25.251  -24.769 0.0000000000
69897  27.352  -25.526  -24.460 0.0000000000
69898  28.161  -25.752  -24.107 0.0000000000
69899  28.533  -26.175  -23.346 0.0000000000
69900  28.910  -25.832  -23.527 0.0000000000
89871  17.814  -37.381  -8.917 0.0000000000
89878  18.062  -36.277  -9.633 0.0000000000
89879  18.025  -36.932  -9.552 0.0000000000
89880  18.126  -36.964  -9.861 0.0000000000
89881  18.372  -37.938  -10.016 0.0000000000
89882  18.295  -37.123  -10.135 0.0000000000
89883  18.733  -36.652  -10.868 0.0000000000
89884  18.834  -37.445  -10.681 0.0000000000
89885  19.195  -37.640  -10.874 0.0000000000
89886  19.836  -38.902  -10.648 0.0000000000
89887  19.636  -37.881  -11.028 0.0000000000
89899  19.378  -33.736  -11.513 0.0000000000
89904  18.879  -34.798  -11.196 0.0000000000
89905  19.018  -34.850  -11.532 0.0000000000
89906  20.230  -36.680  -11.957 0.0000000000
89907  19.751  -36.469  -11.810 0.0000000000
89908  20.435  -37.419  -11.605 0.0000000000
89909  20.686  -38.284  -11.182 0.0000000000
89910  21.256  -38.467  -11.131 0.0000000000
89911  21.958  -39.508  -10.492 0.0000000000
89912  21.840  -38.660  -11.034 0.0000000000
89913  22.855  -38.152  -11.439 0.0000000000
89914  23.012  -38.866  -10.853 0.0000000000
89915  23.615  -38.987  -10.734 0.0000000000
89916  24.255  -39.808  -10.071 0.0000000000
89917  24.225  -39.080  -10.667 0.0000000000
89918  21.608  -35.410  -13.519 0.0000000000
89919  21.947  -36.104  -13.057 0.0000000000
89920  22.587  -36.276  -13.097 0.0000000000
89921  25.174  -37.872  -11.851 0.0000000000
89922  24.572  -37.853  -11.846 0.0000000000
89923  25.302  -38.641  -11.174 0.0000000000
89924  25.375  -39.314  -10.549 0.0000000000
89925  25.971  -39.437  -10.482 0.0000000000
89926  26.571  -40.140  -9.911 0.0000000000
89927  26.556  -39.471  -10.523 0.0000000000
90113  21.416  -30.409  -14.583 0.0000000000
90114  21.159  -30.914  -14.548 0.0000000000
90115  21.144  -30.935  -15.125 0.0000000000
90116  22.213  -32.405  -16.280 0.0000000000
90117  21.710  -32.311  -15.923 0.0000000000
90118  22.444  -33.026  -15.968 0.0000000000
90119  22.777  -33.682  -15.547 0.0000000000
90120  23.413  -33.693  -15.775 0.0000000000
90121  24.771  -32.405  -17.399 0.0000000000
90122  24.060  -32.461  -17.198 0.0000000000
90123  25.141  -32.959  -16.813 0.0000000000
90124  27.192  -34.665  -14.685 0.0000000000
90125  26.052  -34.074  -15.387 0.0000000000
90126  26.442  -34.784  -14.639 0.0000000000
90127  25.741  -34.901  -14.599 0.0000000000
90128  26.870  -35.607  -13.939 0.0000000000
90158  28.138  -28.852  -20.391 0.0000000000
90159  28.740  -29.376  -19.613 0.0000000000
90160  29.176  -29.028  -19.742 0.0000000000
95401  21.203  -43.765  -9.342 0.0000000000
95403  21.654  -43.930  -9.242 0.0000000000
95404  22.102  -43.982  -8.995 0.0000000000
95405  22.569  -44.002  -8.733 0.0000000000
95406  23.037  -44.005  -8.466 0.0000000000
95407  22.789  -43.150  -8.802 0.0000000000
95408  23.032  -42.275  -8.942 0.0000000000
95409  23.107  -41.393  -9.258 0.0000000000
97471  20.397  -32.453  -13.611 0.0000000000
97473  20.646  -31.937  -14.060 0.0000000000
97474  20.769  -32.024  -14.519 0.0000000000
97507  23.953  -28.532  -20.343 0.0000000000
97508  23.477  -28.622  -19.890 0.0000000000
97509  24.177  -29.236  -20.080 0.0000000000
97510  24.511  -29.889  -19.794 0.0000000000
97511  24.932  -30.524  -19.390 0.0000000000
97512  25.325  -31.041  -18.892 0.0000000000
97513  25.994  -30.863  -19.078 0.0000000000
97514  27.111  -31.145  -18.569 0.0000000000
97515  28.276  -31.337  -17.918 0.0000000000
97516  29.342  -31.687  -17.260 0.0000000000
97517  28.867  -31.073  -18.001 0.0000000000
99723  18.677  -42.231  -8.890 0.0000000000
99724  18.848  -42.439  -9.061 0.0000000000
99725  19.141  -42.667  -9.184 0.0000000000
99726  19.489  -42.917  -9.296 0.0000000000
99727  19.406  -42.035  -9.370 0.0000000000
99728  19.433  -41.106  -9.533 0.0000000000
99729  19.410  -40.357  -9.837 0.0000000000
101832  23.067  -25.974  -21.081 0.0000000000
101833  23.315  -25.863  -21.612 0.0000000000
101834  23.937  -26.326  -21.973 0.0000000000
101835  24.710  -26.799  -22.231 0.0000000000
101836  25.550  -27.264  -22.298 0.0000000000
101837  25.121  -26.651  -22.617 0.0000000000
101838  25.579  -26.467  -23.002 0.0000000000
101839  26.013  -26.248  -23.413 0.0000000000
101840  25.546  -23.812  -25.208 0.0000000000
101841  26.020  -24.518  -24.857 0.0000000000
101842  26.463  -24.256  -25.244 0.0000000000
101843  27.381  -24.629  -25.244 0.0000000000
101844  28.183  -24.951  -25.009 0.0000000000
107659  25.119  -43.847  -7.657 0.0000000000
113833  18.341  -36.414  -10.283 0.0000000000
113834  18.442  -35.786  -10.400 0.0000000000
113835  18.560  -35.875  -10.702 0.0000000000
113836  18.735  -35.978  -10.997 0.0000000000
113842  20.084  -32.847  -11.854 0.0000000000
113844  19.676  -33.339  -11.918 0.0000000000
113845  19.439  -33.814  -11.917 0.0000000000
113846  19.286  -34.359  -11.907 0.0000000000
113847  19.222  -34.957  -11.867 0.0000000000
113848  19.472  -35.127  -12.196 0.0000000000
113849  20.005  -35.996  -12.251 0.0000000000
113850  20.773  -36.880  -12.085 0.0000000000
113851  21.650  -37.827  -11.584 0.0000000000
113852  21.318  -37.056  -12.095 0.0000000000
113853  21.937  -37.239  -12.082 0.0000000000
113854  22.597  -37.432  -12.045 0.0000000000
113855  22.761  -35.647  -13.745 0.0000000000
113856  23.222  -36.375  -13.163 0.0000000000
113857  23.855  -36.440  -13.158 0.0000000000
113858  24.857  -37.199  -12.477 0.0000000000
113859  25.757  -37.950  -11.837 0.0000000000
113860  26.474  -38.732  -11.173 0.0000000000
113861  26.342  -38.009  -11.834 0.0000000000
113862  26.955  -38.008  -11.862 0.0000000000
113964  22.093  -28.630  -17.650 0.0000000000
113966  21.995  -28.627  -17.059 0.0000000000
113967  22.019  -28.637  -16.417 0.0000000000
113972  21.400  -30.383  -15.743 0.0000000000
113973  21.257  -31.003  -15.701 0.0000000000
113974  21.538  -31.063  -16.209 0.0000000000
113975  22.019  -31.771  -16.546 0.0000000000
113976  22.768  -32.478  -16.647 0.0000000000
113977  27.024  -33.176  -16.269 0.0000000000
113978  26.320  -33.359  -16.205 0.0000000000
113979  27.533  -33.812  -15.461 0.0000000000
113980  27.954  -34.511  -14.751 0.0000000000
113999  28.997  -28.140  -20.616 0.0000000000
114000  29.543  -28.673  -19.861 0.0000000000
116606  18.406  -40.166  -9.011 0.0000000000
116607  18.266  -39.323  -9.258 0.0000000000
118245  23.489  -24.265  -23.027 0.0000000000
118246  24.077  -24.695  -23.347 0.0000000000
118252  24.700  -23.363  -24.995 0.0000000000
118253  25.055  -23.124  -25.464 0.0000000000
118254  25.464  -22.880  -25.869 0.0000000000
122776  23.525  -44.037  -8.190 0.0000000000
122777  24.025  -43.990  -7.979 0.0000000000
122778  24.547  -43.922  -7.802 0.0000000000
122779  24.930  -43.090  -8.090 0.0000000000
122780  25.180  -42.261  -8.469 0.0000000000
122781  25.346  -41.477  -8.903 0.0000000000
127588  20.014  -32.857  -12.327 0.0000000000
127589  19.822  -33.495  -12.813 0.0000000000
127590  20.028  -34.236  -13.152 0.0000000000
127591  20.595  -35.078  -13.212 0.0000000000
127592  20.369  -34.368  -13.463 0.0000000000
127593  20.779  -34.532  -13.718 0.0000000000
127594  21.264  -34.708  -13.921 0.0000000000
127595  20.507  -33.144  -14.009 0.0000000000
127596  20.988  -33.967  -14.192 0.0000000000
127597  21.798  -34.842  -14.098 0.0000000000
127598  22.366  -34.955  -14.242 0.0000000000
127599  22.954  -35.041  -14.366 0.0000000000
127600  23.581  -35.064  -14.441 0.0000000000
127679  22.306  -27.984  -18.269 0.0000000000
127680  22.970  -28.608  -19.382 0.0000000000
127681  22.580  -28.711  -18.811 0.0000000000
127682  22.288  -28.675  -18.260 0.0000000000
127683  22.273  -29.306  -18.157 0.0000000000
127684  22.358  -29.968  -18.052 0.0000000000
127685  22.544  -30.637  -17.882 0.0000000000
127686  22.776  -31.226  -17.634 0.0000000000
127687  23.378  -31.315  -18.031 0.0000000000
127688  24.384  -31.855  -17.894 0.0000000000
127689  25.471  -32.288  -17.528 0.0000000000
127690  25.738  -31.583  -18.324 0.0000000000
127691  26.153  -32.079  -17.655 0.0000000000
127692  26.584  -32.622  -16.977 0.0000000000
127693  27.781  -32.971  -16.299 0.0000000000
132453  20.442  -44.346  -9.353 0.0000000000
132454  19.881  -43.179  -9.384 0.0000000000
132455  20.327  -43.442  -9.419 0.0000000000
132456  20.760  -43.610  -9.400 0.0000000000
132457  20.961  -42.826  -9.506 0.0000000000
132458  21.156  -42.012  -9.581 0.0000000000
132459  21.110  -41.115  -9.824 0.0000000000
136899  23.051  -27.250  -20.228 0.0000000000
136900  23.185  -26.584  -20.908 0.0000000000
136901  23.412  -27.177  -20.750 0.0000000000
136902  23.662  -27.835  -20.581 0.0000000000
136903  24.422  -28.399  -20.760 0.0000000000
136904  25.325  -28.917  -20.810 0.0000000000
136905  26.265  -29.273  -20.619 0.0000000000
136906  27.292  -29.520  -20.171 0.0000000000
136907  26.749  -29.002  -20.808 0.0000000000
136908  27.176  -28.711  -20.972 0.0000000000
136909  27.656  -28.369  -21.115 0.0000000000
136910  26.395  -27.642  -22.162 0.0000000000
136911  27.253  -27.889  -21.830 0.0000000000
136912  28.102  -28.037  -21.281 0.0000000000
136913  28.516  -27.678  -21.422 0.0000000000
136916  24.789  -25.161  -23.577 0.0000000000
136917  25.651  -25.613  -23.757 0.0000000000
136918  26.445  -26.021  -23.779 0.0000000000
136919  26.477  -25.162  -24.539 0.0000000000
136920  26.917  -25.782  -24.128 0.0000000000
136921  27.338  -26.339  -23.598 0.0000000000
136922  28.101  -26.534  -23.160 0.0000000000
136923  28.933  -26.554  -22.516 0.0000000000
161095  17.962  -38.130  -8.877 0.0000000000
161096  18.012  -38.288  -9.173 0.0000000000
161097  18.121  -38.494  -9.407 0.0000000000
161105  18.018  -37.642  -9.500 0.0000000000
161106  18.271  -38.716  -9.639 0.0000000000
161107  18.461  -38.932  -9.900 0.0000000000
161108  18.831  -39.186  -10.049 0.0000000000
161109  19.218  -39.405  -10.145 0.0000000000
161110  18.523  -37.323  -10.396 0.0000000000
161111  18.994  -38.423  -10.379 0.0000000000
161112  19.611  -39.595  -10.199 0.0000000000
161113  20.084  -39.859  -10.258 0.0000000000
161114  20.550  -40.020  -10.268 0.0000000000
161115  21.025  -40.143  -10.232 0.0000000000
161135  18.780  -35.354  -11.146 0.0000000000
161136  18.974  -36.097  -11.300 0.0000000000
161137  19.227  -35.569  -11.804 0.0000000000
161138  19.333  -36.270  -11.616 0.0000000000
161139  19.465  -37.037  -11.344 0.0000000000
161140  20.164  -38.159  -11.146 0.0000000000
161141  20.862  -39.182  -10.678 0.0000000000
161142  21.562  -40.310  -10.130 0.0000000000
161143  22.011  -40.384  -10.003 0.0000000000
161144  22.507  -40.459  -9.867 0.0000000000
161145  23.085  -40.553  -9.726 0.0000000000
161146  22.412  -38.742  -10.979 0.0000000000
161147  23.124  -39.691  -10.262 0.0000000000
161148  23.681  -40.608  -9.599 0.0000000000
161149  24.270  -40.653  -9.507 0.0000000000
161150  24.861  -40.692  -9.448 0.0000000000
161151  25.424  -40.731  -9.436 0.0000000000
161152  21.342  -35.907  -13.006 0.0000000000
161153  22.308  -36.737  -12.608 0.0000000000
161154  23.256  -37.591  -11.992 0.0000000000
161155  23.608  -37.023  -12.530 0.0000000000
161156  23.926  -37.740  -11.916 0.0000000000
161157  24.088  -38.404  -11.292 0.0000000000
161158  24.803  -39.194  -10.613 0.0000000000
161159  25.399  -40.003  -9.969 0.0000000000
161160  25.998  -40.787  -9.391 0.0000000000
161161  26.563  -40.835  -9.354 0.0000000000
161387  20.873  -31.484  -14.564 0.0000000000
161388  20.977  -32.117  -15.012 0.0000000000
161389  21.283  -31.611  -15.625 0.0000000000
161390  21.279  -32.221  -15.466 0.0000000000
161391  21.349  -32.826  -15.299 0.0000000000
161392  22.177  -33.621  -15.313 0.0000000000
161393  23.078  -34.343  -15.068 0.0000000000
161394  24.321  -35.041  -14.499 0.0000000000
161395  23.025  -31.861  -17.322 0.0000000000
161396  23.395  -32.480  -16.945 0.0000000000
161397  23.798  -33.094  -16.490 0.0000000000
161398  25.590  -33.495  -16.129 0.0000000000
161399  24.775  -33.581  -16.092 0.0000000000
161400  24.131  -33.644  -15.949 0.0000000000
161401  24.517  -34.278  -15.285 0.0000000000
161402  25.046  -35.000  -14.540 0.0000000000
161403  25.391  -35.743  -13.855 0.0000000000
161404  26.484  -36.501  -13.205 0.0000000000
161440  28.219  -29.715  -19.567 0.0000000000
161441  29.321  -29.974  -18.898 0.0000000000
161442  30.348  -30.285  -18.330 0.0000000000
