#!ascii label  , from subject fsaverage vox2ras=TkReg
450
504  34.711  -0.056  14.643 0.0000000000
1102  32.580  7.831  11.017 0.0000000000
1103  33.950  0.224  11.914 0.0000000000
1104  33.800  6.725  12.982 0.0000000000
1106  39.131  4.599  13.296 0.0000000000
2157  36.205  5.887  13.820 0.0000000000
3022  32.432  11.211  11.994 0.0000000000
3023  33.048  7.250  12.103 0.0000000000
3024  33.419  10.597  12.755 0.0000000000
3066  31.927  10.641  10.453 0.0000000000
4750  34.119  0.041  13.335 0.0000000000
4756  36.127  9.360  13.067 0.0000000000
4757  37.537  8.674  12.686 0.0000000000
4758  39.634  1.850  15.458 0.0000000000
4759  37.984  2.319  15.516 0.0000000000
4873  31.813  14.027  4.832 0.0000000000
6592  33.155  4.024  10.008 0.0000000000
6594  33.041  3.690  11.394 0.0000000000
6595  33.269  3.565  12.793 0.0000000000
6596  34.000  3.320  13.955 0.0000000000
6669  31.437  12.415  7.739 0.0000000000
6671  32.084  9.803  8.605 0.0000000000
6672  32.713  6.951  9.298 0.0000000000
9027  35.901  -3.044  10.742 0.0000000000
9033  34.751  10.017  13.124 0.0000000000
9034  34.869  6.367  13.642 0.0000000000
9035  35.142  3.017  14.803 0.0000000000
9036  37.622  5.291  13.679 0.0000000000
9037  36.465  2.708  15.257 0.0000000000
9038  35.568  -0.227  15.651 0.0000000000
10703  32.905  10.879  12.442 0.0000000000
12430  34.369  -0.052  14.021 0.0000000000
12432  34.818  -1.653  14.172 0.0000000000
12436  37.471  10.306  12.400 0.0000000000
12437  38.207  9.875  12.022 0.0000000000
12551  31.524  13.228  6.344 0.0000000000
14827  32.717  5.978  10.517 0.0000000000
14828  33.080  3.856  10.702 0.0000000000
14829  32.814  5.735  11.179 0.0000000000
14830  33.395  6.994  12.569 0.0000000000
14831  33.141  5.278  12.405 0.0000000000
14832  33.431  5.200  12.976 0.0000000000
14833  33.588  3.421  13.393 0.0000000000
14834  33.825  4.990  13.468 0.0000000000
14956  31.726  11.077  8.169 0.0000000000
14957  31.554  11.566  9.156 0.0000000000
14958  32.325  9.230  10.733 0.0000000000
14959  32.314  8.851  9.885 0.0000000000
14960  32.555  7.459  10.192 0.0000000000
14961  32.945  5.547  9.657 0.0000000000
20010  33.987  0.310  11.161 0.0000000000
20012  34.726  -1.360  11.336 0.0000000000
20027  35.320  11.519  12.998 0.0000000000
20028  36.172  7.571  13.349 0.0000000000
20029  35.491  7.879  13.361 0.0000000000
20030  35.512  6.135  13.758 0.0000000000
20031  34.996  4.695  14.156 0.0000000000
20032  35.618  4.467  14.339 0.0000000000
20034  38.324  6.561  12.795 0.0000000000
20035  38.361  4.942  13.475 0.0000000000
20036  37.334  1.049  16.162 0.0000000000
20037  37.212  2.508  15.392 0.0000000000
20038  36.611  1.193  15.933 0.0000000000
20039  35.942  1.291  15.646 0.0000000000
23872  32.487  9.595  11.529 0.0000000000
23873  32.757  7.542  11.615 0.0000000000
23874  32.830  9.262  12.055 0.0000000000
23875  33.240  8.982  12.470 0.0000000000
23876  33.693  8.679  12.789 0.0000000000
23950  31.513  11.988  10.127 0.0000000000
23952  32.086  11.007  11.257 0.0000000000
26982  33.961  0.178  12.654 0.0000000000
26983  34.601  -1.428  12.005 0.0000000000
26992  36.067  11.130  12.874 0.0000000000
26993  36.781  10.699  12.671 0.0000000000
26994  36.821  8.966  12.941 0.0000000000
26995  36.876  7.264  13.279 0.0000000000
26996  39.413  3.189  14.381 0.0000000000
26997  38.565  3.456  14.527 0.0000000000
26998  38.826  2.078  15.530 0.0000000000
27203  31.825  15.337  4.429 0.0000000000
30745  33.472  2.063  10.933 0.0000000000
30746  33.416  1.954  11.698 0.0000000000
30747  32.929  5.508  11.781 0.0000000000
30748  33.091  3.705  12.129 0.0000000000
30749  33.486  1.856  12.439 0.0000000000
30750  33.688  1.790  13.132 0.0000000000
30751  33.948  1.706  13.782 0.0000000000
30752  34.300  1.576  14.368 0.0000000000
30760  39.901  4.260  13.087 0.0000000000
30921  31.754  11.852  6.727 0.0000000000
30923  32.028  10.623  7.203 0.0000000000
30924  32.389  9.316  7.628 0.0000000000
30926  31.882  10.287  9.529 0.0000000000
30927  32.435  8.446  8.951 0.0000000000
37324  36.207  -3.049  9.964 0.0000000000
37326  35.640  -3.168  11.401 0.0000000000
37342  34.053  10.307  13.011 0.0000000000
37343  34.252  8.436  13.099 0.0000000000
37344  35.451  9.682  13.145 0.0000000000
37345  34.849  8.205  13.249 0.0000000000
37346  34.312  6.544  13.348 0.0000000000
37347  34.375  4.905  13.863 0.0000000000
37348  34.513  3.192  14.413 0.0000000000
37349  34.821  1.610  14.870 0.0000000000
37350  38.288  8.191  12.403 0.0000000000
37351  37.631  6.942  13.046 0.0000000000
37352  36.940  5.567  13.784 0.0000000000
37353  37.806  3.713  14.539 0.0000000000
37354  37.011  3.983  14.533 0.0000000000
37355  36.310  4.248  14.465 0.0000000000
37356  35.754  2.834  15.051 0.0000000000
37357  35.332  1.453  15.263 0.0000000000
37358  35.129  -0.127  15.163 0.0000000000
43150  34.515  -0.043  14.351 0.0000000000
43151  34.590  -0.852  14.117 0.0000000000
43152  34.700  -0.853  14.450 0.0000000000
43271  31.792  12.313  6.013 0.0000000000
43272  31.702  12.976  5.780 0.0000000000
45547  32.620  6.938  10.768 0.0000000000
45548  32.764  5.861  10.852 0.0000000000
45549  32.675  6.808  11.096 0.0000000000
45550  33.598  6.865  12.795 0.0000000000
45551  33.432  6.016  12.751 0.0000000000
45552  33.613  5.964  13.006 0.0000000000
45553  33.611  5.109  13.243 0.0000000000
45554  33.822  5.856  13.214 0.0000000000
45676  31.400  12.232  8.965 0.0000000000
45678  32.484  8.522  10.860 0.0000000000
45679  32.444  8.369  10.464 0.0000000000
45680  32.554  7.653  10.594 0.0000000000
45681  32.641  6.731  10.346 0.0000000000
50730  33.974  0.262  11.533 0.0000000000
50731  34.339  -0.527  11.249 0.0000000000
50732  34.289  -0.556  11.627 0.0000000000
50748  36.184  6.720  13.564 0.0000000000
50749  35.837  6.843  13.556 0.0000000000
50750  35.831  6.050  13.797 0.0000000000
50751  35.551  5.282  14.035 0.0000000000
50752  35.879  5.216  14.070 0.0000000000
50754  38.680  5.544  12.979 0.0000000000
50755  38.744  4.784  13.393 0.0000000000
50757  36.937  1.113  16.063 0.0000000000
50758  36.648  0.402  16.210 0.0000000000
50759  36.356  0.496  16.069 0.0000000000
55147  32.451  10.399  11.773 0.0000000000
55148  32.651  9.416  11.798 0.0000000000
55149  32.653  10.241  12.018 0.0000000000
55150  33.151  10.727  12.623 0.0000000000
55151  33.097  9.948  12.465 0.0000000000
55152  33.335  9.821  12.639 0.0000000000
55153  33.462  8.813  12.649 0.0000000000
55154  33.578  9.661  12.776 0.0000000000
55281  32.297  10.364  11.392 0.0000000000
60330  34.055  0.120  13.001 0.0000000000
60331  34.268  -0.711  12.725 0.0000000000
60332  34.321  -0.776  13.075 0.0000000000
60346  36.730  11.553  12.607 0.0000000000
60347  37.102  11.353  12.453 0.0000000000
60348  37.534  9.490  12.530 0.0000000000
60349  37.163  9.645  12.675 0.0000000000
60350  37.178  8.807  12.834 0.0000000000
60351  36.847  8.129  13.094 0.0000000000
60352  37.205  7.976  12.992 0.0000000000
60353  39.538  2.523  14.924 0.0000000000
60354  39.132  2.647  14.983 0.0000000000
60355  39.224  1.963  15.513 0.0000000000
60694  31.619  14.270  5.353 0.0000000000
60696  31.610  14.976  5.164 0.0000000000
60698  31.832  14.694  4.632 0.0000000000
60699  32.062  14.460  4.128 0.0000000000
60700  32.040  13.778  4.320 0.0000000000
67522  33.428  3.054  9.706 0.0000000000
67524  33.347  2.950  10.037 0.0000000000
67525  33.071  3.805  11.060 0.0000000000
67526  33.271  2.959  10.824 0.0000000000
67527  33.236  2.888  11.183 0.0000000000
67528  33.436  2.007  11.323 0.0000000000
67529  33.218  2.827  11.577 0.0000000000
67530  32.892  7.398  11.875 0.0000000000
67531  32.846  6.560  11.681 0.0000000000
67532  32.984  6.354  11.939 0.0000000000
67533  33.178  4.465  12.627 0.0000000000
67534  33.083  4.496  12.301 0.0000000000
67535  33.164  3.643  12.491 0.0000000000
67536  33.265  2.787  12.292 0.0000000000
67537  33.328  2.716  12.624 0.0000000000
67538  33.567  1.808  12.792 0.0000000000
67539  33.449  2.661  12.956 0.0000000000
67540  33.772  3.383  13.691 0.0000000000
67541  33.759  2.592  13.591 0.0000000000
67542  33.926  2.541  13.895 0.0000000000
67543  34.111  1.603  14.087 0.0000000000
67544  34.124  2.445  14.176 0.0000000000
67561  40.080  3.575  13.653 0.0000000000
67903  31.328  13.098  7.534 0.0000000000
67904  31.444  12.831  7.052 0.0000000000
67905  31.587  12.137  7.210 0.0000000000
67906  31.893  11.224  6.946 0.0000000000
67907  31.706  11.524  7.466 0.0000000000
67908  31.902  10.434  8.393 0.0000000000
67909  32.036  10.202  7.896 0.0000000000
67910  32.218  9.578  8.123 0.0000000000
67912  32.406  8.891  8.314 0.0000000000
67913  31.702  11.337  10.293 0.0000000000
67914  31.686  11.129  9.820 0.0000000000
67915  31.891  10.461  10.006 0.0000000000
67916  32.497  7.932  9.596 0.0000000000
67917  32.361  8.659  9.414 0.0000000000
67918  32.572  7.714  9.121 0.0000000000
67922  32.994  5.949  8.994 0.0000000000
67923  33.054  4.804  9.825 0.0000000000
83073  35.409  -2.190  10.653 0.0000000000
83075  36.052  -3.048  10.355 0.0000000000
83078  35.068  -2.334  12.117 0.0000000000
83079  35.096  -2.275  11.739 0.0000000000
83118  34.659  10.945  13.067 0.0000000000
83119  34.281  11.078  13.021 0.0000000000
83120  34.416  10.165  13.080 0.0000000000
83121  34.172  9.393  13.064 0.0000000000
83122  34.492  9.239  13.129 0.0000000000
83123  36.103  10.240  12.962 0.0000000000
83124  35.757  10.443  13.005 0.0000000000
83125  35.796  9.539  13.158 0.0000000000
83126  35.177  7.132  13.485 0.0000000000
83127  35.176  8.046  13.324 0.0000000000
83128  34.872  7.251  13.404 0.0000000000
83129  34.576  7.364  13.306 0.0000000000
83130  34.596  6.466  13.498 0.0000000000
83131  34.346  5.714  13.597 0.0000000000
83132  34.622  5.630  13.753 0.0000000000
83133  35.063  3.866  14.497 0.0000000000
83134  34.740  3.966  14.313 0.0000000000
83135  34.836  3.103  14.622 0.0000000000
83136  34.651  2.359  14.686 0.0000000000
83137  34.954  2.316  14.864 0.0000000000
83141  37.970  5.942  13.193 0.0000000000
83142  37.980  6.757  12.910 0.0000000000
83143  37.634  6.120  13.298 0.0000000000
83144  37.284  6.263  13.396 0.0000000000
83145  37.281  5.415  13.735 0.0000000000
83146  38.275  2.871  15.065 0.0000000000
83147  38.184  3.610  14.519 0.0000000000
83148  37.894  3.010  15.037 0.0000000000
83149  36.841  2.625  15.352 0.0000000000
83150  37.130  3.264  14.954 0.0000000000
83151  36.732  3.377  14.923 0.0000000000
83152  36.650  4.124  14.517 0.0000000000
83153  36.364  3.471  14.842 0.0000000000
83154  36.028  3.578  14.773 0.0000000000
83155  36.103  2.789  15.151 0.0000000000
83156  35.745  0.521  15.692 0.0000000000
83157  35.624  1.362  15.468 0.0000000000
83158  35.451  0.602  15.479 0.0000000000
83159  35.217  0.654  15.252 0.0000000000
83160  35.352  -0.170  15.405 0.0000000000
92993  32.651  11.058  12.231 0.0000000000
92994  32.717  11.854  12.407 0.0000000000
92995  32.989  11.686  12.592 0.0000000000
92996  33.250  11.540  12.727 0.0000000000
96102  34.212  -0.036  13.689 0.0000000000
96103  34.379  -0.862  13.438 0.0000000000
96104  34.465  -0.850  13.782 0.0000000000
96112  37.471  11.155  12.303 0.0000000000
96113  37.805  10.907  12.131 0.0000000000
96114  37.845  10.084  12.228 0.0000000000
96115  37.889  9.263  12.369 0.0000000000
96321  31.462  13.896  6.110 0.0000000000
96322  31.630  13.661  5.565 0.0000000000
96323  31.847  13.362  5.037 0.0000000000
100417  32.929  5.029  10.271 0.0000000000
100418  33.105  3.936  10.339 0.0000000000
100419  32.879  4.933  10.617 0.0000000000
100420  32.920  4.799  10.953 0.0000000000
100421  32.927  4.687  11.294 0.0000000000
100422  33.199  7.129  12.356 0.0000000000
100423  33.122  6.212  12.206 0.0000000000
100424  33.234  6.141  12.512 0.0000000000
100425  33.258  5.244  12.708 0.0000000000
100426  33.300  4.395  12.918 0.0000000000
100427  33.375  3.480  13.111 0.0000000000
100428  33.471  4.297  13.197 0.0000000000
100429  33.663  4.202  13.475 0.0000000000
100430  33.896  4.167  13.715 0.0000000000
100647  31.316  12.657  8.264 0.0000000000
100648  31.544  11.795  7.976 0.0000000000
100649  31.462  12.001  8.479 0.0000000000
100650  31.628  11.310  8.675 0.0000000000
100651  31.791  10.653  8.897 0.0000000000
100652  32.142  9.938  10.595 0.0000000000
100653  32.128  9.723  10.183 0.0000000000
100654  32.309  9.062  10.337 0.0000000000
100655  32.461  8.165  10.054 0.0000000000
100656  32.606  7.225  9.773 0.0000000000
100657  32.836  6.252  9.477 0.0000000000
100658  32.709  6.518  9.934 0.0000000000
100659  32.832  5.818  10.079 0.0000000000
109749  34.834  -1.353  10.953 0.0000000000
109750  35.281  -2.183  11.045 0.0000000000
109776  34.929  11.701  13.023 0.0000000000
109777  35.049  10.811  13.070 0.0000000000
109778  36.152  8.451  13.198 0.0000000000
109779  35.821  8.631  13.277 0.0000000000
109780  35.829  7.715  13.387 0.0000000000
109781  35.504  7.007  13.527 0.0000000000
109782  35.191  6.270  13.699 0.0000000000
109783  34.924  5.518  13.871 0.0000000000
109784  35.229  5.391  13.944 0.0000000000
109785  35.302  4.561  14.269 0.0000000000
109786  35.373  3.765  14.579 0.0000000000
109788  38.663  7.148  12.467 0.0000000000
109789  38.667  6.339  12.672 0.0000000000
109790  38.329  5.753  13.054 0.0000000000
109791  37.998  5.115  13.583 0.0000000000
109792  37.674  1.712  15.882 0.0000000000
109793  37.584  2.401  15.458 0.0000000000
109794  37.277  1.776  15.801 0.0000000000
109795  36.923  1.851  15.740 0.0000000000
109796  36.546  1.946  15.621 0.0000000000
109797  36.188  2.020  15.512 0.0000000000
109798  36.254  1.271  15.807 0.0000000000
109799  36.042  0.507  15.879 0.0000000000
117142  32.544  8.704  11.288 0.0000000000
117143  32.656  7.675  11.329 0.0000000000
117144  32.646  8.545  11.573 0.0000000000
117145  32.775  8.386  11.853 0.0000000000
117146  32.957  8.261  12.078 0.0000000000
117147  32.862  10.090  12.257 0.0000000000
117148  33.060  9.147  12.291 0.0000000000
117149  33.124  8.139  12.267 0.0000000000
117150  33.328  7.979  12.486 0.0000000000
117151  33.538  7.841  12.666 0.0000000000
117152  33.756  7.655  12.828 0.0000000000
117325  31.754  11.514  10.737 0.0000000000
117328  31.995  10.819  10.856 0.0000000000
117329  32.197  10.136  10.992 0.0000000000
117330  32.379  9.453  11.132 0.0000000000
124398  33.930  0.215  12.287 0.0000000000
124399  34.220  -0.580  11.996 0.0000000000
124400  34.244  -0.635  12.347 0.0000000000
124401  34.624  -1.507  12.414 0.0000000000
124421  36.384  11.818  12.709 0.0000000000
124422  36.418  10.913  12.802 0.0000000000
124423  36.441  10.050  12.861 0.0000000000
124424  37.140  10.497  12.540 0.0000000000
124425  36.823  9.850  12.764 0.0000000000
124426  36.466  9.179  12.984 0.0000000000
124427  36.500  8.298  13.147 0.0000000000
124428  36.524  7.429  13.321 0.0000000000
124429  36.549  6.556  13.552 0.0000000000
124430  39.269  3.879  13.830 0.0000000000
124431  38.861  4.041  13.900 0.0000000000
124432  38.977  3.313  14.466 0.0000000000
124433  38.709  2.749  15.046 0.0000000000
124434  38.416  2.194  15.534 0.0000000000
133917  33.319  2.934  10.433 0.0000000000
133918  33.572  2.037  10.568 0.0000000000
133919  33.833  1.145  10.686 0.0000000000
133920  33.704  1.162  11.052 0.0000000000
133921  33.663  1.120  11.428 0.0000000000
133922  33.673  1.073  11.802 0.0000000000
133923  32.757  6.683  11.394 0.0000000000
133924  32.855  5.636  11.490 0.0000000000
133925  32.957  4.626  11.618 0.0000000000
133926  33.039  5.376  12.092 0.0000000000
133927  33.008  4.546  11.959 0.0000000000
133928  33.072  3.695  11.770 0.0000000000
133929  33.221  2.846  11.934 0.0000000000
133930  33.440  1.916  12.068 0.0000000000
133931  33.701  1.002  12.189 0.0000000000
133932  33.718  0.986  12.562 0.0000000000
133933  33.825  0.953  12.928 0.0000000000
133934  33.923  0.922  13.274 0.0000000000
133935  33.580  2.629  13.269 0.0000000000
133936  33.800  1.795  13.490 0.0000000000
133937  33.994  0.838  13.595 0.0000000000
133938  34.142  0.750  13.912 0.0000000000
133939  34.317  0.747  14.231 0.0000000000
133940  34.521  0.765  14.519 0.0000000000
133960  39.521  4.429  13.200 0.0000000000
133961  39.707  3.738  13.732 0.0000000000
133962  39.843  3.057  14.301 0.0000000000
133963  39.935  2.397  14.858 0.0000000000
134395  31.365  13.511  6.857 0.0000000000
134396  31.622  12.515  6.542 0.0000000000
134400  32.234  10.334  6.698 0.0000000000
134401  32.412  9.703  6.939 0.0000000000
134402  31.857  10.878  7.689 0.0000000000
134403  32.203  9.976  7.417 0.0000000000
134408  31.503  11.784  9.625 0.0000000000
134409  31.704  10.899  9.335 0.0000000000
134410  31.993  10.021  9.052 0.0000000000
134411  32.122  9.552  9.706 0.0000000000
134412  32.178  9.369  9.229 0.0000000000
134413  32.304  9.124  8.758 0.0000000000
152940  34.656  -1.384  11.695 0.0000000000
152941  35.143  -2.197  11.428 0.0000000000
152942  35.769  -3.113  11.080 0.0000000000
152944  36.150  -4.133  11.058 0.0000000000
152945  36.327  -4.082  10.705 0.0000000000
152987  33.580  11.401  12.854 0.0000000000
152989  33.922  11.220  12.962 0.0000000000
152990  33.728  10.450  12.878 0.0000000000
152991  33.878  9.550  12.921 0.0000000000
152992  33.956  8.526  12.928 0.0000000000
152993  34.004  7.562  13.019 0.0000000000
152994  35.707  11.314  12.951 0.0000000000
152995  35.402  10.609  13.057 0.0000000000
152996  35.100  9.839  13.153 0.0000000000
152997  35.498  8.813  13.253 0.0000000000
152998  35.154  8.960  13.221 0.0000000000
152999  34.803  9.102  13.191 0.0000000000
153000  34.543  8.309  13.189 0.0000000000
153001  34.290  7.464  13.192 0.0000000000
153002  34.042  6.639  13.187 0.0000000000
153003  34.067  5.778  13.414 0.0000000000
153004  34.076  4.954  13.682 0.0000000000
153005  34.153  4.138  13.949 0.0000000000
153006  34.672  4.804  14.000 0.0000000000
153007  34.426  4.062  14.136 0.0000000000
153008  34.226  3.249  14.207 0.0000000000
153009  34.358  2.407  14.442 0.0000000000
153010  34.545  1.599  14.636 0.0000000000
153011  34.742  0.764  14.792 0.0000000000
153013  38.246  9.025  12.233 0.0000000000
153014  37.919  8.429  12.556 0.0000000000
153015  38.312  7.374  12.584 0.0000000000
153016  37.966  7.570  12.719 0.0000000000
153017  37.594  7.795  12.858 0.0000000000
153018  37.248  7.087  13.178 0.0000000000
153019  36.908  6.404  13.504 0.0000000000
153020  36.572  5.708  13.828 0.0000000000
153021  38.463  4.220  13.973 0.0000000000
153022  38.076  4.336  14.032 0.0000000000
153023  37.679  4.455  14.117 0.0000000000
153024  37.517  3.136  14.977 0.0000000000
153025  37.405  3.859  14.543 0.0000000000
153026  37.316  4.609  14.129 0.0000000000
153027  36.954  4.730  14.142 0.0000000000
153028  36.605  4.899  14.152 0.0000000000
153029  36.246  5.058  14.116 0.0000000000
153030  35.958  4.389  14.406 0.0000000000
153031  35.694  3.682  14.666 0.0000000000
153032  35.442  2.939  14.908 0.0000000000
153033  35.838  2.078  15.376 0.0000000000
153034  35.522  2.140  15.213 0.0000000000
153035  35.229  2.244  15.043 0.0000000000
153036  35.085  1.514  15.067 0.0000000000
153037  34.981  0.700  15.043 0.0000000000
153038  34.914  -0.093  14.917 0.0000000000
