#!ascii label  , from subject fsaverage vox2ras=TkReg
982
69  43.239  -53.648  42.481 0.0000000000
421  44.838  -48.791  38.473 0.0000000000
940  40.097  -50.067  38.835 0.0000000000
941  41.250  -47.630  36.557 0.0000000000
942  44.189  -51.578  41.267 0.0000000000
1290  46.031  -39.213  39.313 0.0000000000
1291  48.363  -37.583  43.368 0.0000000000
1493  39.444  -52.186  39.459 0.0000000000
1494  42.102  -55.693  41.153 0.0000000000
1495  37.669  -54.101  38.301 0.0000000000
1501  35.962  -48.239  36.906 0.0000000000
1940  44.172  -41.051  36.270 0.0000000000
1941  38.369  -43.012  34.563 0.0000000000
1942  42.367  -44.396  35.196 0.0000000000
2860  41.443  -51.911  40.774 0.0000000000
2861  42.165  -50.961  40.072 0.0000000000
2862  43.487  -52.790  42.156 0.0000000000
3449  37.431  -51.502  38.009 0.0000000000
3450  38.978  -53.083  38.736 0.0000000000
3451  36.490  -52.395  37.651 0.0000000000
3462  35.465  -49.623  37.350 0.0000000000
3463  37.576  -50.199  38.170 0.0000000000
4258  43.351  -39.633  37.203 0.0000000000
4259  42.397  -40.677  35.879 0.0000000000
4263  43.087  -48.276  37.454 0.0000000000
4264  41.820  -46.058  35.373 0.0000000000
4265  43.644  -46.824  36.060 0.0000000000
4266  44.119  -45.182  35.761 0.0000000000
4267  45.335  -47.313  36.818 0.0000000000
5313  50.443  -37.743  43.992 0.0000000000
5314  49.321  -36.683  45.646 0.0000000000
5315  51.650  -36.803  46.173 0.0000000000
6300  38.642  -48.024  36.849 0.0000000000
6301  39.317  -46.803  35.741 0.0000000000
6302  40.579  -49.001  37.975 0.0000000000
6303  42.595  -49.732  39.249 0.0000000000
6304  44.455  -50.194  40.325 0.0000000000
6930  45.454  -38.106  40.387 0.0000000000
6931  46.437  -37.207  42.502 0.0000000000
6932  47.359  -38.431  41.076 0.0000000000
6933  49.235  -38.711  41.812 0.0000000000
7325  41.262  -52.867  41.047 0.0000000000
7326  42.970  -54.366  41.702 0.0000000000
7327  41.067  -53.661  40.250 0.0000000000
7330  35.027  -53.133  37.636 0.0000000000
7331  36.090  -55.014  38.660 0.0000000000
7344  38.090  -49.073  37.731 0.0000000000
7345  39.559  -50.994  39.425 0.0000000000
8418  44.366  -38.871  38.876 0.0000000000
8419  45.115  -39.906  37.627 0.0000000000
8423  39.347  -41.613  34.924 0.0000000000
8424  39.814  -45.272  34.811 0.0000000000
8425  40.432  -43.663  34.715 0.0000000000
8426  41.342  -42.115  35.020 0.0000000000
8427  43.098  -42.730  35.567 0.0000000000
8428  44.687  -43.490  36.065 0.0000000000
10529  44.234  -54.018  43.207 0.0000000000
10531  44.162  -54.342  42.822 0.0000000000
10540  42.249  -52.846  41.706 0.0000000000
10541  42.496  -52.377  41.478 0.0000000000
10542  43.318  -53.262  42.415 0.0000000000
10543  44.366  -53.552  43.055 0.0000000000
11129  36.259  -51.150  37.501 0.0000000000
11130  36.978  -51.910  37.721 0.0000000000
11131  35.751  -51.586  37.368 0.0000000000
11141  34.273  -49.305  37.254 0.0000000000
11142  35.259  -50.306  37.297 0.0000000000
11143  36.437  -50.611  37.676 0.0000000000
11938  41.929  -39.998  36.410 0.0000000000
11939  41.467  -40.531  35.788 0.0000000000
11943  43.994  -48.539  37.987 0.0000000000
11944  43.416  -47.650  36.584 0.0000000000
11945  44.273  -47.899  37.014 0.0000000000
11946  44.500  -47.111  36.453 0.0000000000
11947  45.101  -48.137  37.506 0.0000000000
12993  51.415  -38.007  44.307 0.0000000000
12994  50.957  -37.338  45.118 0.0000000000
12995  52.091  -37.519  45.387 0.0000000000
12996  52.789  -37.012  46.207 0.0000000000
14340  39.362  -49.080  37.856 0.0000000000
14341  39.674  -48.610  37.414 0.0000000000
14342  40.371  -49.585  38.469 0.0000000000
14343  43.132  -51.301  40.660 0.0000000000
14344  42.474  -50.455  39.678 0.0000000000
14345  43.419  -50.661  40.320 0.0000000000
14346  43.567  -50.016  39.793 0.0000000000
14347  44.369  -50.904  40.897 0.0000000000
14348  45.307  -51.097  41.301 0.0000000000
14349  45.155  -51.801  41.733 0.0000000000
15390  45.760  -38.695  39.836 0.0000000000
15391  46.347  -38.306  40.722 0.0000000000
15392  46.761  -38.860  40.113 0.0000000000
15394  48.556  -39.172  40.959 0.0000000000
16109  40.334  -52.523  40.257 0.0000000000
16110  41.180  -53.227  40.677 0.0000000000
16111  40.264  -52.929  39.882 0.0000000000
16112  38.402  -53.544  38.467 0.0000000000
16113  39.560  -53.925  39.131 0.0000000000
16114  38.901  -54.439  38.926 0.0000000000
16116  38.155  -54.924  38.888 0.0000000000
16118  34.337  -52.281  37.435 0.0000000000
16121  34.837  -54.592  38.450 0.0000000000
16143  34.841  -47.967  36.799 0.0000000000
16147  36.252  -47.725  36.512 0.0000000000
16148  37.345  -48.077  36.857 0.0000000000
16149  37.063  -48.617  37.248 0.0000000000
16150  38.466  -51.260  38.800 0.0000000000
16151  38.638  -50.553  38.797 0.0000000000
16152  39.405  -51.635  39.525 0.0000000000
16153  40.249  -52.017  40.243 0.0000000000
18472  42.641  -55.037  41.289 0.0000000000
18473  43.736  -55.531  42.155 0.0000000000
18474  43.055  -56.148  42.040 0.0000000000
18535  43.819  -40.240  36.633 0.0000000000
18536  44.263  -39.731  37.382 0.0000000000
18537  44.700  -40.393  36.894 0.0000000000
18538  45.479  -40.673  37.203 0.0000000000
18539  44.941  -41.360  36.560 0.0000000000
18545  37.825  -41.999  34.885 0.0000000000
18546  38.312  -41.346  35.057 0.0000000000
18547  38.829  -42.311  34.714 0.0000000000
18548  40.362  -47.259  36.179 0.0000000000
18549  39.532  -46.008  35.136 0.0000000000
18550  40.607  -46.421  35.423 0.0000000000
18551  42.090  -45.232  35.207 0.0000000000
18552  41.123  -44.851  34.955 0.0000000000
18553  41.419  -44.009  34.968 0.0000000000
18554  40.779  -42.857  34.787 0.0000000000
18555  41.807  -43.159  35.073 0.0000000000
18556  42.267  -42.364  35.247 0.0000000000
18557  42.722  -43.578  35.345 0.0000000000
18558  44.931  -45.423  35.972 0.0000000000
18559  44.362  -44.313  35.791 0.0000000000
21698  47.357  -37.431  43.027 0.0000000000
21699  46.939  -36.660  43.613 0.0000000000
21700  47.824  -36.926  44.181 0.0000000000
21701  50.064  -36.041  46.263 0.0000000000
21702  49.042  -35.716  45.744 0.0000000000
23580  40.829  -50.975  39.799 0.0000000000
23581  41.132  -50.535  39.465 0.0000000000
23582  41.819  -51.497  40.403 0.0000000000
23583  42.788  -51.892  41.118 0.0000000000
23584  43.865  -52.240  41.743 0.0000000000
23585  44.885  -52.491  42.296 0.0000000000
23586  44.573  -53.076  42.802 0.0000000000
23587  45.517  -53.792  43.715 0.0000000000
24210  46.367  -39.782  38.865 0.0000000000
24211  47.007  -39.391  39.675 0.0000000000
24641  38.481  -51.778  38.664 0.0000000000
24642  39.301  -52.624  39.083 0.0000000000
24643  38.222  -52.298  38.360 0.0000000000
24644  37.796  -52.736  38.058 0.0000000000
24645  37.221  -53.224  37.912 0.0000000000
24663  34.604  -48.592  37.099 0.0000000000
24664  35.720  -48.855  37.223 0.0000000000
24665  36.785  -49.180  37.583 0.0000000000
24666  36.533  -49.883  37.664 0.0000000000
24667  37.476  -50.882  38.145 0.0000000000
26097  42.467  -39.505  37.094 0.0000000000
26098  42.878  -40.118  36.479 0.0000000000
26099  43.297  -40.826  36.026 0.0000000000
26105  42.196  -48.011  36.958 0.0000000000
26106  41.548  -46.888  35.816 0.0000000000
26107  42.443  -47.256  36.146 0.0000000000
26108  42.761  -46.464  35.689 0.0000000000
26109  43.047  -45.618  35.481 0.0000000000
26110  43.317  -44.809  35.494 0.0000000000
26111  43.854  -45.954  35.812 0.0000000000
26112  44.695  -46.229  36.120 0.0000000000
26113  45.510  -46.411  36.389 0.0000000000
27995  49.370  -37.644  43.617 0.0000000000
27996  48.788  -37.223  44.563 0.0000000000
27997  49.802  -37.299  44.798 0.0000000000
27998  50.419  -36.792  45.985 0.0000000000
27999  51.191  -36.244  46.718 0.0000000000
28001  52.373  -36.289  46.857 0.0000000000
28002  53.485  -36.401  46.666 0.0000000000
30060  37.949  -46.935  35.864 0.0000000000
30061  38.225  -46.348  35.389 0.0000000000
30062  39.008  -47.467  36.300 0.0000000000
30063  40.003  -47.979  36.912 0.0000000000
30064  40.927  -48.393  37.392 0.0000000000
30065  41.413  -50.035  39.050 0.0000000000
30066  41.598  -49.391  38.599 0.0000000000
30067  41.875  -48.693  37.998 0.0000000000
30068  42.801  -48.939  38.451 0.0000000000
30069  43.755  -49.204  38.964 0.0000000000
30070  44.609  -49.410  39.471 0.0000000000
30071  45.480  -49.638  39.922 0.0000000000
30072  45.368  -50.392  40.805 0.0000000000
31532  46.011  -37.642  41.379 0.0000000000
31533  46.882  -37.855  41.796 0.0000000000
31534  47.953  -37.985  42.170 0.0000000000
31535  47.650  -39.008  40.505 0.0000000000
31536  48.306  -38.536  41.428 0.0000000000
31537  48.931  -38.051  42.452 0.0000000000
31538  49.854  -38.121  42.791 0.0000000000
32501  42.217  -53.246  41.740 0.0000000000
32502  43.074  -53.907  42.080 0.0000000000
32503  42.109  -53.547  41.414 0.0000000000
32504  42.006  -53.962  40.965 0.0000000000
32505  41.667  -54.607  40.587 0.0000000000
32506  40.039  -53.392  39.447 0.0000000000
32507  40.653  -54.229  39.863 0.0000000000
32508  41.062  -55.188  40.374 0.0000000000
32512  35.063  -52.025  37.386 0.0000000000
32513  35.813  -52.777  37.575 0.0000000000
32514  36.428  -53.670  37.853 0.0000000000
32515  34.301  -53.633  37.991 0.0000000000
32516  35.624  -54.083  38.102 0.0000000000
32517  36.887  -54.545  38.404 0.0000000000
32550  37.633  -47.502  36.390 0.0000000000
32551  38.351  -48.569  37.328 0.0000000000
32552  39.128  -49.528  38.222 0.0000000000
32553  37.812  -49.581  38.044 0.0000000000
32554  38.846  -50.036  38.575 0.0000000000
32555  39.856  -50.493  39.142 0.0000000000
32556  40.511  -51.461  40.066 0.0000000000
32557  41.213  -52.414  41.016 0.0000000000
35458  43.990  -54.791  42.402 0.0000000000
35459  44.576  -55.861  43.057 0.0000000000
35533  44.919  -38.501  39.643 0.0000000000
35534  45.165  -39.034  39.116 0.0000000000
35535  43.807  -39.216  38.051 0.0000000000
35536  44.637  -39.334  38.278 0.0000000000
35537  45.466  -39.546  38.546 0.0000000000
35538  45.893  -40.176  37.971 0.0000000000
35549  39.899  -40.985  35.348 0.0000000000
35550  38.518  -45.634  34.968 0.0000000000
35551  38.794  -44.893  34.638 0.0000000000
35552  39.061  -44.169  34.513 0.0000000000
35553  40.830  -45.656  35.081 0.0000000000
35554  40.122  -44.519  34.670 0.0000000000
35555  39.434  -43.352  34.539 0.0000000000
35556  39.848  -42.564  34.665 0.0000000000
35557  40.382  -41.870  34.937 0.0000000000
35558  40.930  -41.200  35.304 0.0000000000
35559  41.914  -41.389  35.388 0.0000000000
35560  42.766  -41.591  35.583 0.0000000000
35561  43.608  -41.824  35.826 0.0000000000
35562  43.540  -43.939  35.574 0.0000000000
35563  43.905  -43.052  35.831 0.0000000000
35564  44.402  -42.221  36.104 0.0000000000
35565  45.124  -42.613  36.392 0.0000000000
39354  48.354  -36.427  45.238 0.0000000000
41249  43.748  -53.837  42.834 0.0000000000
41250  44.160  -54.169  43.067 0.0000000000
41251  43.675  -53.981  42.679 0.0000000000
41260  42.733  -53.291  42.123 0.0000000000
41261  42.777  -53.107  42.088 0.0000000000
41262  43.265  -53.481  42.486 0.0000000000
41263  43.770  -53.642  42.827 0.0000000000
41849  35.692  -50.976  37.329 0.0000000000
41850  36.028  -51.360  37.408 0.0000000000
41851  35.402  -51.198  37.288 0.0000000000
41861  34.638  -50.111  37.223 0.0000000000
41862  35.161  -50.560  37.235 0.0000000000
41863  35.713  -50.717  37.355 0.0000000000
42663  44.421  -48.675  38.213 0.0000000000
42664  44.129  -48.236  37.446 0.0000000000
42665  44.557  -48.377  37.678 0.0000000000
42666  44.716  -48.027  37.209 0.0000000000
42667  44.977  -48.483  37.946 0.0000000000
42668  45.375  -48.588  38.147 0.0000000000
42669  45.253  -48.889  38.672 0.0000000000
43714  51.740  -37.774  44.889 0.0000000000
43716  52.600  -37.678  45.412 0.0000000000
45060  39.740  -49.590  38.338 0.0000000000
45061  39.861  -49.327  38.164 0.0000000000
45062  40.241  -49.851  38.669 0.0000000000
45063  43.667  -51.449  40.963 0.0000000000
45064  43.273  -50.970  40.460 0.0000000000
45065  43.764  -51.112  40.796 0.0000000000
45066  43.838  -50.785  40.661 0.0000000000
45067  44.297  -51.230  41.079 0.0000000000
45068  44.793  -51.337  41.295 0.0000000000
45069  44.683  -51.695  41.532 0.0000000000
46110  45.905  -38.976  39.550 0.0000000000
46111  46.265  -38.800  39.962 0.0000000000
46112  46.421  -39.060  39.725 0.0000000000
46829  39.898  -52.357  39.854 0.0000000000
46830  40.293  -52.714  40.064 0.0000000000
46831  39.851  -52.572  39.669 0.0000000000
46832  38.079  -53.851  38.360 0.0000000000
46833  38.654  -54.007  38.691 0.0000000000
46834  38.293  -54.259  38.605 0.0000000000
46836  37.915  -54.502  38.583 0.0000000000
46863  35.408  -48.102  36.832 0.0000000000
46867  36.088  -47.976  36.719 0.0000000000
46868  36.673  -48.175  36.874 0.0000000000
46869  36.519  -48.417  37.071 0.0000000000
46870  38.936  -51.737  39.108 0.0000000000
46871  38.960  -51.480  39.185 0.0000000000
46872  39.407  -51.938  39.492 0.0000000000
46873  39.833  -52.104  39.897 0.0000000000
49192  42.420  -55.407  41.205 0.0000000000
49193  42.897  -55.621  41.613 0.0000000000
49194  42.606  -55.936  41.582 0.0000000000
49255  43.996  -40.603  36.419 0.0000000000
49256  44.270  -40.312  36.742 0.0000000000
49257  44.443  -40.707  36.522 0.0000000000
49258  44.837  -40.843  36.693 0.0000000000
49259  44.556  -41.213  36.409 0.0000000000
49266  38.349  -42.182  34.762 0.0000000000
49267  38.593  -42.679  34.637 0.0000000000
49268  40.817  -47.454  36.382 0.0000000000
49269  40.473  -46.832  35.760 0.0000000000
49270  40.942  -47.045  35.961 0.0000000000
49271  42.258  -44.857  35.190 0.0000000000
49272  41.770  -44.639  35.068 0.0000000000
49273  41.899  -44.201  35.076 0.0000000000
49274  41.606  -43.583  34.987 0.0000000000
49275  42.059  -43.759  35.124 0.0000000000
49276  42.287  -43.341  35.213 0.0000000000
49277  42.553  -44.003  35.263 0.0000000000
49278  45.334  -45.532  36.075 0.0000000000
49279  45.053  -45.030  35.977 0.0000000000
52418  47.870  -37.534  43.202 0.0000000000
52419  47.568  -37.224  43.622 0.0000000000
52420  48.077  -37.288  43.803 0.0000000000
52421  50.477  -35.723  46.414 0.0000000000
52422  49.944  -35.569  46.103 0.0000000000
54660  41.134  -51.462  40.281 0.0000000000
54661  41.316  -51.241  40.098 0.0000000000
54662  41.609  -51.680  40.648 0.0000000000
54663  42.989  -52.611  41.797 0.0000000000
54664  42.631  -52.137  41.288 0.0000000000
54665  43.138  -52.357  41.635 0.0000000000
54666  43.312  -52.088  41.443 0.0000000000
54667  43.675  -52.533  41.971 0.0000000000
54668  44.205  -52.648  42.283 0.0000000000
54669  44.015  -52.901  42.485 0.0000000000
54670  44.825  -53.924  43.442 0.0000000000
54671  44.930  -53.682  43.374 0.0000000000
54672  45.395  -54.040  43.757 0.0000000000
55710  46.521  -40.101  38.588 0.0000000000
55711  46.835  -39.940  39.030 0.0000000000
56429  37.976  -51.649  38.326 0.0000000000
56430  38.385  -52.051  38.511 0.0000000000
56431  37.820  -51.897  38.168 0.0000000000
56432  36.742  -52.159  37.674 0.0000000000
56433  37.368  -52.323  37.895 0.0000000000
56434  37.158  -52.574  37.839 0.0000000000
56435  37.581  -52.993  37.996 0.0000000000
56436  36.884  -52.803  37.788 0.0000000000
56463  34.881  -49.466  37.289 0.0000000000
56464  34.432  -48.949  37.199 0.0000000000
56465  35.018  -49.076  37.211 0.0000000000
56466  35.160  -48.726  37.121 0.0000000000
56467  35.602  -49.239  37.314 0.0000000000
56468  36.139  -49.364  37.455 0.0000000000
56469  36.041  -49.791  37.495 0.0000000000
56470  36.920  -51.043  37.810 0.0000000000
56471  36.975  -50.730  37.883 0.0000000000
56472  37.458  -51.203  38.077 0.0000000000
56473  37.964  -51.363  38.375 0.0000000000
58855  42.179  -40.322  36.122 0.0000000000
58856  42.400  -40.065  36.446 0.0000000000
58857  42.632  -40.383  36.167 0.0000000000
58858  43.107  -40.423  36.199 0.0000000000
58859  42.827  -40.730  35.929 0.0000000000
58868  42.611  -48.125  37.200 0.0000000000
58869  42.327  -47.636  36.524 0.0000000000
58870  42.788  -47.790  36.747 0.0000000000
58871  43.531  -47.251  36.311 0.0000000000
58872  43.088  -47.079  36.099 0.0000000000
58873  43.213  -46.644  35.854 0.0000000000
58874  42.908  -46.037  35.552 0.0000000000
58875  43.357  -46.224  35.712 0.0000000000
58876  43.458  -45.788  35.640 0.0000000000
58877  43.753  -46.393  35.874 0.0000000000
58878  44.920  -47.203  36.639 0.0000000000
58879  44.543  -46.635  36.258 0.0000000000
58880  44.999  -46.750  36.409 0.0000000000
58881  45.101  -46.310  36.245 0.0000000000
58882  45.405  -46.844  36.570 0.0000000000
58883  45.816  -46.971  36.726 0.0000000000
58884  45.720  -47.404  37.016 0.0000000000
62018  49.890  -37.688  43.799 0.0000000000
62019  49.597  -37.521  44.238 0.0000000000
62020  50.136  -37.525  44.381 0.0000000000
62021  51.257  -37.048  45.713 0.0000000000
62022  50.654  -37.051  45.582 0.0000000000
62023  51.008  -36.781  46.113 0.0000000000
62024  50.802  -36.528  46.400 0.0000000000
62025  51.414  -36.553  46.503 0.0000000000
62026  51.791  -36.283  46.839 0.0000000000
62027  52.035  -36.581  46.550 0.0000000000
62028  53.306  -37.143  46.109 0.0000000000
62029  53.155  -36.721  46.480 0.0000000000
62030  53.630  -36.828  46.321 0.0000000000
66060  38.298  -47.484  36.348 0.0000000000
66061  38.473  -47.191  36.032 0.0000000000
66062  38.847  -47.745  36.593 0.0000000000
66063  40.146  -48.807  37.717 0.0000000000
66064  39.837  -48.276  37.213 0.0000000000
66065  40.273  -48.488  37.461 0.0000000000
66066  40.467  -48.220  37.159 0.0000000000
66067  40.729  -48.702  37.694 0.0000000000
66068  41.682  -50.789  39.780 0.0000000000
66069  41.293  -50.294  39.280 0.0000000000
66070  41.815  -50.497  39.563 0.0000000000
66071  42.524  -50.131  39.482 0.0000000000
66072  42.014  -49.953  39.124 0.0000000000
66073  42.102  -49.522  38.948 0.0000000000
66074  41.730  -49.026  38.336 0.0000000000
66075  42.202  -49.150  38.649 0.0000000000
66076  42.343  -48.809  38.223 0.0000000000
66077  42.693  -49.316  38.929 0.0000000000
66078  44.026  -50.099  40.078 0.0000000000
66079  43.616  -49.569  39.424 0.0000000000
66080  44.077  -49.683  39.666 0.0000000000
66081  44.184  -49.303  39.234 0.0000000000
66082  44.499  -49.775  39.934 0.0000000000
66083  44.982  -49.887  40.193 0.0000000000
66084  44.902  -50.285  40.583 0.0000000000
66085  45.726  -51.572  41.714 0.0000000000
66090  45.218  -52.943  42.903 0.0000000000
66091  45.383  -52.626  42.573 0.0000000000
69210  45.346  -37.779  40.666 0.0000000000
69211  45.611  -37.576  41.120 0.0000000000
69212  45.749  -37.889  40.873 0.0000000000
69213  46.892  -38.369  40.905 0.0000000000
69214  46.628  -38.077  41.222 0.0000000000
69215  47.157  -38.164  41.419 0.0000000000
69216  47.435  -37.923  41.999 0.0000000000
69217  47.674  -38.197  41.605 0.0000000000
69218  47.453  -39.536  39.854 0.0000000000
69219  47.377  -39.171  40.104 0.0000000000
69220  47.762  -39.323  40.295 0.0000000000
69221  48.888  -38.947  41.383 0.0000000000
69222  48.430  -38.839  41.184 0.0000000000
69223  48.776  -38.612  41.622 0.0000000000
69224  48.651  -38.288  41.925 0.0000000000
69225  49.139  -38.350  42.097 0.0000000000
69226  49.398  -38.076  42.600 0.0000000000
69227  49.569  -38.419  42.269 0.0000000000
71369  41.704  -53.043  41.430 0.0000000000
71370  42.141  -53.380  41.594 0.0000000000
71371  41.712  -53.199  41.250 0.0000000000
71372  41.163  -53.416  40.479 0.0000000000
71373  41.621  -53.569  40.852 0.0000000000
71374  41.542  -53.791  40.629 0.0000000000
71375  41.886  -54.266  40.771 0.0000000000
71376  41.394  -54.076  40.408 0.0000000000
71377  39.136  -52.839  38.887 0.0000000000
71378  39.663  -53.003  39.270 0.0000000000
71379  39.513  -53.244  39.065 0.0000000000
71380  39.789  -54.341  39.366 0.0000000000
71381  40.127  -54.077  39.499 0.0000000000
71382  40.346  -54.508  39.735 0.0000000000
71383  40.903  -54.711  40.086 0.0000000000
71395  34.677  -52.693  37.487 0.0000000000
71396  35.075  -52.520  37.457 0.0000000000
71397  35.442  -52.957  37.552 0.0000000000
71398  36.142  -53.212  37.694 0.0000000000
71399  35.757  -53.403  37.709 0.0000000000
71402  33.913  -53.878  38.217 0.0000000000
71403  35.465  -54.816  38.529 0.0000000000
71404  35.237  -54.347  38.251 0.0000000000
71405  35.875  -54.551  38.368 0.0000000000
71406  36.251  -54.294  38.245 0.0000000000
71407  36.496  -54.756  38.521 0.0000000000
71408  37.126  -54.978  38.711 0.0000000000
71485  37.722  -48.578  37.292 0.0000000000
71486  37.859  -48.307  37.088 0.0000000000
71487  38.230  -48.813  37.537 0.0000000000
71488  38.729  -49.066  37.797 0.0000000000
71489  38.596  -49.311  37.980 0.0000000000
71490  37.177  -49.662  37.896 0.0000000000
71491  37.310  -49.364  37.793 0.0000000000
71492  37.730  -49.859  38.185 0.0000000000
71493  39.071  -50.760  39.112 0.0000000000
71494  38.717  -50.288  38.689 0.0000000000
71495  39.184  -50.515  39.007 0.0000000000
71496  39.355  -50.262  38.869 0.0000000000
71497  39.702  -50.739  39.302 0.0000000000
71498  40.211  -50.969  39.621 0.0000000000
71499  40.070  -51.212  39.729 0.0000000000
71500  40.716  -52.464  40.691 0.0000000000
71501  40.738  -52.202  40.644 0.0000000000
71502  41.196  -52.645  41.066 0.0000000000
71503  41.686  -52.834  41.377 0.0000000000
78457  43.037  -54.102  41.899 0.0000000000
78458  43.543  -54.307  42.229 0.0000000000
78459  43.498  -54.570  42.070 0.0000000000
78460  43.901  -56.001  42.556 0.0000000000
78461  44.141  -55.672  42.625 0.0000000000
78462  44.330  -56.140  43.050 0.0000000000
78640  44.203  -38.608  39.200 0.0000000000
78641  44.483  -38.413  39.532 0.0000000000
78642  44.654  -38.687  39.261 0.0000000000
78643  45.067  -38.789  39.375 0.0000000000
78644  44.771  -38.937  38.994 0.0000000000
78645  43.112  -39.381  37.564 0.0000000000
78646  43.359  -39.183  37.972 0.0000000000
78647  43.559  -39.418  37.626 0.0000000000
78648  44.719  -39.790  37.514 0.0000000000
78649  44.471  -39.551  37.843 0.0000000000
78650  44.886  -39.597  37.959 0.0000000000
78651  45.028  -39.435  38.403 0.0000000000
78652  45.281  -39.724  38.089 0.0000000000
78653  45.693  -39.846  38.248 0.0000000000
78654  45.508  -40.046  37.796 0.0000000000
78655  45.626  -41.164  37.003 0.0000000000
78656  45.850  -40.861  37.350 0.0000000000
78678  38.823  -41.493  34.996 0.0000000000
78679  38.648  -41.085  35.243 0.0000000000
78680  39.130  -41.197  35.172 0.0000000000
78681  39.421  -40.871  35.372 0.0000000000
78682  39.610  -41.328  35.129 0.0000000000
78683  38.791  -46.583  35.560 0.0000000000
78684  38.399  -46.047  35.189 0.0000000000
78685  38.916  -46.233  35.305 0.0000000000
78686  39.658  -45.624  34.952 0.0000000000
78687  39.182  -45.449  34.839 0.0000000000
78688  39.327  -45.088  34.699 0.0000000000
78689  38.917  -44.539  34.567 0.0000000000
78690  39.475  -44.737  34.597 0.0000000000
78691  41.667  -46.502  35.526 0.0000000000
78692  41.211  -46.295  35.376 0.0000000000
78693  41.339  -45.869  35.233 0.0000000000
78694  40.807  -44.278  34.765 0.0000000000
78695  40.649  -44.692  34.800 0.0000000000
78696  40.274  -44.089  34.673 0.0000000000
78697  39.748  -43.935  34.570 0.0000000000
78698  39.923  -43.476  34.615 0.0000000000
78699  39.630  -42.944  34.596 0.0000000000
78700  40.133  -43.119  34.670 0.0000000000
78701  41.061  -42.482  34.891 0.0000000000
78702  40.576  -42.338  34.827 0.0000000000
78703  40.883  -42.009  34.974 0.0000000000
78704  40.664  -41.530  35.114 0.0000000000
78705  41.162  -41.618  35.159 0.0000000000
78706  41.406  -41.276  35.356 0.0000000000
78707  41.619  -41.744  35.182 0.0000000000
78708  42.703  -42.548  35.400 0.0000000000
78709  42.548  -41.987  35.352 0.0000000000
78710  42.947  -42.140  35.542 0.0000000000
78711  43.203  -41.717  35.707 0.0000000000
78712  43.356  -42.288  35.673 0.0000000000
78713  43.725  -45.026  35.632 0.0000000000
78714  43.429  -44.381  35.509 0.0000000000
78715  43.831  -44.580  35.616 0.0000000000
78717  44.122  -43.698  35.828 0.0000000000
78718  44.303  -43.260  35.950 0.0000000000
78719  44.146  -42.632  35.950 0.0000000000
78720  44.536  -42.865  36.084 0.0000000000
78721  44.745  -42.437  36.251 0.0000000000
78722  44.893  -43.045  36.214 0.0000000000
88141  49.022  -36.941  45.140 0.0000000000
88142  48.547  -36.841  44.957 0.0000000000
88143  48.823  -36.538  45.427 0.0000000000
92681  44.840  -54.193  43.512 0.0000000000
92700  41.818  -52.371  41.245 0.0000000000
92701  41.961  -52.135  41.151 0.0000000000
92702  42.358  -52.613  41.611 0.0000000000
92703  42.883  -52.853  41.929 0.0000000000
92704  43.396  -53.027  42.296 0.0000000000
92705  43.879  -53.156  42.644 0.0000000000
92706  43.824  -53.414  42.773 0.0000000000
92707  44.295  -53.790  43.151 0.0000000000
93761  36.836  -51.331  37.730 0.0000000000
93762  37.211  -51.700  37.840 0.0000000000
93763  36.624  -51.523  37.577 0.0000000000
93764  36.381  -51.749  37.496 0.0000000000
93765  36.107  -51.982  37.506 0.0000000000
93782  34.143  -49.644  37.246 0.0000000000
93783  34.760  -49.818  37.275 0.0000000000
93784  35.319  -49.982  37.319 0.0000000000
93785  35.916  -50.135  37.488 0.0000000000
93786  35.817  -50.446  37.444 0.0000000000
93787  36.302  -50.884  37.561 0.0000000000
95216  41.726  -39.663  36.708 0.0000000000
95217  41.461  -39.913  36.350 0.0000000000
95218  41.708  -40.257  36.090 0.0000000000
95219  41.937  -40.605  35.824 0.0000000000
95225  43.559  -48.431  37.730 0.0000000000
95226  43.283  -47.959  36.982 0.0000000000
95227  43.707  -48.096  37.232 0.0000000000
95228  43.843  -47.762  36.813 0.0000000000
95229  43.963  -47.395  36.491 0.0000000000
95230  44.073  -46.978  36.237 0.0000000000
95231  44.401  -47.527  36.696 0.0000000000
95232  44.831  -47.629  36.922 0.0000000000
95233  45.219  -47.749  37.151 0.0000000000
95234  45.605  -47.837  37.346 0.0000000000
95235  45.487  -48.242  37.712 0.0000000000
97115  50.931  -37.834  44.127 0.0000000000
97116  50.713  -37.554  44.538 0.0000000000
97117  51.230  -37.597  44.704 0.0000000000
97118  51.533  -37.387  45.297 0.0000000000
97119  51.876  -37.139  45.831 0.0000000000
97120  52.216  -36.901  46.268 0.0000000000
97121  52.428  -37.272  45.835 0.0000000000
97122  52.954  -37.447  45.808 0.0000000000
99540  38.993  -48.568  37.347 0.0000000000
99541  39.176  -48.303  37.116 0.0000000000
99542  39.513  -48.849  37.635 0.0000000000
99543  40.011  -49.083  37.956 0.0000000000
99544  40.498  -49.304  38.268 0.0000000000
99545  42.598  -51.117  40.367 0.0000000000
99546  42.309  -50.674  39.868 0.0000000000
99547  42.758  -50.830  40.164 0.0000000000
99548  42.923  -50.549  39.987 0.0000000000
99549  43.041  -50.242  39.811 0.0000000000
99550  43.098  -49.871  39.543 0.0000000000
99551  43.525  -50.358  40.101 0.0000000000
99552  43.981  -50.485  40.442 0.0000000000
99553  44.434  -50.572  40.667 0.0000000000
99554  44.841  -50.656  40.885 0.0000000000
99555  44.823  -50.999  41.098 0.0000000000
99556  45.262  -51.448  41.504 0.0000000000
99557  45.638  -51.910  41.965 0.0000000000
101430  45.583  -38.414  40.120 0.0000000000
101431  45.905  -38.211  40.557 0.0000000000
101432  46.077  -38.525  40.262 0.0000000000
101433  46.585  -38.593  40.405 0.0000000000
101434  47.067  -38.643  40.599 0.0000000000
101436  48.172  -39.445  40.547 0.0000000000
102725  40.782  -52.697  40.647 0.0000000000
102726  41.223  -53.040  40.860 0.0000000000
102727  40.748  -52.875  40.473 0.0000000000
102728  40.724  -53.072  40.293 0.0000000000
102729  40.678  -53.288  40.089 0.0000000000
102730  38.744  -53.311  38.602 0.0000000000
102731  39.323  -53.504  38.916 0.0000000000
102732  38.985  -53.745  38.808 0.0000000000
102733  39.225  -54.185  39.032 0.0000000000
102734  39.474  -54.615  39.267 0.0000000000
102743  34.332  -52.913  37.620 0.0000000000
102745  34.150  -54.358  38.450 0.0000000000
102793  36.405  -47.380  36.269 0.0000000000
102794  36.966  -47.585  36.418 0.0000000000
102795  36.817  -47.900  36.661 0.0000000000
102796  37.233  -48.372  37.055 0.0000000000
102797  37.565  -48.835  37.476 0.0000000000
102798  37.978  -50.724  38.495 0.0000000000
102799  38.121  -50.383  38.483 0.0000000000
102800  38.515  -50.918  38.835 0.0000000000
102801  38.996  -51.075  39.178 0.0000000000
102802  39.440  -51.279  39.523 0.0000000000
102803  39.916  -51.501  39.835 0.0000000000
102804  39.822  -51.812  39.894 0.0000000000
102805  40.265  -52.279  40.278 0.0000000000
106978  42.829  -54.664  41.471 0.0000000000
106979  43.367  -54.909  41.888 0.0000000000
106980  43.159  -55.268  41.721 0.0000000000
106981  43.435  -55.857  42.048 0.0000000000
106982  43.571  -56.312  42.529 0.0000000000
107090  43.896  -38.790  38.843 0.0000000000
107091  43.598  -39.917  36.881 0.0000000000
107092  43.815  -39.653  37.273 0.0000000000
107093  44.047  -39.962  36.975 0.0000000000
107094  44.484  -40.014  37.071 0.0000000000
107095  44.924  -40.127  37.260 0.0000000000
107096  45.319  -40.259  37.402 0.0000000000
107097  45.096  -40.513  37.062 0.0000000000
107098  45.218  -40.993  36.862 0.0000000000
107099  45.314  -41.517  36.717 0.0000000000
107111  38.080  -41.686  34.967 0.0000000000
107112  38.546  -41.814  34.864 0.0000000000
107113  39.049  -41.922  34.810 0.0000000000
107114  39.845  -47.043  35.945 0.0000000000
107115  39.433  -46.457  35.414 0.0000000000
107116  39.983  -46.640  35.593 0.0000000000
107117  40.079  -46.207  35.262 0.0000000000
107118  40.201  -45.820  35.056 0.0000000000
107119  41.945  -45.623  35.267 0.0000000000
107120  41.477  -45.431  35.146 0.0000000000
107121  41.580  -45.019  35.074 0.0000000000
107122  41.267  -44.435  34.937 0.0000000000
107123  40.898  -43.815  34.844 0.0000000000
107124  40.614  -43.280  34.773 0.0000000000
107125  41.115  -43.409  34.883 0.0000000000
107126  41.334  -43.013  34.930 0.0000000000
107127  41.550  -42.611  35.026 0.0000000000
107128  41.799  -42.229  35.124 0.0000000000
107129  42.020  -42.754  35.154 0.0000000000
107130  42.490  -42.943  35.263 0.0000000000
107131  42.899  -43.151  35.436 0.0000000000
107132  44.514  -45.323  35.898 0.0000000000
107133  44.240  -44.757  35.748 0.0000000000
107134  44.646  -44.910  35.885 0.0000000000
112784  46.883  -37.312  42.805 0.0000000000
112785  46.671  -36.930  43.086 0.0000000000
112786  47.137  -37.070  43.376 0.0000000000
112787  47.384  -36.830  43.956 0.0000000000
112789  49.693  -36.359  46.048 0.0000000000
112790  49.159  -36.212  45.786 0.0000000000
112791  49.551  -35.876  46.036 0.0000000000
116460  40.467  -50.512  39.298 0.0000000000
116461  40.607  -50.320  39.162 0.0000000000
116462  40.968  -50.767  39.614 0.0000000000
116463  41.493  -51.021  39.913 0.0000000000
116464  42.005  -51.238  40.253 0.0000000000
116465  42.135  -51.932  40.956 0.0000000000
116466  42.316  -51.705  40.755 0.0000000000
116467  42.477  -51.400  40.602 0.0000000000
116468  42.966  -51.606  40.894 0.0000000000
116469  43.518  -51.783  41.184 0.0000000000
116470  44.050  -51.918  41.506 0.0000000000
116471  44.544  -52.038  41.776 0.0000000000
116472  44.390  -52.365  42.010 0.0000000000
116473  44.725  -52.796  42.569 0.0000000000
116474  45.100  -53.233  43.099 0.0000000000
116475  44.436  -53.311  42.937 0.0000000000
116476  45.007  -53.462  43.245 0.0000000000
117930  46.183  -39.481  39.080 0.0000000000
117931  46.540  -39.304  39.498 0.0000000000
117932  46.697  -39.605  39.267 0.0000000000
117933  47.147  -39.746  39.439 0.0000000000
118937  38.990  -52.012  39.064 0.0000000000
118938  39.413  -52.446  39.285 0.0000000000
118939  38.898  -52.228  38.884 0.0000000000
118940  38.775  -52.454  38.708 0.0000000000
118941  38.598  -52.689  38.546 0.0000000000
118942  37.598  -52.088  37.997 0.0000000000
118943  38.010  -52.511  38.193 0.0000000000
118944  38.408  -52.911  38.384 0.0000000000
118945  38.154  -53.141  38.275 0.0000000000
118946  37.835  -53.404  38.174 0.0000000000
118947  37.449  -53.659  38.098 0.0000000000
118988  34.721  -48.279  36.934 0.0000000000
118989  35.289  -48.403  36.989 0.0000000000
118990  35.848  -48.539  37.084 0.0000000000
118991  36.382  -48.706  37.250 0.0000000000
118992  36.255  -49.014  37.369 0.0000000000
118993  36.634  -49.465  37.675 0.0000000000
118994  37.041  -50.003  37.916 0.0000000000
118995  36.468  -50.285  37.654 0.0000000000
118996  36.983  -50.394  37.903 0.0000000000
118997  37.495  -50.540  38.172 0.0000000000
118998  37.981  -51.060  38.435 0.0000000000
118999  38.456  -51.544  38.723 0.0000000000
122245  41.732  -55.913  41.095 0.0000000000
122333  42.924  -39.579  37.139 0.0000000000
122334  42.167  -39.746  36.733 0.0000000000
122335  42.670  -39.812  36.772 0.0000000000
122336  43.158  -39.868  36.798 0.0000000000
122337  43.362  -40.165  36.522 0.0000000000
122338  43.545  -40.499  36.290 0.0000000000
122339  43.723  -40.921  36.138 0.0000000000
122350  38.171  -43.346  34.475 0.0000000000
122351  41.714  -47.823  36.758 0.0000000000
122352  41.402  -47.254  36.160 0.0000000000
122353  41.872  -47.458  36.356 0.0000000000
122354  41.991  -47.075  35.974 0.0000000000
122355  42.130  -46.698  35.698 0.0000000000
122356  42.941  -47.449  36.382 0.0000000000
122357  42.611  -46.894  35.894 0.0000000000
122358  42.285  -46.285  35.514 0.0000000000
122359  42.441  -45.833  35.388 0.0000000000
122360  42.588  -45.439  35.333 0.0000000000
122361  42.723  -45.022  35.326 0.0000000000
122362  42.858  -44.610  35.348 0.0000000000
122363  43.175  -45.199  35.470 0.0000000000
122364  43.574  -45.390  35.619 0.0000000000
122365  43.994  -45.582  35.788 0.0000000000
122366  44.160  -46.536  36.082 0.0000000000
122367  44.271  -46.116  35.989 0.0000000000
122368  44.402  -45.724  35.931 0.0000000000
122369  44.819  -45.824  36.022 0.0000000000
122370  45.229  -45.913  36.132 0.0000000000
122371  45.630  -46.016  36.254 0.0000000000
126761  48.876  -37.645  43.489 0.0000000000
126762  48.579  -37.384  43.964 0.0000000000
126763  49.067  -37.494  44.075 0.0000000000
126764  49.275  -37.286  44.697 0.0000000000
126765  49.538  -37.048  45.316 0.0000000000
126766  50.374  -37.307  44.964 0.0000000000
126767  50.065  -37.049  45.449 0.0000000000
126768  49.849  -36.808  45.871 0.0000000000
126769  50.236  -36.513  46.292 0.0000000000
126770  50.634  -36.202  46.535 0.0000000000
126771  51.013  -35.872  46.769 0.0000000000
126773  51.597  -35.916  46.916 0.0000000000
126774  52.166  -35.911  46.989 0.0000000000
126775  52.734  -35.912  47.015 0.0000000000
126776  52.616  -36.631  46.582 0.0000000000
126777  52.962  -36.326  46.809 0.0000000000
126778  53.341  -35.966  46.934 0.0000000000
126779  53.868  -36.013  46.764 0.0000000000
132061  37.633  -46.127  35.317 0.0000000000
132062  38.083  -46.638  35.605 0.0000000000
132063  38.603  -46.900  35.761 0.0000000000
132064  39.158  -47.153  36.014 0.0000000000
132065  39.368  -48.025  36.882 0.0000000000
132066  39.538  -47.742  36.605 0.0000000000
132067  39.671  -47.411  36.269 0.0000000000
132068  40.175  -47.664  36.555 0.0000000000
132069  40.663  -47.852  36.788 0.0000000000
132070  41.128  -48.022  37.021 0.0000000000
132071  40.767  -50.100  38.979 0.0000000000
132072  40.866  -49.799  38.771 0.0000000000
132073  40.954  -49.502  38.552 0.0000000000
132074  41.933  -50.252  39.345 0.0000000000
132075  41.485  -49.765  38.812 0.0000000000
132076  41.072  -49.213  38.299 0.0000000000
132077  41.233  -48.891  38.027 0.0000000000
132078  41.410  -48.549  37.700 0.0000000000
132079  41.570  -48.190  37.247 0.0000000000
132080  42.040  -48.365  37.458 0.0000000000
132081  42.488  -48.473  37.714 0.0000000000
132082  42.926  -48.600  37.949 0.0000000000
132083  43.155  -49.454  39.150 0.0000000000
132084  43.256  -49.067  38.683 0.0000000000
132085  43.411  -48.754  38.214 0.0000000000
132086  43.878  -48.862  38.487 0.0000000000
132087  44.312  -48.964  38.745 0.0000000000
132088  44.759  -49.096  38.980 0.0000000000
132089  45.156  -49.198  39.202 0.0000000000
132090  45.071  -49.525  39.706 0.0000000000
132091  45.421  -50.018  40.402 0.0000000000
132093  45.291  -50.745  41.092 0.0000000000
132099  45.044  -52.166  42.045 0.0000000000
132100  45.521  -52.273  42.260 0.0000000000
136053  45.785  -37.341  41.649 0.0000000000
136054  46.232  -37.424  41.916 0.0000000000
136055  46.172  -37.981  41.073 0.0000000000
136056  46.458  -37.719  41.574 0.0000000000
136057  46.635  -37.559  42.172 0.0000000000
136058  47.121  -37.636  42.414 0.0000000000
136059  47.684  -37.720  42.600 0.0000000000
136060  48.168  -37.792  42.758 0.0000000000
136061  46.906  -39.115  39.896 0.0000000000
136062  47.224  -38.914  40.314 0.0000000000
136063  47.499  -38.704  40.773 0.0000000000
136064  48.086  -39.093  40.746 0.0000000000
136065  47.949  -38.778  40.964 0.0000000000
136066  47.834  -38.458  41.232 0.0000000000
136067  48.196  -38.222  41.757 0.0000000000
136068  48.422  -38.052  42.295 0.0000000000
136069  48.648  -37.811  42.915 0.0000000000
136070  49.159  -37.830  43.014 0.0000000000
136071  49.634  -37.843  43.190 0.0000000000
136072  50.140  -37.905  43.392 0.0000000000
136074  50.309  -38.324  42.993 0.0000000000
136075  50.630  -38.087  43.569 0.0000000000
136076  51.102  -38.270  43.740 0.0000000000
138749  42.741  -53.462  42.107 0.0000000000
138750  43.138  -53.773  42.281 0.0000000000
138751  42.614  -53.570  41.923 0.0000000000
138752  42.574  -53.714  41.760 0.0000000000
138753  42.538  -53.914  41.564 0.0000000000
138754  41.641  -53.388  41.054 0.0000000000
138755  42.060  -53.742  41.203 0.0000000000
138756  42.459  -54.154  41.322 0.0000000000
138757  42.347  -54.455  41.116 0.0000000000
138758  42.166  -54.813  40.956 0.0000000000
138759  41.887  -55.170  40.825 0.0000000000
138760  39.785  -52.793  39.479 0.0000000000
138761  40.180  -53.156  39.677 0.0000000000
138762  40.576  -53.524  39.863 0.0000000000
138763  39.844  -53.655  39.263 0.0000000000
138764  40.382  -53.777  39.641 0.0000000000
138765  40.898  -53.928  40.026 0.0000000000
138766  41.195  -54.380  40.216 0.0000000000
138767  41.383  -54.939  40.465 0.0000000000
138768  41.559  -55.480  40.758 0.0000000000
138769  41.225  -55.642  40.676 0.0000000000
138778  35.108  -51.433  37.262 0.0000000000
138779  35.447  -51.815  37.383 0.0000000000
138780  35.763  -52.208  37.492 0.0000000000
138781  34.740  -52.149  37.410 0.0000000000
138782  35.419  -52.380  37.466 0.0000000000
138783  36.172  -52.605  37.614 0.0000000000
138784  36.523  -53.008  37.734 0.0000000000
138785  36.797  -53.446  37.855 0.0000000000
138786  37.044  -53.892  38.069 0.0000000000
138788  34.000  -53.121  37.808 0.0000000000
138789  34.650  -53.365  37.790 0.0000000000
138790  34.582  -54.124  38.205 0.0000000000
138791  34.967  -53.874  37.995 0.0000000000
138792  35.312  -53.569  37.836 0.0000000000
138793  36.008  -53.841  37.964 0.0000000000
138794  36.657  -54.110  38.116 0.0000000000
138795  37.285  -54.343  38.325 0.0000000000
138796  37.531  -54.748  38.628 0.0000000000
138797  37.743  -55.180  38.936 0.0000000000
138889  37.787  -47.238  36.178 0.0000000000
138890  38.137  -47.760  36.625 0.0000000000
138891  37.486  -47.784  36.623 0.0000000000
138892  37.997  -48.032  36.856 0.0000000000
138893  38.481  -48.310  37.096 0.0000000000
138894  38.855  -48.815  37.590 0.0000000000
138895  39.239  -49.313  38.052 0.0000000000
138896  39.626  -49.781  38.491 0.0000000000
138897  36.913  -48.886  37.427 0.0000000000
138898  37.376  -49.053  37.610 0.0000000000
138899  37.930  -49.315  37.885 0.0000000000
138900  38.236  -50.073  38.424 0.0000000000
138901  38.319  -49.807  38.302 0.0000000000
138902  38.465  -49.558  38.155 0.0000000000
138903  38.992  -49.787  38.427 0.0000000000
138904  39.496  -50.008  38.671 0.0000000000
138905  39.972  -50.251  38.935 0.0000000000
138906  40.353  -50.727  39.463 0.0000000000
138907  40.675  -51.221  39.942 0.0000000000
138908  40.978  -51.707  40.402 0.0000000000
138909  40.345  -51.701  40.185 0.0000000000
138910  40.827  -51.937  40.544 0.0000000000
138911  41.314  -52.160  40.891 0.0000000000
138912  41.729  -52.611  41.322 0.0000000000
138913  42.205  -53.057  41.733 0.0000000000
147376  43.622  -54.130  42.439 0.0000000000
147377  44.081  -54.554  42.587 0.0000000000
147378  44.465  -55.079  42.797 0.0000000000
147379  43.901  -55.108  42.266 0.0000000000
147380  44.331  -55.345  42.691 0.0000000000
147596  45.062  -38.015  40.299 0.0000000000
147598  44.763  -38.233  39.919 0.0000000000
147599  45.152  -38.320  40.038 0.0000000000
147600  45.324  -38.600  39.753 0.0000000000
147601  45.471  -38.891  39.480 0.0000000000
147602  45.573  -39.123  39.202 0.0000000000
147604  43.614  -38.985  38.419 0.0000000000
147605  44.075  -39.054  38.474 0.0000000000
147606  44.022  -39.498  37.721 0.0000000000
147607  44.237  -39.292  38.159 0.0000000000
147608  44.484  -39.096  38.587 0.0000000000
147609  44.876  -39.178  38.716 0.0000000000
147610  45.218  -39.298  38.869 0.0000000000
147611  45.710  -39.375  38.956 0.0000000000
147612  45.903  -39.643  38.709 0.0000000000
147613  46.117  -39.967  38.439 0.0000000000
147614  46.286  -40.311  38.155 0.0000000000
147615  45.725  -40.397  37.570 0.0000000000
147616  46.070  -40.571  37.740 0.0000000000
147648  37.841  -45.785  35.065 0.0000000000
147649  38.002  -45.408  34.854 0.0000000000
147650  38.115  -45.031  34.703 0.0000000000
147651  39.037  -45.839  35.052 0.0000000000
147652  38.664  -45.253  34.770 0.0000000000
147653  38.264  -44.674  34.565 0.0000000000
147654  38.371  -44.339  34.523 0.0000000000
147655  38.525  -43.960  34.488 0.0000000000
147656  38.703  -43.573  34.491 0.0000000000
147657  41.108  -46.685  35.619 0.0000000000
147658  40.724  -46.015  35.186 0.0000000000
147659  40.335  -45.451  34.922 0.0000000000
147660  40.996  -45.255  35.018 0.0000000000
147661  40.493  -45.074  34.839 0.0000000000
147662  39.982  -44.902  34.686 0.0000000000
147663  39.607  -44.358  34.563 0.0000000000
147664  39.246  -43.780  34.506 0.0000000000
147665  38.900  -43.213  34.539 0.0000000000
147666  39.109  -42.830  34.607 0.0000000000
147667  39.341  -42.408  34.681 0.0000000000
147668  39.610  -42.050  34.761 0.0000000000
147669  40.328  -42.719  34.727 0.0000000000
147670  40.091  -42.188  34.769 0.0000000000
147671  39.883  -41.738  34.893 0.0000000000
147672  40.146  -41.417  35.107 0.0000000000
147673  40.426  -41.091  35.285 0.0000000000
147675  41.189  -40.886  35.543 0.0000000000
147676  41.665  -40.938  35.572 0.0000000000
147677  42.169  -41.014  35.617 0.0000000000
147678  42.099  -41.864  35.266 0.0000000000
147679  42.379  -41.481  35.467 0.0000000000
147680  42.622  -41.099  35.692 0.0000000000
147681  43.041  -41.201  35.795 0.0000000000
147682  43.462  -41.280  35.898 0.0000000000
147683  43.868  -41.398  36.028 0.0000000000
147684  43.014  -44.219  35.400 0.0000000000
147685  43.130  -43.768  35.482 0.0000000000
147686  43.301  -43.334  35.594 0.0000000000
147687  43.963  -44.137  35.702 0.0000000000
147688  43.718  -43.512  35.738 0.0000000000
147689  43.496  -42.883  35.696 0.0000000000
147690  43.725  -42.436  35.801 0.0000000000
147691  44.018  -41.985  35.945 0.0000000000
147692  44.277  -41.605  36.162 0.0000000000
147693  44.635  -41.806  36.305 0.0000000000
147694  45.003  -41.972  36.464 0.0000000000
147695  45.388  -42.175  36.609 0.0000000000
147696  45.232  -43.235  36.371 0.0000000000
147697  45.477  -42.805  36.565 0.0000000000
147729  45.558  -49.284  39.404 0.0000000000
159018  48.307  -37.077  44.397 0.0000000000
159019  48.061  -36.707  44.763 0.0000000000
159021  48.650  -36.023  45.536 0.0000000000
