#!ascii label  , from subject fsaverage vox2ras=TkReg
609
344  29.654  -45.740  -15.383 0.0000000000
622  32.128  -54.466  -15.707 0.0000000000
1389  29.739  -62.717  -14.235 0.0000000000
1391  31.852  -38.729  -19.362 0.0000000000
1392  28.748  -42.590  -18.855 0.0000000000
1393  32.241  -35.783  -23.045 0.0000000000
2501  35.733  -57.899  -16.019 0.0000000000
2503  28.133  -50.796  -15.989 0.0000000000
3312  31.068  -36.831  -21.367 0.0000000000
3313  33.255  -33.410  -23.191 0.0000000000
3314  34.588  -32.750  -24.391 0.0000000000
3315  35.366  -30.717  -24.692 0.0000000000
5606  31.081  -58.402  -14.837 0.0000000000
5607  32.629  -60.140  -14.878 0.0000000000
5608  34.112  -56.010  -15.247 0.0000000000
5610  34.991  -52.272  -16.208 0.0000000000
5611  29.439  -49.666  -14.194 0.0000000000
5612  28.212  -52.512  -14.349 0.0000000000
5613  27.971  -47.919  -15.592 0.0000000000
5614  31.249  -41.785  -20.354 0.0000000000
5615  30.441  -45.328  -18.693 0.0000000000
7108  28.645  -64.797  -12.267 0.0000000000
7109  28.666  -60.816  -13.732 0.0000000000
7110  29.277  -56.789  -15.096 0.0000000000
7111  30.389  -42.131  -17.274 0.0000000000
7112  28.281  -43.921  -17.037 0.0000000000
7113  29.363  -40.217  -19.135 0.0000000000
7114  30.233  -39.121  -21.152 0.0000000000
7115  32.796  -38.596  -22.318 0.0000000000
7975  33.387  -40.720  -17.635 0.0000000000
10057  31.209  -64.415  -14.697 0.0000000000
10058  34.102  -61.847  -15.261 0.0000000000
10064  28.230  -55.057  -14.725 0.0000000000
10065  29.723  -53.114  -16.063 0.0000000000
10066  28.212  -46.533  -17.220 0.0000000000
10067  29.997  -49.072  -17.148 0.0000000000
10068  32.441  -50.777  -16.606 0.0000000000
10992  33.250  -34.244  -22.263 0.0000000000
10994  34.343  -32.015  -23.968 0.0000000000
13286  31.721  -56.361  -15.276 0.0000000000
13287  32.610  -57.156  -15.074 0.0000000000
13288  33.176  -55.133  -15.390 0.0000000000
13289  34.646  -54.145  -15.669 0.0000000000
13290  33.518  -53.198  -15.827 0.0000000000
13291  29.443  -47.606  -14.705 0.0000000000
13292  28.563  -48.726  -14.852 0.0000000000
13293  28.584  -46.692  -15.439 0.0000000000
13294  32.906  -41.458  -20.883 0.0000000000
13295  32.346  -43.210  -19.999 0.0000000000
15684  28.861  -66.509  -11.542 0.0000000000
15689  28.930  -58.722  -14.439 0.0000000000
15690  28.416  -57.947  -14.280 0.0000000000
15691  31.029  -40.416  -18.326 0.0000000000
15692  29.640  -41.104  -18.148 0.0000000000
15693  30.448  -39.495  -19.162 0.0000000000
15694  31.328  -36.201  -22.296 0.0000000000
15695  30.379  -37.817  -21.359 0.0000000000
15696  31.019  -37.495  -22.115 0.0000000000
15697  31.289  -38.837  -21.870 0.0000000000
15698  32.311  -37.196  -22.790 0.0000000000
15699  33.697  -37.073  -23.007 0.0000000000
15700  33.437  -35.567  -23.518 0.0000000000
17499  32.829  -42.467  -16.637 0.0000000000
22576  29.191  -64.724  -13.822 0.0000000000
22578  30.378  -63.630  -14.469 0.0000000000
22579  34.144  -58.995  -15.229 0.0000000000
22580  33.285  -61.060  -15.044 0.0000000000
22581  34.926  -59.835  -15.626 0.0000000000
22583  36.336  -58.960  -16.547 0.0000000000
22585  36.962  -57.176  -16.937 0.0000000000
22594  27.902  -51.727  -15.194 0.0000000000
22596  28.194  -52.929  -15.397 0.0000000000
22597  28.768  -54.008  -15.551 0.0000000000
22598  28.833  -52.068  -16.092 0.0000000000
22599  28.194  -43.226  -17.876 0.0000000000
22600  27.981  -45.213  -17.107 0.0000000000
22601  28.431  -44.570  -17.979 0.0000000000
22602  31.762  -46.377  -18.434 0.0000000000
22603  30.191  -46.984  -17.896 0.0000000000
22604  31.409  -48.153  -17.558 0.0000000000
22605  31.200  -50.012  -16.963 0.0000000000
22606  32.688  -48.849  -17.246 0.0000000000
22607  33.861  -49.720  -16.964 0.0000000000
24391  32.692  -36.990  -20.475 0.0000000000
24392  31.244  -37.675  -20.397 0.0000000000
24393  32.157  -35.907  -21.410 0.0000000000
24394  32.117  -35.070  -22.325 0.0000000000
24395  32.457  -34.524  -23.177 0.0000000000
24396  33.261  -34.274  -23.807 0.0000000000
24397  33.735  -32.979  -23.945 0.0000000000
24398  34.928  -31.716  -24.581 0.0000000000
24399  36.041  -30.403  -25.140 0.0000000000
28522  30.478  -60.442  -14.537 0.0000000000
28523  31.172  -61.371  -14.699 0.0000000000
28524  31.925  -59.268  -14.821 0.0000000000
28525  33.410  -57.957  -15.020 0.0000000000
28526  34.998  -56.937  -15.475 0.0000000000
28527  36.377  -56.032  -16.424 0.0000000000
28528  35.712  -54.974  -15.884 0.0000000000
28529  36.055  -53.252  -16.440 0.0000000000
28534  27.983  -50.240  -14.958 0.0000000000
28535  27.770  -49.387  -15.749 0.0000000000
28536  29.708  -42.197  -19.585 0.0000000000
28537  29.403  -44.012  -18.761 0.0000000000
28538  30.824  -43.523  -19.517 0.0000000000
28539  32.117  -44.788  -19.266 0.0000000000
31943  28.697  -65.742  -12.732 0.0000000000
31944  28.780  -63.815  -13.364 0.0000000000
31946  28.548  -62.835  -13.001 0.0000000000
31947  29.091  -61.692  -13.943 0.0000000000
31948  29.680  -59.598  -14.450 0.0000000000
31949  30.145  -57.729  -14.924 0.0000000000
31950  30.658  -55.672  -15.467 0.0000000000
31951  29.976  -43.989  -16.215 0.0000000000
31952  28.826  -44.844  -16.137 0.0000000000
31953  29.133  -42.970  -17.081 0.0000000000
31954  28.711  -42.044  -17.941 0.0000000000
31955  28.752  -41.374  -18.912 0.0000000000
31956  30.197  -38.576  -20.225 0.0000000000
31957  29.595  -39.469  -20.235 0.0000000000
31958  29.391  -40.794  -19.889 0.0000000000
31959  30.573  -40.439  -20.753 0.0000000000
31960  32.003  -40.120  -21.377 0.0000000000
31961  33.633  -39.853  -21.747 0.0000000000
34250  30.471  -48.662  -14.046 0.0000000000
34251  30.604  -46.668  -14.662 0.0000000000
34260  30.956  -44.922  -15.489 0.0000000000
34261  31.357  -43.175  -16.446 0.0000000000
34262  31.863  -41.473  -17.506 0.0000000000
34263  32.518  -39.680  -18.521 0.0000000000
34265  34.082  -38.966  -18.502 0.0000000000
40206  35.953  -30.186  -23.795 0.0000000000
40207  36.032  -29.724  -24.717 0.0000000000
40208  36.640  -29.416  -25.251 0.0000000000
40407  32.017  -65.160  -14.867 0.0000000000
40408  31.841  -62.379  -14.801 0.0000000000
40409  32.658  -63.097  -14.970 0.0000000000
40410  33.373  -63.821  -15.046 0.0000000000
40429  28.585  -55.996  -14.945 0.0000000000
40430  29.644  -54.807  -15.637 0.0000000000
40431  30.942  -53.742  -15.969 0.0000000000
40432  28.061  -45.864  -16.270 0.0000000000
40433  27.854  -47.236  -16.364 0.0000000000
40434  28.122  -48.580  -16.591 0.0000000000
40435  29.137  -45.898  -17.983 0.0000000000
40436  28.927  -47.844  -17.284 0.0000000000
40437  28.818  -49.955  -16.653 0.0000000000
40438  29.862  -51.020  -16.630 0.0000000000
40439  31.109  -51.841  -16.442 0.0000000000
40440  32.317  -52.527  -16.176 0.0000000000
40441  33.706  -51.404  -16.364 0.0000000000
40442  35.203  -50.436  -16.888 0.0000000000
44006  31.963  -55.406  -15.464 0.0000000000
44007  32.379  -55.811  -15.372 0.0000000000
44008  32.612  -54.817  -15.579 0.0000000000
44009  33.366  -54.164  -15.617 0.0000000000
44010  32.790  -53.866  -15.755 0.0000000000
44011  29.574  -46.688  -15.011 0.0000000000
44012  29.002  -47.162  -15.080 0.0000000000
44013  29.107  -46.190  -15.386 0.0000000000
46409  28.430  -58.817  -14.007 0.0000000000
46411  31.357  -39.603  -18.810 0.0000000000
46412  30.693  -39.930  -18.744 0.0000000000
46413  31.039  -39.113  -19.257 0.0000000000
46414  31.698  -36.007  -22.697 0.0000000000
46415  31.147  -36.824  -22.188 0.0000000000
46416  31.668  -36.596  -22.678 0.0000000000
46417  31.607  -37.315  -22.508 0.0000000000
46418  32.238  -36.493  -22.919 0.0000000000
46419  32.909  -36.395  -23.131 0.0000000000
46420  32.823  -35.634  -23.300 0.0000000000
53296  29.380  -63.778  -14.032 0.0000000000
53297  29.763  -64.140  -14.222 0.0000000000
53298  30.057  -63.112  -14.366 0.0000000000
53299  34.961  -58.432  -15.555 0.0000000000
53300  34.608  -59.337  -15.442 0.0000000000
53301  35.341  -58.849  -15.835 0.0000000000
53302  35.643  -59.383  -16.071 0.0000000000
53303  36.014  -58.438  -16.257 0.0000000000
53304  36.648  -58.086  -16.755 0.0000000000
53305  36.353  -57.538  -16.473 0.0000000000
53314  27.939  -51.264  -15.633 0.0000000000
53315  27.970  -52.420  -15.279 0.0000000000
53316  28.146  -51.950  -15.687 0.0000000000
53317  28.439  -52.505  -15.773 0.0000000000
53318  28.419  -51.549  -16.008 0.0000000000
53319  28.380  -42.898  -18.325 0.0000000000
53320  28.300  -43.885  -17.963 0.0000000000
53321  28.592  -43.559  -18.387 0.0000000000
53322  32.308  -46.885  -18.167 0.0000000000
53323  31.538  -47.186  -17.993 0.0000000000
53324  32.177  -47.659  -17.753 0.0000000000
53325  32.089  -48.570  -17.452 0.0000000000
53326  32.771  -48.185  -17.532 0.0000000000
53327  33.416  -48.464  -17.397 0.0000000000
56011  33.157  -36.155  -20.862 0.0000000000
56012  32.410  -36.459  -20.933 0.0000000000
56013  32.898  -35.639  -21.350 0.0000000000
56014  33.196  -33.783  -22.744 0.0000000000
56015  32.631  -34.589  -22.342 0.0000000000
56016  32.668  -34.217  -22.782 0.0000000000
56017  32.249  -34.747  -22.758 0.0000000000
56018  32.823  -33.907  -23.186 0.0000000000
56019  33.076  -33.757  -23.491 0.0000000000
56020  33.469  -33.148  -23.600 0.0000000000
56021  34.860  -31.308  -24.454 0.0000000000
56022  34.619  -31.836  -24.300 0.0000000000
56023  35.194  -31.164  -24.737 0.0000000000
56024  35.563  -31.053  -24.906 0.0000000000
56025  35.711  -30.484  -25.029 0.0000000000
62896  30.804  -59.412  -14.655 0.0000000000
62897  31.186  -59.886  -14.672 0.0000000000
62898  31.522  -58.813  -14.786 0.0000000000
62899  33.339  -56.566  -15.177 0.0000000000
62900  32.976  -57.596  -15.032 0.0000000000
62901  33.777  -56.974  -15.116 0.0000000000
62902  34.177  -57.454  -15.163 0.0000000000
62903  34.645  -56.351  -15.299 0.0000000000
62904  35.379  -55.938  -15.651 0.0000000000
62905  34.965  -55.438  -15.477 0.0000000000
62906  34.855  -53.193  -15.929 0.0000000000
62907  35.422  -53.608  -15.976 0.0000000000
62908  35.601  -52.710  -16.311 0.0000000000
62909  36.182  -52.428  -16.762 0.0000000000
62910  35.699  -51.870  -16.625 0.0000000000
62914  28.218  -48.264  -15.224 0.0000000000
62915  28.195  -49.351  -14.976 0.0000000000
62916  27.911  -48.953  -15.275 0.0000000000
62917  27.803  -49.849  -15.341 0.0000000000
62918  27.806  -48.719  -15.624 0.0000000000
62919  30.458  -41.980  -19.972 0.0000000000
62920  30.141  -42.888  -19.535 0.0000000000
62921  31.009  -42.699  -19.901 0.0000000000
62923  32.272  -43.893  -19.684 0.0000000000
62924  32.845  -44.478  -19.490 0.0000000000
62925  32.777  -45.133  -19.108 0.0000000000
70091  28.761  -65.683  -11.882 0.0000000000
70092  28.738  -66.221  -12.111 0.0000000000
70093  28.714  -65.249  -12.453 0.0000000000
70094  28.713  -64.757  -13.080 0.0000000000
70095  28.655  -64.331  -12.836 0.0000000000
70099  28.412  -61.390  -13.269 0.0000000000
70101  28.573  -61.862  -13.352 0.0000000000
70102  28.730  -62.285  -13.509 0.0000000000
70103  28.889  -61.243  -13.831 0.0000000000
70104  29.410  -60.593  -14.215 0.0000000000
70105  29.090  -60.177  -14.158 0.0000000000
70106  29.107  -57.757  -14.752 0.0000000000
70107  29.479  -58.249  -14.692 0.0000000000
70108  29.742  -57.303  -14.985 0.0000000000
70109  30.435  -56.642  -15.208 0.0000000000
70110  29.966  -56.230  -15.286 0.0000000000
70111  30.193  -43.051  -16.764 0.0000000000
70112  29.491  -43.449  -16.671 0.0000000000
70113  29.707  -42.496  -17.161 0.0000000000
70114  29.412  -40.606  -18.622 0.0000000000
70115  29.127  -41.573  -18.058 0.0000000000
70116  28.998  -41.137  -18.529 0.0000000000
70117  28.735  -41.620  -18.469 0.0000000000
70118  29.025  -40.780  -18.971 0.0000000000
70119  31.098  -37.218  -20.880 0.0000000000
70120  30.718  -38.118  -20.266 0.0000000000
70121  30.632  -37.639  -20.812 0.0000000000
70122  30.158  -38.525  -21.189 0.0000000000
70123  29.916  -38.736  -20.708 0.0000000000
70124  29.782  -39.315  -20.658 0.0000000000
70125  29.481  -40.182  -20.051 0.0000000000
70126  29.890  -39.998  -20.484 0.0000000000
70127  29.848  -40.642  -20.282 0.0000000000
70128  30.309  -39.790  -20.926 0.0000000000
70129  32.079  -38.738  -22.108 0.0000000000
70130  31.639  -39.494  -21.624 0.0000000000
70131  32.245  -39.466  -21.793 0.0000000000
70132  32.738  -40.017  -21.581 0.0000000000
70133  33.088  -39.294  -22.062 0.0000000000
70135  33.612  -38.429  -22.422 0.0000000000
70141  33.974  -33.511  -24.095 0.0000000000
70142  33.841  -34.218  -23.999 0.0000000000
70143  34.618  -33.356  -24.278 0.0000000000
75508  30.973  -48.128  -14.032 0.0000000000
75509  30.495  -47.634  -14.330 0.0000000000
75510  31.131  -47.134  -14.334 0.0000000000
75533  31.663  -44.545  -15.537 0.0000000000
75534  31.124  -44.028  -15.989 0.0000000000
75535  31.885  -43.707  -16.007 0.0000000000
75536  33.088  -41.546  -17.204 0.0000000000
75537  32.344  -42.003  -17.061 0.0000000000
75538  32.630  -41.063  -17.627 0.0000000000
75539  32.183  -40.539  -18.015 0.0000000000
75540  32.934  -40.207  -18.079 0.0000000000
75547  33.715  -38.514  -18.990 0.0000000000
90268  36.655  -28.966  -23.995 0.0000000000
90269  36.369  -29.749  -23.530 0.0000000000
90270  36.336  -29.475  -24.110 0.0000000000
90271  35.922  -29.903  -24.277 0.0000000000
90272  36.395  -29.248  -24.609 0.0000000000
90774  31.898  -60.749  -14.872 0.0000000000
90775  31.529  -61.868  -14.797 0.0000000000
90776  32.261  -61.179  -14.865 0.0000000000
90777  33.797  -61.380  -15.208 0.0000000000
90778  32.969  -62.082  -15.002 0.0000000000
90779  33.336  -62.521  -15.076 0.0000000000
90780  33.071  -63.458  -15.024 0.0000000000
90781  33.712  -62.829  -15.120 0.0000000000
90784  36.323  -60.358  -16.553 0.0000000000
90827  28.370  -56.524  -14.504 0.0000000000
90828  28.364  -55.609  -14.816 0.0000000000
90829  29.201  -53.535  -15.836 0.0000000000
90830  29.096  -54.602  -15.536 0.0000000000
90831  29.716  -53.994  -15.840 0.0000000000
90832  30.299  -54.348  -15.858 0.0000000000
90833  30.359  -53.301  -16.089 0.0000000000
90834  28.494  -44.364  -16.597 0.0000000000
90835  28.356  -45.280  -16.203 0.0000000000
90836  28.146  -44.881  -16.609 0.0000000000
90837  28.042  -45.814  -17.221 0.0000000000
90838  27.913  -46.150  -16.738 0.0000000000
90839  27.969  -46.853  -16.803 0.0000000000
90840  27.926  -47.888  -16.470 0.0000000000
90841  28.164  -47.526  -16.896 0.0000000000
90842  29.871  -44.735  -18.686 0.0000000000
90843  29.189  -45.029  -18.318 0.0000000000
90844  29.721  -45.654  -18.304 0.0000000000
90845  30.009  -48.126  -17.454 0.0000000000
90846  29.488  -47.430  -17.566 0.0000000000
90847  29.434  -48.375  -17.226 0.0000000000
90848  28.851  -48.811  -16.970 0.0000000000
90849  29.381  -49.513  -16.918 0.0000000000
90850  29.317  -50.510  -16.674 0.0000000000
90851  29.906  -50.034  -16.881 0.0000000000
90852  31.813  -50.382  -16.858 0.0000000000
90853  31.159  -50.877  -16.698 0.0000000000
90854  31.741  -51.281  -16.555 0.0000000000
90855  31.693  -52.201  -16.309 0.0000000000
90856  32.394  -51.559  -16.376 0.0000000000
90857  33.029  -51.885  -16.191 0.0000000000
90858  33.088  -51.052  -16.478 0.0000000000
90859  34.641  -49.291  -17.239 0.0000000000
90860  34.533  -50.097  -16.945 0.0000000000
90861  35.266  -49.652  -17.216 0.0000000000
93514  33.701  -33.350  -22.709 0.0000000000
93515  33.739  -32.936  -23.173 0.0000000000
93516  33.861  -32.646  -23.591 0.0000000000
93517  34.169  -32.235  -23.563 0.0000000000
93518  34.697  -31.582  -23.980 0.0000000000
93519  35.171  -30.954  -24.296 0.0000000000
97642  31.393  -57.355  -15.074 0.0000000000
97643  31.839  -57.812  -14.928 0.0000000000
97644  32.139  -56.809  -15.130 0.0000000000
97645  32.915  -56.145  -15.226 0.0000000000
97646  33.666  -55.617  -15.294 0.0000000000
97647  34.414  -55.051  -15.425 0.0000000000
97648  33.875  -54.697  -15.454 0.0000000000
97649  34.024  -53.780  -15.628 0.0000000000
97650  34.202  -52.753  -15.917 0.0000000000
97651  29.443  -48.677  -14.458 0.0000000000
97652  28.979  -49.185  -14.524 0.0000000000
97653  28.954  -48.145  -14.779 0.0000000000
97654  28.501  -47.601  -15.154 0.0000000000
97655  28.276  -47.256  -15.513 0.0000000000
97656  32.140  -41.525  -20.676 0.0000000000
97657  31.844  -42.476  -20.194 0.0000000000
97658  32.608  -42.245  -20.411 0.0000000000
101966  28.486  -60.294  -13.672 0.0000000000
101967  28.789  -59.731  -14.117 0.0000000000
101968  28.576  -59.326  -14.035 0.0000000000
101969  28.661  -58.333  -14.364 0.0000000000
101970  28.802  -57.394  -14.739 0.0000000000
101971  30.694  -41.278  -17.808 0.0000000000
101972  29.962  -41.591  -17.720 0.0000000000
101973  30.314  -40.699  -18.275 0.0000000000
101974  30.047  -40.238  -18.675 0.0000000000
101975  29.833  -39.840  -19.131 0.0000000000
101976  31.157  -36.492  -21.827 0.0000000000
101977  30.624  -37.233  -21.328 0.0000000000
101978  30.787  -37.080  -21.695 0.0000000000
101979  30.586  -37.661  -21.717 0.0000000000
101980  30.522  -38.357  -21.648 0.0000000000
101981  30.759  -38.903  -21.573 0.0000000000
101982  31.142  -38.081  -22.107 0.0000000000
101983  31.738  -37.961  -22.335 0.0000000000
101984  32.471  -37.944  -22.543 0.0000000000
101985  33.311  -37.840  -22.740 0.0000000000
101986  32.992  -37.132  -22.887 0.0000000000
101987  33.614  -36.343  -23.248 0.0000000000
101989  35.294  -32.145  -24.570 0.0000000000
105225  32.578  -43.282  -16.110 0.0000000000
105228  33.831  -41.174  -17.156 0.0000000000
114364  29.042  -65.665  -13.593 0.0000000000
114366  29.468  -65.197  -13.984 0.0000000000
114367  30.116  -64.595  -14.365 0.0000000000
114368  30.845  -63.976  -14.619 0.0000000000
114369  33.487  -59.390  -15.089 0.0000000000
114370  33.010  -60.543  -15.025 0.0000000000
114371  33.744  -59.981  -15.148 0.0000000000
114372  34.209  -60.337  -15.321 0.0000000000
114373  34.511  -60.856  -15.424 0.0000000000
114374  34.914  -61.168  -15.609 0.0000000000
114375  35.287  -60.256  -15.832 0.0000000000
114376  36.017  -59.826  -16.312 0.0000000000
114377  36.652  -59.447  -16.826 0.0000000000
114378  37.406  -59.030  -17.360 0.0000000000
114379  36.978  -58.542  -17.083 0.0000000000
114380  37.338  -57.660  -17.276 0.0000000000
114396  27.956  -52.117  -14.786 0.0000000000
114399  28.030  -53.416  -14.951 0.0000000000
114400  28.173  -54.003  -15.065 0.0000000000
114401  28.393  -54.668  -15.148 0.0000000000
114402  28.465  -53.512  -15.483 0.0000000000
114403  28.812  -53.046  -15.828 0.0000000000
114404  29.252  -52.554  -16.122 0.0000000000
114405  28.208  -43.606  -17.414 0.0000000000
114406  27.984  -44.497  -17.058 0.0000000000
114407  28.065  -44.109  -17.496 0.0000000000
114408  28.132  -44.841  -17.561 0.0000000000
114409  28.300  -45.507  -17.611 0.0000000000
114410  31.134  -45.810  -18.623 0.0000000000
114411  30.336  -46.181  -18.268 0.0000000000
114412  30.890  -46.720  -18.146 0.0000000000
114413  30.784  -47.626  -17.725 0.0000000000
114414  30.601  -48.560  -17.349 0.0000000000
114415  30.592  -49.443  -17.075 0.0000000000
114416  31.288  -49.010  -17.233 0.0000000000
114417  31.951  -49.511  -17.094 0.0000000000
114418  32.470  -49.862  -16.902 0.0000000000
114419  33.099  -50.206  -16.763 0.0000000000
114420  33.243  -49.289  -17.057 0.0000000000
114421  34.034  -48.911  -17.301 0.0000000000
114422  34.809  -48.518  -17.559 0.0000000000
118351  32.254  -37.867  -19.936 0.0000000000
118352  31.506  -38.193  -19.871 0.0000000000
118353  31.957  -37.335  -20.431 0.0000000000
118354  31.704  -36.843  -20.911 0.0000000000
118355  31.546  -36.342  -21.423 0.0000000000
118356  32.730  -35.117  -21.830 0.0000000000
118357  32.088  -35.433  -21.900 0.0000000000
118358  31.532  -35.911  -21.902 0.0000000000
118359  31.653  -35.619  -22.312 0.0000000000
118360  31.870  -35.319  -22.762 0.0000000000
118361  32.256  -35.136  -23.162 0.0000000000
118362  32.788  -34.970  -23.530 0.0000000000
118363  32.843  -34.364  -23.548 0.0000000000
118364  33.499  -33.603  -23.906 0.0000000000
118365  34.099  -32.867  -24.206 0.0000000000
118366  34.035  -32.462  -23.968 0.0000000000
118367  34.278  -32.322  -24.290 0.0000000000
118368  34.724  -32.225  -24.456 0.0000000000
118369  35.364  -31.605  -24.752 0.0000000000
118370  36.040  -30.925  -25.008 0.0000000000
127990  30.080  -61.613  -14.378 0.0000000000
127991  30.408  -62.082  -14.492 0.0000000000
127992  30.832  -60.979  -14.590 0.0000000000
127993  31.537  -60.330  -14.739 0.0000000000
127994  32.236  -59.661  -14.855 0.0000000000
127995  32.270  -58.202  -14.917 0.0000000000
127996  32.611  -58.615  -14.914 0.0000000000
127997  32.989  -59.116  -14.925 0.0000000000
127998  33.812  -58.450  -15.120 0.0000000000
127999  34.613  -57.947  -15.336 0.0000000000
128000  35.340  -57.500  -15.680 0.0000000000
128001  36.058  -56.983  -16.209 0.0000000000
128002  35.699  -56.547  -15.831 0.0000000000
128003  36.072  -55.469  -16.090 0.0000000000
128004  36.284  -54.591  -16.367 0.0000000000
128005  35.218  -54.547  -15.706 0.0000000000
128006  35.883  -54.106  -16.151 0.0000000000
128016  28.547  -49.776  -14.616 0.0000000000
128017  28.256  -50.548  -14.643 0.0000000000
128018  28.043  -51.382  -14.676 0.0000000000
128019  27.849  -50.967  -15.059 0.0000000000
128020  27.820  -50.570  -15.475 0.0000000000
128021  27.904  -50.158  -15.883 0.0000000000
128022  29.160  -42.347  -19.257 0.0000000000
128023  28.984  -43.319  -18.756 0.0000000000
128024  29.560  -43.094  -19.152 0.0000000000
128025  30.070  -43.816  -19.143 0.0000000000
128026  30.612  -44.462  -19.058 0.0000000000
128027  31.579  -43.306  -19.770 0.0000000000
128028  31.489  -44.155  -19.407 0.0000000000
128029  31.277  -45.002  -19.036 0.0000000000
128030  31.903  -45.504  -18.862 0.0000000000
137170  28.851  -65.300  -13.263 0.0000000000
137171  28.978  -64.288  -13.567 0.0000000000
137172  29.169  -63.248  -13.843 0.0000000000
137179  28.639  -63.360  -13.168 0.0000000000
137180  28.867  -62.862  -13.626 0.0000000000
137181  29.377  -62.237  -14.056 0.0000000000
137182  29.766  -61.080  -14.292 0.0000000000
137183  30.035  -60.064  -14.456 0.0000000000
137184  30.356  -59.030  -14.663 0.0000000000
137185  29.269  -59.239  -14.405 0.0000000000
137186  29.948  -58.666  -14.674 0.0000000000
137187  30.535  -58.152  -14.843 0.0000000000
137188  30.871  -57.096  -15.073 0.0000000000
137189  31.163  -56.034  -15.325 0.0000000000
137190  31.382  -55.084  -15.591 0.0000000000
137191  29.769  -44.826  -15.803 0.0000000000
137192  29.207  -45.290  -15.729 0.0000000000
137193  29.315  -44.306  -16.213 0.0000000000
137194  28.986  -43.954  -16.533 0.0000000000
137195  28.641  -43.495  -16.947 0.0000000000
137196  29.354  -42.022  -17.576 0.0000000000
137197  28.849  -42.473  -17.499 0.0000000000
137198  28.466  -43.008  -17.431 0.0000000000
137199  28.395  -42.532  -17.940 0.0000000000
137200  28.443  -42.258  -18.375 0.0000000000
137201  28.640  -41.977  -18.814 0.0000000000
137202  30.856  -38.572  -19.772 0.0000000000
137203  30.261  -39.083  -19.637 0.0000000000
137204  29.742  -39.426  -19.649 0.0000000000
137205  30.246  -38.154  -20.799 0.0000000000
137206  29.761  -39.024  -20.193 0.0000000000
137207  29.438  -39.813  -19.696 0.0000000000
137208  29.192  -40.373  -19.563 0.0000000000
137209  28.975  -41.114  -19.353 0.0000000000
137210  28.944  -41.783  -19.278 0.0000000000
137211  29.386  -41.551  -19.704 0.0000000000
137212  30.001  -41.363  -20.112 0.0000000000
137213  30.844  -41.140  -20.525 0.0000000000
137214  30.918  -39.667  -21.284 0.0000000000
137215  31.196  -40.306  -21.062 0.0000000000
137216  31.586  -40.966  -20.814 0.0000000000
137217  32.401  -40.841  -21.074 0.0000000000
137218  33.160  -40.632  -21.333 0.0000000000
137230  33.314  -34.908  -23.712 0.0000000000
137231  33.845  -34.917  -23.755 0.0000000000
143805  29.987  -50.252  -13.856 0.0000000000
143807  30.461  -49.735  -13.795 0.0000000000
143808  29.946  -49.190  -14.133 0.0000000000
143809  29.975  -48.177  -14.357 0.0000000000
143810  30.049  -47.170  -14.652 0.0000000000
143811  30.128  -46.235  -14.979 0.0000000000
143836  31.286  -46.292  -14.649 0.0000000000
143837  30.795  -45.842  -15.009 0.0000000000
143838  30.282  -45.357  -15.385 0.0000000000
143839  30.448  -44.447  -15.860 0.0000000000
143840  30.643  -43.528  -16.413 0.0000000000
143841  30.836  -42.636  -16.864 0.0000000000
143842  32.059  -42.780  -16.568 0.0000000000
143843  31.604  -42.326  -16.980 0.0000000000
143844  31.098  -41.806  -17.372 0.0000000000
143845  31.426  -40.982  -17.896 0.0000000000
143846  31.757  -40.045  -18.414 0.0000000000
143847  32.179  -39.202  -18.907 0.0000000000
143853  33.725  -39.827  -18.068 0.0000000000
143854  33.322  -39.388  -18.499 0.0000000000
143855  32.896  -38.852  -18.994 0.0000000000
143856  32.561  -38.354  -19.454 0.0000000000
143857  33.016  -37.536  -19.983 0.0000000000
143858  33.441  -36.715  -20.383 0.0000000000
161576  35.564  -30.416  -24.303 0.0000000000
161577  35.672  -30.226  -24.680 0.0000000000
161578  36.551  -29.031  -25.059 0.0000000000
161579  36.267  -29.562  -25.032 0.0000000000
161580  36.050  -30.099  -25.037 0.0000000000
161581  36.453  -29.970  -25.246 0.0000000000
162177  32.338  -65.586  -14.919 0.0000000000
162178  30.765  -62.516  -14.624 0.0000000000
162179  31.191  -62.899  -14.708 0.0000000000
162180  31.533  -63.398  -14.751 0.0000000000
162181  32.636  -61.663  -14.943 0.0000000000
162182  32.286  -62.778  -14.893 0.0000000000
162183  31.888  -63.902  -14.857 0.0000000000
162184  32.346  -64.102  -14.917 0.0000000000
162185  32.728  -64.490  -14.964 0.0000000000
162186  33.089  -64.765  -15.032 0.0000000000
162205  36.663  -56.648  -16.706 0.0000000000
162242  28.483  -56.991  -14.631 0.0000000000
162243  28.898  -56.496  -15.031 0.0000000000
162244  28.687  -55.026  -15.239 0.0000000000
162245  29.014  -55.455  -15.301 0.0000000000
162246  29.481  -55.873  -15.381 0.0000000000
162247  30.114  -55.315  -15.569 0.0000000000
162248  30.830  -54.645  -15.750 0.0000000000
162249  31.486  -54.118  -15.897 0.0000000000
162250  28.689  -45.779  -15.752 0.0000000000
162251  28.257  -46.207  -15.876 0.0000000000
162252  28.027  -46.895  -15.881 0.0000000000
162253  27.944  -45.490  -16.697 0.0000000000
162254  27.867  -46.590  -16.270 0.0000000000
162255  27.859  -47.564  -15.945 0.0000000000
162256  27.824  -48.274  -16.068 0.0000000000
162257  27.899  -49.006  -16.160 0.0000000000
162258  28.106  -49.717  -16.270 0.0000000000
162259  28.822  -44.268  -18.349 0.0000000000
162260  28.715  -45.208  -17.983 0.0000000000
162261  28.570  -46.216  -17.611 0.0000000000
162262  29.603  -46.479  -17.962 0.0000000000
162263  29.065  -46.776  -17.657 0.0000000000
162264  28.524  -47.142  -17.293 0.0000000000
162265  28.452  -48.236  -16.925 0.0000000000
162266  28.396  -49.283  -16.619 0.0000000000
162267  28.419  -50.392  -16.332 0.0000000000
162268  28.842  -51.034  -16.391 0.0000000000
162269  29.290  -51.539  -16.383 0.0000000000
162270  29.808  -52.032  -16.343 0.0000000000
162271  30.546  -50.467  -16.814 0.0000000000
162272  30.460  -51.426  -16.560 0.0000000000
162273  30.393  -52.402  -16.268 0.0000000000
162274  31.058  -52.737  -16.222 0.0000000000
162275  31.618  -53.089  -16.119 0.0000000000
162276  32.270  -53.452  -15.922 0.0000000000
162277  32.918  -52.854  -15.986 0.0000000000
162278  33.604  -52.328  -16.028 0.0000000000
162279  34.320  -51.759  -16.212 0.0000000000
162280  33.772  -50.538  -16.663 0.0000000000
162281  34.400  -50.915  -16.527 0.0000000000
162282  35.118  -51.355  -16.516 0.0000000000
162283  35.793  -50.980  -17.013 0.0000000000
