#!ascii label  , from subject fsaverage vox2ras=TkReg
435
527  8.778  44.975  -7.585 0.0000000000
1160  9.940  55.166  -4.028 0.0000000000
1161  10.962  49.295  -3.392 0.0000000000
1162  11.718  50.075  -8.007 0.0000000000
1163  10.827  45.373  -11.414 0.0000000000
2226  9.090  40.324  -10.198 0.0000000000
2227  9.485  40.028  -13.882 0.0000000000
3081  11.086  52.572  -5.724 0.0000000000
3083  9.962  50.644  -10.891 0.0000000000
4923  9.788  47.161  -5.417 0.0000000000
4924  11.389  46.894  -3.478 0.0000000000
4927  10.945  42.403  -7.397 0.0000000000
4929  8.611  42.787  -8.942 0.0000000000
4930  8.924  45.789  -13.677 0.0000000000
4931  10.186  42.802  -12.806 0.0000000000
4932  9.026  43.059  -14.993 0.0000000000
4933  8.781  40.176  -16.198 0.0000000000
6696  10.093  54.533  -1.757 0.0000000000
6697  11.788  51.766  -1.598 0.0000000000
6698  9.249  51.852  -3.469 0.0000000000
6699  9.404  49.562  -5.600 0.0000000000
6700  9.724  47.503  -7.727 0.0000000000
6701  10.034  45.122  -9.204 0.0000000000
6702  11.400  47.721  -9.751 0.0000000000
6703  9.095  48.223  -12.218 0.0000000000
9243  9.438  42.802  -10.705 0.0000000000
9244  8.224  40.616  -12.144 0.0000000000
12603  9.130  46.101  -6.552 0.0000000000
12604  10.440  45.933  -5.569 0.0000000000
12605  10.137  44.774  -6.589 0.0000000000
12606  11.112  43.563  -6.629 0.0000000000
12607  9.819  43.741  -7.443 0.0000000000
12608  9.800  42.484  -8.153 0.0000000000
12609  8.708  43.869  -8.270 0.0000000000
12611  9.050  44.452  -14.364 0.0000000000
12612  8.468  44.453  -15.397 0.0000000000
14998  9.329  56.537  -3.333 0.0000000000
14999  9.368  56.038  -2.099 0.0000000000
15000  9.061  54.716  -2.852 0.0000000000
15001  9.656  53.240  -2.551 0.0000000000
15002  9.101  53.531  -3.700 0.0000000000
15003  11.500  51.312  -6.849 0.0000000000
15004  10.251  50.859  -5.573 0.0000000000
15005  10.669  49.716  -6.602 0.0000000000
15006  9.528  48.614  -6.702 0.0000000000
15007  10.988  48.613  -7.666 0.0000000000
15008  10.991  47.445  -8.478 0.0000000000
15009  11.545  48.883  -8.879 0.0000000000
15011  9.495  49.471  -11.579 0.0000000000
15012  8.396  49.376  -12.851 0.0000000000
20528  11.440  50.515  -2.517 0.0000000000
20530  11.694  49.242  -2.449 0.0000000000
20545  10.032  40.173  -9.464 0.0000000000
20550  10.918  45.056  -10.102 0.0000000000
20551  9.915  43.943  -9.980 0.0000000000
20552  10.586  43.812  -10.946 0.0000000000
20553  9.878  41.399  -13.370 0.0000000000
20554  9.476  41.511  -12.315 0.0000000000
20555  8.932  40.298  -12.969 0.0000000000
20556  7.666  39.362  -12.703 0.0000000000
20557  8.199  39.036  -13.535 0.0000000000
20559  8.889  38.656  -14.360 0.0000000000
23977  10.500  53.876  -4.812 0.0000000000
23978  11.201  54.423  -6.353 0.0000000000
23979  11.361  53.086  -7.513 0.0000000000
23980  11.376  51.723  -8.714 0.0000000000
23981  11.191  50.503  -9.552 0.0000000000
27293  10.439  48.222  -4.333 0.0000000000
27294  11.194  48.131  -3.393 0.0000000000
27295  10.738  47.042  -4.441 0.0000000000
27303  10.986  41.214  -8.004 0.0000000000
27304  9.858  41.382  -8.825 0.0000000000
27305  8.749  41.508  -9.587 0.0000000000
27306  9.826  45.636  -12.624 0.0000000000
27307  10.501  44.125  -12.154 0.0000000000
27308  9.757  44.305  -13.361 0.0000000000
27309  9.695  42.948  -13.974 0.0000000000
27310  9.557  41.511  -14.515 0.0000000000
27311  9.417  40.018  -15.009 0.0000000000
27312  8.952  41.595  -15.584 0.0000000000
30983  10.263  55.897  -1.008 0.0000000000
30984  11.178  54.469  -0.777 0.0000000000
30985  12.057  53.073  -0.669 0.0000000000
30986  10.940  53.176  -1.653 0.0000000000
30987  10.571  51.817  -2.527 0.0000000000
30988  10.314  50.551  -3.351 0.0000000000
30989  9.626  52.182  -4.574 0.0000000000
30990  9.372  50.609  -4.517 0.0000000000
30991  9.904  49.342  -4.320 0.0000000000
30992  9.385  48.380  -5.352 0.0000000000
30993  8.777  47.454  -6.621 0.0000000000
30994  8.578  46.315  -7.826 0.0000000000
30995  8.822  45.228  -8.626 0.0000000000
30996  9.869  46.387  -8.448 0.0000000000
30997  11.008  46.281  -9.278 0.0000000000
30998  11.134  46.562  -10.609 0.0000000000
30999  10.846  49.300  -10.352 0.0000000000
31000  10.459  48.126  -11.109 0.0000000000
31001  10.113  46.880  -11.872 0.0000000000
31002  8.831  46.968  -13.001 0.0000000000
31003  8.394  47.024  -14.113 0.0000000000
37971  8.798  44.108  -9.292 0.0000000000
37972  8.565  42.975  -9.970 0.0000000000
37973  8.228  41.824  -10.628 0.0000000000
37974  10.066  42.655  -11.657 0.0000000000
37975  8.804  41.756  -11.423 0.0000000000
37976  8.097  40.591  -11.167 0.0000000000
37977  8.312  39.232  -11.595 0.0000000000
37983  9.066  38.618  -15.473 0.0000000000
43316  11.541  55.010  0.329 0.0000000000
43323  8.928  45.524  -7.079 0.0000000000
43324  9.605  45.416  -6.566 0.0000000000
43325  9.428  44.875  -7.025 0.0000000000
43326  9.984  44.253  -7.028 0.0000000000
43327  9.243  44.340  -7.461 0.0000000000
43328  9.245  43.754  -7.819 0.0000000000
43329  8.741  44.435  -7.935 0.0000000000
45717  9.795  56.853  -3.864 0.0000000000
45718  9.631  55.870  -3.664 0.0000000000
45719  9.191  55.578  -3.082 0.0000000000
45720  9.330  54.940  -3.472 0.0000000000
45721  9.070  54.139  -3.284 0.0000000000
45722  9.487  54.337  -3.887 0.0000000000
45723  11.600  50.687  -7.435 0.0000000000
45724  11.232  50.466  -6.648 0.0000000000
45725  11.322  49.883  -7.211 0.0000000000
45726  10.844  49.170  -7.126 0.0000000000
45727  11.452  49.289  -7.771 0.0000000000
45728  11.398  48.702  -8.211 0.0000000000
45729  11.559  49.488  -8.483 0.0000000000
51248  11.241  49.884  -2.964 0.0000000000
51249  11.643  49.853  -2.494 0.0000000000
51250  11.385  49.250  -2.932 0.0000000000
51265  9.543  40.239  -9.847 0.0000000000
51269  9.261  39.673  -10.454 0.0000000000
51270  11.044  45.168  -10.741 0.0000000000
51271  10.775  44.480  -10.550 0.0000000000
51272  10.860  44.562  -11.209 0.0000000000
51273  9.716  40.769  -13.665 0.0000000000
51274  9.550  40.770  -13.121 0.0000000000
51275  9.345  40.141  -13.397 0.0000000000
51276  8.529  39.684  -13.250 0.0000000000
51277  8.959  39.494  -13.663 0.0000000000
51278  8.670  38.803  -13.897 0.0000000000
51279  9.222  39.331  -14.116 0.0000000000
55324  10.978  53.904  -7.899 0.0000000000
55325  10.994  53.211  -8.491 0.0000000000
55326  11.433  52.448  -8.131 0.0000000000
60848  10.127  47.687  -4.849 0.0000000000
60849  10.607  47.656  -4.359 0.0000000000
60850  10.326  47.102  -4.905 0.0000000000
60852  10.911  45.879  -5.126 0.0000000000
60858  11.031  42.995  -7.019 0.0000000000
60860  11.565  42.336  -6.913 0.0000000000
60862  11.445  41.755  -7.293 0.0000000000
60864  10.999  41.806  -7.716 0.0000000000
60865  9.162  42.640  -8.511 0.0000000000
60866  9.781  41.962  -8.481 0.0000000000
60867  9.211  42.046  -8.850 0.0000000000
60868  9.328  41.415  -9.195 0.0000000000
60869  8.708  42.157  -9.295 0.0000000000
60870  9.338  45.727  -13.175 0.0000000000
60871  9.804  44.963  -13.020 0.0000000000
60872  9.351  45.052  -13.550 0.0000000000
60873  9.039  43.803  -14.690 0.0000000000
60874  9.389  43.710  -14.198 0.0000000000
60875  9.420  43.015  -14.506 0.0000000000
60876  9.648  42.246  -14.249 0.0000000000
60877  9.323  42.309  -14.764 0.0000000000
60878  9.253  41.563  -15.064 0.0000000000
60879  8.988  42.368  -15.260 0.0000000000
68029  9.031  58.065  -3.127 0.0000000000
68036  9.687  55.271  -1.923 0.0000000000
68037  9.809  55.959  -1.559 0.0000000000
68038  10.198  55.221  -1.393 0.0000000000
68039  10.716  55.194  -0.858 0.0000000000
68040  10.632  54.508  -1.245 0.0000000000
68041  11.068  53.839  -1.228 0.0000000000
68042  10.510  53.857  -1.675 0.0000000000
68043  9.384  52.535  -3.011 0.0000000000
68044  10.066  52.498  -2.533 0.0000000000
68045  9.887  51.826  -2.958 0.0000000000
68046  10.429  51.180  -2.929 0.0000000000
68047  9.788  51.156  -3.376 0.0000000000
68048  10.796  53.220  -5.237 0.0000000000
68049  10.052  53.013  -4.659 0.0000000000
68050  10.398  52.347  -5.085 0.0000000000
68051  9.702  50.175  -5.653 0.0000000000
68052  9.608  50.750  -5.086 0.0000000000
68053  9.423  50.049  -5.050 0.0000000000
68054  9.580  49.940  -4.394 0.0000000000
68055  9.433  49.402  -4.927 0.0000000000
68056  9.665  48.842  -4.820 0.0000000000
68057  9.304  48.974  -5.471 0.0000000000
68058  9.560  48.078  -7.227 0.0000000000
68059  9.049  48.056  -6.667 0.0000000000
68060  8.975  47.530  -7.270 0.0000000000
68061  8.632  46.911  -7.230 0.0000000000
68062  9.010  46.980  -7.841 0.0000000000
68063  9.214  46.383  -8.183 0.0000000000
68064  9.784  46.951  -8.103 0.0000000000
68065  11.412  47.522  -9.070 0.0000000000
68066  11.033  46.856  -8.857 0.0000000000
68067  11.319  46.970  -9.489 0.0000000000
68068  11.331  46.381  -9.888 0.0000000000
68069  11.374  47.145  -10.162 0.0000000000
68070  10.650  50.599  -10.282 0.0000000000
68071  11.007  49.878  -9.988 0.0000000000
68072  10.429  50.001  -10.659 0.0000000000
68073  9.275  48.885  -11.895 0.0000000000
68074  9.986  48.865  -11.311 0.0000000000
68075  9.765  48.236  -11.673 0.0000000000
68076  10.264  47.509  -11.486 0.0000000000
68077  9.611  47.587  -12.046 0.0000000000
68078  9.471  46.952  -12.430 0.0000000000
68079  8.995  47.598  -12.595 0.0000000000
84623  11.932  52.423  -1.127 0.0000000000
84631  11.174  47.509  -3.476 0.0000000000
84690  9.431  45.211  -8.926 0.0000000000
84691  8.824  44.694  -9.009 0.0000000000
84692  9.411  44.641  -9.301 0.0000000000
84693  9.747  43.347  -10.329 0.0000000000
84694  9.205  43.480  -10.004 0.0000000000
84695  9.000  42.940  -10.374 0.0000000000
84696  8.344  42.424  -10.304 0.0000000000
84697  8.736  42.359  -10.689 0.0000000000
84698  10.306  43.450  -12.498 0.0000000000
84699  10.461  43.266  -11.912 0.0000000000
84700  10.159  42.719  -12.219 0.0000000000
84701  8.845  41.059  -12.231 0.0000000000
84702  9.179  41.620  -11.826 0.0000000000
84703  8.460  41.214  -11.841 0.0000000000
84704  8.240  41.275  -11.398 0.0000000000
84705  8.068  40.642  -11.672 0.0000000000
84706  8.251  39.930  -11.388 0.0000000000
84707  7.870  40.039  -11.943 0.0000000000
84720  9.101  40.092  -15.627 0.0000000000
84721  9.207  39.322  -15.265 0.0000000000
84722  8.996  39.413  -15.905 0.0000000000
96413  9.387  46.658  -6.013 0.0000000000
96414  10.079  46.583  -5.453 0.0000000000
96415  9.793  45.979  -6.051 0.0000000000
96416  10.286  45.308  -6.136 0.0000000000
96419  10.674  44.168  -6.611 0.0000000000
96420  10.521  43.627  -7.042 0.0000000000
96421  10.388  43.065  -7.449 0.0000000000
96422  10.396  42.430  -7.791 0.0000000000
96423  9.823  43.079  -7.793 0.0000000000
96424  9.237  43.140  -8.133 0.0000000000
96425  8.686  43.338  -8.619 0.0000000000
96426  8.676  45.790  -14.178 0.0000000000
96427  9.025  45.097  -14.004 0.0000000000
96428  8.738  45.141  -14.509 0.0000000000
96429  8.739  44.530  -14.854 0.0000000000
96430  8.724  43.780  -15.200 0.0000000000
96431  8.680  43.076  -15.511 0.0000000000
100723  9.387  57.473  -3.492 0.0000000000
100724  9.029  57.118  -2.980 0.0000000000
100725  9.085  56.813  -2.340 0.0000000000
100726  9.090  56.215  -2.730 0.0000000000
100727  9.250  55.364  -2.466 0.0000000000
100728  9.534  54.586  -2.272 0.0000000000
100729  9.946  53.884  -2.129 0.0000000000
100730  9.300  53.981  -2.652 0.0000000000
100731  9.052  53.383  -3.061 0.0000000000
100732  8.994  52.685  -3.553 0.0000000000
100733  11.350  51.928  -6.243 0.0000000000
100734  10.751  51.684  -5.592 0.0000000000
100735  11.016  51.079  -6.115 0.0000000000
100736  10.488  50.298  -6.105 0.0000000000
100737  9.909  49.642  -6.151 0.0000000000
100738  9.447  49.138  -6.169 0.0000000000
100739  10.091  49.141  -6.675 0.0000000000
100740  10.249  48.580  -7.206 0.0000000000
100741  10.396  48.030  -7.661 0.0000000000
100742  10.423  47.464  -8.051 0.0000000000
100743  10.998  47.995  -8.065 0.0000000000
100744  11.371  48.105  -8.629 0.0000000000
100745  11.496  48.313  -9.322 0.0000000000
100747  9.735  50.081  -11.271 0.0000000000
100748  9.035  50.039  -11.836 0.0000000000
100749  8.821  49.439  -12.171 0.0000000000
100750  8.645  48.809  -12.520 0.0000000000
100751  8.583  48.212  -12.815 0.0000000000
100752  8.302  48.772  -13.180 0.0000000000
110678  11.586  51.124  -2.052 0.0000000000
110679  12.046  51.050  -1.558 0.0000000000
110680  11.892  50.435  -2.010 0.0000000000
110681  11.958  49.791  -1.979 0.0000000000
110682  11.936  49.178  -1.951 0.0000000000
110718  10.550  45.040  -9.578 0.0000000000
110719  10.029  44.514  -9.578 0.0000000000
110720  10.473  44.461  -10.016 0.0000000000
110721  10.323  43.877  -10.414 0.0000000000
110722  10.072  43.256  -10.775 0.0000000000
110723  9.993  42.098  -13.090 0.0000000000
110724  9.946  42.077  -12.504 0.0000000000
110725  9.749  41.405  -12.812 0.0000000000
110726  9.260  40.863  -12.633 0.0000000000
110727  8.544  40.498  -12.572 0.0000000000
110728  7.928  40.016  -12.435 0.0000000000
110729  8.195  39.878  -12.858 0.0000000000
110730  7.771  39.255  -13.172 0.0000000000
110731  7.522  38.567  -13.401 0.0000000000
110733  7.773  38.424  -13.812 0.0000000000
110734  8.226  38.211  -14.165 0.0000000000
110736  8.388  40.152  -16.767 0.0000000000
110737  8.657  39.378  -16.472 0.0000000000
117384  10.524  55.478  -4.643 0.0000000000
117385  10.246  54.546  -4.412 0.0000000000
117386  10.831  54.801  -5.024 0.0000000000
117387  11.023  54.150  -5.497 0.0000000000
117388  11.242  53.503  -5.980 0.0000000000
117390  11.283  53.736  -6.907 0.0000000000
117391  11.464  52.848  -6.514 0.0000000000
117392  11.542  52.208  -7.150 0.0000000000
117393  11.630  51.541  -7.753 0.0000000000
117394  11.639  50.889  -8.356 0.0000000000
117395  11.518  50.301  -8.801 0.0000000000
117396  11.299  51.095  -9.132 0.0000000000
117397  10.790  51.195  -9.883 0.0000000000
125123  10.718  48.758  -3.845 0.0000000000
125124  11.121  48.684  -3.389 0.0000000000
125125  10.888  48.191  -3.863 0.0000000000
125126  10.981  47.608  -3.927 0.0000000000
125127  11.088  46.987  -4.021 0.0000000000
125128  10.570  46.506  -4.977 0.0000000000
125129  11.002  46.444  -4.541 0.0000000000
125130  11.404  46.372  -4.046 0.0000000000
125148  10.430  41.864  -8.109 0.0000000000
125149  10.419  41.312  -8.456 0.0000000000
125150  10.443  40.708  -8.754 0.0000000000
125151  9.952  40.777  -9.149 0.0000000000
125152  9.408  40.847  -9.536 0.0000000000
125153  8.868  40.922  -9.921 0.0000000000
125154  10.422  45.533  -12.019 0.0000000000
125155  10.662  44.747  -11.817 0.0000000000
125156  10.243  44.889  -12.411 0.0000000000
125157  10.175  44.234  -12.772 0.0000000000
125158  10.067  43.564  -13.102 0.0000000000
125159  9.396  44.383  -13.890 0.0000000000
125160  9.726  43.633  -13.687 0.0000000000
125161  9.974  42.870  -13.406 0.0000000000
125162  9.902  42.172  -13.690 0.0000000000
125163  9.777  41.482  -13.960 0.0000000000
125164  9.703  40.716  -14.193 0.0000000000
125165  9.496  39.999  -14.421 0.0000000000
125166  9.475  40.754  -14.760 0.0000000000
125167  9.183  40.810  -15.381 0.0000000000
125168  8.861  40.866  -15.924 0.0000000000
125170  8.587  41.623  -16.122 0.0000000000
125171  8.473  40.905  -16.468 0.0000000000
134563  9.423  56.695  -1.723 0.0000000000
134566  10.697  55.850  -0.381 0.0000000000
134567  11.195  55.131  -0.265 0.0000000000
134568  11.648  54.400  -0.211 0.0000000000
134569  12.097  53.685  -0.101 0.0000000000
134570  11.628  53.769  -0.726 0.0000000000
134571  11.523  53.149  -1.177 0.0000000000
134572  11.396  52.472  -1.627 0.0000000000
134573  10.322  53.184  -2.088 0.0000000000
134574  10.782  52.475  -2.096 0.0000000000
134575  11.212  51.794  -2.085 0.0000000000
134576  11.060  51.207  -2.513 0.0000000000
134577  10.904  50.556  -2.929 0.0000000000
134578  10.704  49.927  -3.369 0.0000000000
134579  9.744  53.666  -4.283 0.0000000000
134580  9.230  52.858  -4.137 0.0000000000
134581  9.034  52.010  -4.042 0.0000000000
134582  9.955  51.515  -5.066 0.0000000000
134583  9.351  51.365  -4.550 0.0000000000
134584  9.241  51.230  -3.943 0.0000000000
134585  9.661  50.559  -3.870 0.0000000000
134586  10.129  49.963  -3.833 0.0000000000
134587  10.509  49.356  -3.806 0.0000000000
134588  10.215  48.780  -4.305 0.0000000000
134589  9.920  48.264  -4.810 0.0000000000
134590  9.604  47.752  -5.325 0.0000000000
134591  9.137  48.557  -6.073 0.0000000000
134592  9.101  47.937  -5.958 0.0000000000
134593  9.177  47.300  -5.954 0.0000000000
134594  8.797  46.799  -6.561 0.0000000000
134595  8.611  46.234  -7.130 0.0000000000
134596  8.525  45.641  -7.727 0.0000000000
134597  8.527  45.129  -8.164 0.0000000000
134598  8.788  45.763  -8.231 0.0000000000
134599  9.350  45.805  -8.590 0.0000000000
134600  9.978  45.753  -8.831 0.0000000000
134601  10.473  46.899  -8.419 0.0000000000
134602  10.511  46.302  -8.793 0.0000000000
134603  10.525  45.677  -9.181 0.0000000000
134604  10.985  45.668  -9.679 0.0000000000
134605  11.154  45.791  -10.337 0.0000000000
134606  11.044  45.966  -11.012 0.0000000000
134607  11.431  49.709  -9.249 0.0000000000
134608  11.316  49.103  -9.650 0.0000000000
134609  11.229  48.528  -10.055 0.0000000000
134610  10.246  49.441  -10.983 0.0000000000
134611  10.713  48.724  -10.734 0.0000000000
134612  11.103  47.948  -10.486 0.0000000000
134613  10.879  47.349  -10.876 0.0000000000
134614  10.725  46.747  -11.293 0.0000000000
134615  10.551  46.145  -11.641 0.0000000000
134616  9.969  46.267  -12.241 0.0000000000
134617  9.332  46.339  -12.813 0.0000000000
134618  8.872  46.389  -13.323 0.0000000000
134619  8.464  47.640  -13.141 0.0000000000
134620  8.532  47.024  -13.512 0.0000000000
134621  8.508  46.433  -13.815 0.0000000000
154794  12.411  52.924  -0.037 0.0000000000
154803  11.421  48.678  -2.915 0.0000000000
154804  11.666  48.668  -2.425 0.0000000000
154875  8.566  44.584  -8.492 0.0000000000
154876  8.484  44.052  -8.825 0.0000000000
154877  8.460  43.491  -9.152 0.0000000000
154878  9.376  44.066  -9.642 0.0000000000
154879  8.574  43.574  -9.667 0.0000000000
154880  8.357  42.928  -9.467 0.0000000000
154881  8.289  42.342  -9.808 0.0000000000
154882  8.374  41.681  -10.094 0.0000000000
154883  8.402  41.063  -10.362 0.0000000000
154884  10.615  43.932  -11.567 0.0000000000
154885  10.307  43.232  -11.321 0.0000000000
154886  9.797  42.698  -11.136 0.0000000000
154887  9.763  42.105  -11.977 0.0000000000
154888  9.487  42.174  -11.469 0.0000000000
154889  9.142  42.264  -11.034 0.0000000000
154890  8.413  41.841  -11.075 0.0000000000
154891  8.236  41.194  -10.887 0.0000000000
154892  8.586  40.454  -10.644 0.0000000000
154893  8.721  39.816  -10.857 0.0000000000
154894  8.865  39.136  -11.130 0.0000000000
154911  9.317  39.279  -14.664 0.0000000000
154912  9.063  38.594  -14.891 0.0000000000
154914  8.805  38.608  -16.108 0.0000000000
