#!ascii label  , from subject fsaverage vox2ras=TkReg
286
135  24.334  -78.622  28.430 0.0000000000
1248  25.884  -74.265  34.900 0.0000000000
1252  26.266  -72.008  25.110 0.0000000000
1254  26.093  -79.961  23.048 0.0000000000
1687  23.656  -83.662  32.496 0.0000000000
3168  24.683  -76.598  31.825 0.0000000000
3172  25.146  -75.346  26.693 0.0000000000
3173  26.026  -75.979  24.144 0.0000000000
3174  25.336  -79.500  25.763 0.0000000000
3771  24.329  -80.784  36.058 0.0000000000
3772  22.974  -84.550  34.896 0.0000000000
3773  22.398  -86.171  32.039 0.0000000000
3774  20.473  -85.857  34.430 0.0000000000
7776  24.447  -78.985  33.924 0.0000000000
7777  24.007  -81.675  30.279 0.0000000000
7778  25.030  -82.911  27.677 0.0000000000
7779  24.165  -85.478  29.878 0.0000000000
9575  25.355  -83.266  24.809 0.0000000000
9576  23.945  -82.721  22.431 0.0000000000
10848  24.275  -77.774  30.062 0.0000000000
10849  25.000  -75.192  30.782 0.0000000000
10850  24.582  -76.164  29.121 0.0000000000
10851  25.037  -74.501  28.266 0.0000000000
10852  24.673  -77.071  27.484 0.0000000000
10853  24.960  -77.500  26.160 0.0000000000
10854  24.726  -79.078  27.142 0.0000000000
11452  22.427  -84.679  36.115 0.0000000000
11453  21.973  -85.411  34.643 0.0000000000
11454  21.161  -85.351  35.978 0.0000000000
15273  26.149  -71.214  26.720 0.0000000000
15277  26.910  -70.574  24.379 0.0000000000
15280  26.209  -77.976  23.646 0.0000000000
17073  23.771  -82.287  34.280 0.0000000000
17074  24.369  -79.958  34.991 0.0000000000
17075  23.843  -81.528  33.114 0.0000000000
17076  23.892  -80.475  32.007 0.0000000000
17077  23.729  -82.854  31.402 0.0000000000
17078  24.301  -83.787  30.138 0.0000000000
17079  23.910  -84.703  31.302 0.0000000000
21375  25.006  -84.723  27.212 0.0000000000
21376  25.447  -83.136  26.266 0.0000000000
24134  25.546  -75.414  33.417 0.0000000000
24141  25.557  -72.875  27.470 0.0000000000
24142  25.663  -73.620  25.920 0.0000000000
24143  26.057  -73.980  24.585 0.0000000000
24144  25.492  -75.648  25.384 0.0000000000
24145  25.555  -77.736  24.910 0.0000000000
24146  25.937  -79.715  24.481 0.0000000000
25221  23.588  -82.846  35.448 0.0000000000
25222  23.388  -84.163  33.693 0.0000000000
25223  23.415  -85.179  32.309 0.0000000000
25224  22.719  -85.372  33.430 0.0000000000
25225  21.416  -86.007  33.184 0.0000000000
29378  20.431  -85.417  37.226 0.0000000000
31377  26.521  -74.385  23.300 0.0000000000
33723  25.109  -77.528  35.567 0.0000000000
33724  25.336  -76.489  34.449 0.0000000000
33725  24.517  -77.800  32.892 0.0000000000
33726  24.006  -79.264  30.998 0.0000000000
33727  24.147  -80.284  29.319 0.0000000000
33728  24.583  -80.853  28.090 0.0000000000
33729  24.475  -82.394  28.999 0.0000000000
33730  24.784  -84.358  28.733 0.0000000000
33731  24.142  -85.818  28.370 0.0000000000
33732  23.266  -86.073  31.008 0.0000000000
33738  19.522  -86.008  35.739 0.0000000000
38963  25.163  -81.191  26.735 0.0000000000
38964  25.657  -81.418  25.369 0.0000000000
38965  25.753  -81.659  23.922 0.0000000000
38967  24.738  -83.136  23.521 0.0000000000
38968  25.206  -81.690  22.563 0.0000000000
38969  24.451  -81.495  21.525 0.0000000000
41568  24.287  -78.262  29.218 0.0000000000
41569  24.407  -76.998  29.586 0.0000000000
41570  24.380  -77.448  28.756 0.0000000000
41571  24.582  -76.635  28.287 0.0000000000
41572  24.409  -77.872  27.950 0.0000000000
41573  24.633  -78.075  27.300 0.0000000000
41574  24.498  -78.870  27.800 0.0000000000
42172  22.167  -84.633  36.795 0.0000000000
42173  21.835  -85.019  36.051 0.0000000000
42174  21.513  -85.002  36.729 0.0000000000
45993  26.170  -71.595  25.932 0.0000000000
45994  26.443  -70.429  26.341 0.0000000000
45995  26.493  -70.830  25.541 0.0000000000
45996  26.817  -70.110  25.178 0.0000000000
45997  26.588  -71.256  24.768 0.0000000000
45999  26.437  -72.229  24.465 0.0000000000
47793  23.607  -82.987  33.394 0.0000000000
47794  23.804  -81.940  33.716 0.0000000000
47795  23.661  -82.643  32.815 0.0000000000
47796  23.712  -82.202  32.227 0.0000000000
47797  23.663  -83.311  31.940 0.0000000000
47798  23.881  -83.833  31.359 0.0000000000
47799  23.760  -84.203  31.905 0.0000000000
52095  24.553  -85.362  26.989 0.0000000000
52096  24.989  -84.751  26.449 0.0000000000
55583  25.114  -76.024  32.635 0.0000000000
55584  25.641  -74.809  32.877 0.0000000000
55585  25.239  -75.378  32.094 0.0000000000
55593  25.020  -74.951  27.463 0.0000000000
55594  25.285  -73.695  27.869 0.0000000000
55595  25.285  -74.117  27.059 0.0000000000
55596  25.553  -73.268  26.673 0.0000000000
55597  25.408  -74.478  26.311 0.0000000000
55598  25.563  -74.624  25.631 0.0000000000
55599  25.325  -75.493  26.032 0.0000000000
55600  25.115  -78.513  25.964 0.0000000000
55601  25.239  -77.667  25.531 0.0000000000
55602  25.443  -78.672  25.300 0.0000000000
55603  25.799  -78.740  24.671 0.0000000000
55604  25.687  -79.627  25.101 0.0000000000
57393  23.072  -83.902  35.784 0.0000000000
57394  23.466  -83.063  36.088 0.0000000000
57395  23.281  -83.765  35.144 0.0000000000
57396  23.421  -83.593  34.505 0.0000000000
57397  23.202  -84.403  34.287 0.0000000000
57398  23.128  -84.865  33.554 0.0000000000
57399  22.827  -84.958  34.149 0.0000000000
57400  21.259  -85.610  34.585 0.0000000000
57401  21.707  -85.669  33.959 0.0000000000
57402  20.926  -85.901  33.831 0.0000000000
57403  20.608  -86.239  33.024 0.0000000000
57404  20.110  -86.166  33.645 0.0000000000
68880  26.018  -75.010  24.348 0.0000000000
68881  26.268  -74.213  23.937 0.0000000000
68882  26.293  -75.194  23.693 0.0000000000
74261  24.420  -79.486  34.472 0.0000000000
74262  24.755  -78.745  35.317 0.0000000000
74263  24.804  -78.196  34.793 0.0000000000
74264  25.205  -77.000  35.009 0.0000000000
74265  24.871  -77.696  34.207 0.0000000000
74266  24.966  -77.153  33.674 0.0000000000
74267  24.470  -78.419  33.385 0.0000000000
74268  23.821  -81.147  31.102 0.0000000000
74269  23.905  -79.865  31.495 0.0000000000
74270  23.923  -80.506  30.592 0.0000000000
74271  24.046  -79.805  30.122 0.0000000000
74272  24.072  -80.967  29.775 0.0000000000
74273  24.292  -81.345  29.146 0.0000000000
74274  24.223  -82.073  29.654 0.0000000000
74275  24.437  -84.735  29.995 0.0000000000
74276  24.595  -84.114  29.451 0.0000000000
74277  24.547  -84.988  29.288 0.0000000000
74278  24.663  -85.206  28.550 0.0000000000
74279  24.266  -85.760  29.150 0.0000000000
74280  22.971  -85.779  32.198 0.0000000000
74281  23.347  -85.678  31.686 0.0000000000
74282  22.805  -86.194  31.531 0.0000000000
74295  19.616  -85.811  37.124 0.0000000000
74296  20.023  -85.706  36.548 0.0000000000
74297  19.134  -86.105  36.392 0.0000000000
87165  24.802  -81.916  27.856 0.0000000000
87166  24.855  -81.045  27.410 0.0000000000
87167  25.096  -82.059  27.189 0.0000000000
87168  25.502  -83.200  25.563 0.0000000000
87169  25.560  -82.268  25.834 0.0000000000
87170  25.625  -82.390  25.109 0.0000000000
87171  25.787  -81.574  24.672 0.0000000000
87172  25.556  -82.491  24.361 0.0000000000
87176  23.675  -83.279  22.937 0.0000000000
87177  24.066  -83.523  23.475 0.0000000000
87178  24.359  -82.891  22.964 0.0000000000
87179  25.036  -82.405  23.047 0.0000000000
87180  24.590  -82.250  22.487 0.0000000000
87181  24.815  -81.580  22.041 0.0000000000
87182  24.159  -82.134  21.975 0.0000000000
93254  24.374  -77.172  30.959 0.0000000000
93255  24.822  -75.916  31.277 0.0000000000
93256  24.497  -76.476  30.434 0.0000000000
93257  24.682  -75.689  29.969 0.0000000000
93258  24.911  -74.863  29.517 0.0000000000
93259  25.158  -74.054  29.094 0.0000000000
93260  24.809  -75.343  28.669 0.0000000000
93261  24.800  -75.795  27.855 0.0000000000
93262  24.878  -76.226  27.077 0.0000000000
93263  25.011  -76.434  26.407 0.0000000000
93264  24.801  -77.277  26.827 0.0000000000
93265  24.821  -78.294  26.619 0.0000000000
93266  25.018  -79.331  26.439 0.0000000000
94341  22.858  -84.004  36.393 0.0000000000
94342  22.735  -84.662  35.480 0.0000000000
94343  22.528  -85.035  34.745 0.0000000000
94344  22.191  -85.051  35.381 0.0000000000
94345  21.558  -85.342  35.317 0.0000000000
94346  20.825  -85.596  35.203 0.0000000000
101219  26.222  -70.847  27.495 0.0000000000
101232  26.078  -76.957  23.914 0.0000000000
101233  26.319  -76.134  23.494 0.0000000000
104459  24.023  -81.544  35.211 0.0000000000
104460  24.385  -80.421  35.528 0.0000000000
104461  24.077  -81.173  34.623 0.0000000000
104462  24.098  -80.764  34.038 0.0000000000
104463  24.112  -80.357  33.471 0.0000000000
104464  24.131  -79.809  32.933 0.0000000000
104465  23.877  -81.036  32.543 0.0000000000
104466  23.765  -81.693  31.654 0.0000000000
104467  23.860  -82.305  30.842 0.0000000000
104468  24.140  -82.774  30.217 0.0000000000
104469  24.021  -83.369  30.788 0.0000000000
104470  24.135  -84.300  30.722 0.0000000000
104471  24.064  -85.129  30.616 0.0000000000
112203  25.192  -83.890  27.502 0.0000000000
112204  25.328  -83.066  26.983 0.0000000000
112205  25.272  -83.965  26.699 0.0000000000
112206  25.301  -84.016  25.971 0.0000000000
112207  25.114  -84.020  25.269 0.0000000000
117752  25.873  -74.804  34.170 0.0000000000
117754  25.993  -74.203  33.647 0.0000000000
117755  26.100  -73.561  33.135 0.0000000000
117768  25.668  -72.455  28.298 0.0000000000
117769  25.947  -71.655  27.881 0.0000000000
117770  25.847  -72.041  27.082 0.0000000000
117771  25.852  -72.416  26.313 0.0000000000
117772  25.958  -72.790  25.547 0.0000000000
117773  26.142  -72.991  24.853 0.0000000000
117774  25.849  -73.789  25.246 0.0000000000
117775  25.757  -74.791  24.987 0.0000000000
117776  25.726  -75.804  24.789 0.0000000000
117777  25.220  -76.569  25.769 0.0000000000
117778  25.418  -76.707  25.160 0.0000000000
117779  25.758  -76.821  24.539 0.0000000000
117780  25.898  -77.771  24.279 0.0000000000
117781  26.068  -78.831  24.043 0.0000000000
117782  26.097  -79.816  23.818 0.0000000000
120288  23.850  -82.123  36.394 0.0000000000
120289  23.922  -81.809  35.796 0.0000000000
120290  23.680  -82.590  34.849 0.0000000000
120291  23.535  -83.272  33.951 0.0000000000
120292  23.531  -83.872  33.110 0.0000000000
120293  23.607  -84.458  32.437 0.0000000000
120294  23.398  -84.647  32.976 0.0000000000
120295  23.083  -85.304  32.851 0.0000000000
120296  22.612  -85.781  32.696 0.0000000000
120297  22.348  -85.395  34.026 0.0000000000
120298  22.172  -85.732  33.327 0.0000000000
120299  21.929  -86.105  32.573 0.0000000000
130208  21.156  -85.026  37.312 0.0000000000
135633  26.319  -73.192  24.197 0.0000000000
142283  24.704  -79.256  35.821 0.0000000000
142287  25.597  -75.907  35.200 0.0000000000
142288  25.742  -75.360  34.678 0.0000000000
142289  25.464  -75.972  33.912 0.0000000000
142290  25.040  -76.596  33.154 0.0000000000
142291  24.566  -77.237  32.342 0.0000000000
142292  24.119  -79.129  32.458 0.0000000000
142293  24.146  -78.531  31.944 0.0000000000
142294  24.234  -77.906  31.440 0.0000000000
142295  24.152  -78.504  30.532 0.0000000000
142296  24.172  -79.047  29.664 0.0000000000
142297  24.263  -79.439  28.886 0.0000000000
142298  24.451  -79.736  28.286 0.0000000000
142299  24.363  -80.607  28.711 0.0000000000
142300  24.527  -81.665  28.525 0.0000000000
142301  24.772  -82.663  28.384 0.0000000000
142302  24.394  -83.148  29.575 0.0000000000
142303  24.707  -83.395  28.917 0.0000000000
142304  24.955  -83.650  28.226 0.0000000000
142305  24.975  -84.584  28.008 0.0000000000
142306  24.624  -85.308  27.738 0.0000000000
142308  23.685  -85.026  31.826 0.0000000000
142309  23.718  -85.459  31.158 0.0000000000
142310  23.700  -85.830  30.468 0.0000000000
142311  22.672  -86.524  30.844 0.0000000000
142312  23.182  -86.400  30.316 0.0000000000
142313  23.697  -86.190  29.745 0.0000000000
142314  23.561  -86.220  28.995 0.0000000000
142326  20.800  -85.382  36.620 0.0000000000
142327  20.374  -85.662  35.840 0.0000000000
142328  19.964  -85.924  35.064 0.0000000000
142331  19.574  -86.182  34.267 0.0000000000
157847  24.648  -79.963  27.636 0.0000000000
157848  24.931  -80.190  26.937 0.0000000000
157849  25.241  -80.330  26.256 0.0000000000
157850  25.412  -82.176  26.545 0.0000000000
157851  25.473  -81.250  26.075 0.0000000000
157852  25.567  -80.456  25.585 0.0000000000
157853  25.795  -80.626  24.908 0.0000000000
157854  25.942  -80.702  24.249 0.0000000000
157855  25.874  -80.795  23.493 0.0000000000
157861  25.073  -83.229  24.147 0.0000000000
157862  25.326  -82.454  23.691 0.0000000000
157863  25.509  -81.665  23.239 0.0000000000
157864  25.686  -80.864  22.792 0.0000000000
157865  25.446  -80.901  22.140 0.0000000000
157868  23.754  -81.994  21.489 0.0000000000
