#!ascii label  , from subject fsaverage vox2ras=TkReg
755
298  17.667  -86.915  25.850 0.0000000000
567  20.158  -91.094  18.464 0.0000000000
778  14.694  -87.126  36.396 0.0000000000
1255  13.177  -86.616  24.200 0.0000000000
1256  17.335  -87.192  19.996 0.0000000000
1664  8.938  -87.677  27.970 0.0000000000
1688  23.810  -85.772  26.850 0.0000000000
1689  19.007  -86.946  31.429 0.0000000000
1690  13.157  -86.955  30.597 0.0000000000
2339  20.757  -84.057  22.302 0.0000000000
2340  20.840  -85.801  17.922 0.0000000000
3176  13.817  -88.361  20.885 0.0000000000
3775  11.397  -86.339  36.178 0.0000000000
3776  13.332  -87.226  33.567 0.0000000000
3777  10.717  -86.407  33.258 0.0000000000
3778  10.513  -86.434  29.975 0.0000000000
5205  20.195  -86.013  26.685 0.0000000000
5206  22.403  -84.799  24.582 0.0000000000
5207  19.285  -85.791  23.997 0.0000000000
5208  18.474  -89.016  18.465 0.0000000000
5209  19.109  -86.964  19.110 0.0000000000
5210  20.812  -88.672  18.110 0.0000000000
5211  22.659  -87.065  17.703 0.0000000000
5984  10.084  -84.755  37.136 0.0000000000
5986  9.285  -82.940  35.872 0.0000000000
6008  18.736  -86.217  36.970 0.0000000000
6009  17.024  -86.036  38.373 0.0000000000
6010  13.148  -86.031  37.750 0.0000000000
6867  15.436  -86.096  25.375 0.0000000000
6868  17.241  -86.429  22.895 0.0000000000
6869  15.048  -86.704  21.517 0.0000000000
6870  15.929  -88.733  18.735 0.0000000000
6871  17.296  -91.050  17.989 0.0000000000
7780  21.349  -86.729  29.346 0.0000000000
7781  17.776  -86.833  28.711 0.0000000000
7782  16.691  -86.982  33.902 0.0000000000
7783  15.679  -87.377  30.894 0.0000000000
7784  15.548  -87.085  28.189 0.0000000000
7785  13.165  -85.901  27.761 0.0000000000
7786  11.140  -87.386  26.312 0.0000000000
9577  22.420  -82.312  20.305 0.0000000000
9578  18.395  -85.582  21.226 0.0000000000
9579  19.992  -84.402  19.631 0.0000000000
9580  21.885  -82.932  17.975 0.0000000000
9581  22.910  -84.037  16.508 0.0000000000
11455  9.992  -85.771  35.848 0.0000000000
11456  10.952  -86.370  34.839 0.0000000000
11457  9.586  -85.947  34.405 0.0000000000
11458  9.443  -86.168  32.741 0.0000000000
12885  18.705  -86.501  26.247 0.0000000000
12886  19.718  -85.890  25.281 0.0000000000
12887  18.689  -86.566  24.829 0.0000000000
12888  19.273  -90.025  18.251 0.0000000000
12889  19.617  -89.039  18.399 0.0000000000
12890  20.626  -89.976  18.393 0.0000000000
12891  21.847  -89.527  18.377 0.0000000000
12892  21.629  -90.820  18.712 0.0000000000
12893  22.641  -91.593  19.083 0.0000000000
13815  9.549  -83.844  36.690 0.0000000000
13855  14.488  -84.664  37.537 0.0000000000
13856  14.554  -85.537  38.050 0.0000000000
13857  12.866  -85.124  37.644 0.0000000000
13858  11.578  -85.470  37.518 0.0000000000
15285  14.239  -85.960  24.885 0.0000000000
15286  15.137  -86.063  23.555 0.0000000000
15287  14.023  -86.599  22.884 0.0000000000
15288  14.388  -89.530  19.916 0.0000000000
15289  14.752  -88.491  19.645 0.0000000000
15290  15.388  -89.709  18.861 0.0000000000
15291  16.685  -89.905  18.217 0.0000000000
15292  15.986  -90.938  18.310 0.0000000000
17080  20.796  -86.641  31.744 0.0000000000
17081  21.866  -86.730  30.718 0.0000000000
17082  20.160  -86.922  30.389 0.0000000000
17083  19.554  -86.668  29.027 0.0000000000
17084  18.329  -86.992  30.116 0.0000000000
17085  16.706  -86.873  36.647 0.0000000000
17086  17.638  -86.737  35.460 0.0000000000
17087  15.680  -87.169  35.213 0.0000000000
17088  13.139  -87.234  32.041 0.0000000000
17089  14.516  -87.355  32.258 0.0000000000
17090  14.409  -87.321  30.733 0.0000000000
17091  15.506  -87.327  29.486 0.0000000000
17092  14.490  -86.965  29.440 0.0000000000
17093  14.506  -86.449  28.094 0.0000000000
17094  13.161  -86.439  29.297 0.0000000000
17095  9.591  -86.971  28.991 0.0000000000
17096  10.664  -86.649  28.004 0.0000000000
17097  10.077  -87.716  27.302 0.0000000000
21377  24.797  -84.735  25.755 0.0000000000
21378  21.549  -84.318  23.530 0.0000000000
21379  23.296  -83.818  23.490 0.0000000000
21380  22.450  -83.408  22.473 0.0000000000
21381  23.103  -82.409  21.420 0.0000000000
21382  21.625  -83.216  21.290 0.0000000000
21383  17.088  -86.502  21.393 0.0000000000
21384  18.030  -86.104  22.239 0.0000000000
21385  17.913  -86.351  20.717 0.0000000000
21386  19.923  -86.586  18.553 0.0000000000
21387  19.330  -85.722  19.302 0.0000000000
21388  20.239  -85.099  18.549 0.0000000000
21389  20.844  -83.635  18.804 0.0000000000
21390  21.199  -84.268  17.830 0.0000000000
21391  22.283  -83.477  17.104 0.0000000000
21392  21.887  -84.977  17.279 0.0000000000
24147  12.667  -87.758  23.747 0.0000000000
24148  13.397  -87.590  22.470 0.0000000000
24149  13.035  -88.688  22.302 0.0000000000
24150  13.488  -89.583  21.039 0.0000000000
25154  8.479  -86.944  29.821 0.0000000000
25226  19.727  -86.431  32.869 0.0000000000
25227  12.856  -86.871  36.291 0.0000000000
25228  13.866  -87.180  35.073 0.0000000000
25229  12.332  -86.889  34.913 0.0000000000
25230  12.003  -86.909  33.418 0.0000000000
25231  11.830  -86.802  31.929 0.0000000000
25232  11.809  -86.529  30.466 0.0000000000
25233  10.599  -86.425  31.695 0.0000000000
25234  9.402  -86.463  30.885 0.0000000000
27801  22.056  -85.973  26.800 0.0000000000
27802  23.247  -85.402  25.643 0.0000000000
27803  21.421  -85.541  25.653 0.0000000000
27804  20.623  -85.147  24.466 0.0000000000
27805  19.980  -84.919  23.133 0.0000000000
27806  17.883  -87.992  18.941 0.0000000000
27807  18.359  -87.121  19.609 0.0000000000
27808  18.927  -88.094  18.938 0.0000000000
27809  19.856  -87.862  18.429 0.0000000000
27810  20.800  -87.378  18.112 0.0000000000
27811  21.729  -86.493  17.642 0.0000000000
27812  21.817  -88.058  18.081 0.0000000000
27813  22.801  -88.740  18.309 0.0000000000
27814  23.840  -89.309  18.537 0.0000000000
29324  9.174  -84.974  36.456 0.0000000000
29325  7.583  -84.620  35.426 0.0000000000
29326  8.391  -84.198  36.326 0.0000000000
29327  7.963  -83.254  35.801 0.0000000000
29380  17.880  -86.257  37.832 0.0000000000
29381  15.796  -86.743  37.529 0.0000000000
29383  15.061  -86.303  38.029 0.0000000000
29384  13.785  -86.766  37.314 0.0000000000
29385  12.110  -86.286  37.184 0.0000000000
29386  10.630  -85.601  36.880 0.0000000000
31383  16.523  -86.646  25.592 0.0000000000
31384  17.537  -86.658  24.344 0.0000000000
31385  16.303  -86.209  23.948 0.0000000000
31386  16.121  -86.317  22.233 0.0000000000
31387  16.190  -86.967  20.505 0.0000000000
31388  14.250  -87.494  21.055 0.0000000000
31389  15.339  -87.671  19.858 0.0000000000
31390  16.626  -87.857  19.148 0.0000000000
31391  17.245  -88.784  18.407 0.0000000000
31392  17.865  -89.997  18.142 0.0000000000
31393  18.620  -91.167  18.201 0.0000000000
33733  22.964  -86.493  29.595 0.0000000000
33734  22.569  -86.407  28.174 0.0000000000
33735  20.824  -86.364  27.945 0.0000000000
33736  18.890  -86.376  27.573 0.0000000000
33737  17.596  -86.906  27.272 0.0000000000
33739  18.587  -86.491  34.149 0.0000000000
33740  17.831  -86.808  32.599 0.0000000000
33741  14.847  -87.224  33.795 0.0000000000
33742  16.030  -87.193  32.415 0.0000000000
33743  17.256  -87.164  31.226 0.0000000000
33744  16.691  -87.290  29.792 0.0000000000
33745  16.526  -87.292  28.407 0.0000000000
33746  16.519  -87.130  26.987 0.0000000000
33747  15.609  -86.622  26.799 0.0000000000
33748  14.454  -86.010  26.576 0.0000000000
33749  13.150  -85.989  26.020 0.0000000000
33750  11.779  -86.156  28.933 0.0000000000
33751  11.824  -86.213  27.027 0.0000000000
33752  12.211  -86.876  25.282 0.0000000000
33753  11.881  -88.217  24.783 0.0000000000
38966  24.107  -84.397  24.502 0.0000000000
38970  23.661  -81.357  20.460 0.0000000000
38971  23.130  -81.368  19.304 0.0000000000
38972  18.420  -86.389  23.533 0.0000000000
38973  18.808  -85.668  22.580 0.0000000000
38974  19.361  -84.819  21.723 0.0000000000
38975  18.571  -86.128  19.993 0.0000000000
38976  19.100  -85.066  20.378 0.0000000000
38977  20.167  -84.085  20.931 0.0000000000
38978  21.005  -83.231  20.050 0.0000000000
38979  21.983  -82.464  19.094 0.0000000000
38980  22.832  -81.589  18.184 0.0000000000
38981  22.862  -81.924  17.238 0.0000000000
38983  23.816  -82.895  15.903 0.0000000000
38984  22.702  -85.530  17.068 0.0000000000
38985  23.588  -84.588  16.246 0.0000000000
42175  9.231  -85.505  35.651 0.0000000000
42176  9.758  -85.833  35.180 0.0000000000
42178  8.905  -85.812  34.130 0.0000000000
43605  18.203  -86.829  26.105 0.0000000000
43606  18.769  -86.696  25.548 0.0000000000
43607  18.228  -86.792  25.318 0.0000000000
43608  19.710  -90.567  18.291 0.0000000000
43609  19.944  -90.038  18.319 0.0000000000
43610  20.432  -90.544  18.417 0.0000000000
43611  21.132  -90.394  18.511 0.0000000000
43612  20.913  -90.999  18.584 0.0000000000
43613  21.399  -91.395  18.778 0.0000000000
44575  13.621  -84.452  37.210 0.0000000000
44576  13.668  -84.923  37.636 0.0000000000
44577  12.778  -84.619  37.333 0.0000000000
46005  13.599  -86.212  24.521 0.0000000000
46006  14.039  -86.244  23.881 0.0000000000
46007  13.561  -86.611  23.556 0.0000000000
46008  14.622  -90.142  19.455 0.0000000000
46009  14.858  -89.600  19.369 0.0000000000
46010  15.135  -90.194  19.004 0.0000000000
46011  15.683  -90.313  18.568 0.0000000000
47684  9.190  -88.099  27.096 0.0000000000
47800  19.892  -86.827  31.569 0.0000000000
47801  20.493  -86.826  31.111 0.0000000000
47802  19.564  -86.966  30.888 0.0000000000
47803  19.237  -86.955  30.220 0.0000000000
47804  18.657  -87.052  30.760 0.0000000000
47805  15.699  -87.058  36.506 0.0000000000
47806  16.161  -87.070  35.945 0.0000000000
47807  15.159  -87.189  35.815 0.0000000000
47808  13.115  -87.183  31.287 0.0000000000
47809  13.788  -87.302  31.393 0.0000000000
47810  13.811  -87.216  30.622 0.0000000000
47811  14.459  -87.228  30.011 0.0000000000
47812  13.828  -86.956  30.018 0.0000000000
47813  13.849  -86.696  29.410 0.0000000000
47814  13.176  -86.709  29.967 0.0000000000
47815  9.259  -87.371  28.497 0.0000000000
47816  9.818  -87.366  28.132 0.0000000000
47817  9.506  -87.763  27.649 0.0000000000
47818  9.779  -88.185  26.876 0.0000000000
52097  24.388  -85.313  26.268 0.0000000000
52098  21.144  -84.142  22.952 0.0000000000
52099  22.009  -83.863  23.004 0.0000000000
52100  21.569  -83.731  22.473 0.0000000000
52101  22.014  -83.291  21.941 0.0000000000
52102  21.177  -83.626  21.827 0.0000000000
52103  17.156  -86.788  20.650 0.0000000000
52104  17.554  -86.426  21.069 0.0000000000
52105  17.639  -86.790  20.378 0.0000000000
52106  20.408  -86.228  18.250 0.0000000000
52107  20.031  -85.822  18.527 0.0000000000
52108  20.510  -85.415  18.141 0.0000000000
52109  20.679  -84.643  18.177 0.0000000000
52110  20.973  -84.992  17.803 0.0000000000
52111  21.509  -84.652  17.493 0.0000000000
52112  21.331  -85.390  17.621 0.0000000000
55605  12.493  -88.319  23.600 0.0000000000
55606  12.862  -88.210  23.027 0.0000000000
55607  12.670  -88.820  22.931 0.0000000000
55609  13.105  -89.751  21.590 0.0000000000
57405  12.088  -86.614  36.235 0.0000000000
57406  12.573  -86.890  35.631 0.0000000000
57407  11.817  -86.632  35.585 0.0000000000
57408  10.805  -86.407  34.030 0.0000000000
57409  11.461  -86.671  34.105 0.0000000000
57410  11.328  -86.648  33.363 0.0000000000
57411  11.892  -86.869  32.690 0.0000000000
57412  11.264  -86.632  32.598 0.0000000000
57413  11.204  -86.593  31.851 0.0000000000
57414  10.650  -86.413  32.474 0.0000000000
57415  8.877  -86.180  32.359 0.0000000000
57416  9.423  -86.306  31.839 0.0000000000
57418  8.924  -86.687  30.379 0.0000000000
61695  21.116  -85.973  26.797 0.0000000000
61696  21.753  -85.765  26.216 0.0000000000
61697  20.813  -85.797  26.168 0.0000000000
61698  19.506  -85.813  24.629 0.0000000000
61699  20.184  -85.514  24.899 0.0000000000
61700  19.913  -85.383  24.225 0.0000000000
61701  20.310  -84.992  23.824 0.0000000000
61702  19.605  -85.351  23.526 0.0000000000
61703  18.185  -88.491  18.668 0.0000000000
61704  18.450  -88.074  18.986 0.0000000000
61705  18.737  -88.591  18.726 0.0000000000
61706  20.192  -88.955  18.264 0.0000000000
61707  19.762  -88.483  18.434 0.0000000000
61708  20.305  -88.297  18.192 0.0000000000
61709  20.336  -87.673  18.182 0.0000000000
61710  20.809  -88.036  18.098 0.0000000000
61711  21.289  -87.703  18.045 0.0000000000
61712  21.298  -88.392  18.153 0.0000000000
61714  22.335  -89.144  18.357 0.0000000000
61715  22.829  -89.513  18.541 0.0000000000
61716  23.293  -89.089  18.421 0.0000000000
64484  9.594  -84.847  36.831 0.0000000000
64485  8.755  -84.610  36.438 0.0000000000
64486  9.179  -84.428  36.786 0.0000000000
64487  9.355  -83.387  36.385 0.0000000000
64488  8.710  -83.565  36.329 0.0000000000
64489  8.576  -83.102  35.934 0.0000000000
64490  7.852  -82.792  35.315 0.0000000000
64491  8.519  -82.641  35.392 0.0000000000
64602  17.447  -86.176  38.154 0.0000000000
64603  16.871  -86.583  37.669 0.0000000000
64604  16.402  -86.487  37.976 0.0000000000
64608  13.827  -85.822  37.938 0.0000000000
64609  14.769  -85.956  38.121 0.0000000000
64610  14.086  -86.234  37.882 0.0000000000
64611  14.413  -86.570  37.722 0.0000000000
64612  13.479  -86.441  37.607 0.0000000000
64613  12.940  -86.567  37.254 0.0000000000
64614  12.613  -86.172  37.495 0.0000000000
64615  10.836  -85.119  37.326 0.0000000000
64616  11.081  -85.545  37.237 0.0000000000
64617  10.322  -85.216  37.075 0.0000000000
64618  9.913  -85.269  36.677 0.0000000000
68895  15.975  -86.376  25.481 0.0000000000
68896  16.436  -86.390  24.807 0.0000000000
68897  15.867  -86.070  24.707 0.0000000000
68898  15.003  -86.298  22.475 0.0000000000
68899  15.619  -86.169  22.845 0.0000000000
68900  15.531  -86.430  21.862 0.0000000000
68901  16.042  -86.532  21.352 0.0000000000
68902  15.603  -86.831  20.965 0.0000000000
68903  13.583  -88.003  21.658 0.0000000000
68904  13.794  -87.461  21.732 0.0000000000
68905  13.990  -87.926  20.956 0.0000000000
68906  15.308  -88.628  19.117 0.0000000000
68907  14.987  -88.079  19.720 0.0000000000
68908  15.577  -88.181  19.179 0.0000000000
68909  15.965  -87.776  19.417 0.0000000000
68910  16.257  -88.278  18.889 0.0000000000
68911  16.935  -88.305  18.710 0.0000000000
68912  16.616  -88.798  18.519 0.0000000000
68913  16.994  -90.486  18.081 0.0000000000
68914  17.305  -89.913  18.094 0.0000000000
68915  17.611  -90.534  18.068 0.0000000000
68916  18.259  -90.592  18.139 0.0000000000
68917  17.947  -91.157  18.072 0.0000000000
68918  18.284  -91.720  18.142 0.0000000000
73957  7.228  -84.181  35.343 0.0000000000
74283  21.615  -86.793  30.046 0.0000000000
74284  22.423  -86.643  30.173 0.0000000000
74285  22.191  -86.681  29.471 0.0000000000
74286  22.769  -86.524  28.883 0.0000000000
74287  21.924  -86.608  28.793 0.0000000000
74288  21.694  -86.442  28.106 0.0000000000
74289  21.061  -86.572  28.652 0.0000000000
74290  18.606  -86.693  28.873 0.0000000000
74291  19.191  -86.496  28.308 0.0000000000
74292  18.323  -86.579  28.160 0.0000000000
74293  18.171  -86.607  27.424 0.0000000000
74294  17.637  -86.857  27.972 0.0000000000
74298  17.151  -86.902  34.713 0.0000000000
74299  18.091  -86.613  34.812 0.0000000000
74300  17.635  -86.767  34.038 0.0000000000
74301  18.192  -86.679  33.353 0.0000000000
74302  17.223  -86.889  33.229 0.0000000000
74303  13.555  -87.186  34.327 0.0000000000
74304  14.377  -87.233  34.435 0.0000000000
74305  14.104  -87.273  33.673 0.0000000000
74306  15.107  -87.374  31.561 0.0000000000
74307  15.255  -87.298  32.323 0.0000000000
74308  15.850  -87.303  31.658 0.0000000000
74309  16.675  -87.194  31.798 0.0000000000
74310  16.412  -87.284  31.057 0.0000000000
74311  16.939  -87.237  30.506 0.0000000000
74312  16.166  -87.339  30.346 0.0000000000
74313  15.527  -87.253  28.805 0.0000000000
74314  16.005  -87.342  28.950 0.0000000000
74315  16.027  -87.340  28.279 0.0000000000
74316  16.508  -87.309  27.696 0.0000000000
74317  16.045  -87.122  27.595 0.0000000000
74318  16.048  -86.924  26.885 0.0000000000
74319  15.590  -86.861  27.508 0.0000000000
74320  13.874  -86.163  27.968 0.0000000000
74321  14.497  -86.203  27.328 0.0000000000
74322  13.840  -85.942  27.165 0.0000000000
74323  13.811  -85.939  26.324 0.0000000000
74324  13.150  -85.897  26.900 0.0000000000
74325  11.132  -86.435  30.262 0.0000000000
74326  11.793  -86.369  29.706 0.0000000000
74327  11.107  -86.306  29.459 0.0000000000
74328  10.862  -86.977  27.127 0.0000000000
74329  11.192  -86.421  27.506 0.0000000000
74330  11.388  -86.720  26.622 0.0000000000
74331  11.962  -86.472  26.131 0.0000000000
74332  11.670  -87.100  25.793 0.0000000000
74333  12.020  -87.586  24.988 0.0000000000
74334  11.504  -87.829  25.525 0.0000000000
87173  22.810  -85.074  25.107 0.0000000000
87174  23.694  -84.930  25.049 0.0000000000
87175  23.303  -84.630  24.530 0.0000000000
87183  22.763  -82.308  20.864 0.0000000000
87184  23.404  -81.899  20.959 0.0000000000
87185  23.040  -81.813  20.413 0.0000000000
87186  23.352  -81.354  19.864 0.0000000000
87187  22.782  -81.856  19.789 0.0000000000
87188  17.394  -86.558  23.582 0.0000000000
87189  18.021  -86.597  23.900 0.0000000000
87190  17.875  -86.480  23.248 0.0000000000
87191  18.208  -85.812  21.722 0.0000000000
87192  18.416  -85.908  22.403 0.0000000000
87193  18.593  -85.571  21.898 0.0000000000
87194  19.059  -85.217  22.116 0.0000000000
87195  18.830  -85.219  21.435 0.0000000000
87196  18.747  -87.066  19.396 0.0000000000
87197  18.460  -86.622  19.779 0.0000000000
87198  18.798  -86.524  19.486 0.0000000000
87199  19.606  -85.076  19.465 0.0000000000
87200  19.181  -85.383  19.813 0.0000000000
87201  19.520  -84.787  20.006 0.0000000000
87202  19.598  -84.599  20.658 0.0000000000
87203  20.046  -84.221  20.271 0.0000000000
87204  20.605  -83.675  20.521 0.0000000000
87205  20.464  -83.804  19.861 0.0000000000
87206  21.346  -83.264  18.379 0.0000000000
87207  21.405  -83.066  18.965 0.0000000000
87208  21.879  -82.638  18.505 0.0000000000
87209  22.404  -82.034  18.619 0.0000000000
87210  22.374  -82.284  18.083 0.0000000000
87211  22.821  -81.772  17.686 0.0000000000
87212  22.411  -82.531  17.594 0.0000000000
87213  22.562  -83.742  16.705 0.0000000000
87214  22.786  -82.953  16.690 0.0000000000
87215  23.029  -83.202  16.364 0.0000000000
87217  23.355  -83.497  16.154 0.0000000000
87218  22.195  -86.788  17.602 0.0000000000
87219  22.202  -85.999  17.366 0.0000000000
87220  22.640  -86.253  17.391 0.0000000000
94347  10.718  -86.071  36.083 0.0000000000
94348  11.119  -86.342  35.571 0.0000000000
94349  10.475  -86.091  35.404 0.0000000000
94350  10.319  -86.127  34.693 0.0000000000
94351  10.151  -86.205  33.866 0.0000000000
94352  10.067  -86.238  33.051 0.0000000000
94353  9.465  -86.060  33.601 0.0000000000
94354  8.878  -85.969  33.302 0.0000000000
96921  19.338  -86.213  26.450 0.0000000000
96922  19.917  -85.937  25.960 0.0000000000
96923  19.244  -86.249  25.742 0.0000000000
96924  19.119  -86.270  25.044 0.0000000000
96925  19.033  -86.213  24.386 0.0000000000
96926  18.849  -89.518  18.343 0.0000000000
96927  19.050  -89.046  18.471 0.0000000000
96928  19.478  -89.534  18.335 0.0000000000
96929  20.096  -89.538  18.352 0.0000000000
96930  20.749  -89.343  18.263 0.0000000000
96931  21.315  -89.088  18.230 0.0000000000
96932  21.293  -89.762  18.360 0.0000000000
96933  21.785  -90.172  18.600 0.0000000000
96936  22.146  -91.197  18.918 0.0000000000
96937  21.889  -91.773  18.950 0.0000000000
98594  10.650  -84.642  37.292 0.0000000000
98595  9.793  -84.300  36.960 0.0000000000
98596  10.410  -84.158  37.026 0.0000000000
98597  10.234  -83.681  36.674 0.0000000000
98598  10.102  -83.219  36.229 0.0000000000
98670  13.693  -85.358  37.877 0.0000000000
98671  12.969  -85.616  37.799 0.0000000000
98672  12.361  -85.767  37.622 0.0000000000
98673  12.182  -85.329  37.627 0.0000000000
98674  11.391  -85.012  37.482 0.0000000000
101241  14.839  -85.989  25.150 0.0000000000
101242  15.271  -86.022  24.492 0.0000000000
101243  14.655  -86.041  24.223 0.0000000000
101244  14.505  -86.260  23.177 0.0000000000
101245  14.510  -86.608  22.147 0.0000000000
101246  14.101  -88.915  20.363 0.0000000000
101247  14.227  -88.353  20.266 0.0000000000
101248  14.542  -88.962  19.777 0.0000000000
101249  15.071  -89.104  19.200 0.0000000000
101250  15.626  -89.225  18.731 0.0000000000
101251  16.316  -89.315  18.454 0.0000000000
101252  16.001  -89.820  18.463 0.0000000000
101253  16.354  -90.450  18.242 0.0000000000
101254  16.656  -91.020  18.067 0.0000000000
104472  21.696  -86.487  31.883 0.0000000000
104473  22.179  -86.559  31.355 0.0000000000
104474  21.363  -86.693  31.252 0.0000000000
104475  21.046  -86.842  30.599 0.0000000000
104476  20.778  -86.862  29.907 0.0000000000
104477  20.469  -86.714  29.200 0.0000000000
104478  19.869  -86.846  29.720 0.0000000000
104479  18.923  -86.828  29.557 0.0000000000
104480  18.028  -86.919  29.413 0.0000000000
104481  17.755  -86.573  36.788 0.0000000000
104482  18.213  -86.511  36.212 0.0000000000
104483  17.192  -86.825  36.080 0.0000000000
104484  16.660  -87.007  35.343 0.0000000000
104485  16.186  -87.083  34.577 0.0000000000
104486  13.185  -87.254  32.797 0.0000000000
104487  13.916  -87.312  32.916 0.0000000000
104488  13.839  -87.346  32.167 0.0000000000
104489  14.423  -87.375  31.495 0.0000000000
104490  15.019  -87.383  30.835 0.0000000000
104491  15.559  -87.378  30.195 0.0000000000
104492  15.035  -87.323  30.107 0.0000000000
104493  15.035  -87.235  29.413 0.0000000000
104494  15.035  -87.032  28.800 0.0000000000
104495  15.057  -86.827  28.144 0.0000000000
104496  14.501  -86.728  28.803 0.0000000000
104497  13.892  -86.429  28.732 0.0000000000
104498  13.167  -86.186  28.551 0.0000000000
104499  10.033  -86.681  29.491 0.0000000000
104500  10.566  -86.524  28.963 0.0000000000
104501  10.141  -86.853  28.512 0.0000000000
104502  10.356  -87.182  27.658 0.0000000000
104503  10.626  -87.580  26.859 0.0000000000
104504  10.952  -88.025  26.088 0.0000000000
104505  10.387  -88.161  26.572 0.0000000000
112208  21.945  -84.537  24.106 0.0000000000
112209  22.870  -84.335  24.041 0.0000000000
112210  22.424  -84.057  23.553 0.0000000000
112211  22.879  -83.571  22.981 0.0000000000
112212  23.262  -83.071  22.466 0.0000000000
112213  23.522  -82.542  21.976 0.0000000000
112214  22.847  -82.937  21.961 0.0000000000
112215  22.429  -82.810  21.384 0.0000000000
112216  22.042  -82.768  20.806 0.0000000000
112217  17.142  -86.413  22.171 0.0000000000
112218  17.693  -86.352  22.583 0.0000000000
112219  17.564  -86.286  21.818 0.0000000000
112220  17.898  -86.119  21.427 0.0000000000
112221  18.152  -85.968  20.999 0.0000000000
112222  19.500  -86.803  18.805 0.0000000000
112223  19.160  -86.336  19.155 0.0000000000
112224  19.560  -86.143  18.878 0.0000000000
112225  19.746  -85.452  18.986 0.0000000000
112226  20.053  -84.735  19.074 0.0000000000
112227  20.395  -83.995  19.263 0.0000000000
112228  20.507  -84.339  18.660 0.0000000000
112229  20.962  -83.928  18.265 0.0000000000
112230  21.512  -83.581  17.891 0.0000000000
112231  22.058  -83.236  17.532 0.0000000000
112232  21.749  -83.908  17.481 0.0000000000
112233  22.068  -84.227  17.110 0.0000000000
112234  22.436  -84.530  16.893 0.0000000000
117783  12.862  -87.171  23.898 0.0000000000
117784  13.222  -87.109  23.243 0.0000000000
117785  13.042  -87.657  23.125 0.0000000000
117786  13.216  -88.136  22.377 0.0000000000
117787  13.421  -88.523  21.612 0.0000000000
117788  12.866  -89.294  22.243 0.0000000000
117789  13.253  -89.123  21.625 0.0000000000
117790  13.677  -88.980  20.977 0.0000000000
117791  13.985  -89.508  20.469 0.0000000000
117792  14.166  -90.110  19.952 0.0000000000
120134  8.703  -87.281  28.905 0.0000000000
120135  8.439  -87.562  28.101 0.0000000000
120136  8.217  -87.186  29.038 0.0000000000
120300  21.096  -86.373  32.384 0.0000000000
120301  20.233  -86.555  32.263 0.0000000000
120302  19.363  -86.706  32.135 0.0000000000
120303  13.741  -87.073  36.329 0.0000000000
120304  14.244  -87.177  35.741 0.0000000000
120305  13.333  -87.129  35.723 0.0000000000
120306  13.058  -87.070  34.990 0.0000000000
120307  12.780  -87.082  34.240 0.0000000000
120308  11.627  -86.644  34.882 0.0000000000
120309  12.141  -86.911  34.169 0.0000000000
120310  12.643  -87.115  33.469 0.0000000000
120311  12.529  -87.102  32.721 0.0000000000
120312  12.449  -87.099  31.948 0.0000000000
120313  12.478  -86.911  31.244 0.0000000000
120314  12.502  -86.722  30.538 0.0000000000
120315  11.792  -86.678  31.202 0.0000000000
120316  11.186  -86.502  31.084 0.0000000000
120317  10.569  -86.458  30.854 0.0000000000
120318  9.997  -86.285  32.226 0.0000000000
120319  9.977  -86.393  31.335 0.0000000000
120320  9.958  -86.496  30.451 0.0000000000
120321  9.468  -86.708  29.920 0.0000000000
120322  9.020  -86.987  29.400 0.0000000000
126309  22.955  -85.945  26.816 0.0000000000
126310  23.550  -85.594  26.207 0.0000000000
126311  22.670  -85.771  26.160 0.0000000000
126312  22.302  -85.464  25.662 0.0000000000
126313  21.864  -85.186  25.139 0.0000000000
126314  20.461  -85.639  25.525 0.0000000000
126315  20.960  -85.310  25.088 0.0000000000
126316  21.442  -84.948  24.620 0.0000000000
126317  21.082  -84.758  24.024 0.0000000000
126318  20.703  -84.595  23.416 0.0000000000
126319  20.363  -84.490  22.731 0.0000000000
126320  17.589  -87.573  19.392 0.0000000000
126321  17.879  -87.177  19.760 0.0000000000
126322  18.170  -87.595  19.304 0.0000000000
126323  18.680  -87.582  19.278 0.0000000000
126324  19.045  -87.555  19.085 0.0000000000
126325  19.238  -88.586  18.674 0.0000000000
126326  19.379  -88.025  18.730 0.0000000000
126327  19.455  -87.440  18.762 0.0000000000
126328  19.885  -87.259  18.499 0.0000000000
126329  20.341  -86.987  18.291 0.0000000000
126330  20.781  -86.622  18.065 0.0000000000
126331  21.212  -86.191  17.775 0.0000000000
126332  21.271  -86.953  17.925 0.0000000000
126333  21.778  -87.286  17.884 0.0000000000
126334  22.236  -87.592  17.930 0.0000000000
126335  21.827  -88.780  18.225 0.0000000000
126336  22.311  -88.397  18.172 0.0000000000
126339  23.781  -88.438  18.238 0.0000000000
130064  8.800  -85.130  35.952 0.0000000000
130065  7.985  -85.058  35.389 0.0000000000
130066  8.364  -84.790  36.005 0.0000000000
130067  7.963  -84.415  35.970 0.0000000000
130068  7.607  -83.964  35.798 0.0000000000
130069  8.914  -84.009  36.587 0.0000000000
130070  8.092  -83.740  36.128 0.0000000000
130071  7.423  -83.510  35.488 0.0000000000
130080  9.297  -82.544  35.291 0.0000000000
130081  8.582  -82.292  34.767 0.0000000000
130214  18.271  -86.277  37.460 0.0000000000
130215  17.291  -86.601  37.271 0.0000000000
130216  16.292  -86.831  37.134 0.0000000000
130217  15.244  -86.974  37.016 0.0000000000
130222  15.780  -85.972  38.268 0.0000000000
130223  16.033  -86.282  38.160 0.0000000000
130224  15.370  -86.571  37.827 0.0000000000
130225  14.692  -86.851  37.424 0.0000000000
130226  14.195  -86.994  36.902 0.0000000000
130227  13.264  -86.848  36.849 0.0000000000
130228  12.452  -86.594  36.788 0.0000000000
130229  11.741  -86.325  36.740 0.0000000000
130230  11.804  -85.880  37.431 0.0000000000
130231  11.382  -85.935  37.047 0.0000000000
130232  11.015  -85.997  36.606 0.0000000000
130233  10.274  -85.681  36.414 0.0000000000
130234  9.535  -85.390  36.202 0.0000000000
135651  17.091  -86.867  25.663 0.0000000000
135652  17.663  -86.820  25.067 0.0000000000
135653  17.036  -86.645  24.919 0.0000000000
135654  16.907  -86.469  24.107 0.0000000000
135655  16.764  -86.360  23.332 0.0000000000
135656  15.731  -86.073  23.803 0.0000000000
135657  16.197  -86.211  23.071 0.0000000000
135658  16.692  -86.374  22.523 0.0000000000
135659  16.616  -86.448  21.754 0.0000000000
135660  16.627  -86.693  20.916 0.0000000000
135661  16.792  -87.087  20.176 0.0000000000
135662  13.638  -87.032  22.565 0.0000000000
135663  14.099  -87.010  21.874 0.0000000000
135664  14.600  -87.068  21.200 0.0000000000
135665  14.455  -87.971  20.316 0.0000000000
135666  14.764  -87.564  20.435 0.0000000000
135667  15.160  -87.150  20.605 0.0000000000
135668  15.772  -87.329  20.082 0.0000000000
135669  16.396  -87.408  19.748 0.0000000000
135670  17.000  -87.505  19.540 0.0000000000
135671  17.291  -87.891  18.992 0.0000000000
135672  17.584  -88.364  18.644 0.0000000000
135673  17.908  -88.908  18.408 0.0000000000
135674  16.968  -89.345  18.290 0.0000000000
135675  17.578  -89.389  18.247 0.0000000000
135676  18.200  -89.473  18.287 0.0000000000
135677  18.575  -90.003  18.212 0.0000000000
135678  18.956  -90.571  18.224 0.0000000000
135679  19.371  -91.140  18.337 0.0000000000
135680  19.801  -91.679  18.565 0.0000000000
135681  18.972  -91.722  18.346 0.0000000000
142307  24.036  -85.846  27.584 0.0000000000
142315  23.446  -86.247  28.252 0.0000000000
142316  23.230  -86.120  27.503 0.0000000000
142317  22.350  -86.201  27.463 0.0000000000
142318  21.460  -86.181  27.388 0.0000000000
142319  20.518  -86.164  27.322 0.0000000000
142320  20.141  -86.506  28.480 0.0000000000
142321  19.809  -86.324  27.769 0.0000000000
142322  19.551  -86.197  27.128 0.0000000000
142323  18.731  -86.376  26.891 0.0000000000
142324  18.142  -86.674  26.746 0.0000000000
142325  17.632  -87.002  26.610 0.0000000000
142329  18.578  -86.420  35.560 0.0000000000
142330  19.016  -86.285  34.935 0.0000000000
142332  19.152  -86.418  33.471 0.0000000000
142333  18.787  -86.653  32.720 0.0000000000
142334  18.454  -86.854  32.020 0.0000000000
142335  14.757  -87.212  35.128 0.0000000000
142336  15.264  -87.205  34.492 0.0000000000
142337  15.743  -87.126  33.849 0.0000000000
142338  14.642  -87.287  33.034 0.0000000000
142339  15.388  -87.200  33.114 0.0000000000
142340  16.311  -87.073  33.134 0.0000000000
142341  16.921  -87.020  32.500 0.0000000000
142342  17.541  -87.006  31.905 0.0000000000
142343  18.134  -87.028  31.334 0.0000000000
142344  17.771  -87.110  30.672 0.0000000000
142345  17.468  -87.175  29.949 0.0000000000
142346  17.233  -87.121  29.244 0.0000000000
142347  16.011  -87.365  29.609 0.0000000000
142348  16.567  -87.335  29.124 0.0000000000
142349  17.096  -87.110  28.531 0.0000000000
142350  17.041  -87.131  27.819 0.0000000000
142351  17.052  -87.181  27.137 0.0000000000
142352  17.075  -87.017  26.391 0.0000000000
142353  16.541  -86.916  26.270 0.0000000000
142354  16.038  -86.667  26.191 0.0000000000
142355  15.535  -86.366  26.092 0.0000000000
142356  15.087  -86.525  27.432 0.0000000000
142357  15.076  -86.307  26.699 0.0000000000
142358  14.990  -86.056  25.990 0.0000000000
142359  14.380  -85.936  25.756 0.0000000000
142360  13.741  -85.964  25.468 0.0000000000
142361  13.179  -86.213  25.112 0.0000000000
142362  12.487  -86.512  29.879 0.0000000000
142363  12.466  -86.269  29.131 0.0000000000
142364  12.451  -86.006  28.356 0.0000000000
142365  11.141  -86.327  28.461 0.0000000000
142366  11.779  -86.146  27.948 0.0000000000
142367  12.456  -85.994  27.433 0.0000000000
142368  12.492  -86.049  26.555 0.0000000000
142369  12.578  -86.303  25.622 0.0000000000
142370  12.732  -86.703  24.764 0.0000000000
142371  12.462  -87.352  24.487 0.0000000000
142372  12.290  -87.959  24.282 0.0000000000
142374  11.313  -88.414  25.335 0.0000000000
157856  24.077  -85.140  25.651 0.0000000000
157857  24.480  -84.590  25.116 0.0000000000
157858  24.822  -83.925  24.612 0.0000000000
157859  23.711  -84.103  24.006 0.0000000000
157860  24.447  -83.805  24.003 0.0000000000
157867  24.648  -80.853  21.085 0.0000000000
157869  24.050  -81.434  21.012 0.0000000000
157870  24.232  -80.799  20.537 0.0000000000
157871  23.936  -80.775  19.996 0.0000000000
157874  18.176  -86.728  24.574 0.0000000000
157875  18.598  -86.498  24.156 0.0000000000
157876  18.822  -86.149  23.754 0.0000000000
157877  18.203  -86.223  22.861 0.0000000000
157878  18.634  -86.030  23.078 0.0000000000
157879  19.032  -85.734  23.293 0.0000000000
157880  19.318  -85.285  22.830 0.0000000000
157881  19.661  -84.836  22.435 0.0000000000
157882  20.004  -84.435  22.064 0.0000000000
157883  18.078  -86.715  20.071 0.0000000000
157884  18.231  -86.250  20.344 0.0000000000
157885  18.416  -85.808  20.573 0.0000000000
157886  18.939  -85.956  19.643 0.0000000000
157887  18.787  -85.619  20.182 0.0000000000
157888  18.711  -85.324  20.780 0.0000000000
157889  19.180  -84.896  21.052 0.0000000000
157890  19.735  -84.460  21.347 0.0000000000
157891  20.409  -84.001  21.638 0.0000000000
157892  20.844  -83.609  21.154 0.0000000000
157893  21.286  -83.198  20.684 0.0000000000
157894  21.725  -82.785  20.209 0.0000000000
157895  20.910  -83.407  19.422 0.0000000000
157896  21.521  -82.888  19.581 0.0000000000
157897  22.175  -82.373  19.686 0.0000000000
157898  22.576  -81.915  19.189 0.0000000000
157899  22.936  -81.457  18.727 0.0000000000
157900  23.370  -80.900  18.338 0.0000000000
157901  23.272  -81.053  17.789 0.0000000000
157904  22.568  -82.725  17.134 0.0000000000
157910  21.714  -85.720  17.488 0.0000000000
157911  22.307  -85.289  17.128 0.0000000000
157912  22.819  -84.838  16.759 0.0000000000
157913  23.142  -85.791  17.004 0.0000000000
157914  23.193  -85.091  16.665 0.0000000000
157915  23.264  -84.340  16.357 0.0000000000
157916  23.693  -83.779  15.985 0.0000000000
157917  24.129  -83.160  15.698 0.0000000000
