#!ascii label  , from subject fsaverage vox2ras=TkReg
759
157  52.384  -53.825  -4.572 0.0000000000
625  60.750  -50.292  3.229 0.0000000000
1399  53.947  -54.535  -2.044 0.0000000000
1400  58.287  -52.175  -1.871 0.0000000000
1401  56.127  -49.627  -4.603 0.0000000000
1403  53.785  -48.858  -7.456 0.0000000000
2511  60.047  -45.332  -0.605 0.0000000000
2512  60.037  -55.354  2.282 0.0000000000
2513  62.531  -49.008  -0.711 0.0000000000
2523  53.859  -55.662  -7.259 0.0000000000
3319  53.113  -54.161  -3.585 0.0000000000
3320  55.178  -52.209  -3.388 0.0000000000
3321  53.752  -51.315  -4.626 0.0000000000
3322  54.791  -48.986  -5.902 0.0000000000
3323  52.902  -51.255  -6.073 0.0000000000
3330  53.489  -55.078  -16.124 0.0000000000
5631  59.072  -48.306  2.187 0.0000000000
5632  58.417  -45.796  0.768 0.0000000000
5633  60.807  -47.730  1.304 0.0000000000
5637  59.788  -49.345  -3.427 0.0000000000
5638  60.572  -50.930  -1.551 0.0000000000
5664  55.334  -56.912  -8.415 0.0000000000
5665  54.225  -53.524  -9.400 0.0000000000
5666  55.481  -54.660  -10.662 0.0000000000
7124  59.869  -52.829  4.598 0.0000000000
7125  54.509  -55.797  -0.167 0.0000000000
7126  57.013  -54.974  0.216 0.0000000000
7127  56.004  -53.192  -1.919 0.0000000000
7128  57.353  -50.719  -3.462 0.0000000000
7129  58.943  -48.202  -4.851 0.0000000000
7144  56.281  -55.702  -12.767 0.0000000000
7145  55.475  -55.793  -15.065 0.0000000000
7986  52.022  -56.304  -0.261 0.0000000000
7987  51.974  -56.070  -1.872 0.0000000000
7988  51.749  -56.170  -3.152 0.0000000000
10092  60.909  -52.751  3.007 0.0000000000
10093  59.448  -54.053  0.114 0.0000000000
10094  61.022  -52.210  0.852 0.0000000000
10095  62.135  -49.822  1.602 0.0000000000
10096  62.538  -46.979  -0.117 0.0000000000
10116  51.623  -56.762  -3.876 0.0000000000
10124  52.387  -57.711  -4.793 0.0000000000
10125  52.626  -54.442  -6.048 0.0000000000
10126  53.115  -52.269  -8.048 0.0000000000
10127  53.463  -49.736  -9.233 0.0000000000
10999  52.707  -53.976  -4.035 0.0000000000
11000  53.448  -52.755  -3.960 0.0000000000
11001  52.951  -52.529  -4.545 0.0000000000
11002  53.227  -51.179  -5.322 0.0000000000
11003  52.649  -52.543  -5.264 0.0000000000
13309  59.855  -50.567  3.819 0.0000000000
13310  59.077  -49.639  3.273 0.0000000000
13311  60.031  -49.357  2.696 0.0000000000
13312  59.973  -48.051  1.739 0.0000000000
13313  60.929  -49.034  2.196 0.0000000000
13317  60.832  -48.108  -4.109 0.0000000000
13318  61.203  -48.760  -3.252 0.0000000000
13344  55.786  -57.346  -9.061 0.0000000000
13345  55.585  -55.803  -9.531 0.0000000000
13346  56.122  -56.277  -10.225 0.0000000000
15714  54.168  -54.951  -1.130 0.0000000000
15715  55.268  -54.402  -0.975 0.0000000000
15716  54.985  -53.834  -1.936 0.0000000000
15717  55.575  -50.857  -4.000 0.0000000000
15718  56.266  -51.413  -3.465 0.0000000000
15719  56.745  -50.111  -4.015 0.0000000000
15720  58.073  -49.444  -4.128 0.0000000000
15721  57.552  -48.977  -4.713 0.0000000000
15722  58.328  -47.864  -5.398 0.0000000000
15723  56.904  -48.545  -5.382 0.0000000000
15724  54.226  -48.793  -6.626 0.0000000000
15725  55.545  -47.884  -6.459 0.0000000000
15726  54.898  -47.692  -7.187 0.0000000000
15746  54.248  -56.254  -14.532 0.0000000000
15747  53.816  -53.896  -17.041 0.0000000000
15748  54.917  -54.482  -16.956 0.0000000000
17522  52.276  -57.061  0.703 0.0000000000
17527  51.892  -56.224  -2.584 0.0000000000
22654  59.216  -45.616  0.087 0.0000000000
22655  57.807  -44.994  -0.425 0.0000000000
22664  59.949  -55.588  3.284 0.0000000000
22665  60.285  -54.224  3.508 0.0000000000
22666  60.519  -54.130  2.632 0.0000000000
22667  57.698  -53.539  -0.870 0.0000000000
22668  58.319  -54.599  0.124 0.0000000000
22669  58.833  -53.189  -0.858 0.0000000000
22670  61.615  -49.940  -1.130 0.0000000000
22671  60.835  -51.586  -0.422 0.0000000000
22672  61.751  -50.506  0.031 0.0000000000
22673  61.712  -51.018  1.257 0.0000000000
22674  62.411  -49.440  0.505 0.0000000000
22675  62.439  -48.352  0.697 0.0000000000
22676  62.899  -48.007  -0.314 0.0000000000
22725  50.940  -57.649  -2.737 0.0000000000
22726  51.114  -58.067  -3.201 0.0000000000
22745  54.034  -57.359  -6.618 0.0000000000
22746  53.069  -58.330  -5.401 0.0000000000
22747  53.227  -56.632  -6.090 0.0000000000
22748  52.547  -56.044  -5.590 0.0000000000
22749  53.139  -54.959  -6.678 0.0000000000
22750  52.842  -53.274  -7.072 0.0000000000
22751  53.425  -53.918  -7.894 0.0000000000
22752  54.152  -52.353  -10.124 0.0000000000
22753  53.610  -51.676  -9.504 0.0000000000
22754  53.704  -50.297  -10.093 0.0000000000
22757  56.546  -54.422  -13.781 0.0000000000
22758  56.135  -54.051  -12.616 0.0000000000
24405  53.538  -54.384  -2.960 0.0000000000
24406  54.611  -53.442  -2.798 0.0000000000
24407  54.048  -53.096  -3.403 0.0000000000
24408  54.409  -51.729  -3.923 0.0000000000
24409  54.888  -50.380  -4.616 0.0000000000
24410  55.495  -49.322  -5.208 0.0000000000
24411  54.278  -50.058  -5.299 0.0000000000
24412  53.693  -49.968  -6.035 0.0000000000
24413  53.316  -50.048  -6.888 0.0000000000
24425  52.054  -55.442  -15.149 0.0000000000
24426  52.332  -54.563  -16.096 0.0000000000
24427  52.789  -53.304  -16.848 0.0000000000
28568  57.594  -45.907  1.364 0.0000000000
28569  58.784  -46.993  1.500 0.0000000000
28570  59.590  -46.789  1.005 0.0000000000
28571  60.531  -46.529  0.428 0.0000000000
28577  58.907  -50.725  -2.751 0.0000000000
28578  59.421  -51.599  -1.806 0.0000000000
28579  60.210  -50.133  -2.549 0.0000000000
28580  61.453  -49.421  -2.238 0.0000000000
28581  62.584  -48.534  -1.953 0.0000000000
28625  54.817  -58.026  -7.210 0.0000000000
28626  54.651  -56.333  -7.897 0.0000000000
28627  54.172  -54.558  -8.480 0.0000000000
28628  54.987  -55.214  -9.007 0.0000000000
28629  54.885  -54.130  -9.962 0.0000000000
28630  54.846  -52.907  -10.840 0.0000000000
31981  59.636  -51.597  4.749 0.0000000000
31982  60.406  -51.562  4.045 0.0000000000
31983  54.901  -56.778  0.753 0.0000000000
31984  56.339  -56.430  0.923 0.0000000000
31985  55.705  -55.389  0.047 0.0000000000
31986  56.455  -53.929  -0.843 0.0000000000
31987  57.169  -52.642  -1.962 0.0000000000
31988  55.739  -52.697  -2.794 0.0000000000
31989  56.764  -51.985  -2.867 0.0000000000
31990  57.793  -51.288  -2.818 0.0000000000
31991  58.587  -50.093  -3.542 0.0000000000
31992  59.392  -48.683  -4.169 0.0000000000
31998  56.226  -48.156  -5.907 0.0000000000
32026  56.243  -56.794  -11.223 0.0000000000
32027  55.807  -56.940  -12.523 0.0000000000
32028  56.048  -55.900  -13.945 0.0000000000
32029  56.416  -54.680  -15.089 0.0000000000
32030  54.627  -55.572  -15.787 0.0000000000
32031  55.829  -54.686  -16.247 0.0000000000
34290  53.625  -56.956  0.773 0.0000000000
34291  53.235  -56.028  -0.235 0.0000000000
34292  53.035  -55.436  -1.223 0.0000000000
34294  52.014  -56.107  -1.085 0.0000000000
34295  52.924  -55.312  -2.090 0.0000000000
34296  52.686  -55.375  -2.920 0.0000000000
34297  52.385  -55.311  -3.540 0.0000000000
34298  52.109  -55.167  -3.961 0.0000000000
40498  57.024  -45.030  0.250 0.0000000000
40510  59.808  -54.210  4.322 0.0000000000
40511  60.506  -52.826  3.757 0.0000000000
40512  61.132  -51.482  3.271 0.0000000000
40513  57.755  -56.114  1.095 0.0000000000
40514  58.971  -55.638  1.044 0.0000000000
40515  59.880  -54.864  1.249 0.0000000000
40516  59.935  -52.527  -0.765 0.0000000000
40517  60.298  -53.154  0.297 0.0000000000
40518  60.529  -53.785  1.531 0.0000000000
40519  61.097  -52.547  1.971 0.0000000000
40520  61.489  -51.298  2.372 0.0000000000
40521  61.496  -50.107  2.404 0.0000000000
40522  61.746  -48.689  1.552 0.0000000000
40523  61.714  -47.321  0.660 0.0000000000
40582  51.017  -57.193  -2.260 0.0000000000
40583  51.605  -56.402  -3.450 0.0000000000
40584  51.980  -55.317  -4.423 0.0000000000
40607  51.664  -59.223  -4.218 0.0000000000
40608  51.352  -58.639  -3.708 0.0000000000
40609  51.830  -57.234  -4.318 0.0000000000
40610  52.131  -55.638  -5.003 0.0000000000
40611  52.297  -54.058  -5.268 0.0000000000
40612  52.602  -52.824  -6.174 0.0000000000
40613  52.836  -51.608  -7.134 0.0000000000
40614  53.131  -50.459  -7.951 0.0000000000
40615  53.546  -52.894  -8.825 0.0000000000
40616  53.292  -51.033  -8.802 0.0000000000
40617  53.509  -49.170  -8.402 0.0000000000
40621  56.113  -55.242  -11.539 0.0000000000
41719  52.509  -53.871  -4.275 0.0000000000
41720  52.843  -53.293  -4.241 0.0000000000
41721  52.616  -53.196  -4.504 0.0000000000
41722  52.772  -52.504  -4.885 0.0000000000
41723  52.513  -53.204  -4.863 0.0000000000
44029  60.303  -50.431  3.530 0.0000000000
44030  59.942  -49.970  3.274 0.0000000000
44031  60.407  -49.815  2.985 0.0000000000
44032  60.496  -49.200  2.449 0.0000000000
44033  60.845  -49.680  2.674 0.0000000000
44036  56.135  -57.704  1.564 0.0000000000
44064  55.980  -57.516  -9.447 0.0000000000
44065  56.001  -56.760  -9.623 0.0000000000
44066  56.155  -56.959  -10.019 0.0000000000
46434  54.075  -54.719  -1.591 0.0000000000
46435  54.602  -54.419  -1.516 0.0000000000
46436  54.487  -54.238  -2.004 0.0000000000
46437  55.834  -50.218  -4.307 0.0000000000
46438  56.153  -50.466  -4.004 0.0000000000
46439  56.432  -49.857  -4.294 0.0000000000
46440  57.101  -49.541  -4.336 0.0000000000
46441  56.821  -49.307  -4.608 0.0000000000
46442  57.250  -48.757  -5.048 0.0000000000
46443  56.480  -49.094  -4.917 0.0000000000
46444  53.980  -48.761  -7.015 0.0000000000
46445  54.551  -48.252  -6.894 0.0000000000
46446  54.292  -48.214  -7.303 0.0000000000
46447  54.630  -47.629  -7.552 0.0000000000
46448  54.045  -48.239  -7.715 0.0000000000
46467  54.104  -53.204  -17.551 0.0000000000
53374  59.622  -45.470  -0.275 0.0000000000
53375  58.943  -45.148  -0.472 0.0000000000
53383  59.782  -56.270  3.147 0.0000000000
53384  60.055  -55.522  2.801 0.0000000000
53385  60.223  -54.873  2.940 0.0000000000
53386  60.286  -54.750  2.436 0.0000000000
53387  57.997  -52.888  -1.401 0.0000000000
53388  58.258  -53.360  -0.862 0.0000000000
53389  58.577  -52.700  -1.361 0.0000000000
53390  62.133  -49.462  -0.925 0.0000000000
53391  61.699  -50.208  -0.561 0.0000000000
53392  62.167  -49.709  -0.305 0.0000000000
53393  62.157  -49.961  0.310 0.0000000000
53394  62.486  -49.211  -0.079 0.0000000000
53395  62.645  -48.723  0.110 0.0000000000
53396  62.790  -48.506  -0.513 0.0000000000
53446  50.769  -58.648  -2.982 0.0000000000
53465  53.962  -56.528  -6.950 0.0000000000
53466  53.613  -57.013  -6.349 0.0000000000
53467  53.574  -56.148  -6.673 0.0000000000
53468  53.221  -55.812  -6.417 0.0000000000
53469  53.499  -55.311  -6.977 0.0000000000
53470  53.314  -54.425  -7.238 0.0000000000
53471  53.723  -54.819  -7.575 0.0000000000
53472  54.143  -51.641  -10.457 0.0000000000
53473  53.871  -51.311  -10.146 0.0000000000
56034  53.328  -54.298  -3.295 0.0000000000
56035  53.794  -53.780  -3.225 0.0000000000
56036  53.545  -53.669  -3.528 0.0000000000
56037  53.577  -52.034  -4.224 0.0000000000
56038  53.866  -52.190  -3.933 0.0000000000
56039  54.061  -51.496  -4.284 0.0000000000
56040  54.636  -51.043  -4.297 0.0000000000
56041  54.307  -50.818  -4.627 0.0000000000
56042  54.580  -50.193  -4.911 0.0000000000
56043  53.978  -50.655  -4.963 0.0000000000
56044  53.031  -51.197  -5.660 0.0000000000
56045  53.467  -50.566  -5.670 0.0000000000
56046  53.250  -50.588  -6.022 0.0000000000
56047  53.459  -50.003  -6.450 0.0000000000
56048  53.112  -50.637  -6.495 0.0000000000
56068  51.583  -54.731  -15.573 0.0000000000
56069  51.759  -54.244  -16.009 0.0000000000
56070  52.560  -54.005  -16.504 0.0000000000
62967  59.128  -48.969  2.696 0.0000000000
62969  58.578  -48.427  2.480 0.0000000000
62971  58.491  -47.739  2.075 0.0000000000
62972  58.380  -47.059  1.755 0.0000000000
62973  58.961  -47.617  1.807 0.0000000000
62974  60.388  -47.892  1.527 0.0000000000
62975  59.799  -47.414  1.365 0.0000000000
62976  60.209  -47.252  1.117 0.0000000000
62977  60.049  -46.658  0.700 0.0000000000
62978  60.623  -47.099  0.853 0.0000000000
62987  59.377  -50.025  -3.125 0.0000000000
62988  59.553  -50.420  -2.669 0.0000000000
62989  59.995  -49.695  -3.034 0.0000000000
62990  61.894  -48.512  -3.189 0.0000000000
62991  61.330  -49.093  -2.772 0.0000000000
62992  61.969  -48.748  -2.643 0.0000000000
62993  62.025  -48.972  -2.084 0.0000000000
63065  55.315  -57.740  -8.179 0.0000000000
63067  55.129  -57.498  -7.828 0.0000000000
63068  54.809  -57.202  -7.530 0.0000000000
63069  54.996  -56.636  -8.134 0.0000000000
63070  54.840  -55.814  -8.473 0.0000000000
63071  55.169  -56.105  -8.668 0.0000000000
63072  55.610  -55.325  -10.092 0.0000000000
63073  55.291  -55.021  -9.801 0.0000000000
63074  55.162  -54.413  -10.308 0.0000000000
63075  54.835  -53.502  -10.437 0.0000000000
63076  55.140  -53.803  -10.760 0.0000000000
70174  59.604  -52.821  4.952 0.0000000000
70176  59.807  -52.182  4.716 0.0000000000
70177  60.029  -51.599  4.429 0.0000000000
70178  60.188  -52.184  4.329 0.0000000000
70179  54.690  -56.291  0.302 0.0000000000
70180  55.299  -56.151  0.385 0.0000000000
70181  55.071  -55.587  -0.081 0.0000000000
70182  55.636  -53.777  -1.446 0.0000000000
70183  55.853  -54.161  -0.936 0.0000000000
70184  56.189  -53.529  -1.403 0.0000000000
70185  56.795  -53.302  -1.398 0.0000000000
70186  56.570  -52.932  -1.894 0.0000000000
70187  54.920  -52.843  -3.110 0.0000000000
70188  55.189  -53.050  -2.768 0.0000000000
70189  55.495  -52.480  -3.122 0.0000000000
70190  56.805  -51.070  -3.499 0.0000000000
70191  56.529  -51.685  -3.184 0.0000000000
70192  57.058  -51.371  -3.185 0.0000000000
70193  57.295  -51.632  -2.848 0.0000000000
70194  57.590  -50.987  -3.167 0.0000000000
70195  58.139  -50.652  -3.173 0.0000000000
70196  57.932  -50.334  -3.497 0.0000000000
70197  58.501  -48.834  -4.510 0.0000000000
70198  58.727  -49.067  -4.163 0.0000000000
70199  59.147  -48.457  -4.530 0.0000000000
70200  59.868  -48.082  -4.497 0.0000000000
70201  59.629  -47.837  -4.850 0.0000000000
70203  59.392  -47.611  -5.157 0.0000000000
70209  55.167  -49.160  -5.568 0.0000000000
70210  55.832  -48.775  -5.576 0.0000000000
70211  55.517  -48.593  -5.880 0.0000000000
70271  55.235  -57.195  -12.251 0.0000000000
70272  55.271  -56.192  -14.281 0.0000000000
70273  55.594  -56.340  -13.779 0.0000000000
70274  55.781  -55.889  -14.524 0.0000000000
70275  56.288  -55.326  -14.528 0.0000000000
70276  56.041  -55.371  -15.153 0.0000000000
70277  53.386  -55.518  -15.564 0.0000000000
70278  53.939  -55.780  -15.423 0.0000000000
70279  54.072  -55.359  -15.985 0.0000000000
70280  55.575  -53.900  -17.216 0.0000000000
70281  55.360  -54.629  -16.652 0.0000000000
75604  52.154  -56.639  0.211 0.0000000000
75605  52.771  -56.526  0.230 0.0000000000
75606  52.600  -56.167  -0.310 0.0000000000
75607  53.115  -55.670  -0.758 0.0000000000
75608  52.497  -55.913  -0.775 0.0000000000
75612  51.585  -56.285  -1.372 0.0000000000
75613  51.571  -56.313  -1.002 0.0000000000
75614  52.018  -56.053  -1.486 0.0000000000
75615  52.479  -55.739  -1.586 0.0000000000
75616  52.421  -55.762  -1.987 0.0000000000
75617  52.816  -55.309  -2.513 0.0000000000
75618  52.348  -55.801  -2.383 0.0000000000
75619  51.839  -56.198  -2.890 0.0000000000
75620  52.182  -55.830  -3.105 0.0000000000
75621  52.083  -55.799  -3.385 0.0000000000
75622  52.224  -55.258  -3.755 0.0000000000
75623  51.950  -55.725  -3.623 0.0000000000
90999  58.044  -45.830  1.082 0.0000000000
91000  57.360  -45.426  0.879 0.0000000000
91001  57.715  -45.418  0.537 0.0000000000
91032  60.600  -53.477  3.239 0.0000000000
91033  60.399  -53.507  3.641 0.0000000000
91034  60.774  -52.791  3.382 0.0000000000
91035  60.870  -52.134  3.523 0.0000000000
91036  61.077  -52.091  3.138 0.0000000000
91037  56.688  -55.708  0.586 0.0000000000
91038  57.080  -56.278  1.017 0.0000000000
91039  57.413  -55.523  0.693 0.0000000000
91040  58.904  -54.364  0.088 0.0000000000
91041  58.669  -55.189  0.573 0.0000000000
91042  59.231  -54.882  0.589 0.0000000000
91043  59.421  -55.290  1.101 0.0000000000
91044  59.689  -54.495  0.656 0.0000000000
91045  60.045  -51.317  -1.691 0.0000000000
91046  59.700  -52.099  -1.273 0.0000000000
91047  60.224  -51.751  -1.126 0.0000000000
91048  60.940  -51.902  0.224 0.0000000000
91049  60.561  -52.369  -0.079 0.0000000000
91050  60.680  -52.669  0.556 0.0000000000
91051  60.441  -53.491  0.921 0.0000000000
91052  60.795  -52.957  1.160 0.0000000000
91053  60.827  -53.174  1.721 0.0000000000
91054  61.108  -52.420  1.384 0.0000000000
91055  61.973  -50.459  1.520 0.0000000000
91056  61.647  -51.194  1.843 0.0000000000
91057  61.794  -50.601  2.022 0.0000000000
91058  61.568  -50.716  2.439 0.0000000000
91059  61.850  -49.973  1.994 0.0000000000
91060  61.633  -49.407  1.990 0.0000000000
91061  62.000  -49.228  1.586 0.0000000000
91062  62.536  -47.660  0.255 0.0000000000
91063  62.168  -47.800  0.712 0.0000000000
91212  51.315  -57.232  -3.326 0.0000000000
91213  51.355  -56.996  -3.080 0.0000000000
91214  51.584  -56.560  -3.668 0.0000000000
91215  51.793  -55.879  -3.986 0.0000000000
91216  51.792  -56.047  -4.189 0.0000000000
91272  52.867  -59.488  -5.483 0.0000000000
91273  52.687  -58.016  -5.053 0.0000000000
91274  52.349  -58.813  -4.775 0.0000000000
91275  52.071  -58.519  -4.480 0.0000000000
91276  51.498  -58.928  -3.953 0.0000000000
91277  51.838  -58.207  -4.227 0.0000000000
91278  51.628  -57.917  -3.986 0.0000000000
91279  52.090  -57.457  -4.524 0.0000000000
91280  52.573  -55.303  -5.843 0.0000000000
91281  52.289  -55.837  -5.302 0.0000000000
91282  52.399  -55.058  -5.525 0.0000000000
91283  52.252  -54.888  -5.193 0.0000000000
91284  52.414  -54.242  -5.655 0.0000000000
91285  52.441  -53.417  -5.731 0.0000000000
91286  52.581  -53.599  -6.158 0.0000000000
91287  52.957  -52.800  -7.569 0.0000000000
91288  52.792  -52.411  -7.126 0.0000000000
91289  52.972  -51.958  -7.600 0.0000000000
91290  52.988  -51.080  -7.562 0.0000000000
91291  53.099  -51.389  -8.051 0.0000000000
91292  54.236  -54.032  -8.992 0.0000000000
91293  53.868  -53.732  -8.677 0.0000000000
91294  53.861  -53.215  -9.125 0.0000000000
91295  53.497  -50.649  -9.475 0.0000000000
91296  53.431  -51.351  -9.170 0.0000000000
91297  53.351  -50.349  -9.085 0.0000000000
91298  53.322  -50.079  -8.649 0.0000000000
91299  53.464  -49.424  -8.837 0.0000000000
91301  53.608  -48.764  -9.018 0.0000000000
91307  56.273  -56.252  -12.052 0.0000000000
91308  56.279  -56.076  -11.463 0.0000000000
91309  56.288  -55.522  -12.165 0.0000000000
93525  52.924  -54.087  -3.809 0.0000000000
93526  53.308  -53.514  -3.775 0.0000000000
93527  53.068  -53.394  -4.007 0.0000000000
93528  53.179  -52.651  -4.205 0.0000000000
93529  53.314  -51.913  -4.556 0.0000000000
93530  53.480  -51.229  -4.964 0.0000000000
93531  53.064  -51.842  -4.904 0.0000000000
93532  52.861  -51.813  -5.281 0.0000000000
93533  52.773  -51.909  -5.704 0.0000000000
97683  59.475  -50.665  4.148 0.0000000000
97685  59.503  -50.102  3.577 0.0000000000
97686  59.541  -49.550  2.967 0.0000000000
97687  59.587  -48.874  2.441 0.0000000000
97688  59.544  -48.182  1.933 0.0000000000
97689  60.024  -48.729  2.199 0.0000000000
97690  60.455  -48.551  1.963 0.0000000000
97691  60.901  -48.380  1.754 0.0000000000
97697  60.291  -48.712  -3.743 0.0000000000
97698  60.480  -49.059  -3.338 0.0000000000
97699  61.066  -48.463  -3.692 0.0000000000
97700  61.786  -48.154  -3.647 0.0000000000
97745  55.449  -57.911  -8.571 0.0000000000
97746  55.573  -57.178  -8.733 0.0000000000
97747  55.512  -56.332  -8.965 0.0000000000
97748  55.778  -56.570  -9.305 0.0000000000
97749  55.844  -56.049  -9.875 0.0000000000
97750  55.851  -55.537  -10.422 0.0000000000
102012  54.323  -55.292  -0.676 0.0000000000
102013  54.891  -55.031  -0.549 0.0000000000
102014  54.722  -54.674  -1.025 0.0000000000
102015  55.108  -54.081  -1.449 0.0000000000
102016  55.504  -53.451  -1.925 0.0000000000
102017  55.384  -51.556  -3.729 0.0000000000
102018  55.733  -51.828  -3.465 0.0000000000
102019  55.944  -51.164  -3.733 0.0000000000
102020  56.536  -50.755  -3.762 0.0000000000
102021  57.084  -50.400  -3.757 0.0000000000
102022  57.668  -50.071  -3.781 0.0000000000
102023  57.392  -49.803  -4.066 0.0000000000
102024  57.811  -49.215  -4.425 0.0000000000
102025  58.262  -48.608  -4.803 0.0000000000
102026  58.690  -47.998  -5.131 0.0000000000
102027  57.968  -48.416  -5.103 0.0000000000
102028  57.659  -48.204  -5.420 0.0000000000
102029  57.267  -47.964  -5.704 0.0000000000
102030  54.494  -48.868  -6.255 0.0000000000
102031  55.184  -48.435  -6.185 0.0000000000
102032  54.868  -48.319  -6.512 0.0000000000
102033  55.206  -47.784  -6.825 0.0000000000
102069  54.683  -56.426  -14.138 0.0000000000
102070  54.975  -56.117  -14.817 0.0000000000
102071  53.653  -54.498  -16.600 0.0000000000
102072  54.179  -54.744  -16.524 0.0000000000
102073  54.363  -54.165  -17.066 0.0000000000
102074  55.105  -53.770  -17.483 0.0000000000
105274  51.578  -56.340  -1.720 0.0000000000
105275  51.922  -56.133  -2.248 0.0000000000
105276  51.568  -56.431  -2.026 0.0000000000
105277  51.543  -56.500  -2.292 0.0000000000
105278  51.499  -56.536  -2.592 0.0000000000
114504  58.792  -45.731  0.433 0.0000000000
114505  58.104  -45.417  0.204 0.0000000000
114506  58.532  -45.292  -0.091 0.0000000000
114507  58.202  -44.867  -0.776 0.0000000000
114523  59.922  -54.911  3.832 0.0000000000
114524  60.113  -54.906  3.414 0.0000000000
114525  60.438  -54.189  3.094 0.0000000000
114526  60.725  -53.425  2.825 0.0000000000
114527  57.358  -54.228  -0.306 0.0000000000
114528  57.693  -54.775  0.196 0.0000000000
114529  57.999  -54.051  -0.354 0.0000000000
114530  58.574  -53.852  -0.388 0.0000000000
114531  59.145  -53.589  -0.395 0.0000000000
114532  61.079  -50.447  -1.359 0.0000000000
114533  60.699  -51.282  -1.011 0.0000000000
114534  61.168  -50.754  -0.797 0.0000000000
114535  61.287  -51.058  -0.157 0.0000000000
114536  61.341  -51.388  0.452 0.0000000000
114537  61.372  -51.651  1.048 0.0000000000
114538  61.731  -50.785  0.638 0.0000000000
114539  62.077  -50.261  0.887 0.0000000000
114540  62.309  -49.681  1.060 0.0000000000
114541  62.314  -49.067  1.128 0.0000000000
114542  62.516  -48.908  0.641 0.0000000000
114543  62.672  -48.220  0.239 0.0000000000
114544  62.827  -47.505  -0.180 0.0000000000
114633  51.039  -57.808  -3.000 0.0000000000
114634  51.350  -57.456  -3.497 0.0000000000
114667  53.973  -58.212  -6.301 0.0000000000
114668  53.385  -58.676  -5.668 0.0000000000
114669  53.590  -57.851  -5.984 0.0000000000
114670  53.211  -57.460  -5.731 0.0000000000
114671  52.896  -57.168  -5.442 0.0000000000
114672  52.529  -56.895  -5.181 0.0000000000
114673  52.864  -56.324  -5.847 0.0000000000
114674  52.863  -55.521  -6.152 0.0000000000
114675  52.866  -54.660  -6.388 0.0000000000
114676  52.741  -53.824  -6.594 0.0000000000
114677  52.976  -54.088  -6.954 0.0000000000
114678  53.060  -53.548  -7.518 0.0000000000
114679  53.220  -53.074  -7.997 0.0000000000
114680  54.174  -52.923  -9.778 0.0000000000
114681  53.845  -52.609  -9.492 0.0000000000
114682  53.814  -52.022  -9.816 0.0000000000
114683  53.675  -51.005  -9.839 0.0000000000
114684  53.562  -49.972  -9.700 0.0000000000
114685  53.615  -49.027  -9.448 0.0000000000
114689  56.440  -55.055  -13.291 0.0000000000
114690  56.328  -54.878  -12.690 0.0000000000
114691  56.381  -54.242  -13.174 0.0000000000
118383  53.731  -54.460  -2.554 0.0000000000
118384  54.276  -54.039  -2.442 0.0000000000
118385  54.041  -53.897  -2.864 0.0000000000
118386  54.345  -53.262  -3.140 0.0000000000
118387  54.604  -52.599  -3.400 0.0000000000
118388  53.730  -52.889  -3.694 0.0000000000
118389  54.221  -52.391  -3.653 0.0000000000
118390  54.810  -51.958  -3.649 0.0000000000
118391  55.017  -51.289  -3.980 0.0000000000
118392  55.236  -50.616  -4.314 0.0000000000
118393  55.534  -49.987  -4.617 0.0000000000
118394  55.812  -49.455  -4.862 0.0000000000
118395  55.207  -49.766  -4.871 0.0000000000
118396  54.884  -49.615  -5.237 0.0000000000
118397  54.544  -49.512  -5.605 0.0000000000
118398  53.723  -50.575  -5.338 0.0000000000
118399  53.983  -49.994  -5.661 0.0000000000
118400  54.217  -49.465  -5.954 0.0000000000
118401  53.938  -49.402  -6.354 0.0000000000
118402  53.711  -49.388  -6.753 0.0000000000
118403  53.537  -49.422  -7.179 0.0000000000
118428  52.700  -55.676  -15.088 0.0000000000
118429  52.832  -55.232  -15.655 0.0000000000
118431  52.171  -55.038  -15.687 0.0000000000
118432  52.900  -54.842  -16.106 0.0000000000
118433  53.084  -54.282  -16.560 0.0000000000
118434  53.333  -53.612  -16.935 0.0000000000
118435  53.581  -52.907  -17.395 0.0000000000
118437  53.141  -52.651  -17.171 0.0000000000
128097  57.791  -46.519  1.700 0.0000000000
128098  58.224  -46.431  1.426 0.0000000000
128099  58.637  -46.363  1.137 0.0000000000
128100  59.388  -47.541  1.589 0.0000000000
128101  59.183  -46.914  1.249 0.0000000000
128102  59.046  -46.283  0.859 0.0000000000
128103  59.473  -46.146  0.563 0.0000000000
128104  59.902  -45.997  0.259 0.0000000000
128105  60.337  -45.917  -0.035 0.0000000000
128116  59.692  -55.899  2.163 0.0000000000
128117  58.511  -51.410  -2.330 0.0000000000
128118  58.811  -51.905  -1.858 0.0000000000
128119  59.115  -51.133  -2.284 0.0000000000
128120  59.783  -50.863  -2.187 0.0000000000
128121  60.417  -50.540  -2.059 0.0000000000
128122  60.683  -49.408  -2.890 0.0000000000
128123  60.870  -49.794  -2.395 0.0000000000
128124  60.983  -50.133  -1.891 0.0000000000
128125  61.527  -49.684  -1.679 0.0000000000
128126  62.065  -49.217  -1.523 0.0000000000
128127  62.553  -48.752  -1.374 0.0000000000
128128  62.907  -48.290  -1.126 0.0000000000
128129  62.998  -48.070  -1.701 0.0000000000
128230  54.437  -57.711  -6.914 0.0000000000
128231  54.409  -56.820  -7.247 0.0000000000
128232  54.232  -56.032  -7.581 0.0000000000
128233  54.066  -55.171  -7.879 0.0000000000
128234  54.455  -55.521  -8.206 0.0000000000
128235  54.563  -54.918  -8.770 0.0000000000
128236  54.577  -54.342  -9.239 0.0000000000
128237  55.307  -55.524  -9.258 0.0000000000
128238  54.963  -54.728  -9.506 0.0000000000
128239  54.550  -53.797  -9.672 0.0000000000
128240  54.481  -53.165  -10.089 0.0000000000
128241  54.503  -52.648  -10.473 0.0000000000
128242  54.451  -51.957  -10.808 0.0000000000
137274  59.766  -51.131  4.320 0.0000000000
137275  60.151  -51.067  3.981 0.0000000000
137276  60.616  -50.927  3.664 0.0000000000
137277  55.139  -57.276  1.170 0.0000000000
137278  55.889  -57.144  1.232 0.0000000000
137279  55.599  -56.678  0.856 0.0000000000
137280  56.005  -55.910  0.523 0.0000000000
137281  56.331  -55.189  0.143 0.0000000000
137282  55.480  -54.811  -0.500 0.0000000000
137283  56.114  -54.607  -0.389 0.0000000000
137284  56.719  -54.406  -0.296 0.0000000000
137285  57.059  -53.729  -0.830 0.0000000000
137286  57.401  -53.052  -1.402 0.0000000000
137287  57.717  -52.402  -1.934 0.0000000000
137288  54.844  -53.629  -2.410 0.0000000000
137289  55.399  -53.243  -2.369 0.0000000000
137290  55.889  -52.931  -2.399 0.0000000000
137291  56.046  -52.070  -3.184 0.0000000000
137292  56.235  -52.335  -2.863 0.0000000000
137293  56.395  -52.611  -2.406 0.0000000000
137294  56.961  -52.284  -2.445 0.0000000000
137295  57.475  -51.972  -2.438 0.0000000000
137296  57.983  -51.686  -2.361 0.0000000000
137297  58.323  -51.010  -2.779 0.0000000000
137298  58.730  -50.380  -3.171 0.0000000000
137299  59.193  -49.719  -3.439 0.0000000000
137300  58.342  -49.722  -3.832 0.0000000000
137301  58.962  -49.379  -3.800 0.0000000000
137302  59.599  -49.009  -3.797 0.0000000000
137303  60.134  -48.362  -4.100 0.0000000000
137316  56.148  -48.915  -5.232 0.0000000000
137317  56.518  -48.344  -5.671 0.0000000000
137318  56.919  -47.780  -5.929 0.0000000000
137319  55.909  -48.000  -6.178 0.0000000000
137320  56.591  -47.599  -6.149 0.0000000000
137392  56.128  -57.215  -10.530 0.0000000000
137394  56.065  -56.900  -11.903 0.0000000000
137395  56.126  -56.354  -12.754 0.0000000000
137396  55.386  -56.729  -13.084 0.0000000000
137397  55.929  -56.448  -13.314 0.0000000000
137398  56.185  -55.824  -13.350 0.0000000000
137399  56.422  -55.219  -13.933 0.0000000000
137400  56.618  -54.543  -14.457 0.0000000000
137401  56.579  -53.871  -14.987 0.0000000000
137402  53.776  -56.060  -14.812 0.0000000000
137403  54.464  -55.949  -15.201 0.0000000000
137404  55.114  -55.783  -15.504 0.0000000000
137405  54.730  -55.018  -16.358 0.0000000000
137406  55.228  -55.235  -16.153 0.0000000000
137407  55.683  -55.303  -15.741 0.0000000000
137408  56.187  -54.717  -15.718 0.0000000000
137409  56.495  -53.945  -15.615 0.0000000000
143922  54.441  -57.338  1.155 0.0000000000
143923  54.264  -56.869  0.745 0.0000000000
143924  54.071  -56.381  0.297 0.0000000000
143925  52.951  -56.996  0.744 0.0000000000
143926  53.413  -56.482  0.309 0.0000000000
143927  53.899  -55.867  -0.245 0.0000000000
143928  53.731  -55.467  -0.750 0.0000000000
143929  53.618  -55.185  -1.206 0.0000000000
143930  53.526  -55.027  -1.662 0.0000000000
143936  51.997  -56.179  -0.670 0.0000000000
143937  52.481  -55.774  -1.181 0.0000000000
143938  52.994  -55.368  -1.654 0.0000000000
143939  53.404  -54.934  -2.164 0.0000000000
143940  53.278  -54.869  -2.620 0.0000000000
143941  53.113  -54.875  -2.982 0.0000000000
143942  52.932  -54.854  -3.302 0.0000000000
143943  52.255  -55.839  -2.803 0.0000000000
143944  52.534  -55.353  -3.261 0.0000000000
143945  52.741  -54.811  -3.595 0.0000000000
143946  52.549  -54.673  -3.812 0.0000000000
143947  52.381  -54.591  -4.021 0.0000000000
143948  52.246  -54.535  -4.235 0.0000000000
162451  57.437  -45.073  -0.075 0.0000000000
162486  59.858  -53.515  4.437 0.0000000000
162487  60.039  -54.239  3.955 0.0000000000
162488  60.115  -53.525  4.044 0.0000000000
162489  60.185  -52.851  4.159 0.0000000000
162490  60.554  -52.179  3.918 0.0000000000
162491  60.825  -51.510  3.627 0.0000000000
162492  61.013  -50.867  3.316 0.0000000000
162493  56.671  -57.036  1.331 0.0000000000
162494  57.418  -56.925  1.422 0.0000000000
162496  58.076  -55.368  0.649 0.0000000000
162497  58.401  -55.936  1.055 0.0000000000
162498  58.677  -56.440  1.464 0.0000000000
162499  59.159  -56.027  1.499 0.0000000000
162500  59.568  -55.610  1.637 0.0000000000
162501  59.966  -55.148  1.754 0.0000000000
162502  59.095  -52.400  -1.377 0.0000000000
162503  59.399  -52.872  -0.870 0.0000000000
162504  59.694  -53.265  -0.356 0.0000000000
162505  60.399  -52.078  -0.628 0.0000000000
162506  60.125  -52.854  -0.287 0.0000000000
162507  59.897  -53.652  0.169 0.0000000000
162508  60.072  -54.017  0.740 0.0000000000
162509  60.209  -54.362  1.331 0.0000000000
162510  60.295  -54.547  1.915 0.0000000000
162511  60.527  -54.024  2.085 0.0000000000
162512  60.798  -53.320  2.279 0.0000000000
162513  61.032  -52.647  2.520 0.0000000000
162514  61.391  -51.842  1.656 0.0000000000
162515  61.330  -51.913  2.214 0.0000000000
162516  61.220  -52.008  2.706 0.0000000000
162517  61.351  -51.409  2.855 0.0000000000
162518  61.338  -50.831  2.940 0.0000000000
162519  61.131  -50.221  2.854 0.0000000000
162520  61.255  -49.549  2.351 0.0000000000
162521  61.351  -48.867  1.927 0.0000000000
162522  61.353  -48.208  1.481 0.0000000000
162523  62.115  -48.515  1.138 0.0000000000
162524  61.782  -48.008  1.125 0.0000000000
162525  61.251  -47.545  1.035 0.0000000000
162529  63.108  -47.807  -0.872 0.0000000000
162530  63.106  -47.329  -0.631 0.0000000000
162702  51.427  -56.648  -2.730 0.0000000000
162703  50.954  -57.436  -2.496 0.0000000000
162704  51.355  -56.802  -2.872 0.0000000000
162705  51.658  -56.247  -3.295 0.0000000000
162706  51.842  -55.758  -3.793 0.0000000000
162707  52.001  -55.184  -4.203 0.0000000000
162708  52.100  -54.550  -4.461 0.0000000000
162775  52.658  -59.104  -5.082 0.0000000000
162780  50.863  -58.917  -3.274 0.0000000000
162781  51.225  -58.337  -3.462 0.0000000000
162782  51.469  -57.683  -3.726 0.0000000000
162783  51.698  -56.972  -4.068 0.0000000000
162784  52.241  -56.646  -4.940 0.0000000000
162785  51.990  -56.434  -4.677 0.0000000000
162786  51.867  -56.233  -4.432 0.0000000000
162787  52.003  -55.486  -4.670 0.0000000000
162788  52.143  -54.720  -4.850 0.0000000000
162789  52.283  -53.919  -4.883 0.0000000000
162790  52.432  -53.301  -5.281 0.0000000000
162791  52.564  -52.657  -5.681 0.0000000000
162792  52.695  -52.084  -6.171 0.0000000000
162793  52.701  -53.014  -6.632 0.0000000000
162794  52.710  -52.229  -6.647 0.0000000000
162795  52.834  -51.435  -6.577 0.0000000000
162796  52.992  -50.824  -7.032 0.0000000000
162797  53.184  -50.227  -7.433 0.0000000000
162798  53.377  -49.622  -7.744 0.0000000000
162799  53.806  -54.252  -8.162 0.0000000000
162800  53.522  -53.404  -8.369 0.0000000000
162801  53.306  -52.550  -8.476 0.0000000000
162802  53.580  -52.304  -9.182 0.0000000000
162803  53.348  -51.998  -8.843 0.0000000000
162804  53.212  -51.676  -8.482 0.0000000000
162805  53.194  -50.744  -8.388 0.0000000000
162806  53.343  -49.814  -8.214 0.0000000000
162807  53.601  -48.990  -7.937 0.0000000000
162808  53.805  -48.334  -8.166 0.0000000000
162817  56.238  -56.562  -10.664 0.0000000000
162818  56.145  -55.814  -10.938 0.0000000000
162819  55.831  -54.951  -11.031 0.0000000000
162820  56.157  -54.636  -12.109 0.0000000000
162821  55.845  -54.371  -11.584 0.0000000000
162822  55.487  -54.097  -11.130 0.0000000000
162823  55.189  -53.194  -11.235 0.0000000000
