#!ascii label  , from subject fsaverage vox2ras=TkReg
294
274  5.376  25.255  -5.487 0.0000000000
275  7.117  22.415  -12.060 0.0000000000
540  6.300  18.333  -18.740 0.0000000000
1188  7.055  20.883  -15.441 0.0000000000
1648  5.810  23.755  -8.956 0.0000000000
2258  6.470  13.985  -9.991 0.0000000000
2259  7.074  11.988  -12.755 0.0000000000
3706  5.495  24.444  -7.345 0.0000000000
5002  6.277  19.470  -9.376 0.0000000000
5004  6.798  18.771  -10.831 0.0000000000
5005  6.483  19.697  -17.012 0.0000000000
5006  7.064  17.045  -13.909 0.0000000000
5007  7.020  15.941  -15.421 0.0000000000
5008  7.444  10.930  -13.972 0.0000000000
6745  7.351  25.179  -14.655 0.0000000000
6746  7.350  21.706  -13.734 0.0000000000
6747  6.881  24.468  -16.464 0.0000000000
6748  6.121  23.323  -18.274 0.0000000000
7685  5.730  20.133  -8.115 0.0000000000
7686  6.634  23.064  -10.471 0.0000000000
7688  7.638  26.230  -10.819 0.0000000000
9335  7.078  17.950  -12.326 0.0000000000
11385  5.204  23.205  -6.124 0.0000000000
11386  5.442  24.865  -6.469 0.0000000000
12682  6.589  20.937  -10.736 0.0000000000
12683  6.563  19.141  -10.074 0.0000000000
12684  6.806  20.681  -11.538 0.0000000000
12685  6.209  19.105  -17.978 0.0000000000
12686  6.744  17.976  -16.232 0.0000000000
12687  6.639  17.300  -16.942 0.0000000000
15082  6.908  26.627  -15.703 0.0000000000
15083  7.190  24.923  -15.527 0.0000000000
15088  5.679  22.640  -19.179 0.0000000000
16877  5.621  22.428  -7.790 0.0000000000
16878  5.490  20.624  -7.360 0.0000000000
16879  5.843  21.992  -8.544 0.0000000000
16880  6.061  21.675  -9.296 0.0000000000
16881  6.227  23.411  -9.695 0.0000000000
20775  7.338  21.295  -14.529 0.0000000000
20776  7.185  19.890  -13.066 0.0000000000
20777  7.221  19.484  -13.810 0.0000000000
20778  7.117  14.895  -13.319 0.0000000000
20779  7.018  15.262  -12.563 0.0000000000
25103  5.405  22.804  -6.978 0.0000000000
25104  5.633  24.116  -8.176 0.0000000000
27440  6.770  16.622  -10.251 0.0000000000
27441  6.759  20.312  -16.213 0.0000000000
27442  7.113  19.053  -14.628 0.0000000000
27443  6.924  18.503  -15.394 0.0000000000
27444  7.010  16.518  -14.682 0.0000000000
27445  7.246  14.294  -13.985 0.0000000000
27446  7.276  11.443  -13.418 0.0000000000
27447  7.430  13.728  -14.593 0.0000000000
27448  7.589  13.069  -15.236 0.0000000000
31099  7.417  23.726  -13.428 0.0000000000
31100  7.217  22.025  -12.928 0.0000000000
31101  7.375  23.457  -14.271 0.0000000000
31102  7.326  23.206  -15.138 0.0000000000
31103  6.993  22.722  -16.050 0.0000000000
31106  6.595  22.204  -16.951 0.0000000000
31107  6.256  21.502  -17.761 0.0000000000
33479  6.335  21.235  -9.991 0.0000000000
33480  6.865  22.691  -11.211 0.0000000000
33481  5.410  26.160  -7.734 0.0000000000
33482  5.472  25.749  -8.577 0.0000000000
33483  5.925  25.432  -9.347 0.0000000000
33486  6.545  25.080  -10.059 0.0000000000
33487  7.074  24.758  -10.797 0.0000000000
33488  7.412  24.325  -11.609 0.0000000000
33489  7.489  24.042  -12.500 0.0000000000
38243  7.043  20.254  -12.262 0.0000000000
38244  6.985  18.372  -11.578 0.0000000000
38245  6.919  16.132  -10.918 0.0000000000
38246  7.115  17.544  -13.064 0.0000000000
38247  7.017  15.652  -11.704 0.0000000000
42100  5.091  25.481  -4.916 0.0000000000
42104  5.136  24.483  -5.429 0.0000000000
42105  5.272  24.266  -5.826 0.0000000000
42106  5.410  25.081  -6.021 0.0000000000
43402  6.810  21.662  -11.382 0.0000000000
43403  6.679  20.837  -11.155 0.0000000000
43404  6.920  21.530  -11.821 0.0000000000
43405  6.183  18.687  -18.331 0.0000000000
43406  6.465  18.247  -17.413 0.0000000000
43407  6.447  17.817  -17.811 0.0000000000
43409  6.550  17.509  -18.258 0.0000000000
47597  5.733  23.118  -8.388 0.0000000000
47598  5.728  22.223  -8.201 0.0000000000
47599  5.822  22.889  -8.752 0.0000000000
47600  5.965  22.674  -9.101 0.0000000000
47601  6.008  23.556  -9.300 0.0000000000
51490  6.398  14.355  -9.682 0.0000000000
51495  7.203  21.113  -14.993 0.0000000000
51496  7.325  20.415  -14.169 0.0000000000
51497  7.202  20.196  -14.608 0.0000000000
51498  7.121  13.506  -13.009 0.0000000000
51499  7.045  13.729  -12.626 0.0000000000
51500  6.993  12.250  -12.379 0.0000000000
57197  5.403  23.805  -6.755 0.0000000000
57199  5.472  23.624  -7.179 0.0000000000
57200  5.541  23.462  -7.585 0.0000000000
57201  5.552  24.272  -7.756 0.0000000000
61089  6.249  18.510  -9.105 0.0000000000
61090  6.718  18.960  -10.438 0.0000000000
61091  6.570  18.186  -9.786 0.0000000000
61092  6.737  17.968  -10.129 0.0000000000
61093  6.657  16.901  -9.868 0.0000000000
61094  6.827  17.754  -10.492 0.0000000000
61095  6.586  20.025  -16.606 0.0000000000
61096  6.846  19.417  -15.803 0.0000000000
61097  6.780  19.139  -16.189 0.0000000000
61098  6.845  16.967  -15.819 0.0000000000
61099  6.897  17.281  -15.445 0.0000000000
61100  7.017  16.274  -15.115 0.0000000000
61101  7.143  15.421  -14.308 0.0000000000
61102  7.167  15.191  -14.671 0.0000000000
61103  7.335  14.021  -14.335 0.0000000000
61104  7.255  14.941  -14.924 0.0000000000
61106  7.386  14.333  -15.571 0.0000000000
61107  7.510  14.005  -15.904 0.0000000000
68287  7.418  24.431  -14.059 0.0000000000
68288  7.389  23.585  -13.869 0.0000000000
68289  7.366  24.306  -14.487 0.0000000000
68290  7.059  24.727  -15.990 0.0000000000
68291  7.242  24.049  -15.345 0.0000000000
68292  7.117  23.845  -15.808 0.0000000000
68293  7.185  22.976  -15.597 0.0000000000
68294  6.943  23.590  -16.271 0.0000000000
68301  6.564  23.097  -17.279 0.0000000000
68302  6.383  22.779  -17.623 0.0000000000
68303  6.437  21.841  -17.352 0.0000000000
68304  6.207  22.451  -18.051 0.0000000000
73675  5.619  20.358  -7.730 0.0000000000
73682  6.301  22.341  -9.882 0.0000000000
73683  6.200  21.422  -9.639 0.0000000000
73684  6.445  22.139  -10.240 0.0000000000
73685  6.564  21.965  -10.602 0.0000000000
73686  6.761  22.883  -10.838 0.0000000000
73688  5.440  26.415  -7.314 0.0000000000
73692  5.698  26.416  -9.127 0.0000000000
73693  5.708  25.600  -8.961 0.0000000000
73694  5.994  26.272  -9.498 0.0000000000
73701  6.751  25.842  -10.146 0.0000000000
73702  7.072  25.674  -10.514 0.0000000000
73703  6.809  24.928  -10.427 0.0000000000
73704  7.344  25.498  -10.853 0.0000000000
73708  7.448  24.157  -12.046 0.0000000000
73710  7.629  24.718  -13.128 0.0000000000
85365  7.306  21.842  -13.334 0.0000000000
85366  7.121  21.159  -12.629 0.0000000000
85367  7.224  20.937  -12.996 0.0000000000
85368  7.104  18.967  -12.685 0.0000000000
85369  7.034  19.175  -12.325 0.0000000000
85370  7.030  18.164  -11.945 0.0000000000
85371  7.051  17.278  -11.192 0.0000000000
85372  7.042  17.070  -11.558 0.0000000000
85373  7.098  18.122  -14.284 0.0000000000
85374  7.142  18.355  -13.870 0.0000000000
85375  7.107  17.290  -13.505 0.0000000000
85377  7.006  15.458  -12.151 0.0000000000
85378  6.986  14.257  -11.412 0.0000000000
85379  6.899  14.609  -11.121 0.0000000000
85395  7.347  11.120  -13.720 0.0000000000
94222  5.062  23.438  -5.705 0.0000000000
94223  5.323  24.042  -6.290 0.0000000000
94224  5.469  24.647  -6.924 0.0000000000
96556  6.429  20.216  -10.074 0.0000000000
96557  6.427  19.303  -9.735 0.0000000000
96558  6.561  20.075  -10.433 0.0000000000
96559  6.670  19.934  -10.806 0.0000000000
96560  6.755  19.764  -11.203 0.0000000000
96561  6.366  19.399  -17.450 0.0000000000
96562  6.638  18.856  -16.632 0.0000000000
96563  6.541  18.609  -17.054 0.0000000000
96564  6.683  17.672  -16.572 0.0000000000
100876  7.130  25.948  -15.221 0.0000000000
100877  7.249  25.074  -15.104 0.0000000000
100878  7.059  25.817  -15.683 0.0000000000
100885  5.802  23.885  -18.962 0.0000000000
100886  5.894  22.997  -18.731 0.0000000000
100887  5.580  23.514  -19.413 0.0000000000
104107  5.464  21.716  -7.191 0.0000000000
104109  5.578  21.497  -7.572 0.0000000000
104110  5.682  21.307  -7.943 0.0000000000
104111  5.793  21.077  -8.344 0.0000000000
104112  5.889  20.889  -8.713 0.0000000000
104113  5.954  21.803  -8.911 0.0000000000
104114  6.159  22.531  -9.499 0.0000000000
104115  6.439  23.274  -10.102 0.0000000000
111123  7.406  21.530  -14.139 0.0000000000
111124  7.279  20.780  -13.407 0.0000000000
111125  7.331  20.575  -13.783 0.0000000000
111126  7.230  19.701  -13.421 0.0000000000
111127  7.144  18.763  -13.064 0.0000000000
111128  7.039  15.911  -13.559 0.0000000000
111129  7.089  16.160  -13.176 0.0000000000
111130  7.046  15.006  -12.917 0.0000000000
120016  5.525  22.644  -7.378 0.0000000000
120017  5.643  23.320  -7.981 0.0000000000
120018  5.719  23.957  -8.570 0.0000000000
125463  6.390  18.325  -9.409 0.0000000000
125467  6.570  15.624  -9.734 0.0000000000
125468  6.642  15.340  -10.101 0.0000000000
125469  6.918  20.614  -15.819 0.0000000000
125470  7.126  20.005  -15.020 0.0000000000
125471  6.994  19.699  -15.400 0.0000000000
125472  7.030  18.768  -15.001 0.0000000000
125473  7.012  17.817  -14.648 0.0000000000
125474  6.834  18.241  -15.817 0.0000000000
125475  6.948  17.567  -15.018 0.0000000000
125476  6.992  16.788  -14.264 0.0000000000
125477  7.091  15.689  -13.930 0.0000000000
125478  7.173  14.580  -13.657 0.0000000000
125479  7.233  13.276  -13.350 0.0000000000
125480  7.199  11.797  -13.144 0.0000000000
125481  7.326  12.976  -13.725 0.0000000000
125482  7.416  12.686  -14.049 0.0000000000
125483  7.519  12.349  -14.315 0.0000000000
125484  7.318  14.592  -15.260 0.0000000000
125485  7.555  13.399  -14.934 0.0000000000
125486  7.566  12.016  -14.584 0.0000000000
129951  5.556  25.961  -6.206 0.0000000000
134881  7.333  23.071  -12.759 0.0000000000
134882  7.144  22.218  -12.501 0.0000000000
134883  7.313  22.895  -13.190 0.0000000000
134884  7.332  22.739  -13.608 0.0000000000
134885  7.399  22.612  -13.999 0.0000000000
134886  7.342  24.168  -14.895 0.0000000000
134887  7.365  23.344  -14.667 0.0000000000
134888  7.389  22.470  -14.446 0.0000000000
134889  7.353  22.296  -14.894 0.0000000000
134890  7.205  22.057  -15.306 0.0000000000
134891  7.007  21.793  -15.765 0.0000000000
134894  6.691  25.108  -17.089 0.0000000000
134897  6.698  24.177  -16.947 0.0000000000
134898  6.756  23.335  -16.781 0.0000000000
134899  6.790  22.462  -16.527 0.0000000000
134900  6.803  21.520  -16.212 0.0000000000
134901  6.675  21.204  -16.592 0.0000000000
134902  6.502  20.894  -16.991 0.0000000000
134903  6.318  20.572  -17.353 0.0000000000
134904  5.987  22.111  -18.499 0.0000000000
134905  6.086  21.111  -18.092 0.0000000000
134906  6.208  20.217  -17.770 0.0000000000
141576  6.097  19.604  -9.048 0.0000000000
141577  6.005  20.689  -9.028 0.0000000000
141578  6.123  20.503  -9.366 0.0000000000
141579  6.266  20.345  -9.704 0.0000000000
141580  6.467  21.067  -10.367 0.0000000000
141581  6.676  21.782  -10.968 0.0000000000
141582  7.011  22.528  -11.613 0.0000000000
141583  5.536  25.720  -6.666 0.0000000000
141584  5.474  25.513  -7.113 0.0000000000
141585  5.481  25.281  -7.534 0.0000000000
141587  5.392  25.928  -8.159 0.0000000000
141588  5.513  25.094  -7.943 0.0000000000
141589  5.586  24.929  -8.365 0.0000000000
141590  5.696  24.789  -8.770 0.0000000000
141591  5.890  24.608  -9.151 0.0000000000
141598  6.397  26.048  -9.803 0.0000000000
141599  6.195  25.262  -9.706 0.0000000000
141600  6.110  24.444  -9.522 0.0000000000
141601  6.335  24.261  -9.875 0.0000000000
141602  6.610  24.118  -10.263 0.0000000000
141603  6.867  23.976  -10.660 0.0000000000
141604  7.587  25.304  -11.259 0.0000000000
141605  7.298  24.552  -11.191 0.0000000000
141606  7.020  23.753  -11.052 0.0000000000
141607  7.129  23.532  -11.439 0.0000000000
141608  7.262  23.374  -11.819 0.0000000000
141609  7.299  23.234  -12.287 0.0000000000
141610  7.481  23.901  -12.970 0.0000000000
141611  7.528  24.575  -13.599 0.0000000000
141612  7.441  25.280  -14.176 0.0000000000
141615  7.249  26.019  -14.738 0.0000000000
141616  6.997  26.773  -15.286 0.0000000000
155687  7.019  21.370  -12.234 0.0000000000
155688  6.923  20.491  -11.919 0.0000000000
155689  6.869  19.542  -11.564 0.0000000000
155690  7.121  20.074  -12.671 0.0000000000
155691  6.972  19.370  -11.944 0.0000000000
155692  6.869  18.601  -11.213 0.0000000000
155693  6.919  17.522  -10.876 0.0000000000
155694  6.858  16.381  -10.607 0.0000000000
155695  6.717  15.106  -10.431 0.0000000000
155696  7.181  19.255  -14.216 0.0000000000
155697  7.142  18.544  -13.450 0.0000000000
155698  7.101  17.731  -12.699 0.0000000000
155699  7.068  16.408  -12.798 0.0000000000
155700  7.054  16.612  -12.341 0.0000000000
155701  7.056  16.832  -11.964 0.0000000000
155702  7.009  15.916  -11.287 0.0000000000
155703  6.819  14.878  -10.776 0.0000000000
155704  6.585  13.789  -10.348 0.0000000000
