#!ascii label  , from subject fsaverage vox2ras=TkReg
639
359  63.196  -22.388  -17.396 0.0000000000
360  55.936  -20.986  -21.860 0.0000000000
361  53.906  -33.892  -16.395 0.0000000000
837  65.671  -29.606  -12.717 0.0000000000
838  65.145  -24.200  -13.477 0.0000000000
839  62.213  -28.850  -16.242 0.0000000000
840  58.130  -27.596  -17.029 0.0000000000
841  57.822  -34.781  -15.378 0.0000000000
1799  59.575  -21.880  -19.920 0.0000000000
1800  54.572  -26.295  -19.046 0.0000000000
2757  63.950  -32.155  -13.824 0.0000000000
2758  64.303  -29.250  -14.702 0.0000000000
2759  61.932  -31.996  -15.190 0.0000000000
2760  60.189  -31.866  -16.045 0.0000000000
3950  64.665  -23.088  -15.573 0.0000000000
3952  64.769  -19.836  -15.696 0.0000000000
3955  61.935  -19.176  -19.688 0.0000000000
3956  61.567  -21.869  -18.853 0.0000000000
3957  55.876  -30.522  -16.519 0.0000000000
3958  56.166  -26.882  -17.674 0.0000000000
3959  54.154  -29.896  -17.545 0.0000000000
3960  53.240  -29.160  -19.282 0.0000000000
4410  65.777  -33.059  -10.093 0.0000000000
5747  57.984  -18.405  -21.877 0.0000000000
6113  65.197  -27.900  -11.275 0.0000000000
6114  64.085  -25.598  -12.188 0.0000000000
6115  65.329  -26.847  -13.152 0.0000000000
6116  64.586  -26.228  -15.147 0.0000000000
6117  62.623  -25.753  -16.872 0.0000000000
6118  60.734  -25.064  -17.583 0.0000000000
6119  60.079  -28.334  -16.634 0.0000000000
6120  57.888  -31.297  -16.137 0.0000000000
6121  55.778  -34.420  -15.794 0.0000000000
8035  57.687  -21.501  -20.795 0.0000000000
8036  58.792  -24.302  -18.448 0.0000000000
8037  56.983  -24.049  -19.316 0.0000000000
8038  55.717  -23.841  -20.707 0.0000000000
8039  54.353  -26.137  -21.197 0.0000000000
8040  53.857  -28.708  -21.593 0.0000000000
8609  65.782  -30.407  -10.814 0.0000000000
8610  65.483  -32.635  -12.185 0.0000000000
10438  62.926  -32.026  -14.447 0.0000000000
10440  60.817  -33.419  -15.046 0.0000000000
11630  64.048  -22.785  -16.662 0.0000000000
11631  64.786  -21.553  -15.688 0.0000000000
11632  64.285  -20.989  -16.639 0.0000000000
11633  64.333  -19.243  -16.726 0.0000000000
11634  63.507  -20.491  -17.631 0.0000000000
11635  62.735  -20.368  -18.530 0.0000000000
11636  62.387  -22.031  -18.050 0.0000000000
11637  54.806  -32.183  -16.448 0.0000000000
11638  55.024  -30.208  -16.960 0.0000000000
11639  54.078  -31.853  -16.915 0.0000000000
11640  53.337  -31.460  -17.558 0.0000000000
11641  53.303  -33.556  -17.002 0.0000000000
13427  56.842  -19.757  -21.770 0.0000000000
14027  65.806  -28.621  -11.934 0.0000000000
14028  65.454  -27.222  -12.148 0.0000000000
14029  65.626  -28.153  -12.989 0.0000000000
14030  63.310  -29.084  -15.528 0.0000000000
14031  64.399  -27.784  -14.989 0.0000000000
14032  63.392  -27.557  -15.856 0.0000000000
14033  63.664  -26.014  -16.173 0.0000000000
14034  62.297  -27.321  -16.451 0.0000000000
14035  61.286  -27.057  -16.823 0.0000000000
14036  61.118  -28.642  -16.478 0.0000000000
14037  59.051  -33.313  -15.786 0.0000000000
14038  59.074  -31.567  -16.175 0.0000000000
14039  57.984  -33.119  -15.963 0.0000000000
14040  56.821  -32.844  -16.039 0.0000000000
14041  56.838  -34.697  -15.630 0.0000000000
17605  64.794  -24.842  -12.735 0.0000000000
17622  60.784  -20.674  -20.074 0.0000000000
17624  59.751  -20.456  -20.511 0.0000000000
17625  58.719  -20.202  -20.961 0.0000000000
17626  58.625  -21.716  -20.260 0.0000000000
17627  59.414  -26.238  -17.348 0.0000000000
17628  59.788  -24.656  -17.968 0.0000000000
17629  58.470  -25.892  -17.689 0.0000000000
17630  55.208  -26.547  -18.243 0.0000000000
17631  56.398  -25.261  -18.510 0.0000000000
17632  55.691  -25.130  -19.123 0.0000000000
17633  56.245  -23.949  -19.893 0.0000000000
17634  55.114  -24.998  -19.926 0.0000000000
17635  54.900  -24.934  -20.944 0.0000000000
17636  54.304  -26.188  -20.039 0.0000000000
17638  53.346  -28.832  -20.499 0.0000000000
18985  65.005  -29.738  -10.399 0.0000000000
18986  65.266  -30.806  -9.933 0.0000000000
18988  65.894  -32.857  -11.085 0.0000000000
23393  64.967  -30.893  -13.405 0.0000000000
23394  65.186  -29.358  -13.721 0.0000000000
23395  64.139  -30.703  -14.219 0.0000000000
23396  63.173  -30.562  -15.055 0.0000000000
23397  62.275  -30.538  -15.863 0.0000000000
23398  61.222  -30.363  -16.203 0.0000000000
23399  61.094  -32.037  -15.696 0.0000000000
23400  59.886  -33.400  -15.476 0.0000000000
24473  55.437  -27.304  -23.464 0.0000000000
25540  65.079  -23.569  -14.466 0.0000000000
25543  64.862  -20.645  -14.752 0.0000000000
25550  62.768  -19.139  -18.864 0.0000000000
25551  61.785  -20.569  -19.409 0.0000000000
25552  60.619  -21.897  -19.500 0.0000000000
25553  56.971  -28.986  -16.665 0.0000000000
25554  57.151  -27.188  -17.267 0.0000000000
25555  55.980  -28.623  -16.940 0.0000000000
25556  55.067  -28.349  -17.465 0.0000000000
25557  54.183  -27.967  -18.224 0.0000000000
25558  53.731  -27.662  -19.143 0.0000000000
25559  53.505  -29.502  -18.320 0.0000000000
25560  52.808  -31.040  -18.384 0.0000000000
29621  63.917  -27.501  -11.194 0.0000000000
29623  64.682  -26.712  -11.700 0.0000000000
29624  65.060  -26.068  -12.428 0.0000000000
29625  65.288  -25.487  -13.282 0.0000000000
29626  65.128  -27.956  -14.008 0.0000000000
29627  65.096  -26.536  -14.163 0.0000000000
29628  65.186  -25.053  -14.195 0.0000000000
29629  64.670  -24.722  -15.293 0.0000000000
29630  63.861  -24.439  -16.461 0.0000000000
29631  62.958  -24.108  -17.167 0.0000000000
29632  62.132  -23.761  -17.617 0.0000000000
29633  61.710  -25.452  -17.234 0.0000000000
29634  60.384  -26.603  -17.047 0.0000000000
29635  59.139  -27.977  -16.826 0.0000000000
29636  60.154  -30.049  -16.310 0.0000000000
29637  58.996  -29.739  -16.359 0.0000000000
29638  57.966  -29.326  -16.502 0.0000000000
29639  56.814  -30.892  -16.262 0.0000000000
29640  55.731  -32.526  -16.145 0.0000000000
29641  54.705  -34.131  -15.986 0.0000000000
34422  57.805  -19.929  -21.337 0.0000000000
34424  61.184  -23.353  -18.053 0.0000000000
34425  60.278  -23.043  -18.659 0.0000000000
34426  59.333  -22.968  -19.165 0.0000000000
34427  57.348  -25.554  -18.041 0.0000000000
34428  57.860  -24.123  -18.882 0.0000000000
34429  58.313  -22.939  -19.573 0.0000000000
34430  57.455  -22.958  -20.105 0.0000000000
34431  56.654  -22.704  -20.716 0.0000000000
34434  55.102  -24.851  -21.973 0.0000000000
34435  54.836  -26.094  -22.207 0.0000000000
34436  53.702  -27.490  -20.205 0.0000000000
34437  54.061  -27.375  -21.405 0.0000000000
34438  54.704  -27.348  -22.449 0.0000000000
34439  54.582  -28.612  -22.640 0.0000000000
36083  64.554  -28.580  -10.774 0.0000000000
36084  65.655  -29.132  -11.080 0.0000000000
36085  65.884  -29.971  -11.733 0.0000000000
36086  65.876  -31.696  -10.438 0.0000000000
36087  65.881  -31.389  -11.490 0.0000000000
36088  65.490  -31.120  -12.540 0.0000000000
36089  64.766  -32.409  -13.125 0.0000000000
40641  57.208  -36.136  -14.655 0.0000000000
40644  56.317  -36.219  -14.935 0.0000000000
40645  55.440  -36.256  -15.291 0.0000000000
40646  54.530  -36.113  -15.748 0.0000000000
40647  53.707  -36.011  -16.175 0.0000000000
40656  53.114  -35.856  -16.829 0.0000000000
42350  63.656  -22.593  -17.074 0.0000000000
42351  64.153  -21.945  -16.650 0.0000000000
42352  63.774  -21.675  -17.071 0.0000000000
42353  63.931  -20.686  -17.124 0.0000000000
42354  63.393  -21.406  -17.503 0.0000000000
42355  63.022  -21.243  -17.916 0.0000000000
42356  62.788  -22.161  -17.672 0.0000000000
42357  54.347  -33.046  -16.368 0.0000000000
42358  54.411  -32.037  -16.663 0.0000000000
42359  54.008  -32.875  -16.625 0.0000000000
42360  53.676  -32.699  -16.901 0.0000000000
42361  53.606  -33.746  -16.683 0.0000000000
44147  56.384  -20.371  -21.836 0.0000000000
44747  65.821  -29.088  -12.357 0.0000000000
44748  65.786  -28.334  -12.488 0.0000000000
44749  65.680  -28.906  -12.920 0.0000000000
44750  62.799  -28.990  -15.953 0.0000000000
44751  63.326  -28.334  -15.671 0.0000000000
44752  62.775  -28.209  -16.041 0.0000000000
44753  62.858  -27.429  -16.189 0.0000000000
44754  62.182  -28.103  -16.316 0.0000000000
44755  61.658  -28.010  -16.458 0.0000000000
44756  61.665  -28.759  -16.376 0.0000000000
44757  58.471  -34.048  -15.570 0.0000000000
44758  58.548  -33.230  -15.897 0.0000000000
44759  57.974  -34.025  -15.724 0.0000000000
44760  57.468  -33.901  -15.808 0.0000000000
44761  57.370  -34.773  -15.508 0.0000000000
48325  65.033  -24.487  -13.068 0.0000000000
48342  60.196  -21.314  -20.065 0.0000000000
48343  60.282  -20.605  -20.289 0.0000000000
48344  59.688  -21.274  -20.239 0.0000000000
48345  59.168  -21.152  -20.428 0.0000000000
48346  59.096  -21.841  -20.092 0.0000000000
48347  58.823  -26.907  -17.213 0.0000000000
48348  58.955  -26.069  -17.523 0.0000000000
48349  58.273  -26.716  -17.334 0.0000000000
48350  54.852  -26.411  -18.631 0.0000000000
48351  55.415  -25.815  -18.659 0.0000000000
48352  55.100  -25.714  -19.039 0.0000000000
48353  55.361  -25.075  -19.503 0.0000000000
48354  54.865  -25.657  -19.493 0.0000000000
48355  54.679  -25.630  -19.960 0.0000000000
48356  54.418  -26.217  -19.490 0.0000000000
54347  64.489  -31.513  -13.629 0.0000000000
54348  64.560  -30.751  -13.841 0.0000000000
54349  63.987  -31.366  -14.011 0.0000000000
54350  62.406  -32.001  -14.830 0.0000000000
54351  63.036  -31.289  -14.748 0.0000000000
54352  62.547  -31.262  -15.139 0.0000000000
54353  62.721  -30.529  -15.472 0.0000000000
54354  62.054  -31.260  -15.501 0.0000000000
54355  61.628  -31.285  -15.749 0.0000000000
54356  61.525  -32.001  -15.462 0.0000000000
54358  60.306  -33.413  -15.272 0.0000000000
54359  59.693  -34.049  -15.146 0.0000000000
54360  59.325  -34.023  -15.318 0.0000000000
57925  64.902  -23.287  -14.999 0.0000000000
57926  65.006  -22.820  -14.538 0.0000000000
57927  64.892  -22.548  -15.099 0.0000000000
57928  64.762  -20.697  -15.691 0.0000000000
57929  64.933  -20.978  -15.184 0.0000000000
57930  64.846  -20.250  -15.205 0.0000000000
57931  64.709  -19.847  -14.849 0.0000000000
57940  63.182  -18.504  -18.662 0.0000000000
57941  63.217  -19.073  -18.373 0.0000000000
57942  62.169  -21.133  -18.699 0.0000000000
57943  62.242  -20.492  -19.044 0.0000000000
57944  61.715  -21.163  -19.157 0.0000000000
57945  61.250  -21.241  -19.583 0.0000000000
57946  61.149  -21.861  -19.187 0.0000000000
57947  56.437  -29.729  -16.570 0.0000000000
57948  56.472  -28.762  -16.766 0.0000000000
57949  55.996  -29.573  -16.699 0.0000000000
57950  54.613  -30.057  -17.215 0.0000000000
57951  55.110  -29.273  -17.160 0.0000000000
57952  54.633  -29.085  -17.481 0.0000000000
57953  54.591  -28.147  -17.815 0.0000000000
57954  54.157  -28.877  -17.821 0.0000000000
57955  53.804  -28.694  -18.206 0.0000000000
57956  53.799  -29.705  -17.922 0.0000000000
57957  53.066  -32.290  -17.574 0.0000000000
57958  53.015  -31.242  -17.958 0.0000000000
65117  64.602  -27.697  -11.117 0.0000000000
65118  64.336  -27.093  -11.415 0.0000000000
65119  64.930  -27.294  -11.486 0.0000000000
65120  65.404  -27.022  -12.676 0.0000000000
65121  65.244  -26.674  -12.298 0.0000000000
65122  65.299  -26.420  -12.798 0.0000000000
65123  65.206  -25.744  -12.828 0.0000000000
65124  65.319  -26.199  -13.220 0.0000000000
65125  64.798  -29.300  -14.213 0.0000000000
65126  65.208  -28.647  -13.876 0.0000000000
65127  64.814  -28.589  -14.339 0.0000000000
65128  64.464  -26.988  -15.105 0.0000000000
65129  64.821  -27.102  -14.627 0.0000000000
65130  64.876  -26.364  -14.649 0.0000000000
65131  65.146  -25.817  -14.154 0.0000000000
65132  64.949  -25.677  -14.680 0.0000000000
65133  64.955  -24.877  -14.721 0.0000000000
65134  64.622  -25.499  -15.259 0.0000000000
65135  63.122  -25.902  -16.584 0.0000000000
65136  63.805  -25.253  -16.340 0.0000000000
65137  63.319  -25.117  -16.737 0.0000000000
65138  63.427  -24.274  -16.907 0.0000000000
65139  62.780  -24.960  -17.059 0.0000000000
65140  62.328  -24.794  -17.263 0.0000000000
65141  62.163  -25.621  -17.079 0.0000000000
65142  60.572  -27.688  -16.719 0.0000000000
65143  60.843  -26.813  -16.919 0.0000000000
65144  60.155  -27.464  -16.820 0.0000000000
65145  59.745  -27.248  -16.984 0.0000000000
65146  59.614  -28.164  -16.719 0.0000000000
65147  60.663  -31.081  -16.111 0.0000000000
65148  60.690  -30.219  -16.270 0.0000000000
65149  60.157  -30.902  -16.179 0.0000000000
65150  58.474  -31.443  -16.156 0.0000000000
65151  58.992  -30.649  -16.261 0.0000000000
65152  58.439  -30.518  -16.289 0.0000000000
65153  58.452  -29.548  -16.389 0.0000000000
65154  57.905  -30.307  -16.328 0.0000000000
65155  57.385  -30.081  -16.376 0.0000000000
65156  57.342  -31.095  -16.185 0.0000000000
65157  56.371  -33.608  -15.905 0.0000000000
65158  56.268  -32.690  -16.084 0.0000000000
65159  55.784  -33.445  -15.974 0.0000000000
65160  55.228  -33.303  -16.059 0.0000000000
65161  55.212  -34.280  -15.881 0.0000000000
75912  58.231  -20.823  -20.911 0.0000000000
75913  58.270  -20.032  -21.166 0.0000000000
75914  57.742  -20.712  -21.109 0.0000000000
75915  57.225  -20.619  -21.299 0.0000000000
75916  57.206  -21.323  -21.046 0.0000000000
75917  61.415  -24.436  -17.594 0.0000000000
75918  61.636  -23.575  -17.810 0.0000000000
75919  60.958  -24.240  -17.764 0.0000000000
75920  59.313  -24.419  -18.183 0.0000000000
75921  60.051  -23.869  -18.284 0.0000000000
75922  59.594  -23.706  -18.542 0.0000000000
75923  59.811  -22.989  -18.932 0.0000000000
75924  59.083  -23.605  -18.830 0.0000000000
75925  56.676  -27.032  -17.447 0.0000000000
75926  57.264  -26.344  -17.656 0.0000000000
75927  56.752  -26.164  -17.832 0.0000000000
75928  56.705  -24.642  -18.963 0.0000000000
75929  57.144  -24.687  -18.692 0.0000000000
75930  57.388  -24.099  -19.076 0.0000000000
75931  58.144  -23.495  -19.248 0.0000000000
75932  57.687  -23.468  -19.458 0.0000000000
75933  57.871  -22.973  -19.822 0.0000000000
75934  57.215  -23.467  -19.699 0.0000000000
75935  55.986  -23.904  -20.274 0.0000000000
75936  56.510  -23.344  -20.325 0.0000000000
75937  56.187  -23.224  -20.694 0.0000000000
75939  55.872  -23.135  -21.148 0.0000000000
75941  55.521  -23.744  -21.217 0.0000000000
75942  54.631  -25.542  -21.013 0.0000000000
75943  54.988  -24.870  -21.500 0.0000000000
75944  54.796  -25.512  -21.567 0.0000000000
75945  55.017  -25.479  -22.157 0.0000000000
75946  54.565  -26.107  -21.688 0.0000000000
75947  53.484  -28.396  -19.193 0.0000000000
75948  53.666  -27.563  -19.662 0.0000000000
75949  53.412  -28.246  -19.695 0.0000000000
75950  53.569  -28.774  -21.067 0.0000000000
75951  53.713  -28.046  -20.911 0.0000000000
75952  53.947  -28.039  -21.476 0.0000000000
75953  54.340  -27.350  -21.938 0.0000000000
75954  54.277  -28.007  -22.057 0.0000000000
75955  54.641  -27.991  -22.582 0.0000000000
75956  54.193  -28.643  -22.116 0.0000000000
79990  63.756  -28.460  -10.805 0.0000000000
79991  64.075  -28.958  -10.579 0.0000000000
79992  65.515  -30.038  -10.512 0.0000000000
79993  65.434  -29.433  -10.739 0.0000000000
79994  65.744  -29.821  -10.929 0.0000000000
79995  65.856  -29.563  -11.393 0.0000000000
79996  65.898  -30.189  -11.276 0.0000000000
79998  65.642  -31.824  -10.009 0.0000000000
79999  65.856  -32.373  -10.262 0.0000000000
80000  65.732  -32.743  -11.646 0.0000000000
80001  65.925  -32.130  -11.279 0.0000000000
80002  65.754  -31.960  -11.851 0.0000000000
80003  65.707  -31.258  -12.024 0.0000000000
80004  65.506  -31.862  -12.347 0.0000000000
80005  65.214  -31.765  -12.808 0.0000000000
80006  65.154  -32.527  -12.690 0.0000000000
91365  55.960  -36.967  -14.721 0.0000000000
91366  55.542  -37.074  -14.867 0.0000000000
91367  55.845  -36.268  -15.105 0.0000000000
91368  55.110  -37.164  -15.045 0.0000000000
91370  54.463  -37.215  -15.535 0.0000000000
91372  54.110  -36.072  -15.953 0.0000000000
91373  53.800  -37.152  -16.259 0.0000000000
92513  63.386  -32.825  -13.958 0.0000000000
92514  63.507  -32.119  -14.190 0.0000000000
92515  62.839  -32.751  -14.282 0.0000000000
92516  62.309  -32.718  -14.595 0.0000000000
92517  61.816  -32.699  -14.901 0.0000000000
92518  61.420  -32.694  -15.117 0.0000000000
92519  61.264  -33.410  -14.835 0.0000000000
94660  64.370  -22.955  -16.154 0.0000000000
94661  64.729  -22.352  -15.673 0.0000000000
94662  64.473  -22.208  -16.186 0.0000000000
94663  64.561  -21.264  -16.146 0.0000000000
94664  64.553  -20.386  -16.185 0.0000000000
94665  64.571  -19.506  -16.234 0.0000000000
94666  64.318  -20.037  -16.692 0.0000000000
94667  64.037  -19.779  -17.176 0.0000000000
94668  63.634  -19.749  -17.747 0.0000000000
94669  63.226  -19.739  -18.225 0.0000000000
94670  63.133  -20.376  -18.052 0.0000000000
94671  62.636  -21.162  -18.262 0.0000000000
94672  61.993  -21.918  -18.428 0.0000000000
94673  55.342  -31.347  -16.510 0.0000000000
94674  55.436  -30.372  -16.733 0.0000000000
94675  54.910  -31.229  -16.704 0.0000000000
94676  54.553  -31.059  -16.934 0.0000000000
94677  54.132  -30.847  -17.226 0.0000000000
94678  53.702  -30.624  -17.554 0.0000000000
94679  53.692  -31.666  -17.211 0.0000000000
94680  53.360  -32.531  -17.170 0.0000000000
94681  53.037  -33.379  -17.341 0.0000000000
97895  57.430  -19.082  -21.831 0.0000000000
97896  57.533  -18.283  -22.143 0.0000000000
97897  56.951  -18.932  -22.092 0.0000000000
98975  65.587  -28.204  -11.555 0.0000000000
98976  65.357  -27.552  -11.634 0.0000000000
98977  65.657  -27.933  -12.064 0.0000000000
98978  65.616  -27.707  -12.556 0.0000000000
98979  65.477  -27.522  -13.083 0.0000000000
98980  63.811  -29.165  -15.117 0.0000000000
98981  64.382  -28.512  -14.816 0.0000000000
98982  63.838  -28.446  -15.261 0.0000000000
98983  63.941  -27.641  -15.429 0.0000000000
98984  64.057  -26.872  -15.568 0.0000000000
98985  64.193  -26.119  -15.678 0.0000000000
98986  63.574  -26.725  -16.011 0.0000000000
98987  63.011  -26.695  -16.371 0.0000000000
98988  62.447  -26.523  -16.668 0.0000000000
98989  61.954  -26.364  -16.854 0.0000000000
98990  61.799  -27.216  -16.657 0.0000000000
98991  61.099  -27.867  -16.599 0.0000000000
98992  60.583  -28.491  -16.562 0.0000000000
98993  59.606  -32.594  -15.924 0.0000000000
98994  59.661  -31.709  -16.164 0.0000000000
98995  59.091  -32.468  -16.035 0.0000000000
98996  58.553  -32.341  -16.097 0.0000000000
98997  57.963  -32.210  -16.077 0.0000000000
98998  57.369  -32.062  -16.084 0.0000000000
98999  57.363  -32.990  -15.986 0.0000000000
99000  56.932  -33.763  -15.864 0.0000000000
99001  56.320  -34.563  -15.712 0.0000000000
105415  64.463  -25.215  -12.440 0.0000000000
105416  63.797  -25.030  -12.466 0.0000000000
105446  61.348  -19.984  -19.945 0.0000000000
105447  61.419  -19.188  -20.088 0.0000000000
105448  60.892  -19.909  -20.224 0.0000000000
105451  59.321  -19.506  -20.971 0.0000000000
105452  59.266  -20.296  -20.723 0.0000000000
105453  58.689  -21.016  -20.654 0.0000000000
105454  58.144  -21.644  -20.539 0.0000000000
105455  60.071  -25.681  -17.466 0.0000000000
105456  60.266  -24.860  -17.758 0.0000000000
105457  59.606  -25.494  -17.628 0.0000000000
105458  59.129  -25.228  -17.862 0.0000000000
105459  58.577  -25.065  -18.068 0.0000000000
105460  55.641  -26.694  -17.933 0.0000000000
105461  56.227  -26.024  -18.073 0.0000000000
105462  55.799  -25.910  -18.357 0.0000000000
105463  56.012  -25.191  -18.791 0.0000000000
105464  56.290  -24.605  -19.233 0.0000000000
105465  56.623  -23.993  -19.601 0.0000000000
105466  55.934  -24.551  -19.551 0.0000000000
105467  55.641  -24.503  -19.926 0.0000000000
105468  55.350  -24.414  -20.346 0.0000000000
105469  55.208  -24.387  -20.825 0.0000000000
105470  54.968  -24.960  -20.397 0.0000000000
105471  54.575  -25.586  -20.504 0.0000000000
105472  54.266  -26.172  -20.598 0.0000000000
105473  52.926  -29.867  -19.364 0.0000000000
105474  53.261  -29.001  -19.845 0.0000000000
105475  53.013  -29.707  -19.943 0.0000000000
105476  53.169  -29.555  -20.540 0.0000000000
107899  64.293  -29.455  -10.348 0.0000000000
107901  65.104  -30.262  -10.133 0.0000000000
107902  65.579  -30.620  -10.359 0.0000000000
107903  65.782  -33.655  -10.507 0.0000000000
107904  65.892  -32.977  -10.574 0.0000000000
114725  54.558  -38.253  -15.267 0.0000000000
116021  65.346  -30.233  -13.125 0.0000000000
116022  65.465  -29.484  -13.268 0.0000000000
116023  65.035  -30.132  -13.620 0.0000000000
116024  64.646  -30.052  -14.076 0.0000000000
116025  64.211  -29.973  -14.515 0.0000000000
116026  63.502  -31.298  -14.372 0.0000000000
116027  63.657  -30.641  -14.634 0.0000000000
116028  63.762  -29.916  -14.935 0.0000000000
116029  63.330  -29.857  -15.351 0.0000000000
116030  62.832  -29.794  -15.781 0.0000000000
116031  62.268  -29.720  -16.106 0.0000000000
116032  61.734  -29.618  -16.284 0.0000000000
116033  61.767  -30.476  -16.092 0.0000000000
116034  61.167  -31.238  -15.957 0.0000000000
116035  60.666  -31.988  -15.890 0.0000000000
116036  60.960  -32.733  -15.391 0.0000000000
116037  60.515  -32.757  -15.633 0.0000000000
116038  60.094  -32.709  -15.774 0.0000000000
116039  59.487  -33.362  -15.651 0.0000000000
116040  58.922  -34.037  -15.443 0.0000000000
116041  58.244  -34.739  -15.245 0.0000000000
121030  65.159  -23.890  -13.940 0.0000000000
121031  65.018  -23.406  -13.581 0.0000000000
121032  65.086  -23.110  -14.017 0.0000000000
121035  64.939  -21.836  -15.232 0.0000000000
121038  64.669  -20.308  -14.454 0.0000000000
121053  62.798  -18.465  -19.116 0.0000000000
121054  62.348  -19.189  -19.316 0.0000000000
121055  62.800  -19.768  -18.682 0.0000000000
121056  62.351  -19.791  -19.175 0.0000000000
121057  61.846  -19.895  -19.582 0.0000000000
121058  61.280  -20.654  -19.786 0.0000000000
121059  60.710  -21.298  -19.850 0.0000000000
121060  60.105  -21.889  -19.736 0.0000000000
121061  57.503  -28.252  -16.824 0.0000000000
121062  57.653  -27.389  -17.147 0.0000000000
121063  57.032  -28.052  -16.944 0.0000000000
121064  56.568  -27.891  -17.095 0.0000000000
121065  56.057  -27.743  -17.278 0.0000000000
121066  55.529  -29.428  -16.874 0.0000000000
121067  55.509  -28.496  -17.176 0.0000000000
121068  55.580  -27.618  -17.530 0.0000000000
121069  55.091  -27.442  -17.841 0.0000000000
121070  54.636  -27.259  -18.194 0.0000000000
121071  54.296  -27.084  -18.613 0.0000000000
121072  54.113  -26.986  -19.048 0.0000000000
121073  53.865  -27.820  -18.677 0.0000000000
121074  53.615  -28.545  -18.700 0.0000000000
121075  53.294  -29.322  -18.777 0.0000000000
121076  53.373  -30.426  -17.916 0.0000000000
121077  53.126  -30.217  -18.397 0.0000000000
121078  52.962  -30.033  -18.889 0.0000000000
122967  65.352  -33.774  -9.470 0.0000000000
122968  65.615  -33.701  -9.949 0.0000000000
122969  65.518  -34.281  -10.442 0.0000000000
130868  63.956  -26.577  -11.690 0.0000000000
130869  64.374  -26.131  -11.964 0.0000000000
130870  65.133  -26.952  -11.877 0.0000000000
130871  64.893  -26.397  -12.062 0.0000000000
130872  64.692  -25.752  -12.234 0.0000000000
130873  64.925  -25.434  -12.625 0.0000000000
130874  65.109  -25.110  -12.981 0.0000000000
130875  65.229  -24.835  -13.356 0.0000000000
130876  65.487  -28.753  -13.424 0.0000000000
130877  65.404  -28.033  -13.511 0.0000000000
130878  65.308  -27.395  -13.612 0.0000000000
130879  64.794  -27.898  -14.504 0.0000000000
130880  65.079  -27.279  -14.115 0.0000000000
130881  65.223  -26.685  -13.641 0.0000000000
130882  65.261  -25.967  -13.685 0.0000000000
130883  65.290  -25.306  -13.743 0.0000000000
130884  65.239  -24.593  -13.803 0.0000000000
130885  65.146  -24.344  -14.282 0.0000000000
130886  64.943  -24.095  -14.855 0.0000000000
130887  64.637  -23.915  -15.507 0.0000000000
130888  64.243  -25.339  -15.813 0.0000000000
130889  64.295  -24.589  -15.903 0.0000000000
130890  64.322  -23.715  -16.059 0.0000000000
130891  63.947  -23.561  -16.587 0.0000000000
130892  63.555  -23.456  -16.997 0.0000000000
130893  63.109  -23.228  -17.300 0.0000000000
130894  62.675  -23.100  -17.540 0.0000000000
130895  62.554  -23.950  -17.397 0.0000000000
130896  61.851  -24.656  -17.443 0.0000000000
130897  61.255  -25.242  -17.390 0.0000000000
130898  61.494  -26.200  -17.020 0.0000000000
130899  61.037  -26.023  -17.182 0.0000000000
130900  60.553  -25.854  -17.318 0.0000000000
130901  59.895  -26.405  -17.187 0.0000000000
130902  59.291  -27.078  -17.112 0.0000000000
130903  58.612  -27.790  -16.916 0.0000000000
130904  61.162  -29.499  -16.387 0.0000000000
130905  60.619  -29.376  -16.398 0.0000000000
130906  60.102  -29.225  -16.419 0.0000000000
130907  59.590  -30.757  -16.226 0.0000000000
130908  59.555  -29.895  -16.335 0.0000000000
130909  59.588  -29.043  -16.470 0.0000000000
130910  59.044  -28.832  -16.536 0.0000000000
130911  58.529  -28.667  -16.631 0.0000000000
130912  58.010  -28.479  -16.735 0.0000000000
130913  57.465  -29.165  -16.582 0.0000000000
130914  56.899  -29.906  -16.463 0.0000000000
130915  56.328  -30.701  -16.370 0.0000000000
130916  56.800  -31.893  -16.125 0.0000000000
130917  56.252  -31.703  -16.237 0.0000000000
130918  55.787  -31.511  -16.358 0.0000000000
130919  55.245  -32.323  -16.270 0.0000000000
130920  54.729  -33.178  -16.177 0.0000000000
130921  54.272  -34.002  -16.165 0.0000000000
144302  58.852  -19.405  -21.162 0.0000000000
144304  57.844  -19.190  -21.559 0.0000000000
144305  57.333  -19.854  -21.555 0.0000000000
144306  56.821  -20.524  -21.567 0.0000000000
144307  56.335  -21.127  -21.557 0.0000000000
144308  62.232  -22.879  -17.766 0.0000000000
144309  61.819  -22.618  -18.015 0.0000000000
144310  61.382  -22.581  -18.404 0.0000000000
144311  60.515  -24.077  -18.007 0.0000000000
144312  60.727  -23.185  -18.333 0.0000000000
144313  60.966  -22.487  -18.751 0.0000000000
144314  60.542  -22.421  -19.092 0.0000000000
144315  60.007  -22.400  -19.348 0.0000000000
144316  59.493  -22.398  -19.560 0.0000000000
144317  57.764  -26.534  -17.494 0.0000000000
144318  57.901  -25.705  -17.872 0.0000000000
144319  58.090  -24.926  -18.279 0.0000000000
144320  56.854  -25.405  -18.260 0.0000000000
144321  57.617  -24.758  -18.464 0.0000000000
144322  58.309  -24.201  -18.677 0.0000000000
144323  58.587  -23.544  -19.033 0.0000000000
144324  58.795  -22.968  -19.359 0.0000000000
144325  58.978  -22.430  -19.790 0.0000000000
144326  58.493  -22.432  -19.972 0.0000000000
144327  58.042  -22.384  -20.200 0.0000000000
144328  57.604  -22.290  -20.456 0.0000000000
144329  56.857  -23.440  -19.990 0.0000000000
144330  57.055  -22.820  -20.385 0.0000000000
144331  57.193  -22.116  -20.684 0.0000000000
144338  55.154  -24.343  -21.307 0.0000000000
144341  55.216  -24.797  -22.454 0.0000000000
144344  53.993  -26.911  -19.566 0.0000000000
144345  53.956  -26.825  -20.136 0.0000000000
144346  54.050  -26.796  -20.687 0.0000000000
144347  53.533  -28.112  -20.320 0.0000000000
144348  53.823  -27.413  -20.779 0.0000000000
144349  54.209  -26.755  -21.261 0.0000000000
144350  54.447  -26.701  -21.830 0.0000000000
144351  54.764  -26.701  -22.309 0.0000000000
144352  55.059  -26.642  -22.778 0.0000000000
144353  55.065  -27.326  -22.949 0.0000000000
144354  55.086  -27.995  -23.129 0.0000000000
149226  64.230  -28.060  -10.921 0.0000000000
149227  64.921  -28.223  -11.008 0.0000000000
149228  64.806  -29.128  -10.620 0.0000000000
149229  65.184  -28.793  -10.878 0.0000000000
149230  65.454  -28.453  -11.149 0.0000000000
149231  65.760  -28.869  -11.489 0.0000000000
149232  65.879  -29.300  -11.896 0.0000000000
149233  65.794  -29.770  -12.241 0.0000000000
149234  65.287  -31.325  -9.812 0.0000000000
149235  65.614  -31.183  -10.198 0.0000000000
149236  65.835  -31.047  -10.641 0.0000000000
149237  65.943  -32.249  -10.756 0.0000000000
149238  65.944  -31.545  -10.953 0.0000000000
149239  65.890  -30.883  -11.143 0.0000000000
149240  65.856  -30.669  -11.656 0.0000000000
149241  65.743  -30.490  -12.156 0.0000000000
149242  65.554  -30.365  -12.650 0.0000000000
149243  65.245  -31.011  -12.994 0.0000000000
149244  64.876  -31.652  -13.265 0.0000000000
149245  64.360  -32.268  -13.503 0.0000000000
149248  63.845  -32.907  -13.673 0.0000000000
162878  57.961  -35.370  -14.889 0.0000000000
162879  57.525  -35.404  -14.994 0.0000000000
162887  56.769  -36.178  -14.784 0.0000000000
162888  57.082  -35.424  -15.116 0.0000000000
162889  56.629  -35.476  -15.278 0.0000000000
162890  56.170  -35.456  -15.448 0.0000000000
162891  55.702  -35.345  -15.620 0.0000000000
162892  54.719  -37.222  -15.262 0.0000000000
162893  54.984  -36.189  -15.516 0.0000000000
162894  55.098  -35.202  -15.742 0.0000000000
162895  54.592  -35.099  -15.867 0.0000000000
162896  54.154  -35.027  -16.015 0.0000000000
162897  53.757  -34.982  -16.231 0.0000000000
162922  53.469  -37.095  -16.512 0.0000000000
162923  53.363  -35.934  -16.460 0.0000000000
162924  53.470  -34.827  -16.553 0.0000000000
162925  53.210  -34.656  -16.914 0.0000000000
