#!ascii label  , from subject fsaverage vox2ras=TkReg
805
15  3.344  -32.818  65.078 0.0000000000
220  7.581  -38.817  59.711 0.0000000000
232  7.803  -40.119  69.467 0.0000000000
700  4.467  -37.433  61.819 0.0000000000
701  5.027  -35.376  57.322 0.0000000000
710  2.889  -34.623  69.181 0.0000000000
711  4.177  -39.475  71.938 0.0000000000
712  4.104  -39.346  66.381 0.0000000000
713  7.581  -39.797  64.448 0.0000000000
1548  8.882  -36.869  55.592 0.0000000000
1549  5.849  -33.113  53.423 0.0000000000
1567  8.529  -39.247  74.490 0.0000000000
2620  4.079  -35.140  63.574 0.0000000000
2621  5.016  -34.481  61.545 0.0000000000
2622  4.535  -32.103  63.256 0.0000000000
2630  2.767  -33.723  67.231 0.0000000000
2631  2.914  -37.294  67.770 0.0000000000
2632  3.460  -36.435  65.443 0.0000000000
2633  4.283  -38.350  64.012 0.0000000000
3535  10.203  -38.369  59.524 0.0000000000
3536  10.874  -37.564  57.555 0.0000000000
3537  8.100  -37.758  57.605 0.0000000000
3538  6.506  -32.628  57.162 0.0000000000
3539  5.331  -34.200  55.360 0.0000000000
3568  5.654  -40.478  70.882 0.0000000000
3569  6.106  -39.569  73.629 0.0000000000
3570  7.846  -39.903  72.225 0.0000000000
3574  10.101  -39.452  68.428 0.0000000000
3575  7.570  -39.436  62.025 0.0000000000
3576  10.030  -39.223  63.881 0.0000000000
3577  10.167  -38.894  61.692 0.0000000000
5866  5.350  -38.710  60.386 0.0000000000
5867  5.443  -37.845  57.938 0.0000000000
5868  4.658  -36.587  59.492 0.0000000000
5869  5.996  -33.704  59.378 0.0000000000
5886  3.055  -37.944  70.080 0.0000000000
5887  3.839  -39.809  69.189 0.0000000000
5888  5.742  -40.494  67.891 0.0000000000
5889  7.705  -40.082  66.944 0.0000000000
5890  5.622  -40.064  65.300 0.0000000000
5891  5.547  -39.449  62.830 0.0000000000
7446  13.449  -38.277  57.097 0.0000000000
7447  11.793  -36.954  55.522 0.0000000000
7448  10.029  -36.020  53.805 0.0000000000
7449  5.935  -36.738  55.794 0.0000000000
7450  6.948  -35.634  54.087 0.0000000000
7451  8.462  -34.262  52.687 0.0000000000
7492  7.264  -37.818  75.440 0.0000000000
7493  9.998  -38.399  75.886 0.0000000000
7501  10.050  -39.414  66.129 0.0000000000
8071  3.124  -30.721  67.100 0.0000000000
8126  2.983  -31.701  69.182 0.0000000000
10300  3.712  -33.958  64.327 0.0000000000
10301  4.222  -33.575  63.383 0.0000000000
10302  3.863  -32.364  64.160 0.0000000000
10310  2.995  -33.253  66.074 0.0000000000
10311  2.990  -35.035  66.280 0.0000000000
10312  3.334  -34.543  65.192 0.0000000000
10313  3.743  -35.780  64.475 0.0000000000
11215  8.884  -38.590  59.617 0.0000000000
11216  9.153  -38.071  58.578 0.0000000000
11217  7.791  -38.306  58.617 0.0000000000
11248  6.686  -40.442  70.181 0.0000000000
11249  6.705  -40.270  71.651 0.0000000000
11250  7.732  -40.096  70.871 0.0000000000
11251  8.932  -39.707  71.430 0.0000000000
11252  8.964  -39.739  70.097 0.0000000000
11254  8.895  -39.752  68.888 0.0000000000
11255  7.544  -39.172  60.841 0.0000000000
11256  8.803  -39.160  61.796 0.0000000000
11257  8.895  -38.893  60.706 0.0000000000
11258  10.170  -38.660  60.600 0.0000000000
13615  4.694  -38.202  61.066 0.0000000000
13616  4.641  -37.778  59.828 0.0000000000
13617  4.545  -37.020  60.683 0.0000000000
13618  5.442  -32.931  61.501 0.0000000000
13619  5.505  -34.056  60.565 0.0000000000
13620  6.133  -32.614  60.387 0.0000000000
13645  3.301  -35.043  69.677 0.0000000000
13646  3.228  -36.736  70.074 0.0000000000
13647  2.879  -36.445  69.409 0.0000000000
13648  3.411  -38.435  67.057 0.0000000000
13649  3.277  -38.791  68.373 0.0000000000
13650  3.942  -39.653  67.727 0.0000000000
13651  4.676  -40.347  68.519 0.0000000000
13652  4.789  -40.124  67.094 0.0000000000
13653  5.693  -40.308  66.600 0.0000000000
13654  4.763  -39.816  65.801 0.0000000000
13655  4.400  -37.917  62.931 0.0000000000
13656  4.797  -39.082  63.357 0.0000000000
13657  4.792  -38.622  62.212 0.0000000000
13658  5.436  -39.103  61.558 0.0000000000
16363  9.891  -37.173  56.599 0.0000000000
16364  11.364  -37.218  56.564 0.0000000000
16365  10.388  -36.805  55.596 0.0000000000
16366  10.854  -36.476  54.648 0.0000000000
16367  9.362  -36.460  54.655 0.0000000000
16368  4.892  -36.782  57.502 0.0000000000
16369  5.604  -37.295  56.838 0.0000000000
16370  5.110  -36.177  56.405 0.0000000000
16371  5.523  -33.646  54.419 0.0000000000
16372  5.736  -35.036  54.549 0.0000000000
16373  6.213  -34.454  53.725 0.0000000000
16374  7.673  -34.958  53.345 0.0000000000
16375  6.973  -33.823  52.949 0.0000000000
16376  7.856  -33.185  52.291 0.0000000000
16458  3.976  -38.653  72.010 0.0000000000
16460  4.682  -38.908  73.076 0.0000000000
16461  7.230  -39.335  74.197 0.0000000000
16462  6.571  -38.730  74.692 0.0000000000
16463  7.828  -38.621  75.116 0.0000000000
16464  8.539  -37.914  75.767 0.0000000000
16480  7.638  -39.972  65.676 0.0000000000
16481  8.804  -39.723  66.513 0.0000000000
16482  8.831  -39.627  65.310 0.0000000000
17843  2.925  -31.217  68.127 0.0000000000
23146  4.352  -36.386  62.755 0.0000000000
23147  4.625  -36.026  61.654 0.0000000000
23148  4.536  -34.781  62.591 0.0000000000
23149  4.807  -33.279  62.445 0.0000000000
23150  5.213  -31.816  62.311 0.0000000000
23164  2.699  -34.203  68.295 0.0000000000
23165  2.736  -36.049  68.425 0.0000000000
23166  2.740  -35.490  67.375 0.0000000000
23167  3.121  -36.823  66.570 0.0000000000
23168  3.715  -38.066  65.844 0.0000000000
23169  4.209  -38.893  65.181 0.0000000000
23170  3.912  -37.450  64.760 0.0000000000
23171  4.094  -36.956  63.692 0.0000000000
24793  11.442  -38.373  59.368 0.0000000000
24794  11.851  -38.075  58.359 0.0000000000
24795  10.551  -37.977  58.519 0.0000000000
24796  9.497  -37.575  57.617 0.0000000000
24797  8.402  -37.281  56.614 0.0000000000
24798  5.695  -33.978  57.268 0.0000000000
24799  5.164  -34.771  56.322 0.0000000000
24800  5.719  -33.425  56.236 0.0000000000
24801  5.726  -32.806  55.241 0.0000000000
24852  4.755  -40.136  71.521 0.0000000000
24853  5.073  -39.646  72.839 0.0000000000
24854  5.762  -40.174  72.340 0.0000000000
24855  6.904  -39.898  72.982 0.0000000000
24856  8.123  -39.611  73.439 0.0000000000
24865  7.576  -39.632  63.209 0.0000000000
24866  8.758  -39.478  64.169 0.0000000000
24867  8.804  -39.331  62.948 0.0000000000
24868  10.089  -39.049  62.768 0.0000000000
24869  11.370  -38.966  62.534 0.0000000000
24871  11.422  -38.832  61.498 0.0000000000
24872  11.467  -38.619  60.457 0.0000000000
29044  6.361  -38.935  59.899 0.0000000000
29045  6.476  -38.479  58.709 0.0000000000
29046  5.341  -38.299  59.097 0.0000000000
29047  4.754  -37.357  58.557 0.0000000000
29048  4.847  -36.030  58.408 0.0000000000
29049  4.924  -35.643  60.502 0.0000000000
29050  5.236  -35.122  59.428 0.0000000000
29051  5.491  -34.621  58.292 0.0000000000
29090  3.497  -38.956  70.995 0.0000000000
29091  2.876  -37.622  68.975 0.0000000000
29092  3.264  -38.973  69.701 0.0000000000
29093  3.863  -39.777  70.656 0.0000000000
29094  4.665  -40.355  70.032 0.0000000000
29095  5.638  -40.588  69.353 0.0000000000
29096  6.786  -40.452  68.691 0.0000000000
29097  7.773  -40.134  68.227 0.0000000000
29098  6.697  -40.355  67.395 0.0000000000
29099  6.612  -40.227  66.100 0.0000000000
29100  6.603  -40.034  64.817 0.0000000000
29101  4.832  -39.473  64.574 0.0000000000
29102  5.591  -39.804  64.062 0.0000000000
29103  6.539  -39.804  63.653 0.0000000000
29104  6.476  -39.535  62.347 0.0000000000
29105  6.415  -39.265  61.122 0.0000000000
32823  12.291  -37.807  57.360 0.0000000000
32824  12.666  -37.538  56.342 0.0000000000
32826  12.221  -36.705  54.515 0.0000000000
32827  11.449  -36.203  53.686 0.0000000000
32828  10.657  -35.555  52.955 0.0000000000
32829  6.630  -37.932  57.624 0.0000000000
32830  6.923  -37.409  56.569 0.0000000000
32831  7.337  -36.925  55.626 0.0000000000
32832  5.342  -35.605  55.463 0.0000000000
32833  6.360  -36.192  54.853 0.0000000000
32834  7.856  -36.421  54.652 0.0000000000
32835  8.511  -35.915  53.841 0.0000000000
32836  9.212  -35.303  53.102 0.0000000000
32837  9.980  -34.676  52.381 0.0000000000
32838  9.388  -33.652  52.064 0.0000000000
32946  5.559  -38.879  74.023 0.0000000000
32949  8.137  -37.043  75.936 0.0000000000
32971  8.843  -39.775  67.698 0.0000000000
32972  10.037  -39.448  67.251 0.0000000000
32974  10.058  -39.341  64.958 0.0000000000
32975  11.301  -39.303  65.800 0.0000000000
34525  3.196  -31.706  66.004 0.0000000000
34526  3.627  -31.138  65.188 0.0000000000
34685  3.285  -32.114  69.923 0.0000000000
34686  2.916  -33.074  69.171 0.0000000000
34687  2.778  -32.650  68.209 0.0000000000
34688  2.891  -32.225  67.000 0.0000000000
36420  4.237  -30.818  64.228 0.0000000000
41020  3.507  -33.344  64.704 0.0000000000
41021  3.758  -33.131  64.270 0.0000000000
41022  3.615  -32.564  64.635 0.0000000000
41030  3.161  -33.017  65.568 0.0000000000
41031  3.117  -33.888  65.579 0.0000000000
41032  3.342  -33.677  65.099 0.0000000000
41033  3.523  -34.275  64.727 0.0000000000
41935  8.222  -38.713  59.654 0.0000000000
41936  8.352  -38.455  59.104 0.0000000000
41937  7.694  -38.576  59.128 0.0000000000
41968  7.234  -40.326  69.853 0.0000000000
41969  7.194  -40.293  70.538 0.0000000000
41970  7.746  -40.141  70.156 0.0000000000
41971  8.295  -39.944  70.456 0.0000000000
41972  8.341  -39.944  69.783 0.0000000000
41973  8.901  -39.754  69.497 0.0000000000
41974  8.332  -39.925  69.166 0.0000000000
41975  7.593  -38.992  60.274 0.0000000000
41976  8.217  -39.036  60.762 0.0000000000
41977  8.260  -38.869  60.215 0.0000000000
41978  8.887  -38.743  60.165 0.0000000000
44335  4.555  -37.847  61.422 0.0000000000
44336  4.552  -37.648  60.807 0.0000000000
44337  4.516  -37.233  61.252 0.0000000000
44339  5.780  -32.753  60.948 0.0000000000
44365  3.093  -34.857  69.486 0.0000000000
44366  3.033  -35.743  69.532 0.0000000000
44367  2.904  -35.539  69.258 0.0000000000
44368  3.713  -38.888  66.727 0.0000000000
44369  3.642  -39.059  67.409 0.0000000000
44370  4.028  -39.469  67.078 0.0000000000
44371  4.344  -39.936  67.407 0.0000000000
44372  4.438  -39.775  66.739 0.0000000000
44373  4.792  -39.999  66.448 0.0000000000
44374  4.422  -39.610  66.090 0.0000000000
44375  4.446  -37.642  62.405 0.0000000000
44376  4.574  -38.305  62.554 0.0000000000
44377  4.557  -38.066  61.989 0.0000000000
44378  4.728  -38.427  61.620 0.0000000000
47083  9.388  -37.019  56.124 0.0000000000
47084  10.149  -36.988  56.102 0.0000000000
47085  9.628  -36.810  55.614 0.0000000000
47086  9.860  -36.642  55.142 0.0000000000
47087  9.116  -36.659  55.128 0.0000000000
47088  4.901  -36.080  57.418 0.0000000000
47089  5.021  -36.469  56.969 0.0000000000
47090  4.962  -35.762  56.862 0.0000000000
47091  5.595  -33.367  53.916 0.0000000000
47092  5.723  -34.083  54.016 0.0000000000
47093  6.005  -33.789  53.589 0.0000000000
47094  6.591  -34.147  53.321 0.0000000000
47095  6.311  -33.525  53.135 0.0000000000
47096  6.722  -33.220  52.763 0.0000000000
47178  4.021  -39.076  72.007 0.0000000000
47179  4.314  -38.824  72.570 0.0000000000
47180  4.391  -39.252  72.551 0.0000000000
47181  7.854  -39.250  74.361 0.0000000000
47182  7.489  -39.010  74.667 0.0000000000
47183  8.182  -38.972  74.834 0.0000000000
47184  8.493  -38.673  75.241 0.0000000000
47200  7.586  -39.920  65.065 0.0000000000
47201  8.219  -39.800  65.482 0.0000000000
47202  8.149  -39.725  64.895 0.0000000000
53935  4.240  -35.770  63.185 0.0000000000
53936  4.426  -35.616  62.674 0.0000000000
53937  4.296  -35.038  63.075 0.0000000000
53938  4.342  -32.813  63.317 0.0000000000
53939  4.502  -33.400  62.923 0.0000000000
53940  4.671  -32.685  62.852 0.0000000000
53941  5.006  -32.529  62.405 0.0000000000
53942  4.856  -31.938  62.793 0.0000000000
53965  2.725  -33.948  67.826 0.0000000000
53966  2.682  -34.818  67.832 0.0000000000
53967  2.736  -34.627  67.286 0.0000000000
53968  3.211  -35.772  65.832 0.0000000000
53969  3.022  -35.968  66.431 0.0000000000
53970  3.281  -36.655  66.044 0.0000000000
53971  3.423  -37.467  66.209 0.0000000000
53972  3.562  -37.266  65.644 0.0000000000
53973  3.797  -37.755  65.311 0.0000000000
53974  3.689  -36.954  65.118 0.0000000000
53975  3.905  -35.489  64.012 0.0000000000
53976  3.935  -36.380  64.114 0.0000000000
53977  4.082  -36.093  63.624 0.0000000000
53978  4.233  -36.674  63.238 0.0000000000
56680  10.839  -38.321  59.449 0.0000000000
56681  10.999  -38.159  58.936 0.0000000000
56682  10.351  -38.173  59.011 0.0000000000
56683  8.640  -37.907  58.102 0.0000000000
56684  9.351  -37.809  58.097 0.0000000000
56685  8.807  -37.638  57.616 0.0000000000
56686  8.937  -37.439  57.110 0.0000000000
56687  8.226  -37.519  57.099 0.0000000000
56688  6.098  -33.344  57.206 0.0000000000
56689  5.723  -33.715  56.727 0.0000000000
56690  6.112  -33.039  56.688 0.0000000000
56692  6.119  -32.418  55.660 0.0000000000
56778  5.180  -40.346  71.228 0.0000000000
56779  5.268  -40.165  71.964 0.0000000000
56780  5.702  -40.317  71.647 0.0000000000
56781  7.268  -40.107  71.953 0.0000000000
56782  6.779  -40.135  72.305 0.0000000000
56783  7.387  -39.925  72.635 0.0000000000
56784  7.457  -39.747  73.216 0.0000000000
56785  7.950  -39.782  72.816 0.0000000000
56786  8.608  -39.633  73.023 0.0000000000
56787  8.484  -39.732  72.418 0.0000000000
56795  10.159  -39.460  68.985 0.0000000000
56800  7.582  -39.545  62.593 0.0000000000
56801  8.187  -39.488  63.066 0.0000000000
56802  8.178  -39.408  62.450 0.0000000000
56803  9.482  -39.014  61.735 0.0000000000
56804  9.450  -39.095  62.297 0.0000000000
56805  10.127  -38.971  62.236 0.0000000000
56806  10.739  -38.979  62.669 0.0000000000
56807  10.741  -38.912  62.151 0.0000000000
56808  11.364  -38.912  62.026 0.0000000000
56809  10.825  -38.816  61.627 0.0000000000
56810  10.187  -38.518  60.069 0.0000000000
56811  10.812  -38.614  60.534 0.0000000000
56812  10.813  -38.484  59.997 0.0000000000
56813  11.446  -38.507  59.896 0.0000000000
63880  5.822  -38.872  60.117 0.0000000000
63881  5.838  -38.667  59.518 0.0000000000
63882  5.284  -38.582  59.712 0.0000000000
63883  4.570  -37.209  59.639 0.0000000000
63884  4.701  -37.551  59.219 0.0000000000
63885  4.633  -37.018  59.018 0.0000000000
63886  4.696  -36.722  58.452 0.0000000000
63887  4.720  -36.357  58.898 0.0000000000
63888  4.833  -35.329  61.563 0.0000000000
63889  4.773  -35.857  61.087 0.0000000000
63890  5.005  -35.075  61.031 0.0000000000
63891  5.795  -33.878  59.991 0.0000000000
63892  5.400  -34.615  60.016 0.0000000000
63893  5.626  -34.415  59.465 0.0000000000
63894  5.378  -34.893  58.899 0.0000000000
63895  5.789  -34.155  58.840 0.0000000000
63897  6.211  -33.490  58.844 0.0000000000
63973  3.090  -37.342  70.115 0.0000000000
63974  3.318  -37.378  70.479 0.0000000000
63975  3.227  -37.984  70.563 0.0000000000
63977  3.244  -38.518  70.519 0.0000000000
63978  2.789  -36.685  68.096 0.0000000000
63979  2.774  -36.856  68.704 0.0000000000
63980  2.867  -37.533  68.379 0.0000000000
63981  3.531  -39.380  68.763 0.0000000000
63982  3.227  -38.902  69.062 0.0000000000
63983  3.509  -39.414  69.449 0.0000000000
63984  3.543  -39.457  70.210 0.0000000000
63985  3.818  -39.831  69.940 0.0000000000
63986  4.234  -40.113  70.368 0.0000000000
63987  4.195  -40.159  69.609 0.0000000000
63988  5.192  -40.464  68.203 0.0000000000
63989  5.142  -40.523  68.974 0.0000000000
63990  5.682  -40.554  68.636 0.0000000000
63991  6.201  -40.566  69.033 0.0000000000
63992  6.223  -40.528  68.283 0.0000000000
63993  6.690  -40.447  68.025 0.0000000000
63994  6.222  -40.447  67.643 0.0000000000
63995  5.642  -40.190  65.917 0.0000000000
63996  6.131  -40.288  66.333 0.0000000000
63997  6.103  -40.199  65.702 0.0000000000
63998  6.621  -40.122  65.464 0.0000000000
63999  6.098  -40.078  65.043 0.0000000000
64000  4.246  -38.625  64.603 0.0000000000
64001  4.482  -39.238  64.881 0.0000000000
64002  4.506  -39.000  64.277 0.0000000000
64003  5.158  -39.300  63.087 0.0000000000
64004  5.149  -39.500  63.675 0.0000000000
64005  5.557  -39.648  63.426 0.0000000000
64006  6.067  -39.826  63.863 0.0000000000
64007  6.000  -39.725  63.209 0.0000000000
64008  6.514  -39.692  62.986 0.0000000000
64009  5.975  -39.536  62.586 0.0000000000
64010  5.411  -38.934  60.949 0.0000000000
64011  5.928  -39.213  61.336 0.0000000000
64012  5.822  -39.095  60.676 0.0000000000
64013  6.329  -39.133  60.501 0.0000000000
72123  11.406  -37.826  57.965 0.0000000000
72124  12.073  -37.917  57.866 0.0000000000
72125  11.615  -37.655  57.473 0.0000000000
72126  11.581  -37.097  56.020 0.0000000000
72127  12.025  -37.356  56.457 0.0000000000
72128  12.231  -37.231  55.923 0.0000000000
72132  12.010  -36.840  55.012 0.0000000000
72133  10.412  -36.261  54.199 0.0000000000
72134  11.164  -36.322  54.174 0.0000000000
72135  10.767  -36.095  53.749 0.0000000000
72136  11.062  -35.904  53.310 0.0000000000
72137  10.359  -35.793  53.371 0.0000000000
72138  5.955  -38.203  58.308 0.0000000000
72139  6.560  -38.229  58.191 0.0000000000
72140  6.008  -37.990  57.728 0.0000000000
72141  5.781  -37.034  56.321 0.0000000000
72142  6.237  -37.402  56.654 0.0000000000
72143  6.409  -37.146  56.154 0.0000000000
72144  7.103  -37.169  56.071 0.0000000000
72145  6.569  -36.909  55.657 0.0000000000
72146  5.241  -34.469  55.857 0.0000000000
72147  5.126  -35.205  55.861 0.0000000000
72148  5.299  -34.917  55.390 0.0000000000
72149  6.286  -35.369  54.286 0.0000000000
72150  6.001  -35.693  54.640 0.0000000000
72151  6.689  -35.922  54.444 0.0000000000
72152  7.084  -36.378  54.731 0.0000000000
72153  7.422  -36.095  54.306 0.0000000000
72154  8.165  -36.195  54.229 0.0000000000
72155  7.688  -35.827  53.918 0.0000000000
72156  8.064  -34.617  52.973 0.0000000000
72157  8.473  -35.141  53.188 0.0000000000
72158  8.831  -34.816  52.849 0.0000000000
72159  9.582  -35.009  52.741 0.0000000000
72160  9.226  -34.484  52.567 0.0000000000
72161  9.661  -34.162  52.221 0.0000000000
72162  8.930  -33.966  52.368 0.0000000000
72163  7.598  -32.609  52.116 0.0000000000
72164  8.350  -32.873  52.027 0.0000000000
72416  5.571  -39.622  73.277 0.0000000000
72417  5.278  -39.280  73.478 0.0000000000
72418  5.806  -39.265  73.858 0.0000000000
72419  6.869  -38.266  75.065 0.0000000000
72420  6.366  -38.371  74.787 0.0000000000
72421  6.699  -37.853  75.177 0.0000000000
72423  7.154  -37.385  75.523 0.0000000000
72424  7.542  -36.934  75.735 0.0000000000
72425  7.669  -37.370  75.717 0.0000000000
72426  9.249  -38.118  75.838 0.0000000000
72427  8.959  -37.595  75.994 0.0000000000
72428  9.696  -37.867  76.028 0.0000000000
72475  7.744  -40.115  67.557 0.0000000000
72476  8.307  -39.947  67.957 0.0000000000
72477  8.264  -39.954  67.319 0.0000000000
72478  9.424  -39.557  66.329 0.0000000000
72479  9.419  -39.589  66.886 0.0000000000
72480  10.045  -39.437  66.661 0.0000000000
72481  10.749  -39.381  67.048 0.0000000000
72482  10.708  -39.315  66.530 0.0000000000
72483  9.388  -39.344  64.027 0.0000000000
72484  9.425  -39.403  64.625 0.0000000000
72485  10.098  -39.244  64.443 0.0000000000
76165  3.148  -31.206  66.547 0.0000000000
76166  3.348  -30.941  66.092 0.0000000000
76167  3.308  -30.440  66.617 0.0000000000
76558  3.170  -31.170  69.692 0.0000000000
76560  3.131  -31.889  69.648 0.0000000000
76561  3.091  -32.563  69.566 0.0000000000
76562  2.949  -32.398  69.207 0.0000000000
76563  2.832  -32.855  68.784 0.0000000000
76564  2.853  -32.187  68.688 0.0000000000
76565  2.992  -30.963  67.588 0.0000000000
76566  2.886  -31.723  67.536 0.0000000000
76567  2.985  -31.474  67.028 0.0000000000
76568  3.005  -31.996  66.490 0.0000000000
80824  3.890  -30.949  64.710 0.0000000000
92266  3.912  -34.577  63.954 0.0000000000
92267  4.130  -34.390  63.488 0.0000000000
92268  3.942  -33.716  63.884 0.0000000000
92269  4.036  -32.959  63.762 0.0000000000
92270  4.190  -32.243  63.709 0.0000000000
92284  2.865  -33.444  66.670 0.0000000000
92285  2.835  -34.364  66.742 0.0000000000
92286  2.995  -34.077  66.177 0.0000000000
92287  3.165  -34.801  65.727 0.0000000000
92288  3.383  -35.532  65.291 0.0000000000
92289  3.594  -36.101  64.940 0.0000000000
92290  3.543  -35.171  64.827 0.0000000000
92291  3.716  -34.897  64.376 0.0000000000
93913  9.545  -38.469  59.576 0.0000000000
93914  9.682  -38.230  59.049 0.0000000000
93915  9.015  -38.330  59.081 0.0000000000
93916  8.480  -38.173  58.566 0.0000000000
93917  7.918  -38.021  58.119 0.0000000000
93919  6.535  -32.366  56.594 0.0000000000
93972  6.144  -40.505  70.526 0.0000000000
93973  6.177  -40.416  71.272 0.0000000000
93974  6.686  -40.378  70.921 0.0000000000
93975  7.219  -40.205  71.275 0.0000000000
93976  7.764  -40.023  71.564 0.0000000000
93977  8.330  -39.830  71.836 0.0000000000
93978  8.324  -39.877  71.156 0.0000000000
93979  8.928  -39.740  70.742 0.0000000000
93982  9.563  -39.567  69.812 0.0000000000
93983  9.573  -39.559  69.244 0.0000000000
93984  9.489  -39.594  68.651 0.0000000000
93985  7.557  -39.324  61.425 0.0000000000
93986  8.171  -39.319  61.874 0.0000000000
93987  8.198  -39.201  61.327 0.0000000000
93988  8.877  -39.034  61.222 0.0000000000
93989  9.516  -38.900  61.196 0.0000000000
93990  10.183  -38.782  61.148 0.0000000000
93991  9.566  -38.751  60.653 0.0000000000
93992  9.521  -38.622  60.115 0.0000000000
98233  4.945  -38.467  60.695 0.0000000000
98234  4.951  -38.296  60.044 0.0000000000
98235  4.708  -37.987  60.404 0.0000000000
98236  4.554  -37.395  60.243 0.0000000000
98237  4.581  -36.803  60.090 0.0000000000
98238  5.207  -33.682  61.514 0.0000000000
98239  5.258  -34.289  61.048 0.0000000000
98240  5.540  -33.471  61.063 0.0000000000
98241  5.811  -33.313  60.475 0.0000000000
98242  6.124  -33.215  59.912 0.0000000000
98243  6.371  -32.936  59.374 0.0000000000
98289  3.243  -35.942  69.826 0.0000000000
98290  3.063  -36.553  69.791 0.0000000000
98291  2.958  -37.149  69.706 0.0000000000
98292  3.130  -37.890  67.426 0.0000000000
98293  3.045  -38.086  68.063 0.0000000000
98294  3.310  -38.586  67.745 0.0000000000
98295  3.586  -39.243  68.073 0.0000000000
98296  3.892  -39.789  68.413 0.0000000000
98297  4.221  -40.142  68.881 0.0000000000
98298  4.307  -40.077  68.098 0.0000000000
98299  4.754  -40.261  67.794 0.0000000000
98300  5.239  -40.352  67.487 0.0000000000
98301  5.679  -40.397  67.209 0.0000000000
98302  5.231  -40.242  66.845 0.0000000000
98303  5.212  -40.118  66.162 0.0000000000
98304  5.165  -39.995  65.556 0.0000000000
98305  4.327  -38.149  63.422 0.0000000000
98306  4.516  -38.739  63.668 0.0000000000
98307  4.546  -38.537  63.098 0.0000000000
98308  4.802  -38.853  62.793 0.0000000000
98309  5.111  -39.109  62.495 0.0000000000
98310  5.498  -39.270  62.189 0.0000000000
98311  5.072  -38.884  61.878 0.0000000000
98312  5.043  -38.710  61.263 0.0000000000
103178  13.288  -38.375  57.602 0.0000000000
103179  10.396  -37.350  57.105 0.0000000000
103180  11.116  -37.395  57.047 0.0000000000
103181  10.623  -37.155  56.586 0.0000000000
103182  10.884  -37.016  56.080 0.0000000000
103183  11.123  -36.847  55.561 0.0000000000
103184  11.328  -36.705  55.082 0.0000000000
103185  10.622  -36.623  55.133 0.0000000000
103186  10.108  -36.452  54.669 0.0000000000
103187  9.667  -36.219  54.201 0.0000000000
103188  5.069  -37.367  57.614 0.0000000000
103189  5.494  -37.553  57.366 0.0000000000
103190  5.171  -37.081  57.126 0.0000000000
103191  5.284  -36.821  56.577 0.0000000000
103192  5.450  -36.498  56.052 0.0000000000
103193  5.393  -33.895  54.905 0.0000000000
103194  5.396  -34.637  54.903 0.0000000000
103195  5.576  -34.357  54.479 0.0000000000
103196  5.964  -34.755  54.138 0.0000000000
103197  6.555  -35.112  53.878 0.0000000000
103198  7.324  -35.303  53.707 0.0000000000
103199  6.897  -34.731  53.518 0.0000000000
103200  7.311  -34.421  53.119 0.0000000000
103201  7.714  -34.051  52.811 0.0000000000
103202  8.165  -33.746  52.490 0.0000000000
103203  7.427  -33.512  52.620 0.0000000000
103204  7.124  -32.903  52.396 0.0000000000
103352  4.316  -38.448  72.463 0.0000000000
103353  4.650  -38.568  73.063 0.0000000000
103354  4.997  -38.555  73.591 0.0000000000
103355  6.655  -39.470  73.958 0.0000000000
103356  6.339  -39.173  74.201 0.0000000000
103357  6.859  -39.101  74.464 0.0000000000
103358  7.153  -38.664  74.917 0.0000000000
103359  7.525  -38.244  75.315 0.0000000000
103360  7.869  -37.849  75.621 0.0000000000
103361  8.181  -38.317  75.472 0.0000000000
103362  8.904  -38.402  75.586 0.0000000000
103363  9.609  -38.617  75.652 0.0000000000
103364  10.331  -38.903  75.718 0.0000000000
103390  7.642  -40.047  66.335 0.0000000000
103391  8.224  -39.919  66.731 0.0000000000
103392  8.198  -39.874  66.145 0.0000000000
103393  8.794  -39.695  65.964 0.0000000000
103394  9.417  -39.508  65.781 0.0000000000
103395  10.707  -39.107  63.707 0.0000000000
105841  3.202  -30.451  69.808 0.0000000000
105842  3.037  -30.940  69.277 0.0000000000
105843  2.907  -31.452  68.724 0.0000000000
105844  3.003  -30.727  68.719 0.0000000000
105845  3.033  -30.458  68.184 0.0000000000
115444  4.413  -36.975  62.285 0.0000000000
115445  4.520  -36.731  61.746 0.0000000000
115446  4.505  -36.202  62.222 0.0000000000
115447  4.603  -35.404  62.137 0.0000000000
115448  4.771  -34.657  62.052 0.0000000000
115449  4.413  -34.202  63.004 0.0000000000
115450  4.654  -34.014  62.500 0.0000000000
115451  4.953  -33.870  62.034 0.0000000000
115452  5.116  -33.081  61.957 0.0000000000
115453  5.326  -32.385  61.911 0.0000000000
115486  2.764  -34.419  68.776 0.0000000000
115487  2.755  -35.350  68.803 0.0000000000
115488  2.687  -35.106  68.303 0.0000000000
115489  2.710  -35.808  67.888 0.0000000000
115490  2.809  -36.482  67.518 0.0000000000
115491  2.819  -35.244  66.819 0.0000000000
115492  2.885  -36.202  66.936 0.0000000000
115493  2.994  -37.110  67.167 0.0000000000
115494  3.259  -37.688  66.821 0.0000000000
115495  3.570  -38.228  66.448 0.0000000000
115496  3.881  -38.742  66.068 0.0000000000
115497  4.138  -39.141  65.755 0.0000000000
115498  3.956  -38.501  65.512 0.0000000000
115499  4.011  -38.208  64.948 0.0000000000
115500  4.105  -37.924  64.381 0.0000000000
115501  3.816  -36.662  64.611 0.0000000000
115502  3.990  -37.198  64.240 0.0000000000
115503  4.154  -37.703  63.838 0.0000000000
115504  4.245  -37.461  63.304 0.0000000000
115505  4.349  -37.192  62.821 0.0000000000
119288  12.277  -38.362  58.721 0.0000000000
119289  11.626  -38.197  58.827 0.0000000000
119290  11.222  -37.988  58.438 0.0000000000
119291  10.717  -37.768  58.041 0.0000000000
119292  9.853  -38.004  58.562 0.0000000000
119293  10.030  -37.749  58.089 0.0000000000
119294  10.185  -37.549  57.599 0.0000000000
119295  9.624  -37.350  57.096 0.0000000000
119296  9.171  -37.233  56.615 0.0000000000
119297  8.619  -37.066  56.103 0.0000000000
119298  5.281  -34.697  57.260 0.0000000000
119299  5.064  -35.038  56.818 0.0000000000
119300  5.361  -34.368  56.786 0.0000000000
119301  5.398  -34.078  56.287 0.0000000000
119302  5.443  -33.792  55.802 0.0000000000
119303  6.127  -32.735  56.166 0.0000000000
119304  5.781  -33.090  55.734 0.0000000000
119305  5.508  -33.470  55.306 0.0000000000
119306  5.526  -33.217  54.831 0.0000000000
119424  4.419  -39.846  71.790 0.0000000000
119425  4.602  -39.605  72.394 0.0000000000
119426  4.884  -39.922  72.208 0.0000000000
119427  5.385  -39.918  72.636 0.0000000000
119428  5.943  -39.866  72.991 0.0000000000
119429  6.219  -40.268  72.013 0.0000000000
119430  6.327  -40.046  72.660 0.0000000000
119431  6.489  -39.777  73.321 0.0000000000
119432  7.054  -39.656  73.614 0.0000000000
119433  7.646  -39.514  73.844 0.0000000000
119434  8.263  -39.419  74.008 0.0000000000
119455  7.577  -39.726  63.821 0.0000000000
119456  8.104  -39.663  64.293 0.0000000000
119457  8.167  -39.581  63.677 0.0000000000
119458  8.797  -39.428  63.535 0.0000000000
119459  9.404  -39.271  63.426 0.0000000000
119460  8.808  -39.249  62.363 0.0000000000
119461  9.432  -39.169  62.846 0.0000000000
119462  10.056  -39.138  63.296 0.0000000000
119463  10.707  -39.047  63.171 0.0000000000
119469  12.028  -38.921  61.365 0.0000000000
119470  10.850  -38.700  61.071 0.0000000000
119471  11.489  -38.747  60.972 0.0000000000
129298  6.960  -38.892  59.789 0.0000000000
129299  7.026  -38.654  59.191 0.0000000000
129300  6.422  -38.688  59.343 0.0000000000
129301  5.895  -38.446  58.846 0.0000000000
129302  5.416  -38.074  58.503 0.0000000000
129303  4.907  -38.076  59.424 0.0000000000
129304  4.963  -37.846  58.828 0.0000000000
129305  5.033  -37.630  58.211 0.0000000000
129306  4.814  -37.070  58.011 0.0000000000
129307  4.773  -36.415  57.954 0.0000000000
129308  4.918  -35.682  57.888 0.0000000000
129309  4.594  -36.612  61.153 0.0000000000
129310  4.682  -36.341  60.607 0.0000000000
129311  4.764  -36.119  59.985 0.0000000000
129312  5.209  -34.851  60.537 0.0000000000
129313  5.055  -35.401  59.974 0.0000000000
129314  4.874  -35.917  59.413 0.0000000000
129315  5.006  -35.611  58.895 0.0000000000
129316  5.123  -35.317  58.363 0.0000000000
129317  5.214  -35.003  57.788 0.0000000000
129318  5.588  -34.316  57.747 0.0000000000
129421  3.692  -38.842  71.581 0.0000000000
129422  3.802  -39.248  71.502 0.0000000000
129423  2.795  -36.196  68.998 0.0000000000
129424  2.830  -37.037  69.233 0.0000000000
129425  2.943  -37.743  69.539 0.0000000000
129426  3.036  -38.237  68.666 0.0000000000
129427  3.026  -38.342  69.309 0.0000000000
129428  3.110  -38.509  69.951 0.0000000000
129429  3.351  -39.020  70.400 0.0000000000
129430  3.623  -39.387  70.864 0.0000000000
129431  4.008  -39.646  71.330 0.0000000000
129432  4.312  -39.987  71.086 0.0000000000
129433  4.706  -40.280  70.788 0.0000000000
129434  5.145  -40.488  70.469 0.0000000000
129435  4.632  -40.407  69.309 0.0000000000
129436  5.138  -40.519  69.666 0.0000000000
129437  5.644  -40.573  70.082 0.0000000000
129438  6.179  -40.543  69.768 0.0000000000
129439  6.732  -40.452  69.442 0.0000000000
129440  7.335  -40.296  69.103 0.0000000000
129441  7.845  -40.150  68.841 0.0000000000
129442  7.278  -40.310  68.447 0.0000000000
129443  7.227  -40.279  67.797 0.0000000000
129444  7.196  -40.222  67.171 0.0000000000
129445  6.160  -40.365  66.988 0.0000000000
129446  6.658  -40.297  66.759 0.0000000000
129447  7.172  -40.197  66.521 0.0000000000
129448  7.112  -40.126  65.885 0.0000000000
129449  7.109  -40.030  65.255 0.0000000000
129450  7.086  -39.923  64.619 0.0000000000
129451  4.426  -39.405  65.459 0.0000000000
129452  4.774  -39.640  65.197 0.0000000000
129453  5.172  -39.829  64.939 0.0000000000
129454  4.792  -39.287  63.953 0.0000000000
129455  5.208  -39.661  64.295 0.0000000000
129456  5.636  -39.954  64.661 0.0000000000
129457  6.118  -39.981  64.433 0.0000000000
129458  6.592  -39.945  64.223 0.0000000000
129459  7.052  -39.857  63.972 0.0000000000
129460  7.035  -39.740  63.440 0.0000000000
129461  7.048  -39.630  62.771 0.0000000000
129462  7.010  -39.503  62.182 0.0000000000
129463  5.964  -39.349  61.949 0.0000000000
129464  6.479  -39.387  61.748 0.0000000000
129465  6.982  -39.396  61.538 0.0000000000
129466  6.933  -39.260  60.933 0.0000000000
129467  6.930  -39.092  60.369 0.0000000000
139671  12.461  -38.234  58.260 0.0000000000
139672  12.723  -38.121  57.740 0.0000000000
139673  12.899  -38.011  57.227 0.0000000000
139674  11.809  -37.487  56.958 0.0000000000
139675  12.457  -37.646  56.867 0.0000000000
139676  13.088  -37.877  56.741 0.0000000000
139683  11.569  -36.549  54.595 0.0000000000
139684  11.846  -36.446  54.096 0.0000000000
139685  12.110  -36.342  53.614 0.0000000000
139686  11.720  -36.053  53.241 0.0000000000
139687  11.337  -35.718  52.875 0.0000000000
139688  10.985  -35.321  52.523 0.0000000000
139689  7.121  -38.412  58.650 0.0000000000
139690  7.207  -38.138  58.150 0.0000000000
139691  7.352  -37.854  57.595 0.0000000000
139692  6.100  -37.650  57.195 0.0000000000
139693  6.782  -37.668  57.093 0.0000000000
139694  7.475  -37.581  57.061 0.0000000000
139695  7.644  -37.363  56.562 0.0000000000
139696  7.854  -37.127  56.060 0.0000000000
139697  8.123  -36.905  55.610 0.0000000000
139698  5.052  -35.463  56.353 0.0000000000
139699  5.202  -35.867  55.928 0.0000000000
139700  5.527  -36.221  55.555 0.0000000000
139701  5.550  -35.330  54.981 0.0000000000
139702  5.772  -35.930  55.120 0.0000000000
139703  6.155  -36.455  55.346 0.0000000000
139704  6.844  -36.608  55.205 0.0000000000
139705  7.576  -36.679  55.114 0.0000000000
139706  8.370  -36.662  55.101 0.0000000000
139707  8.617  -36.438  54.630 0.0000000000
139708  8.917  -36.192  54.201 0.0000000000
139709  9.293  -35.974  53.813 0.0000000000
139710  8.064  -35.471  53.574 0.0000000000
139711  8.822  -35.607  53.474 0.0000000000
139712  9.609  -35.696  53.418 0.0000000000
139713  9.944  -35.435  53.023 0.0000000000
139714  10.298  -35.152  52.607 0.0000000000
139715  10.723  -34.893  52.229 0.0000000000
139716  10.377  -34.381  52.055 0.0000000000
139717  10.102  -33.865  51.899 0.0000000000
139719  8.630  -33.421  52.204 0.0000000000
139720  9.106  -33.118  51.929 0.0000000000
140028  4.828  -39.300  73.001 0.0000000000
140029  5.088  -38.921  73.562 0.0000000000
140030  5.410  -38.514  74.075 0.0000000000
140031  6.068  -38.814  74.374 0.0000000000
140032  5.860  -38.433  74.447 0.0000000000
140040  8.271  -37.487  75.882 0.0000000000
140041  8.759  -37.107  76.077 0.0000000000
140101  8.303  -39.982  68.553 0.0000000000
140102  8.833  -39.779  68.311 0.0000000000
140103  9.417  -39.582  68.082 0.0000000000
140104  8.824  -39.764  67.111 0.0000000000
140105  9.417  -39.608  67.463 0.0000000000
140106  10.041  -39.439  67.843 0.0000000000
140107  10.712  -39.382  67.616 0.0000000000
140110  8.773  -39.564  64.767 0.0000000000
140111  9.469  -39.458  65.165 0.0000000000
140112  10.050  -39.376  65.585 0.0000000000
140114  10.668  -39.292  65.403 0.0000000000
140115  10.671  -39.303  65.905 0.0000000000
144607  3.258  -32.247  65.519 0.0000000000
144608  3.488  -31.935  65.122 0.0000000000
144609  3.410  -31.443  65.619 0.0000000000
144610  3.560  -30.648  65.685 0.0000000000
145076  3.300  -34.285  69.670 0.0000000000
145077  3.070  -34.044  69.462 0.0000000000
145085  3.079  -33.349  69.505 0.0000000000
145086  2.898  -33.851  69.175 0.0000000000
145087  2.765  -33.650  68.727 0.0000000000
145088  2.760  -33.379  68.318 0.0000000000
145089  2.758  -33.172  67.693 0.0000000000
145090  2.824  -31.959  68.148 0.0000000000
145091  2.802  -32.449  67.639 0.0000000000
145092  2.820  -32.951  67.153 0.0000000000
145093  2.931  -32.725  66.529 0.0000000000
145094  3.054  -32.518  65.981 0.0000000000
150228  3.726  -31.745  64.660 0.0000000000
150229  4.024  -31.563  64.198 0.0000000000
150230  4.356  -31.405  63.739 0.0000000000
150232  4.563  -30.663  63.769 0.0000000000
150233  4.707  -31.286  63.261 0.0000000000
150234  5.072  -31.143  62.809 0.0000000000
