#!ascii label  , from subject fsaverage vox2ras=TkReg
386
39  31.030  -41.118  -9.030 0.0000000000
613  32.728  -24.288  -22.677 0.0000000000
825  35.630  -39.482  -10.676 0.0000000000
1366  30.182  -27.067  -21.049 0.0000000000
2472  30.542  -34.917  -14.296 0.0000000000
2473  34.385  -32.787  -15.438 0.0000000000
2474  36.615  -29.926  -17.755 0.0000000000
2743  33.005  -43.343  -7.564 0.0000000000
2744  35.253  -42.780  -8.754 0.0000000000
2745  33.535  -40.371  -9.509 0.0000000000
5536  32.717  -34.032  -14.721 0.0000000000
5537  30.923  -30.922  -17.625 0.0000000000
5538  31.549  -25.765  -21.801 0.0000000000
5539  33.634  -28.244  -18.993 0.0000000000
5540  34.654  -26.742  -19.798 0.0000000000
8553  28.436  -41.533  -8.840 0.0000000000
9945  28.331  -38.736  -11.243 0.0000000000
9971  27.602  -35.483  -13.977 0.0000000000
9972  31.291  -38.102  -11.520 0.0000000000
9973  33.584  -37.207  -12.013 0.0000000000
9974  35.508  -36.121  -12.909 0.0000000000
9975  36.873  -34.956  -14.249 0.0000000000
9976  32.429  -29.677  -18.265 0.0000000000
9977  35.664  -31.417  -16.456 0.0000000000
10421  30.499  -42.494  -7.945 0.0000000000
10423  32.088  -42.207  -8.175 0.0000000000
10424  33.364  -41.893  -8.543 0.0000000000
10425  32.336  -40.773  -9.236 0.0000000000
13216  29.931  -31.463  -17.371 0.0000000000
13218  32.237  -25.020  -22.214 0.0000000000
13219  33.100  -26.150  -20.696 0.0000000000
13220  33.598  -25.405  -21.158 0.0000000000
13991  35.519  -41.155  -9.675 0.0000000000
13992  36.109  -42.414  -9.574 0.0000000000
13993  36.377  -40.713  -10.526 0.0000000000
13995  36.442  -39.115  -11.409 0.0000000000
18853  26.661  -42.960  -7.933 0.0000000000
18854  27.925  -42.864  -7.884 0.0000000000
18855  27.210  -41.531  -8.840 0.0000000000
22363  29.104  -35.221  -14.114 0.0000000000
22364  29.658  -36.869  -12.744 0.0000000000
22365  31.082  -36.516  -12.889 0.0000000000
22366  32.465  -37.670  -11.739 0.0000000000
22367  32.268  -36.098  -13.100 0.0000000000
22368  33.573  -33.425  -15.060 0.0000000000
22369  34.216  -35.064  -13.667 0.0000000000
22370  35.069  -34.475  -14.116 0.0000000000
22371  36.262  -35.586  -13.503 0.0000000000
22372  35.809  -33.846  -14.625 0.0000000000
22373  29.408  -27.785  -20.732 0.0000000000
22374  30.534  -28.954  -19.302 0.0000000000
22375  31.232  -28.294  -19.591 0.0000000000
22376  35.200  -29.031  -18.186 0.0000000000
22377  34.741  -29.755  -17.698 0.0000000000
22378  36.171  -30.669  -17.058 0.0000000000
22379  36.873  -32.497  -16.002 0.0000000000
22380  37.289  -31.781  -16.872 0.0000000000
22382  37.593  -31.117  -17.699 0.0000000000
23372  34.497  -41.539  -9.035 0.0000000000
23373  34.688  -39.912  -9.993 0.0000000000
28395  29.765  -33.286  -15.673 0.0000000000
28396  31.672  -34.501  -14.485 0.0000000000
28397  30.909  -32.926  -15.874 0.0000000000
28398  31.916  -32.381  -16.190 0.0000000000
28399  32.770  -31.816  -16.505 0.0000000000
28400  30.945  -26.427  -21.368 0.0000000000
28401  31.929  -27.594  -19.919 0.0000000000
28402  32.503  -26.900  -20.296 0.0000000000
28403  34.139  -27.497  -19.376 0.0000000000
28404  35.683  -28.212  -18.765 0.0000000000
28405  36.938  -29.220  -18.477 0.0000000000
28406  36.085  -27.500  -19.341 0.0000000000
31853  30.107  -25.485  -23.021 0.0000000000
35924  29.184  -42.715  -7.889 0.0000000000
35925  29.717  -41.350  -8.941 0.0000000000
40069  27.176  -40.180  -9.949 0.0000000000
40070  28.499  -40.160  -9.996 0.0000000000
40071  29.828  -39.978  -10.107 0.0000000000
40150  28.161  -37.138  -12.604 0.0000000000
40151  29.840  -38.475  -11.377 0.0000000000
40152  31.321  -39.651  -10.267 0.0000000000
40153  32.533  -39.251  -10.467 0.0000000000
40154  33.680  -38.770  -10.764 0.0000000000
40155  34.753  -38.301  -11.190 0.0000000000
40156  33.252  -35.606  -13.324 0.0000000000
40157  34.599  -36.689  -12.368 0.0000000000
40158  35.707  -37.820  -11.772 0.0000000000
40159  36.445  -37.312  -12.481 0.0000000000
40163  31.738  -30.346  -17.930 0.0000000000
40164  33.475  -31.169  -16.890 0.0000000000
40165  33.042  -28.977  -18.603 0.0000000000
40166  34.134  -30.471  -17.277 0.0000000000
40167  35.082  -32.111  -15.895 0.0000000000
40168  36.411  -33.159  -15.283 0.0000000000
41141  30.774  -41.818  -8.529 0.0000000000
41142  31.302  -42.387  -8.040 0.0000000000
41143  31.573  -41.662  -8.604 0.0000000000
41144  32.245  -41.542  -8.664 0.0000000000
41145  31.694  -40.939  -9.142 0.0000000000
43938  32.500  -24.652  -22.435 0.0000000000
43939  32.853  -25.226  -21.655 0.0000000000
43940  33.138  -24.838  -21.880 0.0000000000
44711  35.601  -40.292  -10.171 0.0000000000
44712  35.975  -40.937  -10.099 0.0000000000
44713  36.034  -40.086  -10.563 0.0000000000
44714  36.430  -39.886  -10.992 0.0000000000
44715  36.054  -39.292  -11.057 0.0000000000
49572  26.057  -43.013  -7.961 0.0000000000
49573  26.337  -42.261  -8.381 0.0000000000
49574  26.920  -42.258  -8.352 0.0000000000
49575  26.533  -41.516  -8.843 0.0000000000
53081  29.444  -34.216  -14.888 0.0000000000
53082  28.695  -34.365  -14.809 0.0000000000
53083  29.829  -35.073  -14.212 0.0000000000
53084  30.142  -35.928  -13.486 0.0000000000
53085  30.860  -35.717  -13.604 0.0000000000
53086  31.699  -36.319  -12.983 0.0000000000
53087  31.434  -35.513  -13.705 0.0000000000
53088  33.984  -33.124  -15.238 0.0000000000
53089  34.320  -33.951  -14.544 0.0000000000
53090  34.730  -33.622  -14.768 0.0000000000
53091  35.459  -34.177  -14.355 0.0000000000
53092  35.122  -33.324  -14.970 0.0000000000
53093  29.818  -27.416  -20.861 0.0000000000
53094  30.340  -27.986  -20.093 0.0000000000
53095  30.689  -27.633  -20.255 0.0000000000
53096  35.941  -29.456  -17.920 0.0000000000
53097  35.718  -29.840  -17.626 0.0000000000
53098  36.408  -30.310  -17.401 0.0000000000
53099  36.792  -31.209  -16.913 0.0000000000
53100  36.997  -30.880  -17.269 0.0000000000
53101  37.471  -31.407  -17.334 0.0000000000
53102  37.147  -30.525  -17.642 0.0000000000
54304  32.244  -43.512  -7.325 0.0000000000
54306  32.652  -44.125  -7.062 0.0000000000
54308  33.411  -43.992  -7.359 0.0000000000
54310  33.637  -43.202  -7.816 0.0000000000
54311  33.477  -41.157  -8.979 0.0000000000
54312  33.950  -41.717  -8.770 0.0000000000
54313  34.054  -40.956  -9.194 0.0000000000
54314  34.605  -40.739  -9.479 0.0000000000
54315  34.122  -40.131  -9.740 0.0000000000
62684  28.523  -32.753  -16.373 0.0000000000
62685  29.270  -32.527  -16.438 0.0000000000
62686  30.337  -33.102  -15.775 0.0000000000
62687  29.828  -32.346  -16.525 0.0000000000
62688  30.448  -31.216  -17.477 0.0000000000
62689  30.954  -31.933  -16.763 0.0000000000
62690  31.433  -31.656  -16.909 0.0000000000
62691  32.356  -32.088  -16.361 0.0000000000
62692  31.867  -31.386  -17.046 0.0000000000
62693  31.230  -26.106  -21.586 0.0000000000
62694  31.743  -26.616  -20.808 0.0000000000
62695  32.081  -26.278  -21.002 0.0000000000
62696  33.903  -26.451  -20.200 0.0000000000
62697  33.646  -26.824  -19.996 0.0000000000
62698  34.401  -27.143  -19.564 0.0000000000
62699  34.940  -27.852  -19.013 0.0000000000
62700  35.201  -27.455  -19.252 0.0000000000
62701  35.862  -27.866  -19.040 0.0000000000
62702  35.377  -27.092  -19.496 0.0000000000
65014  36.480  -42.223  -10.054 0.0000000000
69901  29.738  -25.849  -22.854 0.0000000000
69902  29.276  -25.484  -23.738 0.0000000000
79601  28.158  -42.197  -8.336 0.0000000000
79602  28.545  -42.823  -7.877 0.0000000000
79603  28.816  -42.147  -8.355 0.0000000000
79604  29.462  -42.058  -8.404 0.0000000000
79605  29.070  -41.465  -8.905 0.0000000000
89928  27.692  -38.754  -11.230 0.0000000000
89929  27.806  -39.525  -10.572 0.0000000000
89930  28.413  -39.468  -10.626 0.0000000000
89931  29.170  -40.094  -10.040 0.0000000000
89932  29.071  -39.360  -10.671 0.0000000000
90129  27.245  -36.417  -13.238 0.0000000000
90130  27.964  -36.286  -13.303 0.0000000000
90131  30.488  -37.532  -12.106 0.0000000000
90132  29.759  -37.667  -12.057 0.0000000000
90133  30.579  -38.307  -11.436 0.0000000000
90134  30.603  -39.076  -10.787 0.0000000000
90135  31.346  -38.886  -10.877 0.0000000000
90136  31.935  -39.460  -10.364 0.0000000000
90137  31.965  -38.727  -10.955 0.0000000000
90138  33.034  -37.446  -11.874 0.0000000000
90139  33.083  -38.241  -11.217 0.0000000000
90140  33.668  -38.004  -11.335 0.0000000000
90141  34.218  -38.553  -10.947 0.0000000000
90142  34.197  -37.746  -11.551 0.0000000000
90143  32.238  -34.299  -14.567 0.0000000000
90144  32.488  -35.065  -13.913 0.0000000000
90145  32.971  -34.835  -14.020 0.0000000000
90146  34.879  -35.609  -13.230 0.0000000000
90147  34.403  -35.890  -13.017 0.0000000000
90148  35.074  -36.405  -12.628 0.0000000000
90149  35.186  -37.254  -12.002 0.0000000000
90150  35.637  -36.988  -12.306 0.0000000000
90151  36.116  -37.554  -12.111 0.0000000000
90152  36.047  -36.714  -12.649 0.0000000000
90153  36.595  -35.277  -13.871 0.0000000000
90154  36.735  -36.133  -13.389 0.0000000000
90155  37.012  -35.823  -13.800 0.0000000000
90161  31.472  -29.306  -18.797 0.0000000000
90162  31.132  -29.646  -18.623 0.0000000000
90163  32.131  -30.030  -18.089 0.0000000000
90164  32.615  -30.745  -17.392 0.0000000000
90165  32.990  -30.398  -17.551 0.0000000000
90166  32.802  -27.882  -19.433 0.0000000000
90167  32.487  -28.261  -19.255 0.0000000000
90168  33.321  -28.646  -18.779 0.0000000000
90169  35.238  -30.575  -17.080 0.0000000000
90170  34.449  -30.115  -17.486 0.0000000000
90171  34.967  -30.917  -16.836 0.0000000000
90172  34.635  -31.266  -16.617 0.0000000000
90173  35.379  -31.776  -16.169 0.0000000000
90174  35.772  -32.593  -15.574 0.0000000000
90175  36.081  -32.259  -15.863 0.0000000000
90176  37.360  -33.040  -15.987 0.0000000000
90177  37.181  -33.388  -15.559 0.0000000000
90188  37.090  -28.876  -18.856 0.0000000000
90189  37.445  -29.770  -18.507 0.0000000000
92485  30.194  -43.205  -7.480 0.0000000000
92487  31.014  -43.080  -7.564 0.0000000000
92488  31.822  -42.958  -7.685 0.0000000000
92489  32.628  -42.774  -7.867 0.0000000000
92490  33.195  -42.603  -8.070 0.0000000000
92491  32.742  -42.047  -8.343 0.0000000000
92492  32.872  -41.352  -8.803 0.0000000000
92493  32.961  -40.638  -9.299 0.0000000000
97518  29.437  -30.820  -18.108 0.0000000000
97519  29.908  -30.566  -18.208 0.0000000000
97520  31.891  -25.392  -22.036 0.0000000000
97521  32.337  -25.927  -21.234 0.0000000000
97522  32.600  -25.575  -21.443 0.0000000000
97523  33.376  -25.741  -20.940 0.0000000000
97524  34.146  -26.047  -20.430 0.0000000000
98911  35.408  -41.938  -9.218 0.0000000000
98912  35.672  -42.630  -9.093 0.0000000000
98913  35.864  -41.732  -9.635 0.0000000000
98914  36.287  -41.531  -10.087 0.0000000000
98915  36.628  -41.352  -10.532 0.0000000000
107662  26.308  -43.721  -7.538 0.0000000000
107663  26.926  -43.664  -7.496 0.0000000000
107664  27.579  -43.600  -7.446 0.0000000000
107665  27.292  -42.908  -7.907 0.0000000000
107666  27.530  -42.211  -8.348 0.0000000000
107667  27.843  -41.539  -8.837 0.0000000000
113863  27.584  -38.017  -11.871 0.0000000000
113981  28.343  -35.358  -14.031 0.0000000000
113982  28.672  -36.187  -13.373 0.0000000000
113983  29.362  -36.070  -13.426 0.0000000000
113984  30.390  -36.715  -12.805 0.0000000000
113985  31.215  -37.291  -12.228 0.0000000000
113986  31.892  -37.892  -11.621 0.0000000000
113987  31.807  -37.106  -12.301 0.0000000000
113988  32.382  -36.911  -12.383 0.0000000000
113989  32.909  -36.686  -12.509 0.0000000000
113990  33.160  -33.738  -14.879 0.0000000000
113991  33.437  -34.569  -14.157 0.0000000000
113992  33.898  -34.261  -14.341 0.0000000000
113993  34.647  -34.758  -13.897 0.0000000000
113994  35.329  -35.320  -13.477 0.0000000000
113995  35.897  -35.878  -13.160 0.0000000000
113996  35.752  -35.027  -13.751 0.0000000000
113997  36.106  -34.706  -14.052 0.0000000000
113998  36.408  -34.385  -14.391 0.0000000000
114001  29.940  -28.332  -19.974 0.0000000000
114002  30.889  -28.622  -19.443 0.0000000000
114003  31.831  -28.959  -18.950 0.0000000000
114004  34.434  -28.634  -18.548 0.0000000000
114005  34.187  -28.984  -18.343 0.0000000000
114006  34.987  -29.404  -17.931 0.0000000000
114007  35.495  -30.212  -17.342 0.0000000000
114008  35.947  -31.037  -16.745 0.0000000000
114009  36.340  -31.912  -16.204 0.0000000000
114010  36.584  -31.567  -16.557 0.0000000000
114011  37.081  -32.167  -16.397 0.0000000000
114012  37.495  -32.711  -16.402 0.0000000000
115972  33.802  -42.459  -8.297 0.0000000000
115973  34.376  -42.309  -8.550 0.0000000000
115974  34.917  -42.134  -8.841 0.0000000000
115975  35.017  -41.353  -9.332 0.0000000000
115976  35.117  -40.520  -9.805 0.0000000000
115977  35.173  -39.687  -10.299 0.0000000000
127694  29.044  -33.473  -15.579 0.0000000000
127695  30.164  -34.052  -14.983 0.0000000000
127696  31.097  -34.706  -14.399 0.0000000000
127697  30.760  -33.910  -15.074 0.0000000000
127698  31.325  -33.730  -15.170 0.0000000000
127699  31.835  -33.509  -15.299 0.0000000000
127700  30.363  -32.146  -16.634 0.0000000000
127701  31.432  -32.680  -16.023 0.0000000000
127702  32.294  -33.267  -15.450 0.0000000000
127703  32.766  -32.934  -15.621 0.0000000000
127704  33.225  -32.606  -15.774 0.0000000000
127705  33.638  -32.291  -15.944 0.0000000000
127706  30.555  -26.743  -21.206 0.0000000000
127707  31.048  -27.280  -20.454 0.0000000000
127708  31.398  -26.949  -20.624 0.0000000000
127709  32.226  -27.247  -20.106 0.0000000000
127710  33.080  -27.540  -19.617 0.0000000000
127711  32.815  -26.535  -20.487 0.0000000000
127712  33.372  -27.197  -19.792 0.0000000000
127713  33.889  -27.868  -19.190 0.0000000000
127714  34.684  -28.248  -18.772 0.0000000000
127715  35.440  -28.614  -18.473 0.0000000000
127716  36.148  -29.081  -18.219 0.0000000000
127717  36.794  -29.555  -18.100 0.0000000000
127718  36.337  -28.708  -18.546 0.0000000000
127719  36.541  -28.334  -18.905 0.0000000000
127720  36.698  -27.970  -19.263 0.0000000000
127721  35.594  -26.723  -19.792 0.0000000000
127722  36.280  -27.126  -19.637 0.0000000000
136914  28.891  -27.327  -21.573 0.0000000000
136915  29.273  -26.983  -21.716 0.0000000000
136924  29.706  -26.605  -21.852 0.0000000000
136925  30.123  -26.266  -22.037 0.0000000000
136926  30.481  -25.951  -22.232 0.0000000000
136927  30.836  -25.608  -22.394 0.0000000000
136929  30.367  -25.143  -23.209 0.0000000000
136930  31.188  -25.249  -22.584 0.0000000000
148757  28.892  -43.400  -7.440 0.0000000000
148758  29.522  -43.317  -7.441 0.0000000000
148759  29.828  -42.603  -7.911 0.0000000000
148760  30.111  -41.948  -8.465 0.0000000000
148761  30.375  -41.221  -8.973 0.0000000000
161162  27.159  -40.863  -9.351 0.0000000000
161163  27.820  -40.855  -9.383 0.0000000000
161164  27.175  -39.505  -10.549 0.0000000000
161165  27.814  -40.184  -9.976 0.0000000000
161166  28.475  -40.807  -9.435 0.0000000000
161167  29.089  -40.743  -9.483 0.0000000000
161168  29.756  -40.668  -9.497 0.0000000000
161169  30.421  -40.565  -9.553 0.0000000000
161405  27.421  -37.229  -12.569 0.0000000000
161406  28.315  -37.946  -11.910 0.0000000000
161407  28.907  -36.995  -12.686 0.0000000000
161408  29.041  -37.819  -11.974 0.0000000000
161409  29.052  -38.626  -11.308 0.0000000000
161410  29.858  -39.222  -10.724 0.0000000000
161411  30.598  -39.843  -10.164 0.0000000000
161412  31.203  -40.399  -9.653 0.0000000000
161413  31.849  -40.223  -9.752 0.0000000000
161414  32.440  -40.020  -9.842 0.0000000000
161415  33.051  -39.796  -9.976 0.0000000000
161416  32.534  -38.486  -11.088 0.0000000000
161417  33.119  -38.987  -10.613 0.0000000000
161418  33.658  -39.562  -10.147 0.0000000000
161419  34.240  -39.345  -10.341 0.0000000000
161420  34.759  -39.106  -10.612 0.0000000000
161421  35.241  -38.871  -10.912 0.0000000000
161422  31.991  -35.292  -13.791 0.0000000000
161423  32.773  -35.862  -13.208 0.0000000000
161424  33.481  -36.427  -12.662 0.0000000000
161425  33.754  -35.353  -13.472 0.0000000000
161426  33.969  -36.158  -12.831 0.0000000000
161427  34.082  -36.954  -12.159 0.0000000000
161428  34.703  -37.496  -11.774 0.0000000000
161429  35.252  -38.068  -11.467 0.0000000000
161430  35.674  -38.666  -11.216 0.0000000000
161431  36.082  -38.453  -11.567 0.0000000000
161432  36.451  -38.230  -11.929 0.0000000000
161433  36.784  -37.988  -12.309 0.0000000000
161434  36.419  -36.431  -13.015 0.0000000000
161435  36.771  -37.042  -12.875 0.0000000000
161443  30.147  -29.285  -19.164 0.0000000000
161444  30.764  -29.991  -18.448 0.0000000000
161445  31.336  -30.648  -17.782 0.0000000000
161446  32.270  -31.110  -17.204 0.0000000000
161447  33.134  -31.510  -16.681 0.0000000000
161448  33.972  -31.966  -16.159 0.0000000000
161449  31.569  -27.965  -19.745 0.0000000000
161450  32.149  -28.604  -19.099 0.0000000000
161451  32.753  -29.321  -18.436 0.0000000000
161452  33.909  -29.354  -18.121 0.0000000000
161453  33.639  -29.699  -17.926 0.0000000000
161454  33.342  -30.063  -17.718 0.0000000000
161455  33.822  -30.809  -17.080 0.0000000000
161456  34.309  -31.621  -16.381 0.0000000000
161457  34.751  -32.431  -15.667 0.0000000000
161458  35.460  -32.948  -15.279 0.0000000000
161459  36.108  -33.470  -14.947 0.0000000000
161460  36.680  -34.052  -14.752 0.0000000000
161461  36.663  -32.829  -15.642 0.0000000000
161462  36.937  -33.716  -15.131 0.0000000000
161476  37.294  -30.149  -18.058 0.0000000000
161477  37.674  -30.768  -18.121 0.0000000000
