#!ascii label  , from subject fsaverage vox2ras=TkReg
677
10  12.417  -43.270  2.483 0.0000000000
205  15.047  -40.344  -2.257 0.0000000000
609  22.244  -30.894  -12.864 0.0000000000
685  13.499  -41.969  0.119 0.0000000000
1356  25.033  -34.423  -10.620 0.0000000000
1363  25.790  -23.359  -19.559 0.0000000000
1364  23.162  -25.918  -17.883 0.0000000000
1521  16.130  -38.945  -4.697 0.0000000000
2457  21.262  -39.017  -4.286 0.0000000000
2460  20.386  -35.991  -7.233 0.0000000000
2461  19.166  -34.351  -10.038 0.0000000000
2470  26.953  -29.997  -14.900 0.0000000000
2603  13.004  -45.186  1.121 0.0000000000
2605  12.861  -42.767  1.200 0.0000000000
3495  15.647  -39.656  -3.425 0.0000000000
5505  23.693  -37.105  -7.622 0.0000000000
5506  19.669  -34.914  -8.555 0.0000000000
5507  22.940  -35.392  -8.813 0.0000000000
5508  23.703  -32.318  -11.541 0.0000000000
5509  20.792  -32.587  -11.294 0.0000000000
5510  20.338  -32.413  -13.158 0.0000000000
5532  22.205  -27.994  -17.657 0.0000000000
5841  14.209  -41.112  -1.066 0.0000000000
7048  25.962  -36.376  -9.568 0.0000000000
7050  27.979  -35.043  -11.510 0.0000000000
7051  26.516  -32.852  -12.613 0.0000000000
7061  28.560  -26.099  -18.346 0.0000000000
7062  26.829  -26.630  -16.982 0.0000000000
7063  24.502  -24.442  -18.472 0.0000000000
9919  15.004  -41.878  2.243 0.0000000000
9920  15.622  -41.255  0.938 0.0000000000
9924  17.420  -39.783  -1.653 0.0000000000
9925  17.888  -39.047  -2.951 0.0000000000
9926  17.971  -38.077  -4.263 0.0000000000
9927  17.843  -37.064  -5.680 0.0000000000
9935  20.995  -37.487  -5.818 0.0000000000
9936  17.858  -36.312  -7.168 0.0000000000
9937  17.935  -36.106  -8.584 0.0000000000
9940  21.705  -33.611  -9.978 0.0000000000
9966  24.654  -30.102  -13.540 0.0000000000
9967  24.878  -27.258  -15.856 0.0000000000
9968  22.972  -28.431  -15.175 0.0000000000
9969  21.374  -30.384  -15.167 0.0000000000
10283  12.181  -44.105  1.592 0.0000000000
10284  12.600  -43.854  0.995 0.0000000000
10285  12.565  -43.018  1.828 0.0000000000
11175  15.303  -39.973  -2.843 0.0000000000
13185  25.132  -37.682  -8.001 0.0000000000
13186  23.336  -36.207  -8.225 0.0000000000
13187  24.822  -36.761  -8.581 0.0000000000
13188  22.957  -31.492  -12.085 0.0000000000
13189  21.518  -31.732  -12.067 0.0000000000
13190  21.102  -31.464  -12.991 0.0000000000
13192  20.896  -31.451  -13.957 0.0000000000
13571  13.414  -43.207  -0.161 0.0000000000
13573  13.699  -42.751  -0.665 0.0000000000
13574  14.023  -42.336  -1.229 0.0000000000
13575  13.779  -41.535  -0.389 0.0000000000
15591  27.232  -33.973  -12.119 0.0000000000
15604  26.477  -22.888  -20.251 0.0000000000
15608  27.155  -24.626  -18.848 0.0000000000
15609  26.474  -25.014  -18.172 0.0000000000
15610  25.176  -23.852  -18.968 0.0000000000
16245  16.396  -38.677  -5.317 0.0000000000
22231  14.702  -41.983  2.940 0.0000000000
22246  17.669  -39.420  -2.317 0.0000000000
22247  19.295  -39.845  -2.154 0.0000000000
22248  21.302  -39.662  -3.582 0.0000000000
22249  19.684  -38.971  -3.531 0.0000000000
22250  19.618  -38.403  -4.183 0.0000000000
22251  17.897  -37.506  -4.984 0.0000000000
22252  19.502  -37.791  -4.900 0.0000000000
22271  22.352  -37.248  -6.753 0.0000000000
22272  22.658  -38.155  -6.088 0.0000000000
22273  20.706  -36.706  -6.541 0.0000000000
22274  19.059  -36.423  -6.463 0.0000000000
22275  18.932  -35.965  -7.145 0.0000000000
22276  17.854  -36.181  -7.867 0.0000000000
22277  18.734  -35.576  -7.816 0.0000000000
22278  19.298  -34.540  -9.295 0.0000000000
22279  18.507  -35.218  -9.269 0.0000000000
22280  18.528  -35.185  -10.055 0.0000000000
22283  25.585  -35.467  -10.159 0.0000000000
22284  24.071  -34.922  -9.708 0.0000000000
22285  23.506  -33.961  -10.198 0.0000000000
22287  19.738  -33.302  -11.470 0.0000000000
22348  27.984  -31.454  -14.396 0.0000000000
22349  26.798  -31.471  -13.761 0.0000000000
22350  25.883  -30.091  -14.157 0.0000000000
22351  24.813  -25.875  -17.080 0.0000000000
22352  25.912  -26.921  -16.319 0.0000000000
22353  23.968  -26.389  -16.704 0.0000000000
22355  22.349  -28.104  -16.429 0.0000000000
22357  22.000  -29.304  -15.166 0.0000000000
23119  13.622  -44.964  0.581 0.0000000000
23120  13.039  -43.600  0.395 0.0000000000
23121  13.187  -42.344  0.604 0.0000000000
24339  25.747  -21.219  -21.704 0.0000000000
24340  25.140  -21.764  -21.097 0.0000000000
24341  24.533  -22.336  -20.537 0.0000000000
24723  15.861  -39.323  -4.065 0.0000000000
28340  23.930  -38.007  -7.016 0.0000000000
28341  22.060  -36.443  -7.377 0.0000000000
28342  20.021  -35.450  -7.877 0.0000000000
28343  21.709  -35.745  -7.976 0.0000000000
28344  21.127  -34.912  -8.653 0.0000000000
28345  20.614  -34.251  -9.301 0.0000000000
28346  24.389  -33.312  -11.068 0.0000000000
28347  22.884  -33.031  -10.688 0.0000000000
28348  22.165  -32.253  -11.281 0.0000000000
28349  20.389  -32.336  -12.215 0.0000000000
28386  28.044  -29.839  -15.583 0.0000000000
28387  22.545  -26.765  -19.058 0.0000000000
28388  22.622  -26.875  -17.727 0.0000000000
28988  14.376  -41.922  -1.790 0.0000000000
28989  14.624  -40.697  -1.675 0.0000000000
31804  26.415  -37.228  -8.912 0.0000000000
31807  27.047  -35.818  -10.542 0.0000000000
31810  26.384  -34.778  -11.121 0.0000000000
31811  25.811  -33.713  -11.622 0.0000000000
31812  25.181  -32.642  -12.031 0.0000000000
31813  24.371  -31.498  -12.432 0.0000000000
31836  28.853  -27.749  -17.219 0.0000000000
31837  27.651  -26.380  -17.680 0.0000000000
31838  25.667  -25.420  -17.574 0.0000000000
31839  23.795  -25.145  -18.137 0.0000000000
31840  23.529  -23.808  -19.683 0.0000000000
31841  23.131  -24.709  -19.433 0.0000000000
31842  22.771  -25.636  -19.211 0.0000000000
38044  13.348  -42.674  2.992 0.0000000000
38529  11.932  -43.935  2.619 0.0000000000
39991  13.588  -42.470  2.366 0.0000000000
39992  13.820  -42.210  1.721 0.0000000000
39993  14.094  -41.872  1.184 0.0000000000
39995  15.299  -41.620  1.582 0.0000000000
39996  14.427  -41.447  0.598 0.0000000000
39997  14.691  -41.034  -0.037 0.0000000000
39998  15.119  -40.588  -0.700 0.0000000000
39999  15.554  -40.144  -1.332 0.0000000000
40008  15.910  -39.782  -1.938 0.0000000000
40009  16.245  -39.426  -2.564 0.0000000000
40010  16.483  -39.073  -3.164 0.0000000000
40011  16.634  -38.673  -3.819 0.0000000000
40012  19.575  -39.434  -2.882 0.0000000000
40013  17.984  -38.589  -3.589 0.0000000000
40014  16.704  -38.213  -4.444 0.0000000000
40015  16.831  -37.807  -5.110 0.0000000000
40041  21.238  -38.328  -5.036 0.0000000000
40042  19.313  -37.091  -5.711 0.0000000000
40043  17.812  -36.606  -6.477 0.0000000000
40046  17.733  -37.295  -8.607 0.0000000000
40048  18.581  -35.295  -8.522 0.0000000000
40049  18.001  -36.216  -9.300 0.0000000000
40054  24.533  -35.842  -9.136 0.0000000000
40055  22.379  -34.467  -9.363 0.0000000000
40056  20.222  -33.761  -9.980 0.0000000000
40057  21.207  -32.989  -10.560 0.0000000000
40058  19.968  -33.439  -10.647 0.0000000000
40059  19.094  -34.260  -10.801 0.0000000000
40132  27.817  -32.897  -13.196 0.0000000000
40133  25.619  -31.458  -13.073 0.0000000000
40134  23.434  -30.419  -13.118 0.0000000000
40135  28.027  -28.118  -16.610 0.0000000000
40136  26.994  -28.375  -15.938 0.0000000000
40137  25.920  -28.503  -15.295 0.0000000000
40138  23.126  -27.169  -16.496 0.0000000000
40139  23.927  -27.720  -15.476 0.0000000000
40140  24.861  -28.784  -14.668 0.0000000000
40141  23.759  -29.085  -14.195 0.0000000000
40142  22.587  -29.681  -13.997 0.0000000000
40143  21.581  -30.470  -13.996 0.0000000000
41003  12.165  -43.637  2.014 0.0000000000
41004  12.289  -43.526  1.712 0.0000000000
41005  12.477  -43.142  2.150 0.0000000000
41891  14.805  -40.871  -2.339 0.0000000000
41893  15.020  -40.703  -2.631 0.0000000000
41894  15.178  -40.558  -2.924 0.0000000000
41895  15.157  -40.150  -2.527 0.0000000000
43906  24.973  -37.241  -8.289 0.0000000000
43907  25.746  -37.474  -8.465 0.0000000000
43908  22.583  -31.169  -12.452 0.0000000000
43909  21.906  -31.319  -12.462 0.0000000000
43910  21.540  -31.083  -12.924 0.0000000000
43911  20.992  -31.432  -13.454 0.0000000000
43912  21.380  -31.031  -13.404 0.0000000000
44291  13.349  -42.550  -0.045 0.0000000000
44292  13.599  -43.019  -0.437 0.0000000000
44293  13.459  -42.315  -0.286 0.0000000000
44294  13.594  -42.097  -0.539 0.0000000000
44295  13.626  -41.762  -0.176 0.0000000000
46324  26.190  -23.130  -19.898 0.0000000000
46325  27.213  -23.527  -19.911 0.0000000000
46326  26.884  -23.751  -19.542 0.0000000000
46328  26.506  -23.978  -19.198 0.0000000000
46329  26.100  -24.163  -18.860 0.0000000000
46330  25.392  -23.588  -19.272 0.0000000000
46965  16.275  -38.809  -5.007 0.0000000000
52968  21.289  -39.344  -3.933 0.0000000000
52969  20.493  -38.995  -3.864 0.0000000000
52970  20.483  -38.702  -4.187 0.0000000000
52971  19.577  -38.123  -4.531 0.0000000000
52972  20.476  -38.403  -4.547 0.0000000000
52991  21.361  -36.552  -6.999 0.0000000000
52992  21.503  -36.934  -6.638 0.0000000000
52993  20.552  -36.336  -6.890 0.0000000000
52994  19.768  -36.219  -6.816 0.0000000000
52995  19.623  -35.906  -7.169 0.0000000000
52996  18.832  -35.770  -7.477 0.0000000000
52997  19.455  -35.637  -7.530 0.0000000000
52998  19.190  -34.414  -9.683 0.0000000000
52999  18.823  -34.742  -9.679 0.0000000000
53000  18.794  -34.739  -10.085 0.0000000000
53002  18.799  -34.730  -10.476 0.0000000000
53003  25.337  -34.967  -10.394 0.0000000000
53004  24.588  -34.694  -10.160 0.0000000000
53005  24.304  -34.188  -10.390 0.0000000000
53066  28.017  -30.671  -15.034 0.0000000000
53068  27.447  -30.767  -14.662 0.0000000000
53069  26.912  -30.771  -14.331 0.0000000000
53070  26.379  -30.016  -14.529 0.0000000000
53071  23.922  -25.770  -17.401 0.0000000000
53072  24.351  -26.110  -16.858 0.0000000000
53073  23.501  -26.123  -17.267 0.0000000000
53889  14.093  -45.625  0.841 0.0000000000
53890  13.310  -45.089  0.837 0.0000000000
53891  12.655  -43.268  1.065 0.0000000000
53892  12.822  -43.724  0.690 0.0000000000
53893  12.828  -43.120  0.753 0.0000000000
53894  12.991  -42.937  0.482 0.0000000000
53895  13.008  -42.566  0.898 0.0000000000
55921  25.243  -20.290  -22.592 0.0000000000
55922  25.954  -20.856  -22.151 0.0000000000
55923  25.010  -20.614  -22.241 0.0000000000
55927  24.801  -22.067  -20.796 0.0000000000
56561  15.470  -40.212  -3.503 0.0000000000
56564  15.822  -39.879  -4.131 0.0000000000
56565  15.762  -39.504  -3.745 0.0000000000
62591  24.576  -37.888  -7.502 0.0000000000
62592  24.697  -38.342  -7.181 0.0000000000
62593  23.820  -37.561  -7.326 0.0000000000
62594  23.013  -37.171  -7.171 0.0000000000
62595  22.899  -36.768  -7.474 0.0000000000
62596  21.906  -36.100  -7.671 0.0000000000
62597  22.734  -36.361  -7.775 0.0000000000
62598  23.152  -35.796  -8.507 0.0000000000
62599  22.255  -35.516  -8.392 0.0000000000
62600  21.976  -35.056  -8.740 0.0000000000
62601  20.881  -34.542  -8.986 0.0000000000
62602  21.709  -34.648  -9.042 0.0000000000
62603  24.044  -32.802  -11.300 0.0000000000
62604  23.323  -32.734  -11.077 0.0000000000
62605  22.936  -32.266  -11.336 0.0000000000
62606  20.720  -31.926  -12.612 0.0000000000
62607  20.895  -31.994  -12.145 0.0000000000
62608  20.335  -32.384  -12.697 0.0000000000
62671  22.749  -27.326  -19.621 0.0000000000
62672  22.513  -27.362  -19.022 0.0000000000
63751  14.665  -45.348  0.253 0.0000000000
63761  13.961  -41.661  -1.159 0.0000000000
63762  14.199  -42.090  -1.532 0.0000000000
63763  14.132  -41.471  -1.441 0.0000000000
63764  14.308  -41.295  -1.704 0.0000000000
63765  14.382  -40.927  -1.346 0.0000000000
69801  27.343  -36.307  -10.244 0.0000000000
69809  27.539  -35.455  -11.025 0.0000000000
69810  27.216  -34.957  -11.368 0.0000000000
69811  26.069  -34.240  -11.389 0.0000000000
69812  26.878  -34.429  -11.634 0.0000000000
69813  26.905  -33.446  -12.373 0.0000000000
69814  26.180  -33.321  -12.104 0.0000000000
69815  25.887  -32.789  -12.331 0.0000000000
69816  24.815  -32.096  -12.242 0.0000000000
69817  25.481  -32.180  -12.516 0.0000000000
69865  28.068  -26.194  -18.040 0.0000000000
69866  25.422  -24.643  -18.264 0.0000000000
69867  26.021  -25.219  -17.895 0.0000000000
69868  25.023  -24.885  -17.997 0.0000000000
69869  24.731  -25.152  -17.739 0.0000000000
69870  24.155  -24.757  -18.288 0.0000000000
69875  22.927  -24.538  -20.078 0.0000000000
69876  22.790  -25.060  -20.018 0.0000000000
69877  22.911  -25.168  -19.328 0.0000000000
69878  22.772  -25.564  -19.871 0.0000000000
69879  22.734  -26.121  -19.810 0.0000000000
89731  13.476  -42.585  2.671 0.0000000000
89733  14.835  -41.956  2.558 0.0000000000
89734  14.272  -42.145  2.318 0.0000000000
89735  14.399  -42.041  1.997 0.0000000000
89736  13.950  -42.058  1.460 0.0000000000
89737  14.557  -41.905  1.758 0.0000000000
89743  15.437  -41.435  1.251 0.0000000000
89744  14.832  -41.516  1.073 0.0000000000
89745  14.988  -41.312  0.758 0.0000000000
89746  14.552  -41.238  0.274 0.0000000000
89747  15.152  -41.141  0.457 0.0000000000
89749  15.551  -40.730  -0.192 0.0000000000
89750  15.794  -40.488  -0.584 0.0000000000
89751  15.347  -40.356  -1.037 0.0000000000
89752  16.006  -40.276  -0.897 0.0000000000
89774  16.423  -39.907  -1.519 0.0000000000
89775  16.616  -39.720  -1.784 0.0000000000
89776  16.077  -39.603  -2.225 0.0000000000
89777  16.781  -39.542  -2.097 0.0000000000
89778  17.801  -39.227  -2.637 0.0000000000
89779  17.019  -39.174  -2.725 0.0000000000
89780  17.119  -38.986  -3.046 0.0000000000
89781  16.584  -38.875  -3.498 0.0000000000
89782  17.194  -38.787  -3.368 0.0000000000
89786  18.848  -38.500  -3.860 0.0000000000
89787  18.868  -38.746  -3.551 0.0000000000
89788  17.995  -38.348  -3.895 0.0000000000
89789  17.237  -38.311  -3.990 0.0000000000
89790  17.256  -38.063  -4.334 0.0000000000
89791  16.760  -37.983  -4.786 0.0000000000
89792  17.273  -37.830  -4.695 0.0000000000
89793  17.883  -37.290  -5.336 0.0000000000
89794  17.311  -37.411  -5.375 0.0000000000
89795  17.348  -37.241  -5.739 0.0000000000
89797  17.349  -37.059  -6.073 0.0000000000
89854  21.830  -37.778  -5.943 0.0000000000
89855  22.757  -38.648  -5.704 0.0000000000
89856  21.942  -38.256  -5.556 0.0000000000
89857  21.988  -38.654  -5.174 0.0000000000
89858  21.127  -37.900  -5.429 0.0000000000
89859  20.303  -37.657  -5.347 0.0000000000
89860  20.194  -37.288  -5.726 0.0000000000
89861  18.342  -36.224  -6.858 0.0000000000
89862  18.342  -36.439  -6.478 0.0000000000
89863  17.833  -36.432  -6.833 0.0000000000
89864  17.419  -36.741  -6.850 0.0000000000
89865  17.452  -36.626  -7.182 0.0000000000
89867  17.523  -36.629  -7.524 0.0000000000
89868  17.886  -36.132  -8.231 0.0000000000
89869  17.672  -36.615  -8.263 0.0000000000
89870  17.730  -36.671  -8.614 0.0000000000
89872  17.798  -36.754  -8.948 0.0000000000
89873  19.855  -35.195  -8.214 0.0000000000
89874  19.174  -35.223  -8.177 0.0000000000
89875  19.037  -35.060  -8.548 0.0000000000
89876  18.256  -35.685  -9.662 0.0000000000
89877  18.216  -35.676  -9.313 0.0000000000
89888  26.215  -36.793  -9.206 0.0000000000
89889  25.494  -36.605  -9.011 0.0000000000
89890  25.316  -36.145  -9.318 0.0000000000
89891  22.901  -34.225  -9.791 0.0000000000
89892  23.216  -34.718  -9.516 0.0000000000
89893  22.017  -34.017  -9.671 0.0000000000
89894  21.176  -33.914  -9.662 0.0000000000
89895  20.944  -33.647  -9.942 0.0000000000
89896  21.730  -32.607  -10.889 0.0000000000
89897  22.058  -32.968  -10.599 0.0000000000
89898  21.023  -32.788  -10.901 0.0000000000
89900  19.842  -33.346  -11.053 0.0000000000
89901  19.441  -33.757  -11.124 0.0000000000
89902  19.491  -33.810  -10.731 0.0000000000
89903  19.088  -34.246  -11.215 0.0000000000
90086  25.760  -30.795  -13.633 0.0000000000
90087  26.237  -31.491  -13.424 0.0000000000
90088  25.106  -30.723  -13.297 0.0000000000
90089  24.564  -30.848  -12.997 0.0000000000
90090  24.015  -30.210  -13.296 0.0000000000
90091  27.896  -27.242  -17.113 0.0000000000
90092  28.494  -27.975  -16.886 0.0000000000
90093  27.409  -27.373  -16.801 0.0000000000
90094  25.398  -27.089  -16.085 0.0000000000
90095  26.392  -27.558  -16.114 0.0000000000
90096  25.915  -27.707  -15.820 0.0000000000
90097  26.413  -28.365  -15.600 0.0000000000
90098  25.337  -27.797  -15.538 0.0000000000
90099  22.347  -27.411  -17.715 0.0000000000
90100  22.831  -26.995  -17.090 0.0000000000
90101  22.483  -27.449  -17.059 0.0000000000
90102  22.599  -28.205  -15.757 0.0000000000
90103  23.070  -27.820  -15.875 0.0000000000
90104  23.432  -28.100  -15.308 0.0000000000
90105  24.385  -28.194  -14.999 0.0000000000
90106  23.845  -28.436  -14.804 0.0000000000
90107  24.344  -28.877  -14.361 0.0000000000
90108  23.367  -28.725  -14.630 0.0000000000
90109  21.655  -29.827  -15.173 0.0000000000
90110  22.246  -29.448  -14.570 0.0000000000
90111  21.833  -29.887  -14.564 0.0000000000
90112  22.047  -30.044  -13.991 0.0000000000
92237  12.468  -44.622  1.281 0.0000000000
92238  12.722  -44.505  1.001 0.0000000000
92239  12.374  -43.990  1.310 0.0000000000
92240  12.459  -43.403  1.392 0.0000000000
92241  12.734  -42.935  1.504 0.0000000000
93842  15.319  -40.391  -3.209 0.0000000000
93843  15.469  -39.810  -3.160 0.0000000000
97460  25.296  -38.134  -7.689 0.0000000000
97461  24.415  -37.406  -7.822 0.0000000000
97462  23.510  -36.631  -7.943 0.0000000000
97463  24.251  -36.954  -8.107 0.0000000000
97464  24.090  -36.496  -8.389 0.0000000000
97465  23.944  -36.088  -8.663 0.0000000000
97466  23.355  -31.869  -11.790 0.0000000000
97467  22.601  -31.874  -11.659 0.0000000000
97468  22.245  -31.578  -12.057 0.0000000000
97469  21.264  -31.556  -12.531 0.0000000000
97470  20.647  -31.926  -13.078 0.0000000000
97472  20.617  -31.928  -13.557 0.0000000000
98155  13.673  -43.900  -0.152 0.0000000000
98157  13.912  -43.748  -0.448 0.0000000000
98161  13.852  -42.548  -0.936 0.0000000000
98162  13.769  -41.896  -0.818 0.0000000000
98163  13.996  -41.316  -0.726 0.0000000000
101791  27.579  -34.506  -11.843 0.0000000000
101793  28.004  -34.110  -12.329 0.0000000000
101794  27.592  -33.545  -12.600 0.0000000000
101816  27.594  -23.342  -20.261 0.0000000000
101822  27.808  -25.326  -18.620 0.0000000000
101823  27.472  -25.504  -18.249 0.0000000000
101824  26.805  -24.800  -18.513 0.0000000000
101825  25.838  -24.396  -18.534 0.0000000000
101826  24.765  -24.092  -18.756 0.0000000000
113751  16.337  -41.228  1.085 0.0000000000
113752  15.873  -41.092  0.635 0.0000000000
113770  17.540  -39.609  -1.982 0.0000000000
113772  18.518  -39.579  -2.238 0.0000000000
113773  18.649  -39.396  -2.559 0.0000000000
113775  20.498  -39.566  -3.220 0.0000000000
113776  20.501  -39.284  -3.551 0.0000000000
113777  19.667  -38.696  -3.857 0.0000000000
113778  18.781  -38.177  -4.233 0.0000000000
113779  17.936  -37.793  -4.632 0.0000000000
113780  18.725  -37.885  -4.586 0.0000000000
113781  18.665  -37.592  -4.941 0.0000000000
113782  18.596  -37.295  -5.286 0.0000000000
113815  23.319  -38.119  -6.541 0.0000000000
113816  23.447  -38.586  -6.194 0.0000000000
113817  22.521  -37.703  -6.418 0.0000000000
113818  21.672  -37.325  -6.305 0.0000000000
113819  20.864  -37.087  -6.203 0.0000000000
113820  20.020  -36.870  -6.124 0.0000000000
113821  19.906  -36.542  -6.466 0.0000000000
113822  19.009  -36.169  -6.823 0.0000000000
113823  18.348  -36.077  -7.158 0.0000000000
113824  17.864  -36.244  -7.482 0.0000000000
113825  18.319  -35.952  -7.466 0.0000000000
113826  18.240  -35.829  -7.818 0.0000000000
113827  18.225  -35.719  -8.167 0.0000000000
113828  19.457  -34.706  -8.909 0.0000000000
113829  18.943  -34.931  -8.922 0.0000000000
113830  18.871  -34.821  -9.302 0.0000000000
113831  18.495  -35.198  -9.652 0.0000000000
113832  18.320  -35.721  -10.018 0.0000000000
113837  25.771  -35.934  -9.885 0.0000000000
113838  25.084  -35.671  -9.634 0.0000000000
113839  24.832  -35.196  -9.928 0.0000000000
113840  23.793  -34.449  -9.958 0.0000000000
113841  22.578  -33.742  -10.048 0.0000000000
113843  20.196  -32.923  -11.398 0.0000000000
113954  28.522  -32.125  -14.095 0.0000000000
113955  27.931  -32.171  -13.800 0.0000000000
113956  27.458  -31.517  -14.088 0.0000000000
113957  26.362  -30.795  -13.986 0.0000000000
113958  25.298  -30.111  -13.855 0.0000000000
113959  25.775  -26.186  -16.955 0.0000000000
113960  26.399  -26.794  -16.655 0.0000000000
113961  25.384  -26.361  -16.652 0.0000000000
113962  24.903  -26.571  -16.405 0.0000000000
113963  24.406  -26.758  -16.222 0.0000000000
113965  22.187  -28.019  -17.021 0.0000000000
113968  22.178  -28.697  -15.790 0.0000000000
113969  22.514  -28.845  -15.096 0.0000000000
113970  21.867  -29.246  -15.807 0.0000000000
113971  21.583  -29.811  -15.786 0.0000000000
115382  14.361  -45.486  0.571 0.0000000000
115383  13.854  -44.800  0.284 0.0000000000
115384  12.989  -44.378  0.711 0.0000000000
115385  13.235  -44.255  0.428 0.0000000000
115386  13.464  -44.103  0.141 0.0000000000
115387  13.218  -43.389  0.121 0.0000000000
115388  13.159  -42.744  0.224 0.0000000000
115389  13.357  -42.164  0.393 0.0000000000
118229  26.480  -21.808  -21.322 0.0000000000
118231  25.426  -21.479  -21.394 0.0000000000
118232  26.130  -22.038  -21.012 0.0000000000
118233  25.859  -22.331  -20.651 0.0000000000
118234  25.505  -22.591  -20.305 0.0000000000
118235  25.146  -22.805  -19.961 0.0000000000
118236  24.737  -23.081  -19.740 0.0000000000
118237  24.231  -22.683  -20.259 0.0000000000
119127  15.954  -39.099  -4.365 0.0000000000
127536  21.988  -39.985  -3.661 0.0000000000
127537  22.068  -39.756  -4.045 0.0000000000
127567  23.167  -37.639  -6.858 0.0000000000
127568  22.189  -36.811  -7.089 0.0000000000
127569  21.200  -36.182  -7.304 0.0000000000
127570  20.169  -35.662  -7.551 0.0000000000
127571  21.035  -35.856  -7.594 0.0000000000
127572  20.862  -35.578  -7.917 0.0000000000
127573  20.594  -35.208  -8.264 0.0000000000
127574  22.511  -35.939  -8.082 0.0000000000
127575  21.380  -35.318  -8.313 0.0000000000
127576  20.328  -34.865  -8.622 0.0000000000
127577  20.101  -34.570  -8.976 0.0000000000
127578  19.948  -34.350  -9.285 0.0000000000
127579  19.791  -34.168  -9.617 0.0000000000
127580  24.701  -33.862  -10.841 0.0000000000
127581  23.995  -33.689  -10.609 0.0000000000
127582  23.693  -33.215  -10.848 0.0000000000
127583  22.552  -32.615  -10.968 0.0000000000
127584  21.429  -32.339  -11.244 0.0000000000
127585  21.813  -31.962  -11.646 0.0000000000
127586  21.149  -32.137  -11.685 0.0000000000
127587  20.564  -32.430  -11.728 0.0000000000
127673  28.590  -30.585  -15.336 0.0000000000
127674  27.480  -29.969  -15.261 0.0000000000
127675  22.681  -26.268  -18.458 0.0000000000
127676  22.868  -26.385  -17.806 0.0000000000
127677  22.488  -26.810  -18.495 0.0000000000
127678  22.388  -27.387  -18.393 0.0000000000
129151  14.564  -41.738  -2.057 0.0000000000
129152  14.555  -41.067  -2.044 0.0000000000
129153  14.851  -40.502  -1.981 0.0000000000
136792  26.542  -37.650  -8.606 0.0000000000
136798  26.695  -36.586  -9.817 0.0000000000
136799  26.531  -36.174  -10.092 0.0000000000
136800  26.314  -35.700  -10.360 0.0000000000
136801  26.035  -35.183  -10.626 0.0000000000
136809  26.734  -35.308  -10.838 0.0000000000
136810  25.743  -34.640  -10.860 0.0000000000
136811  25.456  -34.113  -11.083 0.0000000000
136812  25.141  -33.559  -11.301 0.0000000000
136813  24.855  -32.999  -11.519 0.0000000000
136814  26.521  -33.878  -11.873 0.0000000000
136815  25.533  -33.190  -11.811 0.0000000000
136816  24.477  -32.464  -11.743 0.0000000000
136817  24.095  -31.956  -11.968 0.0000000000
136818  23.702  -31.440  -12.199 0.0000000000
136819  23.240  -31.006  -12.556 0.0000000000
136880  28.246  -27.061  -17.457 0.0000000000
136881  27.245  -26.504  -17.326 0.0000000000
136882  27.041  -25.661  -17.923 0.0000000000
136883  26.714  -25.902  -17.561 0.0000000000
136884  26.238  -25.991  -17.244 0.0000000000
136885  25.216  -25.628  -17.312 0.0000000000
136886  24.214  -25.433  -17.562 0.0000000000
136887  23.513  -25.525  -17.998 0.0000000000
136888  24.510  -23.389  -19.436 0.0000000000
136889  24.233  -23.710  -19.272 0.0000000000
136890  23.984  -24.088  -19.077 0.0000000000
136891  23.027  -24.021  -20.176 0.0000000000
136892  23.331  -24.219  -19.548 0.0000000000
136893  23.714  -24.472  -18.906 0.0000000000
136894  23.380  -24.898  -18.812 0.0000000000
136895  23.179  -25.322  -18.632 0.0000000000
136896  22.894  -25.770  -18.552 0.0000000000
136897  22.640  -26.191  -19.120 0.0000000000
136898  22.717  -26.702  -19.667 0.0000000000
155091  12.625  -43.189  3.012 0.0000000000
155092  12.837  -42.966  2.731 0.0000000000
155093  13.063  -42.877  3.260 0.0000000000
156548  12.345  -43.424  3.079 0.0000000000
156549  12.172  -43.615  2.556 0.0000000000
157278  12.069  -44.515  1.653 0.0000000000
157279  11.989  -44.024  2.094 0.0000000000
160927  12.941  -42.836  2.411 0.0000000000
160928  13.049  -42.718  2.087 0.0000000000
160929  13.161  -42.601  1.766 0.0000000000
160930  14.153  -42.234  2.658 0.0000000000
160931  13.702  -42.345  2.051 0.0000000000
160932  13.292  -42.433  1.458 0.0000000000
160933  13.421  -42.261  1.155 0.0000000000
160934  13.562  -42.082  0.884 0.0000000000
160935  13.736  -41.886  0.668 0.0000000000
160940  15.697  -41.605  2.100 0.0000000000
160941  15.177  -41.762  1.945 0.0000000000
160942  14.689  -41.715  1.410 0.0000000000
160943  14.252  -41.663  0.894 0.0000000000
160944  13.905  -41.672  0.399 0.0000000000
160945  14.050  -41.442  0.097 0.0000000000
160946  14.176  -41.198  -0.235 0.0000000000
160947  14.366  -41.023  -0.517 0.0000000000
160948  15.341  -40.945  0.144 0.0000000000
160949  14.871  -40.839  -0.311 0.0000000000
160950  14.572  -40.801  -0.841 0.0000000000
160951  14.788  -40.567  -1.171 0.0000000000
160952  15.025  -40.350  -1.479 0.0000000000
160953  15.220  -40.159  -1.795 0.0000000000
160978  16.216  -40.081  -1.207 0.0000000000
160979  15.739  -39.962  -1.657 0.0000000000
160980  15.393  -39.973  -2.096 0.0000000000
160981  15.541  -39.801  -2.372 0.0000000000
160982  15.674  -39.626  -2.688 0.0000000000
160983  15.839  -39.473  -2.998 0.0000000000
160984  16.920  -39.367  -2.428 0.0000000000
160985  16.370  -39.257  -2.855 0.0000000000
160986  16.018  -39.323  -3.309 0.0000000000
160987  16.132  -39.128  -3.638 0.0000000000
160988  16.183  -38.922  -3.947 0.0000000000
160989  16.236  -38.717  -4.259 0.0000000000
160991  19.440  -39.639  -2.522 0.0000000000
160992  18.728  -39.211  -2.878 0.0000000000
160993  19.671  -39.235  -3.197 0.0000000000
160994  18.831  -38.977  -3.232 0.0000000000
160995  17.946  -38.829  -3.269 0.0000000000
160996  17.221  -38.568  -3.677 0.0000000000
160997  16.671  -38.446  -4.135 0.0000000000
160998  16.337  -38.537  -4.571 0.0000000000
160999  16.430  -38.339  -4.872 0.0000000000
161000  16.531  -38.156  -5.206 0.0000000000
161002  17.276  -37.598  -5.018 0.0000000000
161070  22.062  -39.410  -4.438 0.0000000000
161074  23.518  -39.023  -5.841 0.0000000000
161078  22.035  -39.039  -4.813 0.0000000000
161079  21.249  -38.672  -4.670 0.0000000000
161080  20.386  -38.018  -4.959 0.0000000000
161081  19.399  -37.416  -5.306 0.0000000000
161082  18.497  -36.992  -5.686 0.0000000000
161083  19.170  -36.739  -6.088 0.0000000000
161084  18.405  -36.707  -6.082 0.0000000000
161085  17.801  -36.823  -6.054 0.0000000000
161086  17.389  -36.887  -6.478 0.0000000000
161092  17.600  -36.612  -7.895 0.0000000000
161093  17.647  -37.183  -8.266 0.0000000000
161094  17.891  -37.992  -8.554 0.0000000000
161098  19.312  -35.416  -7.849 0.0000000000
161099  18.653  -35.385  -8.150 0.0000000000
161100  18.198  -35.665  -8.539 0.0000000000
161101  18.534  -35.242  -8.893 0.0000000000
161102  18.178  -35.650  -8.930 0.0000000000
161103  17.974  -36.135  -8.947 0.0000000000
161104  17.897  -36.846  -9.262 0.0000000000
161116  25.615  -37.058  -8.748 0.0000000000
161117  24.714  -36.322  -8.848 0.0000000000
161118  23.801  -35.693  -8.931 0.0000000000
161119  24.286  -35.345  -9.435 0.0000000000
161120  23.557  -35.239  -9.225 0.0000000000
161121  22.691  -34.929  -9.077 0.0000000000
161122  21.458  -34.265  -9.332 0.0000000000
161123  20.392  -33.991  -9.664 0.0000000000
161124  19.648  -34.015  -9.971 0.0000000000
161125  23.202  -33.482  -10.444 0.0000000000
161126  22.322  -33.335  -10.320 0.0000000000
161127  21.441  -33.275  -10.261 0.0000000000
161128  20.334  -33.021  -10.978 0.0000000000
161129  20.500  -33.148  -10.596 0.0000000000
161130  20.714  -33.387  -10.256 0.0000000000
161131  20.087  -33.569  -10.273 0.0000000000
161132  19.539  -33.899  -10.331 0.0000000000
161133  19.124  -34.298  -10.403 0.0000000000
161134  18.827  -34.730  -10.850 0.0000000000
161351  28.306  -33.577  -12.871 0.0000000000
161352  27.143  -32.872  -12.891 0.0000000000
161353  27.286  -32.170  -13.504 0.0000000000
161354  26.742  -32.222  -13.177 0.0000000000
161355  26.104  -32.174  -12.855 0.0000000000
161356  25.011  -31.480  -12.747 0.0000000000
161357  23.935  -30.914  -12.741 0.0000000000
161358  22.767  -30.592  -13.014 0.0000000000
161362  26.950  -27.476  -16.426 0.0000000000
161363  27.532  -28.245  -16.260 0.0000000000
161365  27.506  -29.074  -15.779 0.0000000000
161366  26.954  -29.153  -15.409 0.0000000000
161367  26.472  -29.239  -15.087 0.0000000000
161368  23.165  -26.544  -17.174 0.0000000000
161369  23.526  -26.750  -16.598 0.0000000000
161370  23.953  -27.066  -16.082 0.0000000000
161371  22.718  -27.601  -16.471 0.0000000000
161372  23.484  -27.390  -15.976 0.0000000000
161373  24.375  -27.465  -15.659 0.0000000000
161374  24.932  -28.003  -15.279 0.0000000000
161375  25.398  -28.598  -14.952 0.0000000000
161376  25.879  -29.311  -14.729 0.0000000000
161377  25.350  -29.390  -14.377 0.0000000000
161378  24.831  -29.459  -14.070 0.0000000000
161379  24.192  -29.548  -13.845 0.0000000000
161380  22.778  -29.044  -14.562 0.0000000000
161381  23.116  -29.338  -14.096 0.0000000000
161382  23.526  -29.714  -13.638 0.0000000000
161383  22.979  -30.004  -13.522 0.0000000000
161384  22.365  -30.284  -13.487 0.0000000000
161385  21.805  -30.604  -13.413 0.0000000000
161386  21.231  -30.962  -13.977 0.0000000000
