#!ascii label  , from subject fsaverage vox2ras=TkReg
554
323  26.002  11.830  -17.052 0.0000000000
324  30.937  12.045  -14.273 0.0000000000
427  35.014  15.887  -4.842 0.0000000000
804  28.438  16.708  -10.741 0.0000000000
953  37.457  6.627  -5.992 0.0000000000
1735  28.193  12.315  -15.854 0.0000000000
1958  32.400  14.194  -8.615 0.0000000000
1959  36.070  11.275  -7.761 0.0000000000
2436  34.260  10.034  -12.594 0.0000000000
2724  27.774  18.835  -9.492 0.0000000000
3850  28.195  14.887  -13.246 0.0000000000
3851  26.903  15.128  -14.365 0.0000000000
3852  29.507  12.204  -15.076 0.0000000000
4297  32.120  16.948  -4.799 0.0000000000
4298  33.121  14.883  -6.401 0.0000000000
4299  35.651  13.607  -6.385 0.0000000000
5445  35.183  10.468  -9.843 0.0000000000
5446  33.505  12.429  -10.611 0.0000000000
5447  35.775  7.904  -11.790 0.0000000000
6055  27.104  17.417  -12.005 0.0000000000
6056  29.659  14.507  -12.333 0.0000000000
6323  36.786  11.921  -5.697 0.0000000000
7886  25.245  15.440  -17.422 0.0000000000
7888  25.917  15.408  -15.764 0.0000000000
7889  27.127  12.153  -16.604 0.0000000000
8468  29.267  17.373  -7.887 0.0000000000
8469  30.950  16.143  -6.933 0.0000000000
8470  34.340  12.846  -8.209 0.0000000000
8471  36.200  8.487  -9.061 0.0000000000
8472  36.876  9.242  -6.856 0.0000000000
9864  30.320  15.622  -9.535 0.0000000000
9865  31.609  13.760  -11.455 0.0000000000
9866  32.686  11.288  -13.493 0.0000000000
11530  29.622  13.417  -13.726 0.0000000000
11531  28.896  13.564  -14.126 0.0000000000
11532  30.220  12.131  -14.686 0.0000000000
11533  30.630  10.620  -15.420 0.0000000000
11534  31.312  10.507  -15.082 0.0000000000
11977  33.466  16.459  -4.750 0.0000000000
11978  33.947  15.313  -5.527 0.0000000000
11979  35.322  14.781  -5.583 0.0000000000
13110  25.088  13.605  -17.805 0.0000000000
13111  24.559  13.420  -18.191 0.0000000000
13125  36.058  8.086  -10.313 0.0000000000
13126  35.474  9.214  -10.732 0.0000000000
13930  27.394  18.211  -10.766 0.0000000000
13931  26.854  18.650  -11.505 0.0000000000
13932  27.719  17.104  -11.319 0.0000000000
13933  28.247  15.927  -11.973 0.0000000000
13934  29.001  15.616  -11.467 0.0000000000
17312  25.999  18.019  -14.428 0.0000000000
17313  27.539  13.750  -15.036 0.0000000000
17314  26.362  15.284  -15.017 0.0000000000
17315  26.880  13.906  -15.560 0.0000000000
17316  26.472  13.800  -16.184 0.0000000000
17317  27.679  12.222  -16.222 0.0000000000
17318  28.138  10.277  -16.245 0.0000000000
17319  28.734  10.500  -16.161 0.0000000000
18654  30.386  17.087  -6.190 0.0000000000
18655  34.897  13.272  -7.250 0.0000000000
18656  33.710  13.883  -7.289 0.0000000000
18657  35.286  12.214  -8.020 0.0000000000
18658  35.581  10.853  -8.742 0.0000000000
18659  36.133  9.852  -8.339 0.0000000000
18660  37.012  9.454  -5.768 0.0000000000
18661  36.842  10.619  -6.266 0.0000000000
18662  37.035  8.017  -6.387 0.0000000000
22095  30.700  15.805  -8.083 0.0000000000
22096  29.781  16.451  -8.679 0.0000000000
22097  31.347  14.951  -9.045 0.0000000000
22098  33.942  11.332  -11.569 0.0000000000
22099  32.555  13.147  -10.998 0.0000000000
22100  33.062  12.076  -12.010 0.0000000000
22101  32.222  12.584  -12.479 0.0000000000
22102  33.529  10.707  -13.049 0.0000000000
23336  28.017  17.787  -10.072 0.0000000000
25362  26.978  16.367  -13.167 0.0000000000
25363  26.454  16.516  -13.866 0.0000000000
25364  27.562  14.983  -13.742 0.0000000000
25365  28.172  13.694  -14.546 0.0000000000
25366  28.849  12.270  -15.438 0.0000000000
26168  31.376  16.467  -5.793 0.0000000000
26169  32.601  15.870  -5.552 0.0000000000
26170  34.420  14.267  -6.383 0.0000000000
26171  35.852  12.526  -7.118 0.0000000000
28233  33.975  12.542  -9.297 0.0000000000
28234  32.959  13.349  -9.583 0.0000000000
28235  34.376  11.611  -10.156 0.0000000000
28236  34.736  10.326  -11.167 0.0000000000
28237  35.061  9.091  -12.196 0.0000000000
29489  26.625  17.710  -12.719 0.0000000000
29490  27.602  16.125  -12.552 0.0000000000
29491  28.925  14.726  -12.767 0.0000000000
29492  30.395  13.225  -13.349 0.0000000000
30112  36.211  15.233  -4.746 0.0000000000
30113  36.511  14.151  -5.486 0.0000000000
30114  36.861  13.195  -5.070 0.0000000000
30115  36.849  10.861  -5.139 0.0000000000
30116  37.175  8.149  -5.317 0.0000000000
30118  37.526  6.806  -4.857 0.0000000000
31698  27.098  9.898  -16.253 0.0000000000
34021  24.936  15.291  -18.220 0.0000000000
34022  25.533  13.742  -17.292 0.0000000000
34026  26.079  16.712  -14.677 0.0000000000
34027  25.769  16.872  -15.594 0.0000000000
34028  25.637  16.920  -16.567 0.0000000000
34029  25.545  15.465  -16.576 0.0000000000
34030  25.953  13.810  -16.732 0.0000000000
34031  26.590  11.834  -16.825 0.0000000000
34032  27.595  10.092  -16.231 0.0000000000
35680  30.050  16.727  -7.349 0.0000000000
35681  31.676  15.149  -7.745 0.0000000000
35682  31.978  15.494  -6.578 0.0000000000
35683  32.661  14.498  -7.446 0.0000000000
35684  33.315  13.508  -8.373 0.0000000000
35685  34.887  11.701  -9.078 0.0000000000
35686  35.742  9.572  -9.486 0.0000000000
35688  36.466  12.846  -6.166 0.0000000000
35689  36.563  11.584  -6.807 0.0000000000
35690  36.560  10.250  -7.306 0.0000000000
35691  37.088  6.557  -7.009 0.0000000000
35692  36.799  7.798  -7.388 0.0000000000
35693  36.514  8.865  -7.881 0.0000000000
35694  36.636  7.367  -8.582 0.0000000000
37738  36.112  16.124  -3.897 0.0000000000
39828  28.463  18.120  -8.659 0.0000000000
39829  28.853  17.166  -9.333 0.0000000000
39830  29.394  16.169  -10.097 0.0000000000
39831  31.923  14.107  -10.002 0.0000000000
39832  30.962  14.707  -10.482 0.0000000000
39833  29.985  15.187  -10.948 0.0000000000
39834  30.638  14.162  -11.899 0.0000000000
39835  31.287  13.017  -12.896 0.0000000000
39836  31.869  11.642  -13.895 0.0000000000
39842  34.546  8.606  -13.614 0.0000000000
39843  33.753  9.324  -14.009 0.0000000000
39844  32.943  9.802  -14.406 0.0000000000
39845  32.121  10.256  -14.717 0.0000000000
42250  30.316  12.732  -14.000 0.0000000000
42251  29.999  12.724  -14.241 0.0000000000
42252  30.548  12.121  -14.474 0.0000000000
42253  30.760  11.395  -14.891 0.0000000000
42254  31.127  11.312  -14.703 0.0000000000
42697  34.234  16.215  -4.810 0.0000000000
42698  34.406  15.642  -5.175 0.0000000000
42699  35.141  15.357  -5.198 0.0000000000
43830  25.489  12.732  -17.391 0.0000000000
43831  25.258  12.669  -17.525 0.0000000000
43832  25.734  11.737  -17.139 0.0000000000
43846  36.159  7.461  -10.816 0.0000000000
44650  27.887  17.431  -10.712 0.0000000000
44651  27.556  17.634  -11.026 0.0000000000
44652  28.083  16.886  -11.038 0.0000000000
44653  28.283  16.362  -11.335 0.0000000000
44654  28.684  16.160  -11.118 0.0000000000
48032  26.104  17.948  -13.954 0.0000000000
48033  27.869  13.063  -15.460 0.0000000000
48034  27.174  13.829  -15.251 0.0000000000
48035  27.521  13.145  -15.675 0.0000000000
48036  27.278  13.097  -15.933 0.0000000000
48037  27.888  12.338  -16.013 0.0000000000
48038  28.248  11.460  -16.238 0.0000000000
48039  28.549  11.463  -16.172 0.0000000000
49375  35.589  12.333  -7.594 0.0000000000
49376  35.087  12.758  -7.642 0.0000000000
49377  35.714  11.741  -7.929 0.0000000000
49378  35.836  11.135  -8.227 0.0000000000
49379  36.103  10.652  -8.028 0.0000000000
49380  37.212  8.040  -5.891 0.0000000000
49381  37.023  8.725  -6.117 0.0000000000
49382  37.265  7.321  -6.180 0.0000000000
52815  31.560  15.014  -8.274 0.0000000000
52816  31.033  15.371  -8.539 0.0000000000
52817  31.869  14.590  -8.794 0.0000000000
52818  34.121  10.683  -12.081 0.0000000000
52819  33.507  11.699  -11.790 0.0000000000
52820  33.687  11.085  -12.298 0.0000000000
52821  33.312  11.446  -12.509 0.0000000000
52822  33.902  10.399  -12.801 0.0000000000
54253  27.569  18.571  -10.157 0.0000000000
54254  27.887  18.302  -9.791 0.0000000000
57630  27.530  15.644  -13.157 0.0000000000
57631  27.229  15.694  -13.439 0.0000000000
57632  27.843  14.980  -13.487 0.0000000000
57633  29.196  12.941  -14.597 0.0000000000
57634  28.527  13.630  -14.336 0.0000000000
57635  28.815  13.014  -14.785 0.0000000000
57636  28.525  13.027  -15.027 0.0000000000
57637  29.172  12.254  -15.257 0.0000000000
57638  29.450  11.496  -15.627 0.0000000000
57639  29.782  11.453  -15.465 0.0000000000
58972  31.469  17.212  -4.940 0.0000000000
58973  31.726  16.676  -5.289 0.0000000000
58974  32.336  16.423  -5.172 0.0000000000
58975  34.876  14.482  -5.971 0.0000000000
58976  34.183  14.778  -5.950 0.0000000000
58977  35.069  13.971  -6.387 0.0000000000
58978  35.239  13.458  -6.795 0.0000000000
58979  35.764  13.064  -6.777 0.0000000000
62373  24.703  12.508  -17.777 0.0000000000
62374  24.369  13.301  -18.359 0.0000000000
62415  34.672  11.563  -9.606 0.0000000000
62416  34.180  12.087  -9.715 0.0000000000
62417  34.857  11.058  -10.030 0.0000000000
62418  35.602  8.589  -11.234 0.0000000000
62419  35.101  9.836  -10.922 0.0000000000
62420  35.256  9.136  -11.450 0.0000000000
62421  34.891  9.723  -11.659 0.0000000000
62422  35.409  8.527  -11.969 0.0000000000
64833  26.970  18.031  -11.748 0.0000000000
64835  26.711  18.199  -12.133 0.0000000000
64836  26.508  18.354  -12.533 0.0000000000
64837  26.833  17.588  -12.350 0.0000000000
64838  27.022  16.916  -12.548 0.0000000000
64839  27.311  16.780  -12.239 0.0000000000
64840  28.940  15.208  -12.113 0.0000000000
64841  28.579  15.328  -12.342 0.0000000000
64842  29.289  14.602  -12.548 0.0000000000
64843  29.657  13.972  -13.019 0.0000000000
64844  30.047  13.866  -12.854 0.0000000000
66172  36.592  14.849  -4.572 0.0000000000
66173  36.685  14.291  -4.972 0.0000000000
66174  36.920  13.829  -4.703 0.0000000000
66177  36.812  10.280  -4.871 0.0000000000
66178  36.976  9.539  -5.200 0.0000000000
66179  37.006  8.874  -4.972 0.0000000000
66184  37.820  6.097  -4.619 0.0000000000
66186  37.715  6.100  -5.225 0.0000000000
74967  25.051  15.348  -17.758 0.0000000000
74968  25.143  14.536  -17.668 0.0000000000
74969  25.329  14.574  -17.315 0.0000000000
74978  26.637  15.839  -14.094 0.0000000000
74979  26.246  16.623  -14.255 0.0000000000
74980  26.378  15.961  -14.436 0.0000000000
74981  26.116  15.367  -15.376 0.0000000000
74982  25.948  16.050  -15.188 0.0000000000
74983  25.764  16.151  -15.637 0.0000000000
74984  25.664  16.901  -16.029 0.0000000000
74985  25.647  16.159  -16.077 0.0000000000
74986  25.537  16.204  -16.545 0.0000000000
74987  25.744  15.428  -16.163 0.0000000000
74988  26.803  13.000  -16.417 0.0000000000
74989  26.202  13.832  -16.476 0.0000000000
74990  26.510  12.996  -16.648 0.0000000000
74991  26.246  12.929  -16.809 0.0000000000
74992  26.855  12.010  -16.744 0.0000000000
74993  27.108  10.960  -16.565 0.0000000000
74994  27.367  11.093  -16.507 0.0000000000
74995  28.611  9.387  -15.976 0.0000000000
79000  30.193  16.889  -6.748 0.0000000000
79002  30.496  16.421  -7.128 0.0000000000
79003  30.829  15.949  -7.526 0.0000000000
79004  31.308  15.645  -7.327 0.0000000000
79005  32.194  15.672  -6.028 0.0000000000
79006  31.646  15.964  -6.177 0.0000000000
79007  32.504  15.183  -6.465 0.0000000000
79008  34.000  13.394  -7.749 0.0000000000
79009  33.123  14.191  -7.343 0.0000000000
79010  33.501  13.688  -7.827 0.0000000000
79011  32.985  13.992  -7.904 0.0000000000
79012  33.831  13.156  -8.296 0.0000000000
79013  34.120  12.672  -8.757 0.0000000000
79014  34.666  12.269  -8.669 0.0000000000
79015  35.936  9.706  -8.902 0.0000000000
79016  35.669  10.208  -9.116 0.0000000000
79017  35.966  9.026  -9.277 0.0000000000
79018  36.110  8.307  -9.674 0.0000000000
79019  36.341  7.805  -9.456 0.0000000000
79020  36.712  13.039  -5.645 0.0000000000
79021  36.471  13.479  -5.831 0.0000000000
79022  36.702  12.384  -5.961 0.0000000000
79023  36.862  9.961  -6.555 0.0000000000
79024  36.744  11.121  -6.530 0.0000000000
79025  36.756  10.457  -6.820 0.0000000000
79026  36.577  10.941  -7.066 0.0000000000
79027  36.745  9.764  -7.065 0.0000000000
79033  36.795  7.032  -7.717 0.0000000000
79034  36.667  8.319  -7.639 0.0000000000
79035  36.670  7.577  -7.976 0.0000000000
79036  36.537  8.114  -8.217 0.0000000000
79037  36.774  6.772  -8.386 0.0000000000
84081  32.746  17.689  -4.125 0.0000000000
84106  35.640  16.457  -4.066 0.0000000000
89326  28.311  18.609  -8.333 0.0000000000
89327  28.838  17.780  -8.254 0.0000000000
89328  30.010  16.033  -9.077 0.0000000000
89329  29.310  16.820  -8.980 0.0000000000
89330  29.552  16.394  -9.361 0.0000000000
89331  29.128  16.635  -9.699 0.0000000000
89332  29.842  15.937  -9.796 0.0000000000
89333  33.253  12.895  -10.114 0.0000000000
89334  32.456  13.727  -9.807 0.0000000000
89335  32.728  13.278  -10.307 0.0000000000
89336  32.045  13.507  -11.221 0.0000000000
89337  31.760  13.951  -10.742 0.0000000000
89338  31.257  14.294  -10.944 0.0000000000
89339  30.467  14.973  -10.694 0.0000000000
89340  30.828  14.463  -11.191 0.0000000000
89341  30.272  14.713  -11.399 0.0000000000
89342  31.113  13.984  -11.667 0.0000000000
89343  32.460  11.983  -12.988 0.0000000000
89344  31.798  12.799  -12.715 0.0000000000
89345  32.061  12.174  -13.203 0.0000000000
89346  31.584  12.361  -13.405 0.0000000000
89347  32.277  11.472  -13.682 0.0000000000
89363  34.654  7.935  -14.139 0.0000000000
89364  34.155  9.004  -13.795 0.0000000000
94482  28.876  14.164  -13.463 0.0000000000
94483  28.532  14.249  -13.660 0.0000000000
94484  29.260  13.486  -13.930 0.0000000000
94485  29.628  12.826  -14.425 0.0000000000
94486  29.872  12.164  -14.880 0.0000000000
94487  30.121  11.413  -15.286 0.0000000000
94488  30.440  11.405  -15.091 0.0000000000
94489  30.929  10.638  -15.256 0.0000000000
94490  31.390  9.730  -15.353 0.0000000000
95287  32.798  16.679  -4.732 0.0000000000
95288  33.009  16.164  -5.088 0.0000000000
95289  33.704  15.858  -5.124 0.0000000000
95290  34.655  15.024  -5.576 0.0000000000
95291  35.519  14.199  -5.983 0.0000000000
97326  24.810  14.364  -18.282 0.0000000000
97327  24.586  14.269  -18.543 0.0000000000
97328  24.840  13.490  -17.919 0.0000000000
97329  24.960  12.610  -17.680 0.0000000000
97353  35.658  9.270  -10.061 0.0000000000
97354  35.327  9.868  -10.259 0.0000000000
97355  35.758  8.637  -10.527 0.0000000000
97356  35.902  7.996  -11.044 0.0000000000
98804  27.114  18.378  -11.095 0.0000000000
98805  27.253  17.843  -11.374 0.0000000000
98806  27.408  17.272  -11.661 0.0000000000
98807  27.613  16.658  -11.945 0.0000000000
98808  27.916  16.555  -11.641 0.0000000000
98809  28.620  15.772  -11.718 0.0000000000
98810  29.337  15.052  -11.903 0.0000000000
104890  25.917  18.051  -14.913 0.0000000000
104891  27.202  14.449  -14.691 0.0000000000
104892  26.618  15.211  -14.691 0.0000000000
104893  26.895  14.517  -14.968 0.0000000000
104894  26.595  14.594  -15.252 0.0000000000
104895  26.326  14.653  -15.584 0.0000000000
104896  26.152  14.641  -15.926 0.0000000000
104897  26.685  13.840  -15.896 0.0000000000
104898  27.067  13.015  -16.186 0.0000000000
104899  27.400  12.195  -16.396 0.0000000000
104900  27.653  11.188  -16.466 0.0000000000
104901  27.933  11.271  -16.348 0.0000000000
104902  28.430  10.378  -16.196 0.0000000000
107306  30.665  16.607  -6.538 0.0000000000
107307  34.024  14.109  -6.819 0.0000000000
107308  33.397  14.383  -6.840 0.0000000000
107309  34.314  13.577  -7.264 0.0000000000
107310  34.523  13.094  -7.684 0.0000000000
107311  34.758  12.543  -8.096 0.0000000000
107312  35.056  11.934  -8.522 0.0000000000
107313  35.473  11.569  -8.388 0.0000000000
107314  35.889  10.413  -8.544 0.0000000000
107315  36.164  9.148  -8.676 0.0000000000
107316  36.888  10.756  -5.684 0.0000000000
107317  36.822  11.258  -5.986 0.0000000000
107318  36.916  10.060  -6.016 0.0000000000
107319  36.928  9.379  -6.313 0.0000000000
107320  36.914  8.630  -6.596 0.0000000000
113499  29.973  16.545  -7.958 0.0000000000
113500  29.505  16.927  -8.282 0.0000000000
113501  30.252  16.101  -8.380 0.0000000000
113502  30.532  15.681  -8.813 0.0000000000
113503  30.815  15.288  -9.280 0.0000000000
113504  33.734  11.941  -11.075 0.0000000000
113505  33.026  12.796  -10.797 0.0000000000
113506  33.295  12.300  -11.286 0.0000000000
113507  32.823  12.671  -11.493 0.0000000000
113508  32.377  12.964  -11.748 0.0000000000
113509  31.951  13.216  -11.970 0.0000000000
113510  32.659  12.333  -12.250 0.0000000000
113511  32.911  11.643  -12.778 0.0000000000
113512  33.100  11.046  -13.308 0.0000000000
115890  27.295  18.812  -10.523 0.0000000000
115891  27.691  18.026  -10.408 0.0000000000
115892  28.166  17.304  -10.369 0.0000000000
120618  26.509  17.111  -13.267 0.0000000000
120619  26.325  17.156  -13.678 0.0000000000
120620  26.709  16.427  -13.498 0.0000000000
120621  26.926  15.752  -13.739 0.0000000000
120622  27.215  15.092  -14.035 0.0000000000
120623  28.222  14.267  -13.906 0.0000000000
120624  27.872  14.340  -14.139 0.0000000000
120625  27.517  14.405  -14.407 0.0000000000
120626  27.844  13.741  -14.787 0.0000000000
120627  28.206  13.036  -15.206 0.0000000000
120628  28.524  12.273  -15.651 0.0000000000
120629  28.812  11.496  -16.018 0.0000000000
120630  29.131  11.470  -15.835 0.0000000000
120633  30.303  10.675  -15.575 0.0000000000
122499  31.139  16.962  -5.432 0.0000000000
122500  31.957  16.176  -5.644 0.0000000000
122501  32.890  15.355  -5.965 0.0000000000
122502  33.220  15.646  -5.493 0.0000000000
122503  33.539  15.060  -5.945 0.0000000000
122504  33.782  14.586  -6.381 0.0000000000
122505  34.657  13.784  -6.814 0.0000000000
122506  35.411  12.923  -7.204 0.0000000000
122507  35.976  11.897  -7.447 0.0000000000
127317  33.195  13.366  -8.939 0.0000000000
127318  32.690  13.768  -9.109 0.0000000000
127319  33.445  12.950  -9.397 0.0000000000
127320  33.721  12.493  -9.886 0.0000000000
127321  33.983  11.991  -10.399 0.0000000000
127322  34.961  10.471  -10.444 0.0000000000
127323  34.581  10.999  -10.665 0.0000000000
127324  34.214  11.465  -10.892 0.0000000000
127325  34.355  10.883  -11.361 0.0000000000
127326  34.537  10.256  -11.864 0.0000000000
127327  34.693  9.568  -12.383 0.0000000000
130511  26.414  17.834  -13.123 0.0000000000
130512  26.760  17.027  -12.896 0.0000000000
130513  27.248  16.309  -12.826 0.0000000000
130514  27.869  15.543  -12.875 0.0000000000
130515  27.907  16.054  -12.237 0.0000000000
130516  28.238  15.421  -12.621 0.0000000000
130517  28.549  14.835  -13.000 0.0000000000
130518  29.303  14.080  -13.213 0.0000000000
130519  30.011  13.358  -13.498 0.0000000000
130520  30.708  12.625  -13.829 0.0000000000
132202  35.692  15.578  -4.833 0.0000000000
132203  35.828  15.030  -5.187 0.0000000000
132204  36.351  14.696  -5.119 0.0000000000
132205  36.739  13.676  -5.325 0.0000000000
132206  36.815  12.553  -5.393 0.0000000000
132208  36.848  12.060  -5.090 0.0000000000
132209  36.807  11.390  -5.380 0.0000000000
132210  36.949  10.169  -5.433 0.0000000000
132211  37.114  8.799  -5.538 0.0000000000
132212  37.331  7.418  -5.668 0.0000000000
132218  37.105  8.171  -4.758 0.0000000000
132219  37.357  7.449  -5.096 0.0000000000
132220  37.534  6.758  -5.426 0.0000000000
132221  37.606  6.007  -5.794 0.0000000000
136506  26.536  10.878  -16.665 0.0000000000
136507  26.248  10.804  -16.733 0.0000000000
136508  26.745  9.924  -16.212 0.0000000000
143147  24.825  15.150  -18.562 0.0000000000
143148  24.975  14.463  -18.014 0.0000000000
143149  25.277  13.694  -17.540 0.0000000000
143150  25.784  12.884  -17.215 0.0000000000
143160  26.112  17.313  -14.073 0.0000000000
143161  26.012  17.360  -14.526 0.0000000000
143162  25.918  17.467  -15.020 0.0000000000
143163  26.146  15.988  -14.817 0.0000000000
143164  25.916  16.806  -15.127 0.0000000000
143165  25.853  17.547  -15.554 0.0000000000
143169  25.575  16.902  -17.038 0.0000000000
143170  25.430  16.187  -17.024 0.0000000000
143171  25.381  15.406  -16.971 0.0000000000
143172  25.883  14.655  -16.264 0.0000000000
143173  25.655  14.663  -16.580 0.0000000000
143174  25.498  14.583  -16.940 0.0000000000
143175  25.744  13.755  -17.001 0.0000000000
143176  26.042  12.868  -17.041 0.0000000000
143177  26.306  11.846  -16.911 0.0000000000
143178  26.841  10.872  -16.607 0.0000000000
143179  27.350  10.014  -16.279 0.0000000000
143181  27.865  10.177  -16.242 0.0000000000
148034  29.638  17.046  -7.608 0.0000000000
148035  30.342  16.280  -7.704 0.0000000000
148036  31.169  15.484  -7.915 0.0000000000
148037  32.031  14.684  -8.179 0.0000000000
148038  30.864  16.772  -5.980 0.0000000000
148039  31.182  16.265  -6.357 0.0000000000
148040  31.479  15.824  -6.741 0.0000000000
148041  32.818  14.690  -6.893 0.0000000000
148042  32.304  15.017  -7.003 0.0000000000
148043  31.806  15.337  -7.151 0.0000000000
148044  32.162  14.843  -7.549 0.0000000000
148045  32.512  14.342  -8.012 0.0000000000
148046  32.852  13.851  -8.486 0.0000000000
148047  33.629  13.025  -8.841 0.0000000000
148048  34.436  12.128  -9.193 0.0000000000
148049  35.039  11.097  -9.465 0.0000000000
148050  35.266  11.274  -8.923 0.0000000000
148051  35.410  10.648  -9.314 0.0000000000
148052  35.509  10.006  -9.685 0.0000000000
148053  35.906  8.785  -9.889 0.0000000000
148054  36.238  7.596  -10.123 0.0000000000
148056  35.985  14.475  -5.547 0.0000000000
148057  36.039  13.886  -5.942 0.0000000000
148058  36.111  13.255  -6.310 0.0000000000
148059  36.729  11.723  -6.239 0.0000000000
148060  36.501  12.221  -6.483 0.0000000000
148061  36.191  12.636  -6.687 0.0000000000
148062  36.304  12.091  -7.026 0.0000000000
148063  36.318  11.445  -7.284 0.0000000000
148064  36.345  10.760  -7.549 0.0000000000
148065  37.270  6.621  -6.505 0.0000000000
148066  37.072  7.276  -6.698 0.0000000000
148067  36.915  7.932  -6.882 0.0000000000
148069  36.925  7.221  -7.175 0.0000000000
148070  36.821  8.574  -7.108 0.0000000000
148071  36.716  9.039  -7.339 0.0000000000
148072  36.531  9.587  -7.581 0.0000000000
148073  36.313  10.158  -7.806 0.0000000000
148074  36.317  9.432  -8.113 0.0000000000
148075  36.367  8.645  -8.446 0.0000000000
148076  36.436  7.972  -8.815 0.0000000000
148079  36.554  7.235  -9.267 0.0000000000
154143  32.054  17.367  -4.436 0.0000000000
154144  32.714  17.216  -4.425 0.0000000000
154145  33.496  16.953  -4.439 0.0000000000
154146  34.292  16.644  -4.465 0.0000000000
154173  35.028  16.350  -4.488 0.0000000000
154174  35.693  16.056  -4.471 0.0000000000
154175  36.196  15.680  -4.331 0.0000000000
154176  36.559  15.304  -4.139 0.0000000000
160442  28.123  18.457  -9.060 0.0000000000
160443  29.077  17.297  -8.619 0.0000000000
160444  28.658  17.619  -8.988 0.0000000000
160445  28.257  17.994  -9.377 0.0000000000
160446  28.436  17.474  -9.707 0.0000000000
160447  28.694  16.915  -10.013 0.0000000000
160448  28.902  16.456  -10.399 0.0000000000
160449  32.182  14.168  -9.319 0.0000000000
160450  31.633  14.537  -9.525 0.0000000000
160451  31.129  14.871  -9.760 0.0000000000
160452  32.273  13.626  -10.508 0.0000000000
160453  31.451  14.434  -10.242 0.0000000000
160454  30.648  15.180  -10.002 0.0000000000
160455  30.121  15.489  -10.226 0.0000000000
160456  29.681  15.673  -10.532 0.0000000000
160457  29.150  15.953  -10.777 0.0000000000
160458  29.472  15.413  -11.194 0.0000000000
160459  29.821  14.875  -11.645 0.0000000000
160460  30.147  14.323  -12.121 0.0000000000
160461  31.488  13.418  -12.212 0.0000000000
160462  31.011  13.570  -12.437 0.0000000000
160463  30.468  13.772  -12.603 0.0000000000
160464  30.830  13.126  -13.138 0.0000000000
160465  31.156  12.465  -13.640 0.0000000000
160466  31.418  11.808  -14.107 0.0000000000
160473  35.551  7.892  -12.565 0.0000000000
160474  35.214  8.371  -12.738 0.0000000000
160475  34.822  8.876  -12.921 0.0000000000
160483  34.926  8.201  -13.455 0.0000000000
160484  34.415  9.284  -13.117 0.0000000000
160485  34.051  9.697  -13.272 0.0000000000
160486  33.647  10.028  -13.547 0.0000000000
160487  33.226  10.344  -13.759 0.0000000000
160489  33.356  9.593  -14.182 0.0000000000
160490  32.829  10.552  -13.951 0.0000000000
160491  32.439  10.717  -14.163 0.0000000000
160492  32.016  10.939  -14.338 0.0000000000
160493  31.578  11.134  -14.526 0.0000000000
160494  31.727  10.366  -14.915 0.0000000000
160495  31.807  9.588  -15.192 0.0000000000
