#!ascii label  , from subject fsaverage vox2ras=TkReg
489
113  34.174  -13.677  15.478 0.0000000000
1304  35.635  -14.217  12.187 0.0000000000
1306  34.516  -19.480  11.007 0.0000000000
1718  34.887  -12.754  18.547 0.0000000000
1719  34.310  -19.464  14.731 0.0000000000
2155  34.887  -7.204  11.631 0.0000000000
2156  34.613  -7.200  14.562 0.0000000000
3224  34.668  -13.987  13.812 0.0000000000
3225  36.553  -16.799  11.971 0.0000000000
3226  35.967  -16.606  13.671 0.0000000000
4751  35.488  -3.291  12.150 0.0000000000
4753  34.536  -7.263  13.131 0.0000000000
5362  32.952  -22.104  14.372 0.0000000000
5363  32.951  -22.226  12.147 0.0000000000
6960  33.148  -21.813  8.065 0.0000000000
7850  34.291  -13.197  17.128 0.0000000000
7851  35.260  -16.455  15.315 0.0000000000
7852  34.847  -16.129  16.967 0.0000000000
7853  34.096  -19.109  16.606 0.0000000000
9030  33.886  -11.174  11.433 0.0000000000
9031  33.621  -10.987  13.184 0.0000000000
9032  33.648  -10.676  14.906 0.0000000000
9040  35.173  -7.124  15.935 0.0000000000
9041  34.265  -10.233  16.471 0.0000000000
9042  35.254  -9.955  17.523 0.0000000000
9043  36.383  -9.836  18.333 0.0000000000
9044  37.692  -9.925  18.811 0.0000000000
9766  34.543  -19.586  12.925 0.0000000000
9767  33.003  -21.953  10.113 0.0000000000
10904  34.391  -13.843  14.622 0.0000000000
10905  35.692  -15.236  13.861 0.0000000000
10906  35.258  -15.161  14.661 0.0000000000
13043  32.314  -23.399  12.972 0.0000000000
15434  36.208  -14.189  11.372 0.0000000000
15436  37.126  -15.365  11.485 0.0000000000
15437  35.568  -18.144  11.518 0.0000000000
15438  35.542  -18.075  10.670 0.0000000000
15439  34.435  -19.262  10.166 0.0000000000
15441  33.602  -20.570  9.603 0.0000000000
17234  34.518  -13.022  17.847 0.0000000000
17235  34.672  -14.741  17.059 0.0000000000
17236  34.686  -14.468  17.890 0.0000000000
17238  34.550  -17.352  17.682 0.0000000000
20013  35.827  -5.200  12.042 0.0000000000
20014  36.089  -5.150  11.306 0.0000000000
20015  35.107  -7.146  10.890 0.0000000000
20016  34.565  -9.066  9.926 0.0000000000
20017  34.283  -9.167  10.692 0.0000000000
20018  34.259  -11.110  10.617 0.0000000000
20019  34.048  -9.164  11.433 0.0000000000
20021  33.868  -9.131  13.081 0.0000000000
20022  33.889  -9.089  13.911 0.0000000000
20023  33.568  -10.858  14.041 0.0000000000
20024  34.015  -8.958  14.676 0.0000000000
20046  34.632  -8.669  16.067 0.0000000000
20047  35.138  -8.623  16.649 0.0000000000
20048  34.720  -10.110  17.058 0.0000000000
20049  35.675  -8.575  17.065 0.0000000000
20051  36.919  -8.522  17.663 0.0000000000
20052  37.516  -8.617  17.838 0.0000000000
20053  37.040  -9.830  18.619 0.0000000000
20054  38.192  -8.697  17.899 0.0000000000
21847  34.952  -17.924  15.050 0.0000000000
21848  35.109  -18.111  14.106 0.0000000000
21849  34.438  -19.569  13.822 0.0000000000
21850  32.440  -23.330  10.758 0.0000000000
21851  32.966  -22.110  11.157 0.0000000000
21852  32.550  -23.229  9.732 0.0000000000
24236  35.141  -14.123  12.982 0.0000000000
24237  36.677  -15.378  12.333 0.0000000000
24238  36.231  -15.379  13.107 0.0000000000
24239  36.259  -16.716  12.813 0.0000000000
24240  35.478  -18.154  12.363 0.0000000000
25317  34.927  -14.228  18.624 0.0000000000
26985  35.355  -3.341  12.865 0.0000000000
26987  34.701  -7.276  12.365 0.0000000000
28084  33.631  -20.852  14.528 0.0000000000
28085  33.680  -20.962  13.537 0.0000000000
28086  32.981  -22.223  13.274 0.0000000000
28087  32.363  -23.377  11.852 0.0000000000
31597  36.739  -16.737  11.138 0.0000000000
33926  34.143  -13.380  16.321 0.0000000000
33927  34.905  -15.067  15.478 0.0000000000
33928  34.691  -14.864  16.312 0.0000000000
33929  34.996  -16.232  16.177 0.0000000000
33930  34.733  -17.771  15.875 0.0000000000
33931  34.803  -15.936  17.786 0.0000000000
33932  34.603  -17.600  16.756 0.0000000000
33933  34.202  -19.213  15.704 0.0000000000
33934  33.570  -20.691  15.492 0.0000000000
33935  32.933  -21.949  15.363 0.0000000000
37327  36.355  -5.111  10.605 0.0000000000
37333  34.971  -12.942  10.859 0.0000000000
37334  34.492  -12.921  11.691 0.0000000000
37335  33.906  -9.158  12.284 0.0000000000
37336  33.716  -11.047  12.311 0.0000000000
37337  34.059  -12.684  12.552 0.0000000000
37338  33.819  -12.564  13.436 0.0000000000
37339  33.712  -12.436  14.305 0.0000000000
37340  33.714  -12.229  15.167 0.0000000000
37364  34.840  -7.171  15.263 0.0000000000
37365  34.232  -8.853  15.389 0.0000000000
37366  33.892  -10.349  15.719 0.0000000000
37367  33.836  -11.975  16.076 0.0000000000
37368  34.135  -11.730  16.831 0.0000000000
37369  34.504  -11.502  17.500 0.0000000000
37370  34.933  -11.340  18.104 0.0000000000
37371  36.283  -8.522  17.417 0.0000000000
37372  35.771  -9.934  17.990 0.0000000000
37373  35.442  -11.245  18.638 0.0000000000
37374  35.997  -11.137  19.080 0.0000000000
37383  38.863  -8.840  17.826 0.0000000000
39532  35.597  -16.570  14.509 0.0000000000
39533  35.299  -18.149  13.225 0.0000000000
39534  34.545  -19.639  11.968 0.0000000000
39535  33.680  -20.951  12.531 0.0000000000
39536  33.681  -20.870  11.567 0.0000000000
39537  33.643  -20.721  10.596 0.0000000000
39538  33.016  -21.914  9.109 0.0000000000
41624  34.288  -13.764  15.050 0.0000000000
41625  34.836  -14.511  14.650 0.0000000000
41626  34.660  -14.451  15.051 0.0000000000
46154  35.922  -14.206  11.779 0.0000000000
46155  36.838  -14.745  11.466 0.0000000000
46156  36.527  -14.780  11.874 0.0000000000
46157  35.042  -18.811  11.268 0.0000000000
46158  34.993  -18.736  10.838 0.0000000000
46159  34.489  -19.366  10.602 0.0000000000
46160  33.994  -19.898  9.910 0.0000000000
46161  34.034  -19.985  10.372 0.0000000000
47954  34.638  -12.869  18.212 0.0000000000
47955  34.588  -13.757  17.882 0.0000000000
47956  34.730  -13.572  18.285 0.0000000000
47958  34.366  -18.041  18.013 0.0000000000
50733  35.455  -6.200  11.838 0.0000000000
50734  35.569  -6.189  11.447 0.0000000000
50735  34.973  -7.190  11.259 0.0000000000
50736  34.591  -8.156  10.760 0.0000000000
50737  34.504  -8.175  11.143 0.0000000000
50738  34.219  -9.166  11.076 0.0000000000
50739  34.394  -8.167  11.510 0.0000000000
50741  34.162  -8.175  13.856 0.0000000000
50742  34.182  -8.118  14.280 0.0000000000
50743  33.928  -9.023  14.298 0.0000000000
50744  34.288  -8.072  14.608 0.0000000000
50766  35.379  -7.847  16.522 0.0000000000
50767  35.621  -7.862  16.761 0.0000000000
50768  35.376  -8.637  16.873 0.0000000000
50769  35.919  -7.814  16.975 0.0000000000
50773  37.872  -8.620  17.845 0.0000000000
52567  34.641  -18.701  14.890 0.0000000000
52568  34.727  -18.739  14.457 0.0000000000
52569  34.383  -19.553  14.257 0.0000000000
52571  32.488  -23.283  10.252 0.0000000000
55754  34.837  -14.024  13.378 0.0000000000
55755  35.761  -14.773  13.060 0.0000000000
55756  35.459  -14.703  13.454 0.0000000000
55757  36.029  -15.900  13.817 0.0000000000
55758  36.149  -15.950  13.411 0.0000000000
55759  36.111  -16.660  13.236 0.0000000000
55760  35.914  -17.426  12.582 0.0000000000
55761  35.843  -17.397  12.996 0.0000000000
62167  33.283  -21.504  14.439 0.0000000000
62168  33.289  -21.601  13.905 0.0000000000
62169  32.969  -22.169  13.844 0.0000000000
62170  32.104  -23.966  12.307 0.0000000000
62171  32.353  -23.387  12.439 0.0000000000
62172  32.146  -23.969  11.715 0.0000000000
69352  36.782  -16.063  12.201 0.0000000000
69353  37.019  -16.082  11.751 0.0000000000
69354  36.647  -16.802  11.550 0.0000000000
69355  34.936  -18.540  10.016 0.0000000000
69356  35.535  -17.932  10.275 0.0000000000
69362  33.302  -21.147  8.346 0.0000000000
74744  34.233  -13.285  16.733 0.0000000000
74745  34.429  -14.165  16.338 0.0000000000
74746  34.437  -14.050  16.737 0.0000000000
74747  34.812  -15.440  17.023 0.0000000000
74748  34.817  -15.476  16.652 0.0000000000
74749  34.887  -16.178  16.573 0.0000000000
74750  34.933  -16.992  16.032 0.0000000000
74751  34.863  -16.921  16.451 0.0000000000
74752  34.895  -14.975  18.626 0.0000000000
74753  34.827  -15.089  18.226 0.0000000000
74754  34.826  -15.814  18.203 0.0000000000
74755  34.332  -18.230  17.138 0.0000000000
74756  34.545  -17.496  17.218 0.0000000000
74757  34.369  -18.337  16.678 0.0000000000
74758  34.423  -18.423  16.218 0.0000000000
74759  34.143  -19.171  16.147 0.0000000000
74760  33.905  -19.967  15.594 0.0000000000
74761  33.851  -19.918  16.063 0.0000000000
83080  35.553  -3.215  11.772 0.0000000000
83081  35.833  -6.128  10.712 0.0000000000
83082  36.212  -5.140  10.967 0.0000000000
83083  35.898  -6.114  10.357 0.0000000000
83084  36.064  -6.042  10.014 0.0000000000
83095  34.083  -11.116  11.028 0.0000000000
83096  34.482  -12.058  10.676 0.0000000000
83097  34.285  -12.108  11.095 0.0000000000
83098  34.736  -12.987  11.256 0.0000000000
83099  34.108  -12.123  11.506 0.0000000000
83100  34.603  -7.276  12.736 0.0000000000
83101  34.222  -8.155  12.327 0.0000000000
83102  34.173  -8.185  12.703 0.0000000000
83103  33.704  -10.072  13.124 0.0000000000
83104  33.708  -10.069  12.694 0.0000000000
83105  33.659  -11.029  12.758 0.0000000000
83106  33.794  -11.903  12.412 0.0000000000
83107  33.686  -11.863  12.839 0.0000000000
83108  33.933  -12.636  12.996 0.0000000000
83109  33.640  -11.807  13.285 0.0000000000
83110  33.584  -10.773  14.460 0.0000000000
83111  33.540  -11.664  14.148 0.0000000000
83112  33.579  -11.568  14.599 0.0000000000
83113  33.699  -12.325  14.749 0.0000000000
83114  33.608  -11.426  15.050 0.0000000000
83175  34.988  -7.155  15.600 0.0000000000
83176  34.538  -8.000  15.295 0.0000000000
83177  34.708  -7.977  15.648 0.0000000000
83178  34.445  -9.434  16.260 0.0000000000
83179  34.218  -9.511  15.902 0.0000000000
83180  34.091  -10.275  16.107 0.0000000000
83181  33.824  -11.188  15.909 0.0000000000
83182  33.951  -11.126  16.306 0.0000000000
83183  33.977  -11.844  16.458 0.0000000000
83184  34.148  -10.999  16.659 0.0000000000
83185  34.962  -10.031  17.306 0.0000000000
83186  34.584  -10.801  17.291 0.0000000000
83187  34.814  -10.681  17.571 0.0000000000
83188  34.692  -11.374  17.836 0.0000000000
83189  35.065  -10.639  17.834 0.0000000000
83191  36.516  -7.795  17.324 0.0000000000
83192  36.829  -7.792  17.460 0.0000000000
83193  36.571  -9.210  17.989 0.0000000000
83194  36.316  -9.224  17.817 0.0000000000
83195  36.059  -9.904  18.182 0.0000000000
83196  35.589  -10.597  18.351 0.0000000000
83197  35.893  -10.537  18.539 0.0000000000
83198  35.702  -11.197  18.841 0.0000000000
83199  36.175  -10.501  18.709 0.0000000000
83200  37.349  -9.882  18.751 0.0000000000
83201  36.823  -10.427  19.090 0.0000000000
83202  37.159  -10.447  19.243 0.0000000000
83220  39.827  -7.433  17.531 0.0000000000
83221  39.163  -8.136  17.610 0.0000000000
83222  39.466  -8.256  17.432 0.0000000000
88582  35.161  -15.750  15.422 0.0000000000
88583  35.366  -15.823  15.001 0.0000000000
88584  35.426  -16.547  14.889 0.0000000000
88585  34.861  -18.856  13.548 0.0000000000
88586  35.215  -18.108  13.708 0.0000000000
88587  34.924  -18.861  13.100 0.0000000000
88588  34.975  -18.896  12.609 0.0000000000
88589  34.555  -19.588  12.460 0.0000000000
88590  33.315  -21.625  12.863 0.0000000000
88591  33.693  -20.979  13.039 0.0000000000
88592  33.300  -21.623  12.351 0.0000000000
88593  32.981  -22.027  10.673 0.0000000000
88594  33.319  -21.503  11.360 0.0000000000
88595  33.312  -21.405  10.897 0.0000000000
88596  33.670  -20.785  11.086 0.0000000000
88597  33.305  -21.344  10.383 0.0000000000
88598  33.285  -21.299  9.880 0.0000000000
88599  33.022  -21.926  9.617 0.0000000000
93356  34.492  -13.930  14.243 0.0000000000
93357  35.208  -14.625  13.854 0.0000000000
93358  35.000  -14.576  14.263 0.0000000000
93359  35.450  -15.209  14.257 0.0000000000
93360  35.746  -15.882  14.204 0.0000000000
97204  32.612  -22.711  14.288 0.0000000000
97205  32.625  -22.768  13.715 0.0000000000
101510  36.474  -14.146  11.003 0.0000000000
101512  37.058  -14.712  11.072 0.0000000000
101513  37.363  -15.326  11.065 0.0000000000
101515  36.077  -17.491  11.743 0.0000000000
101516  36.123  -17.482  11.335 0.0000000000
101517  35.543  -18.121  11.093 0.0000000000
101518  34.957  -18.672  10.420 0.0000000000
101519  34.405  -19.133  9.753 0.0000000000
101521  33.952  -19.801  9.452 0.0000000000
101522  33.576  -20.506  9.123 0.0000000000
101523  33.296  -21.193  8.836 0.0000000000
104750  34.392  -13.155  17.485 0.0000000000
104751  34.476  -13.987  17.103 0.0000000000
104752  34.518  -13.918  17.488 0.0000000000
104753  34.661  -14.610  17.474 0.0000000000
104754  34.769  -15.321  17.435 0.0000000000
104756  34.732  -16.523  18.147 0.0000000000
104757  34.570  -17.265  18.087 0.0000000000
104758  34.343  -18.116  17.584 0.0000000000
104759  34.093  -18.971  17.070 0.0000000000
104760  33.815  -19.836  16.550 0.0000000000
109751  35.825  -4.217  12.159 0.0000000000
109752  35.900  -4.176  11.781 0.0000000000
109753  36.004  -5.184  11.679 0.0000000000
109754  35.702  -6.167  11.086 0.0000000000
109755  35.213  -7.055  10.552 0.0000000000
109756  34.868  -8.021  10.047 0.0000000000
109757  34.704  -8.089  10.391 0.0000000000
109758  34.430  -9.140  10.317 0.0000000000
109759  34.351  -10.164  10.256 0.0000000000
109760  34.456  -11.152  10.221 0.0000000000
109761  34.212  -10.159  10.665 0.0000000000
109762  34.082  -10.143  11.034 0.0000000000
109763  33.875  -10.148  11.416 0.0000000000
109764  34.521  -7.291  13.505 0.0000000000
109765  34.132  -8.215  13.072 0.0000000000
109766  34.107  -8.250  13.424 0.0000000000
109767  33.854  -9.123  13.501 0.0000000000
109768  33.645  -10.074  13.537 0.0000000000
109769  33.575  -10.940  13.620 0.0000000000
109770  33.690  -9.996  13.951 0.0000000000
109771  33.706  -9.925  14.362 0.0000000000
109772  33.780  -9.843  14.760 0.0000000000
109809  35.410  -7.038  16.257 0.0000000000
109810  34.927  -7.896  15.985 0.0000000000
109811  35.156  -7.833  16.285 0.0000000000
109812  34.900  -8.622  16.380 0.0000000000
109813  34.678  -9.390  16.575 0.0000000000
109814  34.474  -10.163  16.792 0.0000000000
109815  34.909  -9.383  16.835 0.0000000000
109816  35.146  -9.362  17.061 0.0000000000
109817  35.449  -9.291  17.255 0.0000000000
109819  37.148  -7.804  17.560 0.0000000000
109820  37.460  -7.868  17.692 0.0000000000
109821  37.178  -8.588  17.811 0.0000000000
109822  36.928  -9.233  18.071 0.0000000000
109823  36.728  -9.833  18.460 0.0000000000
109824  37.277  -9.237  18.171 0.0000000000
109825  37.581  -9.300  18.237 0.0000000000
109826  37.917  -9.346  18.306 0.0000000000
109837  39.766  -8.373  17.367 0.0000000000
113053  35.177  -17.172  15.168 0.0000000000
113054  35.273  -17.280  14.722 0.0000000000
113055  35.019  -18.026  14.569 0.0000000000
113056  34.787  -18.818  13.979 0.0000000000
113057  34.500  -19.621  13.345 0.0000000000
113058  32.659  -22.754  11.447 0.0000000000
113059  32.955  -22.179  11.660 0.0000000000
113060  32.675  -22.717  10.954 0.0000000000
113061  32.691  -22.654  10.440 0.0000000000
113062  32.740  -22.596  9.920 0.0000000000
113063  32.801  -22.560  9.381 0.0000000000
117992  35.367  -14.195  12.587 0.0000000000
117993  36.259  -14.767  12.316 0.0000000000
117994  36.006  -14.787  12.683 0.0000000000
117995  36.505  -15.382  12.743 0.0000000000
117996  36.609  -16.051  12.595 0.0000000000
117997  35.931  -15.293  13.485 0.0000000000
117998  36.425  -15.990  13.048 0.0000000000
117999  36.445  -16.780  12.364 0.0000000000
118000  36.041  -17.486  12.141 0.0000000000
118001  35.528  -18.131  11.943 0.0000000000
118002  35.033  -18.867  11.705 0.0000000000
120512  35.111  -12.649  18.861 0.0000000000
120513  34.907  -13.461  18.623 0.0000000000
124405  35.416  -3.307  12.505 0.0000000000
124406  35.713  -4.241  12.504 0.0000000000
124407  35.695  -5.227  12.353 0.0000000000
124408  35.316  -6.289  12.136 0.0000000000
124409  34.806  -7.248  11.995 0.0000000000
124410  35.240  -6.317  12.482 0.0000000000
124411  35.079  -6.344  12.812 0.0000000000
126970  34.001  -20.127  14.669 0.0000000000
126971  34.019  -20.253  14.141 0.0000000000
126972  33.645  -20.925  14.029 0.0000000000
126973  33.319  -21.618  13.382 0.0000000000
126974  32.954  -22.242  12.665 0.0000000000
126975  32.654  -22.791  13.186 0.0000000000
126976  32.642  -22.804  12.574 0.0000000000
126977  32.642  -22.798  11.977 0.0000000000
126978  32.390  -23.355  11.271 0.0000000000
136231  36.935  -15.390  11.909 0.0000000000
136234  36.156  -17.443  10.908 0.0000000000
136235  36.192  -17.304  10.517 0.0000000000
142874  34.158  -13.524  15.899 0.0000000000
142875  34.522  -14.361  15.489 0.0000000000
142876  34.457  -14.253  15.910 0.0000000000
142877  34.779  -14.976  15.903 0.0000000000
142878  35.045  -15.620  15.860 0.0000000000
142879  34.672  -14.788  16.702 0.0000000000
142880  34.892  -15.539  16.262 0.0000000000
142881  35.120  -16.315  15.753 0.0000000000
142882  35.042  -17.062  15.614 0.0000000000
142883  34.842  -17.840  15.468 0.0000000000
142884  34.535  -18.636  15.293 0.0000000000
142885  34.791  -14.328  18.268 0.0000000000
142886  34.775  -15.203  17.846 0.0000000000
142887  34.806  -16.042  17.379 0.0000000000
142888  34.726  -16.653  17.729 0.0000000000
142889  34.735  -16.763  17.298 0.0000000000
142890  34.769  -16.859  16.865 0.0000000000
142891  34.677  -17.684  16.303 0.0000000000
142892  34.466  -18.529  15.755 0.0000000000
142893  34.259  -19.336  15.225 0.0000000000
142894  33.956  -20.051  15.128 0.0000000000
142895  33.606  -20.785  14.989 0.0000000000
142896  33.272  -21.408  14.936 0.0000000000
142897  33.528  -20.632  15.981 0.0000000000
142898  33.235  -21.356  15.416 0.0000000000
142899  32.956  -22.010  14.866 0.0000000000
142900  32.644  -22.620  14.791 0.0000000000
152943  36.019  -4.114  11.430 0.0000000000
152961  34.739  -12.059  10.281 0.0000000000
152964  35.573  -13.627  11.114 0.0000000000
152965  35.299  -13.608  11.528 0.0000000000
152966  35.017  -13.595  11.942 0.0000000000
152967  34.335  -8.186  11.916 0.0000000000
152968  33.996  -9.141  11.878 0.0000000000
152969  33.816  -10.148  11.851 0.0000000000
152970  33.871  -9.132  12.687 0.0000000000
152971  33.759  -10.111  12.268 0.0000000000
152972  33.806  -11.114  11.863 0.0000000000
152973  33.925  -12.034  11.951 0.0000000000
152974  34.237  -12.752  12.131 0.0000000000
152975  34.761  -13.528  12.348 0.0000000000
152976  34.547  -13.496  12.761 0.0000000000
152977  34.337  -13.344  13.180 0.0000000000
152978  34.191  -13.310  13.589 0.0000000000
152979  33.574  -11.731  13.732 0.0000000000
152980  33.730  -12.526  13.849 0.0000000000
152981  34.059  -13.277  14.021 0.0000000000
152982  34.010  -13.165  14.459 0.0000000000
152983  33.949  -13.092  14.863 0.0000000000
152984  33.914  -12.989  15.321 0.0000000000
153047  35.055  -6.300  14.923 0.0000000000
153056  34.702  -7.177  14.908 0.0000000000
153057  34.402  -8.033  14.965 0.0000000000
153058  34.122  -8.902  15.044 0.0000000000
153059  33.896  -9.744  15.166 0.0000000000
153060  34.434  -8.758  15.749 0.0000000000
153061  33.980  -9.649  15.538 0.0000000000
153062  33.755  -10.525  15.320 0.0000000000
153063  33.713  -11.287  15.471 0.0000000000
153064  33.764  -12.139  15.621 0.0000000000
153065  33.922  -12.838  15.785 0.0000000000
153066  33.952  -12.676  16.206 0.0000000000
153067  34.077  -12.558  16.597 0.0000000000
153068  34.192  -12.464  16.983 0.0000000000
153069  34.354  -10.890  17.013 0.0000000000
153070  34.313  -11.620  17.190 0.0000000000
153071  34.326  -12.382  17.349 0.0000000000
153072  34.476  -12.266  17.709 0.0000000000
153073  34.620  -12.123  18.070 0.0000000000
153074  34.873  -12.060  18.344 0.0000000000
153075  36.217  -7.791  17.131 0.0000000000
153076  35.973  -8.545  17.231 0.0000000000
153077  35.748  -9.231  17.452 0.0000000000
153078  36.596  -8.511  17.552 0.0000000000
153079  36.039  -9.214  17.606 0.0000000000
153080  35.523  -9.922  17.760 0.0000000000
153081  35.321  -10.619  18.086 0.0000000000
153082  35.182  -11.294  18.376 0.0000000000
153083  35.100  -11.982  18.653 0.0000000000
153084  35.368  -11.901  18.904 0.0000000000
153085  35.661  -11.819  19.170 0.0000000000
153087  36.491  -10.458  18.903 0.0000000000
153088  36.337  -11.062  19.292 0.0000000000
153111  38.813  -8.087  17.638 0.0000000000
153112  38.521  -8.793  17.871 0.0000000000
153113  38.272  -9.387  18.308 0.0000000000
153114  39.187  -8.919  17.781 0.0000000000
153115  38.608  -9.446  18.293 0.0000000000
153116  38.029  -9.977  18.851 0.0000000000
159550  35.045  -15.140  15.043 0.0000000000
159551  35.540  -15.863  14.617 0.0000000000
159552  35.799  -16.590  14.108 0.0000000000
159553  35.437  -17.316  14.320 0.0000000000
159554  35.546  -17.350  13.888 0.0000000000
159555  35.695  -17.371  13.456 0.0000000000
159556  35.402  -18.170  12.767 0.0000000000
159557  35.018  -18.944  12.162 0.0000000000
159558  34.536  -19.560  11.488 0.0000000000
159559  34.062  -20.308  13.663 0.0000000000
159560  34.093  -20.311  13.200 0.0000000000
159561  34.128  -20.284  12.742 0.0000000000
159562  33.314  -21.561  11.846 0.0000000000
159563  33.702  -20.916  12.049 0.0000000000
159564  34.121  -20.265  12.269 0.0000000000
159565  34.088  -20.263  11.771 0.0000000000
159566  34.064  -20.179  11.298 0.0000000000
159567  34.044  -20.097  10.810 0.0000000000
159568  33.599  -20.641  10.089 0.0000000000
159569  33.273  -21.256  9.337 0.0000000000
159570  33.087  -21.870  8.553 0.0000000000
159571  32.845  -22.558  8.845 0.0000000000
159572  32.935  -22.551  8.286 0.0000000000
159573  33.032  -22.507  7.752 0.0000000000
