#!ascii label  , from subject fsaverage vox2ras=TkReg
401
348  45.803  -60.116  2.383 0.0000000000
628  44.121  -62.058  -3.525 0.0000000000
1406  42.105  -69.229  -5.447 0.0000000000
1778  50.291  -57.138  -0.784 0.0000000000
2519  44.016  -60.231  -0.465 0.0000000000
2520  50.199  -59.153  -2.841 0.0000000000
3922  50.149  -57.071  0.158 0.0000000000
3923  47.906  -58.237  1.094 0.0000000000
5652  41.540  -64.790  -2.785 0.0000000000
5654  43.749  -61.101  -1.958 0.0000000000
5655  47.062  -59.387  -1.502 0.0000000000
5656  47.270  -60.427  -2.878 0.0000000000
5658  44.966  -66.322  -7.393 0.0000000000
7137  41.082  -68.723  -3.559 0.0000000000
7138  42.469  -65.539  -4.409 0.0000000000
10113  44.748  -59.999  1.272 0.0000000000
10114  47.405  -58.644  0.013 0.0000000000
10115  50.096  -58.106  -1.691 0.0000000000
10117  43.769  -69.394  -6.941 0.0000000000
10118  43.551  -66.033  -6.062 0.0000000000
10119  44.735  -62.574  -4.848 0.0000000000
10122  47.678  -61.156  -4.442 0.0000000000
11601  46.981  -59.352  2.315 0.0000000000
11602  47.913  -58.446  1.591 0.0000000000
11603  46.792  -59.117  1.806 0.0000000000
13332  42.627  -63.217  -3.197 0.0000000000
13333  42.377  -62.641  -2.344 0.0000000000
13334  43.912  -61.617  -2.728 0.0000000000
13335  45.523  -60.629  -2.457 0.0000000000
13336  45.628  -61.219  -3.106 0.0000000000
15732  41.726  -71.061  -5.053 0.0000000000
15733  41.274  -70.870  -4.039 0.0000000000
15734  41.522  -69.145  -4.537 0.0000000000
15735  41.582  -67.099  -3.927 0.0000000000
15736  42.161  -67.411  -4.898 0.0000000000
17524  50.245  -56.956  -0.409 0.0000000000
17525  51.106  -56.535  -0.871 0.0000000000
17526  51.149  -56.600  -1.447 0.0000000000
17528  51.180  -56.795  -1.914 0.0000000000
22715  42.346  -61.564  -0.650 0.0000000000
22717  42.691  -61.161  0.015 0.0000000000
22718  43.022  -60.940  0.876 0.0000000000
22719  44.287  -59.940  0.409 0.0000000000
22720  45.998  -59.242  0.712 0.0000000000
22721  45.699  -59.348  -0.117 0.0000000000
22722  48.699  -59.354  -2.136 0.0000000000
22723  48.650  -58.843  -1.515 0.0000000000
22724  50.095  -58.639  -2.262 0.0000000000
22729  44.356  -69.561  -7.620 0.0000000000
22730  44.896  -64.604  -6.809 0.0000000000
22731  44.242  -66.193  -6.742 0.0000000000
22732  44.374  -64.394  -6.160 0.0000000000
22733  43.930  -64.239  -5.497 0.0000000000
22734  45.110  -62.706  -5.596 0.0000000000
22741  47.791  -61.251  -5.129 0.0000000000
22742  49.146  -61.203  -5.166 0.0000000000
22743  49.096  -60.930  -4.308 0.0000000000
24418  42.399  -71.087  -5.946 0.0000000000
25490  50.133  -57.499  0.885 0.0000000000
25492  49.130  -57.625  0.661 0.0000000000
25493  49.112  -57.619  0.115 0.0000000000
28606  41.224  -64.210  -1.850 0.0000000000
28607  42.219  -62.108  -1.442 0.0000000000
28608  43.815  -60.617  -1.207 0.0000000000
28609  45.476  -59.665  -0.935 0.0000000000
28610  45.432  -60.173  -1.702 0.0000000000
28611  47.172  -59.934  -2.205 0.0000000000
28612  48.773  -59.753  -2.666 0.0000000000
28614  45.086  -67.937  -7.813 0.0000000000
28615  45.595  -66.332  -8.120 0.0000000000
32009  41.246  -72.669  -3.364 0.0000000000
32011  40.648  -68.425  -2.489 0.0000000000
32012  41.090  -66.732  -3.078 0.0000000000
32013  41.912  -65.181  -3.621 0.0000000000
32014  43.068  -63.624  -3.919 0.0000000000
34293  51.097  -56.704  -0.147 0.0000000000
40575  45.249  -60.102  1.879 0.0000000000
40576  46.386  -59.162  1.342 0.0000000000
40577  47.637  -58.454  0.605 0.0000000000
40578  49.014  -57.814  -0.234 0.0000000000
40579  47.136  -58.989  -0.734 0.0000000000
40580  48.848  -58.326  -0.782 0.0000000000
40581  50.147  -57.563  -1.166 0.0000000000
40586  43.187  -71.043  -6.815 0.0000000000
40587  43.036  -69.335  -6.227 0.0000000000
40588  44.375  -67.922  -7.087 0.0000000000
40589  43.686  -67.831  -6.406 0.0000000000
40590  42.809  -67.647  -5.704 0.0000000000
40591  42.950  -65.798  -5.273 0.0000000000
40592  43.478  -64.043  -4.718 0.0000000000
40593  44.419  -62.355  -4.184 0.0000000000
40600  46.335  -61.611  -5.146 0.0000000000
40601  46.132  -61.574  -4.504 0.0000000000
40602  45.883  -61.452  -3.877 0.0000000000
40603  47.464  -60.966  -3.637 0.0000000000
40604  48.960  -60.343  -3.459 0.0000000000
40605  50.390  -59.610  -3.442 0.0000000000
42321  46.449  -59.720  2.360 0.0000000000
42322  46.884  -59.227  2.068 0.0000000000
42323  46.316  -59.615  2.094 0.0000000000
44052  43.309  -62.561  -3.382 0.0000000000
44053  43.209  -62.319  -2.962 0.0000000000
44054  44.028  -61.845  -3.138 0.0000000000
44055  44.770  -61.360  -2.931 0.0000000000
44056  44.868  -61.563  -3.310 0.0000000000
46452  41.862  -70.138  -5.309 0.0000000000
46453  41.553  -70.122  -4.799 0.0000000000
46454  41.769  -69.240  -5.023 0.0000000000
46455  41.780  -68.292  -4.717 0.0000000000
46456  42.119  -68.373  -5.169 0.0000000000
48244  50.266  -57.023  -0.625 0.0000000000
48245  50.692  -56.762  -0.918 0.0000000000
48246  50.732  -56.864  -1.096 0.0000000000
48247  51.168  -56.683  -1.678 0.0000000000
48248  50.769  -56.994  -1.308 0.0000000000
53435  43.206  -60.827  -0.593 0.0000000000
53436  42.520  -61.351  -0.296 0.0000000000
53437  43.331  -60.642  -0.210 0.0000000000
53438  43.501  -60.495  0.210 0.0000000000
53439  44.153  -60.042  -0.012 0.0000000000
53440  44.983  -59.587  0.160 0.0000000000
53441  44.838  -59.720  -0.268 0.0000000000
53442  49.448  -59.321  -2.438 0.0000000000
53443  49.397  -59.070  -2.149 0.0000000000
53444  50.176  -58.943  -2.459 0.0000000000
53445  50.751  -58.344  -2.751 0.0000000000
53449  44.726  -69.566  -7.980 0.0000000000
53450  45.094  -63.697  -6.533 0.0000000000
53451  44.642  -64.495  -6.452 0.0000000000
53452  44.876  -63.609  -6.197 0.0000000000
53453  44.651  -63.547  -5.852 0.0000000000
53454  45.256  -62.751  -5.940 0.0000000000
56055  42.155  -72.027  -5.760 0.0000000000
56056  42.572  -72.004  -6.232 0.0000000000
57844  47.910  -58.337  1.360 0.0000000000
57845  48.506  -57.996  1.175 0.0000000000
57846  48.504  -57.943  0.915 0.0000000000
57847  49.117  -57.606  0.380 0.0000000000
57848  48.492  -57.885  0.624 0.0000000000
63032  41.087  -65.552  -2.526 0.0000000000
63033  40.939  -65.252  -2.096 0.0000000000
63034  41.391  -64.492  -2.349 0.0000000000
63035  42.998  -61.798  -2.145 0.0000000000
63036  42.280  -62.359  -1.912 0.0000000000
63037  42.948  -61.552  -1.701 0.0000000000
63038  42.948  -61.283  -1.267 0.0000000000
63039  43.791  -60.854  -1.581 0.0000000000
63040  44.625  -60.354  -1.473 0.0000000000
63041  44.642  -60.557  -1.855 0.0000000000
63042  46.441  -60.577  -2.694 0.0000000000
63043  46.370  -60.308  -2.330 0.0000000000
63044  47.185  -60.160  -2.531 0.0000000000
63045  47.983  -59.852  -2.444 0.0000000000
63046  47.995  -60.056  -2.777 0.0000000000
63048  45.705  -67.126  -8.364 0.0000000000
63049  45.807  -66.378  -8.607 0.0000000000
70234  41.361  -72.727  -3.916 0.0000000000
70235  41.118  -69.796  -3.793 0.0000000000
70236  41.052  -70.752  -3.482 0.0000000000
70237  40.948  -69.619  -3.246 0.0000000000
70238  40.776  -69.471  -2.693 0.0000000000
70239  40.892  -68.553  -3.017 0.0000000000
70240  40.816  -67.597  -2.770 0.0000000000
70241  41.033  -67.770  -3.249 0.0000000000
70242  41.978  -66.267  -4.122 0.0000000000
70243  41.730  -66.089  -3.735 0.0000000000
70244  42.203  -65.346  -3.991 0.0000000000
70245  42.468  -64.410  -3.798 0.0000000000
70246  42.649  -64.571  -4.168 0.0000000000
75609  50.132  -57.268  0.503 0.0000000000
75610  50.646  -57.063  0.380 0.0000000000
75611  50.646  -56.903  -0.029 0.0000000000
91190  43.903  -60.407  1.088 0.0000000000
91192  44.164  -60.461  1.500 0.0000000000
91193  44.464  -60.568  1.876 0.0000000000
91194  45.039  -60.042  1.627 0.0000000000
91195  45.847  -59.583  1.611 0.0000000000
91196  45.573  -59.609  1.363 0.0000000000
91197  46.704  -58.936  0.387 0.0000000000
91198  46.867  -58.845  0.662 0.0000000000
91199  47.559  -58.522  0.298 0.0000000000
91200  48.333  -58.112  0.178 0.0000000000
91201  48.290  -58.232  -0.093 0.0000000000
91202  46.271  -59.503  -1.186 0.0000000000
91203  46.307  -59.309  -0.801 0.0000000000
91204  47.071  -59.186  -1.117 0.0000000000
91205  49.402  -58.512  -1.519 0.0000000000
91206  48.727  -58.581  -1.101 0.0000000000
91207  49.480  -58.197  -1.226 0.0000000000
91208  49.563  -57.890  -0.936 0.0000000000
91209  50.111  -57.818  -1.393 0.0000000000
91210  50.629  -57.462  -1.674 0.0000000000
91211  50.588  -57.696  -1.915 0.0000000000
91220  43.778  -70.260  -7.258 0.0000000000
91222  43.454  -70.185  -6.912 0.0000000000
91223  43.156  -70.172  -6.521 0.0000000000
91224  43.432  -69.317  -6.587 0.0000000000
91225  44.999  -67.154  -7.611 0.0000000000
91226  44.705  -67.922  -7.464 0.0000000000
91227  44.688  -67.159  -7.273 0.0000000000
91228  43.860  -66.133  -6.392 0.0000000000
91229  43.951  -67.046  -6.576 0.0000000000
91230  43.544  -66.990  -6.224 0.0000000000
91231  43.333  -67.813  -6.036 0.0000000000
91232  43.149  -66.855  -5.883 0.0000000000
91233  42.825  -66.664  -5.532 0.0000000000
91234  43.237  -65.928  -5.674 0.0000000000
91235  44.273  -63.421  -5.213 0.0000000000
91236  43.697  -64.176  -5.108 0.0000000000
91237  44.049  -63.304  -4.794 0.0000000000
91238  43.869  -63.105  -4.406 0.0000000000
91239  44.599  -62.451  -4.516 0.0000000000
91257  47.142  -61.335  -5.361 0.0000000000
91258  47.707  -61.244  -4.782 0.0000000000
91259  46.998  -61.373  -4.789 0.0000000000
91260  46.822  -61.290  -4.439 0.0000000000
91261  45.996  -61.488  -4.195 0.0000000000
91262  46.769  -61.266  -4.113 0.0000000000
91263  46.680  -61.191  -3.718 0.0000000000
91264  47.544  -61.146  -4.033 0.0000000000
91265  49.916  -60.661  -4.210 0.0000000000
91266  49.040  -60.598  -3.858 0.0000000000
91267  49.844  -60.270  -3.820 0.0000000000
91268  49.758  -59.981  -3.405 0.0000000000
91269  50.522  -59.886  -3.800 0.0000000000
94610  47.960  -58.561  1.872 0.0000000000
94611  47.411  -58.874  1.969 0.0000000000
94612  47.342  -58.774  1.740 0.0000000000
94613  47.368  -58.626  1.494 0.0000000000
97724  42.046  -63.983  -3.030 0.0000000000
97725  41.913  -63.684  -2.591 0.0000000000
97726  42.482  -62.938  -2.767 0.0000000000
97727  43.081  -62.028  -2.524 0.0000000000
97728  43.822  -61.354  -2.384 0.0000000000
97729  44.613  -60.816  -2.205 0.0000000000
97730  44.682  -61.096  -2.599 0.0000000000
97731  45.565  -60.913  -2.797 0.0000000000
97732  46.461  -60.822  -2.983 0.0000000000
102044  41.568  -71.909  -4.794 0.0000000000
102045  41.352  -71.811  -4.249 0.0000000000
102046  41.465  -70.993  -4.537 0.0000000000
102047  41.345  -69.999  -4.301 0.0000000000
102048  41.284  -68.953  -4.032 0.0000000000
102049  41.270  -67.907  -3.777 0.0000000000
102050  41.525  -68.127  -4.232 0.0000000000
102051  41.862  -67.310  -4.404 0.0000000000
102052  42.244  -66.496  -4.612 0.0000000000
105269  51.585  -56.794  0.247 0.0000000000
105270  50.211  -56.965  -0.148 0.0000000000
105271  50.657  -56.783  -0.374 0.0000000000
105272  50.671  -56.740  -0.677 0.0000000000
105273  51.131  -56.517  -1.197 0.0000000000
114613  41.580  -62.528  -0.732 0.0000000000
114615  41.681  -62.261  -0.316 0.0000000000
114616  41.812  -62.040  0.047 0.0000000000
114617  42.013  -61.869  0.423 0.0000000000
114619  42.839  -61.061  0.468 0.0000000000
114620  43.675  -60.412  0.650 0.0000000000
114621  44.501  -59.950  0.853 0.0000000000
114622  45.326  -59.633  1.050 0.0000000000
114623  45.115  -59.591  0.601 0.0000000000
114624  45.847  -59.307  0.328 0.0000000000
114625  46.548  -59.032  0.015 0.0000000000
114626  47.920  -59.357  -1.845 0.0000000000
114627  47.841  -59.137  -1.459 0.0000000000
114628  48.646  -59.104  -1.834 0.0000000000
114629  49.373  -58.802  -1.854 0.0000000000
114630  50.097  -58.357  -2.004 0.0000000000
114631  50.614  -57.916  -2.150 0.0000000000
114632  50.634  -58.141  -2.461 0.0000000000
114638  44.090  -70.368  -7.609 0.0000000000
114639  44.098  -69.482  -7.263 0.0000000000
114640  44.911  -65.438  -7.123 0.0000000000
114641  44.600  -66.290  -7.058 0.0000000000
114642  44.574  -65.364  -6.860 0.0000000000
114643  44.204  -65.319  -6.473 0.0000000000
114644  43.925  -65.222  -6.130 0.0000000000
114645  43.657  -65.129  -5.753 0.0000000000
114646  44.117  -64.339  -5.781 0.0000000000
114647  44.474  -63.459  -5.573 0.0000000000
114648  44.934  -62.660  -5.244 0.0000000000
114659  47.800  -61.175  -5.465 0.0000000000
114660  48.514  -61.193  -5.540 0.0000000000
114661  48.468  -61.239  -5.184 0.0000000000
114662  48.389  -61.214  -4.779 0.0000000000
114663  48.317  -61.087  -4.378 0.0000000000
114664  49.078  -61.107  -4.738 0.0000000000
114665  49.949  -60.932  -4.698 0.0000000000
118413  41.981  -71.093  -5.502 0.0000000000
118414  42.264  -70.140  -5.703 0.0000000000
120916  49.610  -57.661  1.022 0.0000000000
120917  49.613  -57.441  0.698 0.0000000000
120918  48.488  -58.098  1.417 0.0000000000
120919  49.094  -57.719  0.954 0.0000000000
120920  49.665  -57.304  0.398 0.0000000000
120921  49.729  -57.244  0.067 0.0000000000
120922  49.771  -57.264  -0.177 0.0000000000
120923  49.745  -57.337  -0.362 0.0000000000
128184  41.092  -63.945  -1.374 0.0000000000
128185  41.742  -63.369  -2.115 0.0000000000
128186  41.643  -63.094  -1.659 0.0000000000
128187  41.581  -62.795  -1.195 0.0000000000
128188  42.227  -61.848  -1.030 0.0000000000
128189  43.054  -61.047  -0.940 0.0000000000
128190  43.913  -60.445  -0.863 0.0000000000
128191  44.687  -59.898  -0.695 0.0000000000
128192  44.658  -60.123  -1.098 0.0000000000
128193  45.414  -59.925  -1.315 0.0000000000
128194  46.253  -59.778  -1.566 0.0000000000
128195  45.490  -60.396  -2.084 0.0000000000
128196  46.356  -60.034  -1.951 0.0000000000
128197  47.168  -59.671  -1.891 0.0000000000
128198  47.985  -59.616  -2.157 0.0000000000
128199  48.754  -59.578  -2.407 0.0000000000
128200  49.522  -59.500  -2.679 0.0000000000
128201  45.415  -68.711  -8.514 0.0000000000
128202  45.079  -68.820  -8.011 0.0000000000
128203  45.438  -67.938  -8.190 0.0000000000
128204  45.345  -67.127  -7.955 0.0000000000
128205  45.262  -66.342  -7.729 0.0000000000
128207  45.486  -65.548  -7.820 0.0000000000
128208  45.227  -65.497  -7.471 0.0000000000
128209  45.170  -64.671  -7.166 0.0000000000
137347  41.177  -72.708  -2.784 0.0000000000
137348  41.216  -71.758  -3.688 0.0000000000
137349  41.075  -71.715  -3.124 0.0000000000
137355  40.895  -66.551  -2.661 0.0000000000
137356  41.217  -65.734  -2.957 0.0000000000
137357  41.295  -66.937  -3.488 0.0000000000
137358  41.444  -65.887  -3.358 0.0000000000
137359  41.682  -64.938  -3.210 0.0000000000
137360  42.247  -64.202  -3.420 0.0000000000
137361  42.824  -63.443  -3.561 0.0000000000
137362  43.503  -62.796  -3.709 0.0000000000
143931  50.665  -57.298  0.796 0.0000000000
143932  51.101  -56.913  0.282 0.0000000000
143933  51.522  -56.504  -0.227 0.0000000000
143934  51.092  -56.609  -0.508 0.0000000000
143935  51.550  -56.381  -0.631 0.0000000000
162680  44.732  -60.592  2.131 0.0000000000
162681  45.534  -60.087  2.105 0.0000000000
162682  46.061  -59.585  1.823 0.0000000000
162683  46.599  -59.169  1.619 0.0000000000
162684  47.185  -58.671  1.267 0.0000000000
162685  46.169  -59.195  1.054 0.0000000000
162686  46.994  -58.748  1.001 0.0000000000
162687  47.765  -58.271  0.870 0.0000000000
162688  48.409  -57.975  0.405 0.0000000000
162689  49.036  -57.709  -0.057 0.0000000000
162690  49.622  -57.496  -0.466 0.0000000000
162691  45.568  -59.499  -0.543 0.0000000000
162692  46.376  -59.115  -0.398 0.0000000000
162693  47.231  -58.805  -0.345 0.0000000000
162694  47.911  -58.901  -1.094 0.0000000000
162695  48.020  -58.681  -0.691 0.0000000000
162696  48.122  -58.460  -0.373 0.0000000000
162697  48.964  -58.028  -0.497 0.0000000000
162698  49.598  -57.674  -0.678 0.0000000000
162699  50.219  -57.318  -0.969 0.0000000000
162700  50.704  -57.192  -1.497 0.0000000000
162701  51.126  -57.020  -2.062 0.0000000000
162715  42.838  -71.059  -6.391 0.0000000000
162716  42.709  -70.173  -6.121 0.0000000000
162717  42.579  -69.285  -5.835 0.0000000000
162718  44.733  -68.760  -7.679 0.0000000000
162719  44.391  -68.717  -7.329 0.0000000000
162720  44.060  -68.680  -6.985 0.0000000000
162721  44.335  -67.087  -6.886 0.0000000000
162722  44.032  -67.872  -6.750 0.0000000000
162723  43.728  -68.617  -6.647 0.0000000000
162724  43.404  -68.615  -6.260 0.0000000000
162725  42.966  -68.509  -5.934 0.0000000000
162726  42.489  -68.412  -5.569 0.0000000000
162727  42.466  -67.492  -5.339 0.0000000000
162728  42.528  -66.582  -5.119 0.0000000000
162729  42.659  -65.658  -4.778 0.0000000000
162730  43.419  -65.073  -5.401 0.0000000000
162731  43.183  -64.934  -4.975 0.0000000000
162732  42.977  -64.780  -4.589 0.0000000000
162733  43.275  -63.831  -4.316 0.0000000000
162734  43.665  -62.942  -4.053 0.0000000000
162735  44.231  -62.222  -3.867 0.0000000000
162755  45.647  -62.025  -5.326 0.0000000000
162756  45.550  -61.992  -4.977 0.0000000000
162757  47.075  -61.348  -5.105 0.0000000000
162758  46.230  -61.552  -4.806 0.0000000000
162759  45.411  -61.884  -4.640 0.0000000000
162760  45.276  -61.893  -4.322 0.0000000000
162761  45.103  -61.795  -4.014 0.0000000000
162762  44.981  -61.684  -3.697 0.0000000000
162763  45.783  -61.357  -3.494 0.0000000000
162764  46.591  -61.054  -3.342 0.0000000000
162765  47.398  -60.732  -3.265 0.0000000000
162766  48.240  -60.853  -3.944 0.0000000000
162767  48.203  -60.645  -3.528 0.0000000000
162768  48.104  -60.408  -3.130 0.0000000000
162769  48.864  -60.035  -3.064 0.0000000000
162770  49.628  -59.719  -3.021 0.0000000000
162771  50.284  -59.383  -3.158 0.0000000000
162778  51.008  -59.394  -3.786 0.0000000000
162779  50.937  -59.162  -3.575 0.0000000000
