#!ascii label  , from subject fsaverage vox2ras=TkReg
386
315  31.890  -24.485  13.890 0.0000000000
588  38.264  -23.158  -2.402 0.0000000000
589  34.113  -24.431  5.199 0.0000000000
1420  44.057  -20.495  -4.497 0.0000000000
2402  36.131  -24.186  1.338 0.0000000000
2403  40.610  -25.420  1.796 0.0000000000
2404  32.445  -24.526  9.336 0.0000000000
5359  35.131  -24.386  3.248 0.0000000000
5360  38.217  -25.487  1.195 0.0000000000
5361  36.987  -25.948  3.081 0.0000000000
5364  32.010  -24.559  11.597 0.0000000000
5696  38.487  -21.897  -4.003 0.0000000000
7161  40.803  -23.721  -2.143 0.0000000000
7162  41.164  -22.452  -3.834 0.0000000000
7163  43.743  -21.882  -2.930 0.0000000000
7164  46.540  -19.138  -3.323 0.0000000000
9762  37.188  -23.785  -0.569 0.0000000000
9763  39.508  -24.785  -0.572 0.0000000000
9764  42.001  -24.406  0.200 0.0000000000
9768  33.169  -24.494  7.227 0.0000000000
9770  34.455  -26.392  7.030 0.0000000000
9771  35.690  -26.193  5.066 0.0000000000
9772  39.327  -26.150  3.586 0.0000000000
13039  34.598  -24.385  4.222 0.0000000000
13040  35.987  -25.312  3.080 0.0000000000
13041  35.375  -25.360  4.080 0.0000000000
13042  32.322  -23.318  14.184 0.0000000000
13044  31.912  -24.488  12.771 0.0000000000
13375  37.311  -21.813  -3.002 0.0000000000
13376  38.409  -22.542  -3.208 0.0000000000
15774  42.039  -23.585  -1.782 0.0000000000
15775  42.276  -22.961  -2.602 0.0000000000
15776  43.540  -22.528  -2.065 0.0000000000
15780  47.943  -17.487  -3.533 0.0000000000
21839  36.666  -23.999  0.368 0.0000000000
21840  38.283  -24.420  -0.667 0.0000000000
21841  37.722  -24.727  0.213 0.0000000000
21842  39.397  -25.690  1.418 0.0000000000
21843  40.126  -25.254  0.558 0.0000000000
21844  41.256  -24.987  0.973 0.0000000000
21845  42.998  -23.771  0.808 0.0000000000
21846  42.328  -24.319  1.578 0.0000000000
21853  32.728  -23.211  8.637 0.0000000000
21854  32.799  -24.523  8.271 0.0000000000
21859  35.463  -26.945  7.116 0.0000000000
21860  36.114  -26.794  6.137 0.0000000000
21861  35.090  -26.294  6.012 0.0000000000
21862  36.766  -26.655  5.168 0.0000000000
21863  37.484  -26.466  4.212 0.0000000000
21864  38.696  -26.450  4.510 0.0000000000
22847  42.635  -21.633  -4.237 0.0000000000
22849  42.688  -20.952  -5.052 0.0000000000
24442  44.626  -21.949  -1.435 0.0000000000
28079  35.608  -24.290  2.313 0.0000000000
28080  37.187  -25.002  1.105 0.0000000000
28081  36.551  -25.157  2.106 0.0000000000
28082  37.618  -25.746  2.117 0.0000000000
28083  38.787  -25.988  2.290 0.0000000000
28088  32.203  -24.540  10.428 0.0000000000
28683  37.467  -21.200  -3.828 0.0000000000
28684  38.678  -21.196  -4.812 0.0000000000
28685  45.439  -19.150  -4.726 0.0000000000
28686  44.129  -19.792  -5.303 0.0000000000
32067  39.464  -23.575  -2.362 0.0000000000
32068  39.614  -22.974  -3.180 0.0000000000
32069  40.928  -23.109  -2.989 0.0000000000
32070  42.519  -22.275  -3.478 0.0000000000
32071  43.915  -21.202  -3.724 0.0000000000
32072  44.992  -21.248  -2.321 0.0000000000
32073  45.126  -20.624  -3.141 0.0000000000
32074  45.319  -19.896  -3.903 0.0000000000
32075  46.712  -18.356  -4.137 0.0000000000
39522  37.734  -23.512  -1.503 0.0000000000
39523  38.872  -24.063  -1.543 0.0000000000
39524  40.162  -24.315  -1.391 0.0000000000
39525  41.428  -24.189  -1.039 0.0000000000
39526  38.860  -25.196  0.298 0.0000000000
39527  40.722  -24.794  -0.250 0.0000000000
39539  32.988  -23.201  7.537 0.0000000000
39540  33.612  -24.428  6.180 0.0000000000
39542  32.348  -25.686  10.223 0.0000000000
39543  32.759  -25.654  9.145 0.0000000000
39544  34.833  -27.065  8.064 0.0000000000
39545  33.832  -26.490  8.055 0.0000000000
39546  33.232  -25.635  8.059 0.0000000000
39547  33.716  -25.612  7.002 0.0000000000
39548  34.205  -25.479  6.058 0.0000000000
39549  34.807  -25.442  5.059 0.0000000000
39550  36.273  -26.089  4.093 0.0000000000
39551  38.119  -26.248  3.232 0.0000000000
39552  39.943  -25.830  2.665 0.0000000000
39554  41.014  -25.276  3.160 0.0000000000
39555  41.673  -24.824  2.368 0.0000000000
40729  39.748  -22.343  -4.008 0.0000000000
40730  39.864  -21.635  -4.793 0.0000000000
43758  34.054  -23.796  4.883 0.0000000000
43759  34.333  -24.395  4.725 0.0000000000
43760  34.965  -24.906  4.142 0.0000000000
43761  34.671  -24.934  4.625 0.0000000000
43763  32.057  -23.890  13.503 0.0000000000
43764  31.895  -24.477  13.324 0.0000000000
44094  37.701  -22.823  -2.312 0.0000000000
44095  37.771  -22.514  -2.720 0.0000000000
44096  38.326  -22.838  -2.782 0.0000000000
46494  42.651  -23.404  -1.515 0.0000000000
46495  42.783  -23.090  -1.931 0.0000000000
46496  43.363  -22.878  -1.637 0.0000000000
52555  35.479  -23.721  1.984 0.0000000000
52557  35.686  -23.674  1.510 0.0000000000
52558  35.950  -23.592  1.020 0.0000000000
52559  36.403  -24.099  0.837 0.0000000000
52560  37.167  -24.392  0.274 0.0000000000
52561  36.912  -24.502  0.721 0.0000000000
52562  40.034  -25.607  1.578 0.0000000000
52563  40.358  -25.394  1.164 0.0000000000
52564  40.947  -25.216  1.372 0.0000000000
52565  41.793  -24.689  1.263 0.0000000000
52566  41.466  -24.943  1.652 0.0000000000
52570  32.369  -23.912  10.040 0.0000000000
52572  32.455  -23.876  9.521 0.0000000000
52573  32.583  -23.888  8.984 0.0000000000
52574  32.627  -24.517  8.816 0.0000000000
52581  36.458  -26.720  5.650 0.0000000000
52583  37.770  -26.625  4.791 0.0000000000
53567  43.354  -21.108  -4.376 0.0000000000
53568  42.681  -21.284  -4.637 0.0000000000
53569  43.392  -20.750  -4.778 0.0000000000
62155  34.538  -23.820  3.906 0.0000000000
62157  34.762  -23.789  3.434 0.0000000000
62158  34.999  -23.805  2.936 0.0000000000
62159  35.380  -24.346  2.776 0.0000000000
62160  36.060  -24.776  2.194 0.0000000000
62161  35.791  -24.814  2.680 0.0000000000
62162  36.505  -25.672  3.030 0.0000000000
62163  36.787  -25.585  2.556 0.0000000000
62164  37.290  -25.867  2.599 0.0000000000
62165  38.194  -25.917  2.167 0.0000000000
62166  37.827  -26.060  2.655 0.0000000000
62173  32.202  -23.952  11.126 0.0000000000
62174  32.098  -24.550  11.010 0.0000000000
63162  37.868  -21.877  -3.516 0.0000000000
63163  37.365  -21.508  -3.411 0.0000000000
63164  37.956  -21.569  -3.959 0.0000000000
63165  38.055  -21.234  -4.355 0.0000000000
63166  38.610  -21.538  -4.420 0.0000000000
63167  46.087  -18.423  -4.839 0.0000000000
70359  40.136  -23.676  -2.286 0.0000000000
70360  40.232  -23.390  -2.706 0.0000000000
70361  40.906  -23.425  -2.560 0.0000000000
70362  43.039  -22.431  -2.777 0.0000000000
70363  42.374  -22.618  -3.028 0.0000000000
70364  43.133  -22.107  -3.210 0.0000000000
70365  43.184  -21.808  -3.615 0.0000000000
70366  43.813  -21.557  -3.368 0.0000000000
70368  44.818  -21.595  -1.866 0.0000000000
70369  45.568  -20.876  -2.005 0.0000000000
70370  46.463  -19.498  -2.903 0.0000000000
70371  45.771  -20.243  -2.828 0.0000000000
70372  45.842  -19.890  -3.229 0.0000000000
70373  45.211  -20.278  -3.511 0.0000000000
70374  45.913  -19.550  -3.602 0.0000000000
70375  46.011  -19.142  -4.026 0.0000000000
70376  46.643  -18.746  -3.732 0.0000000000
88555  36.476  -23.468  0.006 0.0000000000
88557  36.736  -23.393  -0.499 0.0000000000
88558  36.996  -23.281  -0.970 0.0000000000
88559  37.459  -23.662  -1.047 0.0000000000
88560  38.275  -23.819  -1.534 0.0000000000
88561  37.967  -23.972  -1.077 0.0000000000
88562  38.916  -24.661  -0.680 0.0000000000
88563  39.205  -24.443  -1.077 0.0000000000
88564  39.832  -24.551  -0.986 0.0000000000
88565  40.792  -24.282  -1.248 0.0000000000
88566  40.461  -24.562  -0.851 0.0000000000
88567  37.671  -25.275  1.153 0.0000000000
88568  37.996  -25.148  0.657 0.0000000000
88569  38.539  -25.355  0.749 0.0000000000
88570  41.030  -24.944  0.345 0.0000000000
88571  40.407  -25.062  0.148 0.0000000000
88572  41.334  -24.675  -0.040 0.0000000000
88573  41.656  -24.397  -0.425 0.0000000000
88600  32.849  -23.919  7.840 0.0000000000
88601  32.849  -23.230  8.056 0.0000000000
88602  33.040  -23.869  7.360 0.0000000000
88603  33.216  -23.838  6.842 0.0000000000
88604  33.371  -24.444  6.711 0.0000000000
88609  32.531  -26.190  10.182 0.0000000000
88610  32.747  -26.165  9.650 0.0000000000
88611  32.539  -25.693  9.671 0.0000000000
88612  33.004  -26.140  9.107 0.0000000000
88614  35.371  -27.256  8.178 0.0000000000
88615  35.688  -27.178  7.688 0.0000000000
88616  34.926  -26.703  7.064 0.0000000000
88617  34.615  -26.756  7.558 0.0000000000
88618  34.144  -26.448  7.549 0.0000000000
88619  33.504  -26.090  8.037 0.0000000000
88620  33.779  -26.057  7.521 0.0000000000
88621  33.480  -25.626  7.531 0.0000000000
88622  34.048  -26.022  7.007 0.0000000000
88623  35.381  -26.243  5.542 0.0000000000
88624  34.618  -25.931  6.028 0.0000000000
88625  34.923  -25.880  5.523 0.0000000000
88626  34.509  -25.461  5.548 0.0000000000
88627  35.215  -25.836  5.038 0.0000000000
88628  35.519  -25.794  4.554 0.0000000000
88629  35.997  -26.128  4.586 0.0000000000
88630  38.426  -26.396  3.822 0.0000000000
88631  37.818  -26.381  3.698 0.0000000000
88632  38.729  -26.244  3.385 0.0000000000
88633  39.027  -26.113  2.910 0.0000000000
88634  39.626  -25.998  3.137 0.0000000000
88641  41.333  -25.062  2.762 0.0000000000
91577  40.425  -22.772  -3.566 0.0000000000
91578  39.701  -22.669  -3.613 0.0000000000
91579  40.459  -22.428  -3.955 0.0000000000
91581  40.526  -21.750  -4.735 0.0000000000
97198  34.278  -23.797  4.392 0.0000000000
97199  34.881  -24.402  3.735 0.0000000000
97200  35.489  -24.864  3.193 0.0000000000
97201  35.248  -24.894  3.637 0.0000000000
97202  35.686  -25.352  3.574 0.0000000000
97203  36.171  -25.708  3.545 0.0000000000
97206  32.309  -23.353  13.581 0.0000000000
97207  32.072  -23.931  12.890 0.0000000000
97208  31.916  -24.510  12.188 0.0000000000
97803  37.825  -22.201  -3.138 0.0000000000
97804  38.472  -22.210  -3.615 0.0000000000
102120  41.437  -23.677  -1.981 0.0000000000
102121  41.550  -23.375  -2.388 0.0000000000
102122  42.156  -23.259  -2.180 0.0000000000
102123  42.907  -22.766  -2.348 0.0000000000
102124  43.672  -22.188  -2.516 0.0000000000
102129  47.151  -18.714  -3.008 0.0000000000
102130  47.250  -18.330  -3.442 0.0000000000
102131  47.834  -17.889  -3.145 0.0000000000
102132  48.524  -17.023  -3.235 0.0000000000
113037  35.603  -23.055  1.186 0.0000000000
113038  36.197  -23.531  0.509 0.0000000000
113039  36.919  -23.921  -0.099 0.0000000000
113040  37.690  -24.125  -0.619 0.0000000000
113041  37.382  -24.292  -0.171 0.0000000000
113042  38.001  -24.594  -0.232 0.0000000000
113043  38.594  -24.821  -0.217 0.0000000000
113044  38.795  -25.620  1.273 0.0000000000
113045  39.158  -25.434  0.830 0.0000000000
113046  39.754  -25.466  0.992 0.0000000000
113047  40.700  -25.185  0.750 0.0000000000
113048  41.603  -24.730  0.579 0.0000000000
113049  42.514  -24.130  0.483 0.0000000000
113050  42.121  -24.445  0.864 0.0000000000
113051  42.647  -24.063  1.202 0.0000000000
113064  32.621  -23.212  9.201 0.0000000000
113065  32.714  -23.878  8.444 0.0000000000
113066  32.962  -24.514  7.728 0.0000000000
113075  35.784  -26.868  6.633 0.0000000000
113076  35.234  -26.646  6.543 0.0000000000
113077  34.780  -26.367  6.486 0.0000000000
113078  35.585  -26.579  6.052 0.0000000000
113079  35.895  -26.532  5.564 0.0000000000
113080  36.195  -26.467  5.109 0.0000000000
113081  36.544  -26.399  4.631 0.0000000000
113082  37.133  -26.569  4.689 0.0000000000
113083  38.097  -26.503  4.328 0.0000000000
113084  39.004  -26.311  4.052 0.0000000000
114851  41.897  -22.076  -4.053 0.0000000000
114852  41.218  -22.118  -4.241 0.0000000000
114853  41.958  -21.756  -4.464 0.0000000000
126958  35.236  -23.739  2.473 0.0000000000
126959  35.879  -24.236  1.822 0.0000000000
126960  36.650  -24.618  1.196 0.0000000000
126961  36.367  -24.698  1.691 0.0000000000
126962  36.862  -25.087  1.623 0.0000000000
126963  37.345  -25.400  1.637 0.0000000000
126964  36.254  -25.224  2.607 0.0000000000
126965  37.071  -25.483  2.095 0.0000000000
126966  37.919  -25.661  1.644 0.0000000000
126967  38.521  -25.776  1.707 0.0000000000
126968  39.114  -25.820  1.841 0.0000000000
126969  39.708  -25.776  2.011 0.0000000000
126979  32.269  -23.937  10.559 0.0000000000
126980  32.336  -24.532  9.886 0.0000000000
128363  36.865  -21.377  -2.816 0.0000000000
128364  36.932  -21.094  -3.243 0.0000000000
128366  37.508  -20.886  -4.206 0.0000000000
128369  44.754  -19.834  -4.614 0.0000000000
128370  44.108  -20.147  -4.893 0.0000000000
128371  44.793  -19.488  -5.003 0.0000000000
136249  31.772  -25.085  13.834 0.0000000000
136250  31.792  -25.056  13.255 0.0000000000
136251  31.748  -25.632  13.205 0.0000000000
137505  38.811  -23.439  -2.353 0.0000000000
137506  38.895  -23.103  -2.793 0.0000000000
137507  39.549  -23.269  -2.797 0.0000000000
137508  40.293  -23.070  -3.131 0.0000000000
137509  41.040  -22.819  -3.390 0.0000000000
137510  41.593  -23.073  -2.817 0.0000000000
137511  41.685  -22.737  -3.246 0.0000000000
137512  41.804  -22.445  -3.635 0.0000000000
137513  42.559  -21.959  -3.846 0.0000000000
137514  43.288  -21.436  -3.997 0.0000000000
137515  44.004  -20.863  -4.098 0.0000000000
137516  44.085  -22.272  -1.755 0.0000000000
137517  44.294  -21.906  -2.212 0.0000000000
137518  44.369  -21.594  -2.628 0.0000000000
137519  45.698  -20.552  -2.414 0.0000000000
137520  45.058  -20.952  -2.730 0.0000000000
137521  44.411  -21.307  -3.047 0.0000000000
137522  44.519  -20.937  -3.441 0.0000000000
137523  44.638  -20.553  -3.817 0.0000000000
137524  44.703  -20.197  -4.211 0.0000000000
137525  45.380  -19.507  -4.324 0.0000000000
137526  46.072  -18.760  -4.440 0.0000000000
137527  46.745  -17.995  -4.541 0.0000000000
137528  47.345  -17.929  -3.835 0.0000000000
137529  47.404  -17.555  -4.231 0.0000000000
137530  47.424  -17.161  -4.656 0.0000000000
159495  37.457  -23.002  -1.869 0.0000000000
159521  37.237  -23.147  -1.423 0.0000000000
159522  37.990  -23.341  -1.934 0.0000000000
159523  38.549  -23.620  -1.948 0.0000000000
159524  39.171  -23.812  -1.976 0.0000000000
159525  39.816  -23.963  -1.898 0.0000000000
159526  38.572  -24.235  -1.103 0.0000000000
159527  39.500  -24.220  -1.493 0.0000000000
159528  40.493  -24.019  -1.785 0.0000000000
159529  41.137  -23.988  -1.632 0.0000000000
159530  41.742  -23.897  -1.429 0.0000000000
159531  42.365  -23.713  -1.160 0.0000000000
159532  37.449  -24.860  0.645 0.0000000000
159533  38.279  -24.997  0.216 0.0000000000
159534  39.184  -24.979  -0.137 0.0000000000
159535  39.502  -25.271  0.405 0.0000000000
159536  39.800  -25.063  -0.029 0.0000000000
159537  40.131  -24.814  -0.437 0.0000000000
159538  41.067  -24.536  -0.633 0.0000000000
159539  42.040  -24.040  -0.796 0.0000000000
159574  33.136  -23.168  7.036 0.0000000000
159575  33.431  -23.848  6.341 0.0000000000
159576  33.874  -24.447  5.685 0.0000000000
159577  31.831  -25.072  12.639 0.0000000000
159578  31.887  -25.099  12.055 0.0000000000
159579  31.972  -25.139  11.473 0.0000000000
159581  32.182  -25.696  10.789 0.0000000000
159582  32.086  -25.154  10.890 0.0000000000
159583  32.236  -25.128  10.312 0.0000000000
159584  32.397  -25.124  9.780 0.0000000000
159585  32.573  -25.110  9.230 0.0000000000
159586  35.033  -27.369  8.705 0.0000000000
159587  34.538  -27.141  8.585 0.0000000000
159588  34.042  -26.862  8.567 0.0000000000
159589  35.139  -27.000  7.601 0.0000000000
159590  34.303  -26.819  8.037 0.0000000000
159591  33.588  -26.517  8.580 0.0000000000
159592  33.232  -26.112  8.574 0.0000000000
159593  32.965  -25.637  8.598 0.0000000000
159594  32.756  -25.107  8.682 0.0000000000
159595  32.982  -25.121  8.134 0.0000000000
159596  33.189  -25.099  7.614 0.0000000000
159597  33.376  -25.071  7.120 0.0000000000
159598  34.338  -25.984  6.505 0.0000000000
159599  33.955  -25.531  6.547 0.0000000000
159600  33.622  -25.013  6.621 0.0000000000
159601  33.868  -24.965  6.094 0.0000000000
159602  34.155  -24.997  5.605 0.0000000000
159603  34.437  -24.969  5.109 0.0000000000
159604  35.091  -25.405  4.558 0.0000000000
159605  35.826  -25.757  4.045 0.0000000000
159606  36.646  -26.008  3.588 0.0000000000
159607  36.872  -26.334  4.146 0.0000000000
159608  37.188  -26.238  3.644 0.0000000000
159609  37.497  -26.152  3.153 0.0000000000
159610  38.437  -26.137  2.755 0.0000000000
159611  39.371  -25.952  2.453 0.0000000000
159612  40.287  -25.629  2.225 0.0000000000
159618  40.186  -25.774  3.350 0.0000000000
159619  40.490  -25.600  2.915 0.0000000000
159620  40.825  -25.384  2.500 0.0000000000
159621  41.156  -25.153  2.075 0.0000000000
159622  42.009  -24.579  1.973 0.0000000000
163141  38.996  -22.802  -3.207 0.0000000000
163142  39.057  -22.482  -3.627 0.0000000000
163143  39.150  -22.156  -4.046 0.0000000000
163144  40.494  -22.115  -4.357 0.0000000000
163145  39.791  -22.006  -4.406 0.0000000000
163146  39.179  -21.807  -4.430 0.0000000000
163150  43.415  -20.426  -5.195 0.0000000000
