#!ascii label  , from subject fsaverage vox2ras=TkReg
661
293  23.857  -56.098  50.543 0.0000000000
560  27.468  -55.275  46.225 0.0000000000
1237  32.073  -51.496  55.591 0.0000000000
1238  28.240  -51.846  48.950 0.0000000000
1239  28.023  -53.708  52.077 0.0000000000
1240  24.391  -58.766  48.352 0.0000000000
1241  27.009  -58.245  46.724 0.0000000000
1679  26.645  -54.317  54.969 0.0000000000
1680  24.059  -56.160  56.663 0.0000000000
2321  25.783  -55.822  48.408 0.0000000000
3157  31.630  -52.463  57.131 0.0000000000
3158  29.780  -52.889  53.836 0.0000000000
3159  29.419  -53.503  55.419 0.0000000000
5154  30.019  -49.830  48.743 0.0000000000
5155  27.517  -53.440  47.468 0.0000000000
5156  27.730  -52.744  45.734 0.0000000000
5160  24.900  -55.028  52.606 0.0000000000
5161  25.876  -54.630  51.610 0.0000000000
5162  24.893  -55.751  49.388 0.0000000000
6835  32.191  -50.473  53.857 0.0000000000
6836  30.060  -50.658  50.697 0.0000000000
6837  29.954  -51.639  52.242 0.0000000000
6838  28.167  -52.864  50.526 0.0000000000
6839  27.239  -54.231  48.947 0.0000000000
6840  24.090  -57.558  49.038 0.0000000000
6841  25.052  -57.252  47.813 0.0000000000
6842  25.867  -58.533  47.370 0.0000000000
7757  28.785  -53.770  56.919 0.0000000000
7758  27.482  -54.421  57.926 0.0000000000
7759  25.514  -55.098  55.800 0.0000000000
7760  23.649  -55.911  53.715 0.0000000000
7762  22.420  -56.944  54.557 0.0000000000
7763  22.770  -56.995  51.828 0.0000000000
7764  22.785  -58.348  50.096 0.0000000000
7765  23.159  -59.535  49.555 0.0000000000
9515  28.309  -51.066  47.265 0.0000000000
9521  27.387  -53.946  53.538 0.0000000000
9522  26.721  -54.662  50.338 0.0000000000
9523  26.712  -55.763  47.451 0.0000000000
9524  25.935  -57.132  47.004 0.0000000000
9525  26.927  -57.288  46.237 0.0000000000
10838  30.517  -53.134  56.303 0.0000000000
10839  30.051  -53.392  57.091 0.0000000000
12835  27.424  -54.395  46.817 0.0000000000
12836  27.589  -54.024  45.993 0.0000000000
12837  27.744  -55.027  45.531 0.0000000000
12840  24.214  -55.526  51.517 0.0000000000
12841  24.722  -55.249  50.947 0.0000000000
12842  24.390  -55.834  49.939 0.0000000000
15232  32.147  -51.010  54.728 0.0000000000
15233  31.058  -51.065  53.164 0.0000000000
15234  31.042  -51.628  53.968 0.0000000000
15235  28.779  -53.334  52.906 0.0000000000
15236  28.848  -52.861  52.151 0.0000000000
15237  28.086  -53.375  51.281 0.0000000000
15238  27.624  -53.506  49.734 0.0000000000
15239  27.552  -53.887  50.452 0.0000000000
15240  24.352  -58.277  48.545 0.0000000000
15241  24.942  -58.048  48.004 0.0000000000
15242  25.162  -58.587  47.749 0.0000000000
17035  25.111  -55.926  57.786 0.0000000000
17036  25.890  -55.292  57.269 0.0000000000
17037  24.848  -55.620  56.191 0.0000000000
17038  24.505  -55.504  54.719 0.0000000000
17039  23.796  -55.958  55.144 0.0000000000
17046  22.413  -56.904  53.167 0.0000000000
17047  22.285  -57.503  52.243 0.0000000000
17048  22.811  -57.657  50.853 0.0000000000
17052  22.472  -59.967  50.063 0.0000000000
17053  23.431  -60.031  49.481 0.0000000000
21225  29.091  -51.216  49.802 0.0000000000
21226  29.167  -50.802  48.967 0.0000000000
21227  28.336  -51.425  48.237 0.0000000000
21240  27.565  -54.006  55.919 0.0000000000
21241  28.015  -53.804  55.276 0.0000000000
21242  27.026  -54.033  54.213 0.0000000000
21243  25.682  -55.182  49.971 0.0000000000
21244  26.265  -54.720  51.012 0.0000000000
21245  26.167  -55.205  49.431 0.0000000000
21246  26.613  -55.160  48.816 0.0000000000
21247  26.225  -55.896  47.948 0.0000000000
21248  25.968  -57.784  47.103 0.0000000000
21249  25.495  -57.104  47.372 0.0000000000
21250  26.405  -57.722  46.695 0.0000000000
21252  27.304  -57.765  46.006 0.0000000000
21254  27.403  -57.240  45.914 0.0000000000
24115  31.857  -51.984  56.343 0.0000000000
24116  30.868  -52.250  54.770 0.0000000000
24117  30.696  -52.751  55.496 0.0000000000
24118  29.578  -53.317  54.583 0.0000000000
24119  28.601  -53.590  53.694 0.0000000000
24120  24.623  -59.238  48.280 0.0000000000
24121  25.360  -58.997  47.664 0.0000000000
27710  29.087  -50.058  46.983 0.0000000000
27711  27.779  -52.549  48.176 0.0000000000
27712  27.838  -52.154  47.431 0.0000000000
27713  27.612  -52.992  46.664 0.0000000000
27720  25.753  -54.652  53.814 0.0000000000
27721  26.237  -54.311  53.243 0.0000000000
27722  25.373  -54.778  52.072 0.0000000000
27723  25.173  -55.149  50.471 0.0000000000
27724  25.312  -55.719  48.961 0.0000000000
27725  27.869  -58.692  46.577 0.0000000000
27726  27.379  -58.196  46.373 0.0000000000
31309  32.199  -50.097  52.935 0.0000000000
31310  31.119  -50.135  51.431 0.0000000000
31311  31.136  -50.560  52.389 0.0000000000
31312  29.964  -51.140  51.453 0.0000000000
31313  29.007  -51.725  50.574 0.0000000000
31314  29.869  -52.234  53.034 0.0000000000
31315  28.961  -52.251  51.362 0.0000000000
31316  28.248  -52.347  49.724 0.0000000000
31317  27.685  -53.027  48.965 0.0000000000
31318  27.346  -53.841  48.189 0.0000000000
31319  27.214  -54.661  47.541 0.0000000000
31320  23.804  -56.799  49.716 0.0000000000
31321  24.352  -56.654  49.032 0.0000000000
31322  24.634  -57.391  48.443 0.0000000000
31323  25.557  -57.937  47.554 0.0000000000
31324  26.474  -58.393  47.080 0.0000000000
31325  26.016  -58.933  47.285 0.0000000000
31327  27.404  -58.776  46.844 0.0000000000
33671  29.770  -53.635  57.837 0.0000000000
33672  29.234  -53.832  58.369 0.0000000000
33673  28.133  -54.032  57.391 0.0000000000
33674  27.083  -54.286  56.415 0.0000000000
33675  26.823  -54.927  58.460 0.0000000000
33676  26.484  -54.698  56.938 0.0000000000
33677  26.119  -54.647  55.398 0.0000000000
33678  25.185  -55.091  54.252 0.0000000000
33679  24.311  -55.482  53.222 0.0000000000
33680  23.665  -55.965  52.165 0.0000000000
33687  22.985  -56.408  54.105 0.0000000000
33688  23.000  -56.401  52.787 0.0000000000
33689  23.297  -56.503  51.204 0.0000000000
33690  23.295  -57.175  50.340 0.0000000000
33691  23.445  -57.906  49.538 0.0000000000
33692  23.591  -58.568  49.070 0.0000000000
33694  22.959  -58.967  49.621 0.0000000000
33695  23.792  -59.075  48.935 0.0000000000
33696  24.034  -59.619  48.892 0.0000000000
36600  33.316  -49.462  53.058 0.0000000000
36601  33.344  -49.840  53.991 0.0000000000
36602  33.276  -50.187  54.891 0.0000000000
36603  33.195  -50.594  55.844 0.0000000000
38783  30.094  -50.269  49.726 0.0000000000
38784  29.164  -50.430  48.020 0.0000000000
38786  27.871  -51.837  46.536 0.0000000000
38801  29.075  -53.601  56.214 0.0000000000
38802  28.425  -53.670  54.527 0.0000000000
38803  27.771  -53.897  52.878 0.0000000000
38804  26.624  -54.286  52.630 0.0000000000
38805  26.959  -54.264  51.981 0.0000000000
38806  27.311  -54.152  51.199 0.0000000000
38807  27.063  -54.521  49.702 0.0000000000
38808  26.990  -55.049  48.183 0.0000000000
38809  27.163  -55.503  46.821 0.0000000000
38810  24.794  -56.450  48.465 0.0000000000
38811  25.239  -56.378  47.989 0.0000000000
38812  25.672  -56.462  47.574 0.0000000000
38813  26.885  -57.770  46.384 0.0000000000
38814  26.391  -57.211  46.617 0.0000000000
38815  26.184  -56.561  47.156 0.0000000000
38816  26.688  -56.537  46.764 0.0000000000
38817  27.192  -56.387  46.246 0.0000000000
38818  27.608  -56.144  45.754 0.0000000000
41558  30.618  -53.204  57.510 0.0000000000
41559  30.401  -53.362  57.887 0.0000000000
43555  27.374  -54.855  46.504 0.0000000000
43556  27.544  -54.730  46.152 0.0000000000
43557  27.613  -55.141  45.898 0.0000000000
43558  27.898  -55.521  45.371 0.0000000000
43559  27.749  -55.638  45.695 0.0000000000
43560  24.007  -55.812  51.037 0.0000000000
43561  24.279  -55.650  50.707 0.0000000000
43562  24.130  -55.978  50.224 0.0000000000
45952  32.121  -51.288  55.158 0.0000000000
45953  31.621  -51.323  54.367 0.0000000000
45954  31.566  -51.601  54.786 0.0000000000
45955  28.376  -53.515  52.486 0.0000000000
45956  28.379  -53.333  52.091 0.0000000000
45957  28.051  -53.553  51.662 0.0000000000
45958  27.825  -53.632  50.860 0.0000000000
45959  27.761  -53.785  51.247 0.0000000000
45960  24.394  -58.545  48.426 0.0000000000
45961  24.769  -58.430  48.115 0.0000000000
45962  24.832  -58.657  48.024 0.0000000000
47755  24.575  -56.022  57.194 0.0000000000
47756  24.998  -55.751  56.965 0.0000000000
47757  24.463  -55.880  56.394 0.0000000000
47758  24.293  -55.787  55.660 0.0000000000
47759  23.948  -56.055  55.896 0.0000000000
47766  22.150  -57.476  52.953 0.0000000000
51945  28.641  -51.505  49.401 0.0000000000
51946  28.691  -51.311  48.991 0.0000000000
51947  28.299  -51.613  48.595 0.0000000000
51960  27.090  -54.146  55.445 0.0000000000
51961  27.316  -54.021  55.092 0.0000000000
51962  26.891  -54.141  54.665 0.0000000000
51963  25.689  -55.466  49.162 0.0000000000
51964  25.925  -55.201  49.707 0.0000000000
51965  25.928  -55.494  48.937 0.0000000000
51966  26.191  -55.514  48.677 0.0000000000
51967  26.023  -55.851  48.165 0.0000000000
51968  26.506  -58.058  46.892 0.0000000000
51969  26.214  -57.753  46.907 0.0000000000
51970  26.699  -57.993  46.671 0.0000000000
55552  31.768  -52.213  56.734 0.0000000000
55553  31.305  -52.398  55.957 0.0000000000
55554  31.224  -52.629  56.327 0.0000000000
55555  29.920  -53.354  55.853 0.0000000000
55556  30.034  -53.224  55.450 0.0000000000
55557  29.509  -53.444  55.015 0.0000000000
55558  29.084  -53.462  54.150 0.0000000000
55559  29.001  -53.555  54.556 0.0000000000
55560  24.771  -59.547  48.226 0.0000000000
55561  25.050  -59.376  47.939 0.0000000000
61542  29.938  -49.638  48.235 0.0000000000
61544  29.563  -49.907  47.848 0.0000000000
61545  27.624  -52.990  47.832 0.0000000000
61546  27.650  -52.763  47.424 0.0000000000
61547  27.585  -53.216  47.049 0.0000000000
61548  27.807  -54.406  45.383 0.0000000000
61560  25.303  -54.807  53.161 0.0000000000
61561  25.569  -54.681  52.943 0.0000000000
61562  25.143  -54.883  52.323 0.0000000000
61563  24.755  -55.473  50.134 0.0000000000
61564  24.919  -55.192  50.664 0.0000000000
61565  25.024  -55.436  49.919 0.0000000000
61566  25.247  -55.414  49.704 0.0000000000
61567  25.141  -55.733  49.180 0.0000000000
61569  28.092  -58.709  46.437 0.0000000000
68737  32.100  -50.250  53.341 0.0000000000
68738  31.627  -50.321  52.645 0.0000000000
68739  31.625  -50.524  53.090 0.0000000000
68740  30.480  -51.351  52.732 0.0000000000
68741  30.497  -51.109  52.320 0.0000000000
68742  29.963  -51.378  51.855 0.0000000000
68743  29.473  -51.409  51.000 0.0000000000
68744  29.460  -51.687  51.413 0.0000000000
68745  30.308  -52.584  54.299 0.0000000000
68746  30.356  -52.247  53.891 0.0000000000
68747  29.802  -52.589  53.435 0.0000000000
68748  28.499  -52.868  51.340 0.0000000000
68749  28.908  -52.577  51.770 0.0000000000
68750  28.527  -52.579  50.933 0.0000000000
68751  28.551  -52.294  50.507 0.0000000000
68752  28.208  -52.600  50.111 0.0000000000
68753  27.958  -52.676  49.330 0.0000000000
68754  27.892  -52.880  49.717 0.0000000000
68755  27.416  -53.853  49.315 0.0000000000
68756  27.447  -53.647  48.951 0.0000000000
68757  27.300  -54.037  48.556 0.0000000000
68758  27.286  -54.257  47.873 0.0000000000
68759  27.195  -54.444  48.218 0.0000000000
68760  23.932  -57.155  49.348 0.0000000000
68761  24.203  -57.080  49.052 0.0000000000
68762  24.381  -57.446  48.746 0.0000000000
68763  25.404  -58.302  47.638 0.0000000000
68764  25.251  -57.984  47.776 0.0000000000
68765  25.742  -58.256  47.448 0.0000000000
68766  26.017  -58.182  47.261 0.0000000000
68767  26.202  -58.439  47.242 0.0000000000
68769  25.669  -58.954  47.459 0.0000000000
68776  27.782  -59.037  46.676 0.0000000000
74141  28.371  -54.084  58.186 0.0000000000
74142  27.807  -54.198  57.668 0.0000000000
74143  27.626  -54.149  56.905 0.0000000000
74144  27.281  -54.298  57.155 0.0000000000
74147  26.515  -55.251  58.682 0.0000000000
74148  25.702  -55.161  56.568 0.0000000000
74149  26.165  -54.985  57.093 0.0000000000
74150  25.996  -54.910  56.366 0.0000000000
74151  26.287  -54.686  56.139 0.0000000000
74152  25.816  -54.862  55.557 0.0000000000
74153  25.654  -54.840  54.816 0.0000000000
74154  25.341  -55.063  55.006 0.0000000000
74155  24.048  -55.716  54.229 0.0000000000
74156  24.400  -55.484  53.990 0.0000000000
74157  23.981  -55.712  53.479 0.0000000000
74158  23.929  -55.708  52.645 0.0000000000
74159  23.638  -55.980  52.955 0.0000000000
74175  22.744  -56.729  55.065 0.0000000000
74176  23.071  -56.447  54.857 0.0000000000
74177  22.713  -56.663  54.363 0.0000000000
74178  22.561  -56.935  52.513 0.0000000000
74179  22.737  -56.644  53.013 0.0000000000
74180  22.838  -56.695  52.293 0.0000000000
74181  23.127  -56.446  52.015 0.0000000000
74182  23.031  -56.756  51.544 0.0000000000
74183  23.259  -56.834  50.777 0.0000000000
74184  23.028  -57.075  51.075 0.0000000000
74185  22.796  -58.008  50.442 0.0000000000
74186  23.101  -57.775  50.171 0.0000000000
74187  23.123  -58.128  49.806 0.0000000000
74188  23.555  -58.276  49.224 0.0000000000
74189  23.179  -58.458  49.529 0.0000000000
74193  22.673  -59.505  49.854 0.0000000000
74194  22.606  -59.198  49.925 0.0000000000
74195  23.071  -59.289  49.553 0.0000000000
74196  23.402  -59.049  49.231 0.0000000000
74197  23.456  -59.286  49.253 0.0000000000
74198  23.902  -59.331  48.928 0.0000000000
74199  23.590  -59.550  49.235 0.0000000000
81273  33.348  -49.653  53.541 0.0000000000
81276  33.895  -49.884  54.945 0.0000000000
86715  30.578  -50.379  51.130 0.0000000000
86716  30.600  -50.217  50.635 0.0000000000
86717  30.099  -50.466  50.247 0.0000000000
86718  28.698  -50.926  48.139 0.0000000000
86719  29.142  -50.634  48.473 0.0000000000
86720  28.703  -50.733  47.658 0.0000000000
86721  28.735  -50.565  47.189 0.0000000000
86722  28.351  -50.901  46.844 0.0000000000
86723  27.750  -52.426  46.597 0.0000000000
86724  27.859  -51.992  47.006 0.0000000000
86725  27.777  -52.285  46.131 0.0000000000
86760  29.289  -53.695  57.372 0.0000000000
86761  29.440  -53.616  57.028 0.0000000000
86762  28.931  -53.704  56.573 0.0000000000
86763  27.681  -53.847  54.394 0.0000000000
86764  28.241  -53.711  54.934 0.0000000000
86765  27.890  -53.791  54.060 0.0000000000
86766  28.077  -53.804  53.694 0.0000000000
86767  27.587  -53.922  53.223 0.0000000000
86768  26.036  -54.441  52.413 0.0000000000
86769  26.463  -54.267  52.931 0.0000000000
86770  26.253  -54.443  52.162 0.0000000000
86771  26.503  -54.707  50.672 0.0000000000
86772  26.621  -54.498  51.520 0.0000000000
86773  26.812  -54.457  51.154 0.0000000000
86774  27.117  -54.228  51.589 0.0000000000
86775  27.003  -54.407  50.794 0.0000000000
86776  27.162  -54.327  50.438 0.0000000000
86777  26.910  -54.614  50.028 0.0000000000
86778  26.626  -55.463  48.121 0.0000000000
86779  26.822  -55.121  48.535 0.0000000000
86780  26.852  -55.421  47.836 0.0000000000
86781  27.025  -55.249  47.462 0.0000000000
86782  26.948  -55.654  47.142 0.0000000000
86783  24.638  -56.935  48.348 0.0000000000
86784  24.543  -56.527  48.740 0.0000000000
86785  24.852  -56.829  48.097 0.0000000000
86786  25.723  -57.107  47.145 0.0000000000
86787  25.346  -56.739  47.632 0.0000000000
86788  25.550  -56.756  47.449 0.0000000000
86789  25.427  -56.401  47.808 0.0000000000
86790  25.757  -56.797  47.281 0.0000000000
86792  27.128  -57.987  46.359 0.0000000000
86794  27.095  -57.559  46.099 0.0000000000
86795  26.840  -57.528  46.269 0.0000000000
86796  26.643  -57.247  46.417 0.0000000000
86797  26.232  -56.884  46.829 0.0000000000
86798  26.491  -56.938  46.617 0.0000000000
86799  26.451  -56.611  46.971 0.0000000000
86800  26.762  -56.953  46.452 0.0000000000
86801  27.658  -57.135  45.718 0.0000000000
86802  27.274  -56.817  46.062 0.0000000000
86803  27.533  -56.720  45.822 0.0000000000
86804  27.420  -56.275  45.971 0.0000000000
86805  27.770  -56.615  45.591 0.0000000000
93236  31.102  -52.829  56.727 0.0000000000
93237  30.890  -53.020  57.122 0.0000000000
93238  30.266  -53.275  56.676 0.0000000000
93239  29.716  -53.429  56.209 0.0000000000
96830  30.507  -49.758  49.625 0.0000000000
96831  27.476  -53.878  47.132 0.0000000000
96832  27.534  -53.682  46.689 0.0000000000
96833  27.527  -54.235  46.424 0.0000000000
96834  27.674  -54.559  45.760 0.0000000000
96835  27.925  -54.938  45.195 0.0000000000
96840  24.498  -55.268  52.091 0.0000000000
96841  24.790  -55.095  51.785 0.0000000000
96842  24.503  -55.353  51.244 0.0000000000
96843  24.549  -55.508  50.451 0.0000000000
96844  24.635  -55.767  49.650 0.0000000000
101146  32.183  -50.732  54.310 0.0000000000
101147  31.679  -50.753  53.557 0.0000000000
101148  31.630  -51.036  53.976 0.0000000000
101149  31.046  -51.340  53.566 0.0000000000
101150  30.467  -51.638  53.144 0.0000000000
101151  29.249  -53.178  53.323 0.0000000000
101152  29.259  -52.894  52.972 0.0000000000
101153  28.799  -53.118  52.523 0.0000000000
101154  28.445  -53.125  51.715 0.0000000000
101155  28.151  -53.159  50.928 0.0000000000
101156  27.862  -53.138  50.127 0.0000000000
101157  27.854  -53.408  50.517 0.0000000000
101158  27.615  -53.712  50.086 0.0000000000
101159  27.373  -54.019  49.650 0.0000000000
101160  24.223  -57.950  48.762 0.0000000000
101161  24.560  -57.797  48.477 0.0000000000
101162  24.656  -58.147  48.261 0.0000000000
101163  25.057  -58.339  47.839 0.0000000000
101164  25.506  -58.556  47.535 0.0000000000
104391  25.668  -55.804  58.334 0.0000000000
104392  26.027  -55.426  58.051 0.0000000000
104393  25.537  -55.611  57.520 0.0000000000
104394  25.399  -55.467  56.745 0.0000000000
104395  25.205  -55.354  56.003 0.0000000000
104396  25.010  -55.307  55.221 0.0000000000
104397  24.679  -55.525  55.407 0.0000000000
104398  24.144  -55.726  54.928 0.0000000000
104399  23.684  -55.903  54.426 0.0000000000
104409  22.165  -57.194  54.065 0.0000000000
104410  22.406  -56.907  53.869 0.0000000000
104411  22.192  -57.180  53.382 0.0000000000
104412  22.304  -57.178  52.700 0.0000000000
104413  22.524  -57.242  52.027 0.0000000000
104414  22.787  -57.318  51.334 0.0000000000
104417  22.484  -58.248  50.730 0.0000000000
104421  22.244  -59.681  50.105 0.0000000000
104422  22.802  -59.740  49.817 0.0000000000
104423  23.288  -59.778  49.522 0.0000000000
104424  22.970  -59.990  49.784 0.0000000000
111933  29.594  -50.922  50.240 0.0000000000
111934  29.623  -50.732  49.867 0.0000000000
111935  29.141  -51.006  49.401 0.0000000000
111936  28.725  -51.120  48.637 0.0000000000
111937  28.336  -51.255  47.795 0.0000000000
111960  28.099  -53.884  56.409 0.0000000000
111961  28.352  -53.787  56.103 0.0000000000
111962  27.812  -53.901  55.566 0.0000000000
111963  27.505  -53.924  54.727 0.0000000000
111964  27.204  -53.984  53.858 0.0000000000
111965  25.743  -54.891  50.795 0.0000000000
111966  26.054  -54.682  51.341 0.0000000000
111967  25.955  -54.954  50.503 0.0000000000
111968  26.201  -54.940  50.220 0.0000000000
111969  26.419  -54.948  49.844 0.0000000000
111970  26.634  -54.902  49.539 0.0000000000
111971  26.411  -55.217  49.101 0.0000000000
111972  26.415  -55.507  48.398 0.0000000000
111973  26.467  -55.824  47.723 0.0000000000
111974  25.480  -57.510  47.395 0.0000000000
111975  25.273  -57.164  47.571 0.0000000000
111976  25.732  -57.456  47.193 0.0000000000
111977  25.932  -57.448  46.992 0.0000000000
111978  26.155  -57.459  46.790 0.0000000000
111982  27.528  -57.845  45.887 0.0000000000
111983  27.336  -57.588  45.974 0.0000000000
111984  27.168  -57.294  46.106 0.0000000000
111985  27.558  -57.567  45.882 0.0000000000
117709  31.942  -51.758  55.953 0.0000000000
117710  31.474  -51.876  55.186 0.0000000000
117711  31.373  -52.154  55.565 0.0000000000
117712  30.789  -52.522  55.136 0.0000000000
117713  30.260  -52.856  54.691 0.0000000000
117714  30.597  -52.951  55.885 0.0000000000
117715  30.119  -53.053  55.043 0.0000000000
117716  29.713  -53.129  54.230 0.0000000000
117717  29.196  -53.329  53.746 0.0000000000
117718  28.737  -53.487  53.310 0.0000000000
117719  28.299  -53.614  52.848 0.0000000000
117720  24.488  -58.973  48.307 0.0000000000
117721  24.866  -58.842  47.986 0.0000000000
117722  24.932  -59.086  47.962 0.0000000000
120238  24.698  -56.186  58.006 0.0000000000
120239  24.181  -56.295  57.430 0.0000000000
126099  28.008  -52.189  48.574 0.0000000000
126100  28.031  -51.965  48.222 0.0000000000
126101  27.827  -52.338  47.816 0.0000000000
126102  27.666  -52.564  46.997 0.0000000000
126103  27.676  -52.861  46.226 0.0000000000
126104  27.593  -53.492  46.304 0.0000000000
126105  27.673  -53.329  45.937 0.0000000000
126120  26.198  -54.483  54.398 0.0000000000
126121  26.449  -54.294  54.121 0.0000000000
126122  26.009  -54.472  53.527 0.0000000000
126123  25.805  -54.517  52.665 0.0000000000
126124  25.622  -54.663  51.865 0.0000000000
126125  24.984  -55.016  51.452 0.0000000000
126126  25.241  -54.930  51.272 0.0000000000
126127  25.505  -54.881  51.057 0.0000000000
126128  25.439  -55.129  50.261 0.0000000000
126129  25.439  -55.425  49.450 0.0000000000
126130  25.540  -55.775  48.679 0.0000000000
126131  27.442  -58.442  46.645 0.0000000000
126132  27.159  -58.193  46.533 0.0000000000
126133  27.647  -58.417  46.480 0.0000000000
126134  27.851  -58.414  46.327 0.0000000000
135451  32.199  -49.862  52.502 0.0000000000
135453  31.646  -50.123  52.193 0.0000000000
135454  31.098  -50.352  51.900 0.0000000000
135455  30.511  -50.610  51.509 0.0000000000
135456  31.074  -50.817  52.749 0.0000000000
135457  30.508  -50.857  51.919 0.0000000000
135458  29.975  -50.885  51.053 0.0000000000
135459  29.527  -51.139  50.608 0.0000000000
135460  29.036  -51.407  50.208 0.0000000000
135461  28.615  -51.739  49.796 0.0000000000
135462  30.963  -51.937  54.371 0.0000000000
135463  30.411  -51.920  53.518 0.0000000000
135464  29.933  -51.928  52.644 0.0000000000
135465  29.342  -52.567  52.591 0.0000000000
135466  29.413  -52.246  52.191 0.0000000000
135467  29.454  -51.934  51.791 0.0000000000
135468  28.988  -51.987  50.966 0.0000000000
135469  28.574  -52.045  50.130 0.0000000000
135470  28.273  -52.083  49.362 0.0000000000
135471  27.989  -52.421  48.952 0.0000000000
135472  27.731  -52.786  48.575 0.0000000000
135473  27.561  -53.228  48.212 0.0000000000
135474  27.634  -53.252  49.343 0.0000000000
135475  27.487  -53.431  48.580 0.0000000000
135476  27.431  -53.656  47.833 0.0000000000
135477  27.394  -54.102  47.510 0.0000000000
135478  27.320  -54.547  47.176 0.0000000000
135479  27.274  -54.975  46.818 0.0000000000
135480  23.781  -56.451  50.102 0.0000000000
135481  24.065  -56.358  49.774 0.0000000000
135482  24.068  -56.717  49.376 0.0000000000
135483  24.434  -57.015  48.676 0.0000000000
135484  24.830  -57.334  48.130 0.0000000000
135485  24.815  -57.733  48.206 0.0000000000
135486  25.057  -57.674  47.948 0.0000000000
135487  25.286  -57.601  47.675 0.0000000000
135488  25.732  -57.840  47.311 0.0000000000
135489  26.230  -58.092  47.069 0.0000000000
135490  26.766  -58.331  46.907 0.0000000000
135491  25.251  -58.760  47.703 0.0000000000
135492  25.568  -58.747  47.486 0.0000000000
135493  25.954  -58.766  47.314 0.0000000000
135495  26.396  -58.903  47.140 0.0000000000
135496  26.302  -58.682  47.197 0.0000000000
135497  26.636  -58.624  47.077 0.0000000000
135498  26.965  -58.612  46.938 0.0000000000
135499  27.250  -58.508  46.810 0.0000000000
135500  27.659  -58.728  46.724 0.0000000000
135501  28.034  -59.034  46.606 0.0000000000
142136  29.026  -53.799  57.646 0.0000000000
142138  28.698  -53.937  57.893 0.0000000000
142139  28.453  -53.905  57.144 0.0000000000
142140  27.855  -54.012  56.674 0.0000000000
142141  27.354  -54.148  56.188 0.0000000000
142142  26.843  -54.304  55.710 0.0000000000
142145  27.124  -54.668  58.122 0.0000000000
142146  26.337  -55.090  57.903 0.0000000000
142147  26.646  -54.807  57.659 0.0000000000
142148  26.961  -54.542  57.412 0.0000000000
142149  26.766  -54.450  56.649 0.0000000000
142150  26.573  -54.472  55.923 0.0000000000
142151  26.395  -54.474  55.209 0.0000000000
142152  25.950  -54.639  54.660 0.0000000000
142153  25.481  -54.859  54.061 0.0000000000
142154  25.057  -55.046  53.466 0.0000000000
142155  24.857  -55.270  54.483 0.0000000000
142156  24.748  -55.271  53.738 0.0000000000
142157  24.649  -55.251  52.941 0.0000000000
142158  24.224  -55.467  52.370 0.0000000000
142159  23.952  -55.724  51.855 0.0000000000
142160  23.739  -55.992  51.390 0.0000000000
142168  23.826  -56.579  57.699 0.0000000000
142169  23.717  -56.419  56.862 0.0000000000
142179  23.500  -56.237  55.366 0.0000000000
142180  23.376  -56.163  54.633 0.0000000000
142181  23.308  -56.128  53.920 0.0000000000
142182  22.687  -56.643  53.660 0.0000000000
142183  22.979  -56.381  53.466 0.0000000000
142184  23.278  -56.144  53.252 0.0000000000
142185  23.335  -56.196  52.488 0.0000000000
142186  23.438  -56.194  51.690 0.0000000000
142187  23.572  -56.275  50.864 0.0000000000
142188  23.524  -56.594  50.430 0.0000000000
142189  23.551  -56.958  50.032 0.0000000000
142190  23.669  -57.338  49.653 0.0000000000
142191  23.130  -57.437  50.584 0.0000000000
142192  23.385  -57.547  49.915 0.0000000000
142193  23.787  -57.725  49.307 0.0000000000
142194  23.900  -58.110  48.980 0.0000000000
142195  23.978  -58.418  48.823 0.0000000000
142196  24.012  -58.677  48.709 0.0000000000
142199  22.433  -58.571  50.377 0.0000000000
142201  22.504  -58.876  50.072 0.0000000000
142202  22.835  -58.650  49.800 0.0000000000
142203  23.267  -58.756  49.334 0.0000000000
142204  23.663  -58.827  48.930 0.0000000000
142205  24.109  -58.903  48.635 0.0000000000
142206  24.228  -59.136  48.616 0.0000000000
142207  24.336  -59.421  48.590 0.0000000000
142208  24.428  -59.762  48.534 0.0000000000
142209  23.725  -59.824  49.195 0.0000000000
150769  32.761  -49.776  53.054 0.0000000000
150770  32.742  -49.955  53.516 0.0000000000
150771  32.657  -50.113  53.894 0.0000000000
150772  33.948  -49.712  54.474 0.0000000000
150773  33.318  -50.027  54.441 0.0000000000
150774  32.734  -50.343  54.416 0.0000000000
150775  32.702  -50.565  54.846 0.0000000000
150776  32.668  -50.799  55.305 0.0000000000
150777  32.614  -51.047  55.767 0.0000000000
150785  33.118  -50.840  56.284 0.0000000000
150786  32.548  -51.282  56.173 0.0000000000
157308  30.565  -50.002  50.137 0.0000000000
157309  30.116  -50.021  49.302 0.0000000000
157310  29.619  -50.543  49.340 0.0000000000
157311  29.622  -50.332  48.868 0.0000000000
157312  29.605  -50.118  48.379 0.0000000000
157313  29.132  -50.240  47.498 0.0000000000
157314  28.709  -50.393  46.617 0.0000000000
157316  28.022  -51.747  47.861 0.0000000000
157317  28.022  -51.568  47.399 0.0000000000
157318  28.031  -51.418  46.904 0.0000000000
157319  27.824  -52.129  45.678 0.0000000000
157320  27.902  -51.653  46.044 0.0000000000
157321  28.064  -51.272  46.436 0.0000000000
157361  29.901  -53.510  57.499 0.0000000000
157362  29.577  -53.506  56.668 0.0000000000
157363  29.236  -53.531  55.817 0.0000000000
157364  28.569  -53.708  55.773 0.0000000000
157365  28.727  -53.593  55.385 0.0000000000
157366  28.915  -53.603  54.969 0.0000000000
157367  28.518  -53.664  54.101 0.0000000000
157368  28.200  -53.719  53.271 0.0000000000
157369  27.905  -53.821  52.484 0.0000000000
157370  26.659  -54.170  53.761 0.0000000000
157371  26.838  -54.125  53.394 0.0000000000
157372  26.982  -54.128  53.057 0.0000000000
157373  26.427  -54.482  51.866 0.0000000000
157374  26.792  -54.282  52.323 0.0000000000
157375  27.166  -54.067  52.741 0.0000000000
157376  27.324  -54.046  52.408 0.0000000000
157377  27.497  -54.013  52.055 0.0000000000
157378  27.654  -53.927  51.664 0.0000000000
157379  27.437  -54.033  50.827 0.0000000000
157380  27.279  -54.187  50.082 0.0000000000
157381  27.170  -54.397  49.332 0.0000000000
157382  26.843  -54.826  49.284 0.0000000000
157383  27.014  -54.777  48.968 0.0000000000
157384  27.107  -54.650  48.578 0.0000000000
157385  27.114  -54.892  47.817 0.0000000000
157386  27.172  -55.095  47.142 0.0000000000
157387  27.300  -55.415  46.492 0.0000000000
157388  24.327  -56.253  49.468 0.0000000000
157389  24.525  -56.123  49.162 0.0000000000
157390  24.813  -56.100  48.874 0.0000000000
157391  25.130  -56.769  47.855 0.0000000000
157392  25.053  -56.410  48.205 0.0000000000
157393  25.037  -56.086  48.654 0.0000000000
157394  25.244  -56.060  48.458 0.0000000000
157395  25.457  -56.074  48.238 0.0000000000
157396  25.697  -56.154  47.965 0.0000000000
157397  26.905  -57.977  46.498 0.0000000000
157398  26.663  -57.749  46.528 0.0000000000
157399  26.406  -57.484  46.594 0.0000000000
157400  27.097  -57.769  46.207 0.0000000000
157401  26.604  -57.514  46.471 0.0000000000
157402  26.160  -57.176  46.811 0.0000000000
157403  25.996  -56.856  47.036 0.0000000000
157404  25.932  -56.516  47.357 0.0000000000
157405  25.954  -56.186  47.736 0.0000000000
157406  26.194  -56.231  47.540 0.0000000000
157407  26.431  -56.201  47.331 0.0000000000
157408  26.662  -56.110  47.069 0.0000000000
157409  27.013  -56.913  46.301 0.0000000000
157410  26.939  -56.476  46.520 0.0000000000
157411  26.898  -56.054  46.799 0.0000000000
157412  27.158  -55.932  46.521 0.0000000000
157413  27.343  -55.831  46.223 0.0000000000
157414  27.530  -55.731  45.952 0.0000000000
157415  27.840  -56.097  45.491 0.0000000000
