#!ascii label  , from subject fsaverage vox2ras=TkReg
695
53  49.514  20.152  18.503 0.0000000000
249  45.153  17.164  8.744 0.0000000000
507  53.861  14.114  9.613 0.0000000000
729  46.988  22.288  8.220 0.0000000000
1110  54.195  22.518  17.801 0.0000000000
1111  54.314  19.003  14.643 0.0000000000
1112  54.121  16.919  17.309 0.0000000000
1603  49.677  14.451  19.418 0.0000000000
2163  50.547  20.975  10.950 0.0000000000
2164  49.393  14.827  9.399 0.0000000000
2165  49.829  12.295  3.403 0.0000000000
2166  51.179  12.474  11.776 0.0000000000
3030  52.269  21.572  18.692 0.0000000000
3031  54.583  19.713  18.130 0.0000000000
3032  52.119  18.646  18.625 0.0000000000
3625  43.979  18.658  8.655 0.0000000000
3627  43.062  16.261  7.631 0.0000000000
3629  44.705  15.060  6.970 0.0000000000
4771  52.038  22.296  8.838 0.0000000000
4772  53.519  22.157  11.200 0.0000000000
4773  54.149  16.286  12.891 0.0000000000
4774  51.717  16.979  12.791 0.0000000000
4775  52.121  14.777  9.280 0.0000000000
4776  49.804  13.629  6.127 0.0000000000
4777  52.352  13.500  5.807 0.0000000000
4779  50.591  13.883  15.691 0.0000000000
5921  46.159  19.750  8.966 0.0000000000
6606  54.552  23.472  15.398 0.0000000000
6607  54.538  21.773  14.128 0.0000000000
6608  55.272  20.783  16.426 0.0000000000
6609  55.346  17.849  15.905 0.0000000000
6610  54.702  15.379  13.711 0.0000000000
7579  49.554  17.312  19.414 0.0000000000
7580  47.619  15.755  20.468 0.0000000000
9052  48.909  21.214  8.887 0.0000000000
9053  47.401  19.036  10.666 0.0000000000
9054  52.290  20.185  13.379 0.0000000000
9055  49.173  18.147  12.383 0.0000000000
9056  46.715  15.703  9.420 0.0000000000
9057  46.847  13.982  6.726 0.0000000000
9060  51.904  15.875  18.583 0.0000000000
9061  52.841  14.742  14.769 0.0000000000
9062  53.199  13.112  10.691 0.0000000000
10710  50.952  20.900  18.621 0.0000000000
10711  52.295  20.172  18.821 0.0000000000
10712  50.852  19.482  18.636 0.0000000000
11305  44.608  17.901  8.494 0.0000000000
11306  43.532  17.498  8.108 0.0000000000
11307  44.185  16.838  7.882 0.0000000000
11308  43.855  15.662  7.260 0.0000000000
11309  44.856  16.051  7.870 0.0000000000
12453  54.055  15.078  11.315 0.0000000000
12454  53.152  15.430  11.147 0.0000000000
12455  53.292  14.600  9.354 0.0000000000
12456  52.349  14.150  7.332 0.0000000000
12457  53.303  13.854  7.620 0.0000000000
13708  45.451  20.443  8.787 0.0000000000
13709  46.582  21.042  8.499 0.0000000000
14850  54.483  22.940  16.700 0.0000000000
14851  54.952  22.166  16.054 0.0000000000
14852  54.896  21.568  17.229 0.0000000000
14853  54.502  18.185  17.904 0.0000000000
14854  55.193  18.691  17.117 0.0000000000
14855  54.979  17.344  16.656 0.0000000000
14856  55.017  16.577  15.010 0.0000000000
14857  54.585  16.145  15.612 0.0000000000
16638  41.351  16.083  8.590 0.0000000000
16651  47.362  17.050  19.526 0.0000000000
16652  46.304  16.303  19.952 0.0000000000
20073  51.279  21.612  9.791 0.0000000000
20074  50.381  21.730  8.759 0.0000000000
20075  49.725  21.101  9.890 0.0000000000
20076  48.186  20.347  9.922 0.0000000000
20077  48.985  20.167  10.940 0.0000000000
20078  54.459  20.433  14.627 0.0000000000
20079  53.648  20.943  13.652 0.0000000000
20080  53.183  19.527  14.093 0.0000000000
20081  50.442  15.793  11.274 0.0000000000
20082  50.371  17.497  12.742 0.0000000000
20083  49.096  16.104  11.225 0.0000000000
20084  47.780  16.593  11.055 0.0000000000
20085  47.954  15.154  9.478 0.0000000000
20086  46.798  14.698  8.015 0.0000000000
20087  48.131  14.292  7.890 0.0000000000
20088  49.940  13.055  4.691 0.0000000000
20089  48.359  13.080  5.106 0.0000000000
20090  48.319  12.437  3.860 0.0000000000
20093  49.719  15.863  20.000 0.0000000000
20094  50.806  16.548  19.365 0.0000000000
20095  50.759  15.208  19.026 0.0000000000
20096  50.921  13.175  13.796 0.0000000000
20097  51.631  14.406  15.241 0.0000000000
20098  51.935  13.549  13.232 0.0000000000
20099  53.116  13.854  12.760 0.0000000000
23201  47.413  23.353  8.046 0.0000000000
23886  53.427  22.119  18.544 0.0000000000
23887  54.522  21.123  18.164 0.0000000000
23888  53.613  20.661  18.672 0.0000000000
23889  53.503  19.145  18.469 0.0000000000
23890  53.287  17.722  18.385 0.0000000000
24957  43.292  19.366  9.061 0.0000000000
24959  42.859  18.198  8.567 0.0000000000
24960  42.389  16.880  8.127 0.0000000000
24961  42.033  15.511  8.019 0.0000000000
24963  42.783  15.026  7.402 0.0000000000
24964  43.617  14.469  6.794 0.0000000000
24965  44.504  14.022  6.138 0.0000000000
27021  52.894  22.117  9.799 0.0000000000
27022  52.129  21.591  11.040 0.0000000000
27023  54.176  17.581  14.104 0.0000000000
27024  53.095  18.092  13.868 0.0000000000
27025  53.018  16.648  12.832 0.0000000000
27026  51.834  15.626  11.151 0.0000000000
27027  50.757  14.812  9.342 0.0000000000
27028  49.586  14.143  7.664 0.0000000000
27029  51.036  14.185  7.463 0.0000000000
27030  51.195  13.646  5.833 0.0000000000
27031  51.223  12.943  4.431 0.0000000000
27033  50.142  14.217  17.610 0.0000000000
29175  44.369  19.872  8.974 0.0000000000
29176  45.098  19.104  8.788 0.0000000000
29177  45.632  18.488  9.129 0.0000000000
30775  54.698  22.874  13.239 0.0000000000
30776  54.822  22.664  14.734 0.0000000000
30777  55.016  21.334  15.426 0.0000000000
30778  55.137  19.855  15.496 0.0000000000
30779  55.184  20.235  17.351 0.0000000000
30780  55.392  19.263  16.337 0.0000000000
30781  55.170  18.435  15.166 0.0000000000
30782  54.931  17.101  14.447 0.0000000000
30783  54.729  15.879  13.205 0.0000000000
30784  54.381  14.658  11.753 0.0000000000
33187  49.502  18.704  18.787 0.0000000000
33189  48.604  16.493  19.999 0.0000000000
33190  48.844  15.142  20.493 0.0000000000
34872  54.229  24.482  14.495 0.0000000000
34873  54.031  24.097  15.902 0.0000000000
34874  53.724  23.729  17.113 0.0000000000
34877  53.151  23.340  18.171 0.0000000000
34878  52.218  22.846  18.731 0.0000000000
34879  51.076  22.154  18.715 0.0000000000
37399  49.441  22.154  8.116 0.0000000000
37400  47.980  21.642  8.293 0.0000000000
37401  47.472  20.567  9.026 0.0000000000
37402  46.821  19.407  9.733 0.0000000000
37403  46.091  17.891  9.872 0.0000000000
37404  54.064  22.051  12.613 0.0000000000
37405  52.863  21.383  12.374 0.0000000000
37406  51.364  20.692  12.167 0.0000000000
37407  51.829  18.706  13.611 0.0000000000
37408  50.735  19.363  13.024 0.0000000000
37409  49.791  19.887  11.973 0.0000000000
37410  48.199  18.663  11.657 0.0000000000
37411  46.742  17.239  10.596 0.0000000000
37412  45.771  16.479  9.147 0.0000000000
37413  45.697  15.385  7.989 0.0000000000
37414  45.715  14.463  6.861 0.0000000000
37415  45.644  13.609  5.749 0.0000000000
37416  48.291  13.647  6.476 0.0000000000
37417  46.921  13.277  5.516 0.0000000000
37422  50.756  17.992  18.912 0.0000000000
37423  52.033  17.165  18.811 0.0000000000
37424  53.039  16.434  17.957 0.0000000000
37425  51.291  14.870  17.207 0.0000000000
37426  52.494  15.366  16.751 0.0000000000
37427  53.671  15.741  16.202 0.0000000000
37428  54.024  14.959  14.250 0.0000000000
37429  54.055  14.122  12.239 0.0000000000
37430  53.873  13.571  10.082 0.0000000000
37440  52.997  13.089  6.000 0.0000000000
37441  52.108  12.727  4.423 0.0000000000
37442  50.997  12.053  3.048 0.0000000000
41430  50.245  20.542  18.542 0.0000000000
41431  50.916  20.226  18.613 0.0000000000
41432  50.210  19.858  18.587 0.0000000000
42025  44.898  17.570  8.582 0.0000000000
42026  44.410  17.376  8.244 0.0000000000
42027  44.680  17.009  8.272 0.0000000000
42028  44.486  16.461  7.877 0.0000000000
42029  44.919  16.595  8.321 0.0000000000
43173  53.958  14.564  10.502 0.0000000000
43174  53.667  14.799  10.352 0.0000000000
43175  53.639  14.354  9.415 0.0000000000
43176  53.297  14.165  8.352 0.0000000000
43177  53.596  13.964  8.568 0.0000000000
44425  46.590  22.589  8.251 0.0000000000
44427  46.380  22.018  8.362 0.0000000000
44428  46.237  21.403  8.495 0.0000000000
44429  46.787  21.687  8.339 0.0000000000
45570  54.362  22.705  17.268 0.0000000000
45571  54.685  22.244  16.994 0.0000000000
45572  54.586  22.012  17.524 0.0000000000
45573  54.340  17.519  17.684 0.0000000000
45574  54.799  17.757  17.351 0.0000000000
45575  54.610  17.108  16.999 0.0000000000
45576  54.788  16.729  16.191 0.0000000000
45577  54.379  16.527  16.516 0.0000000000
47358  41.276  15.376  8.600 0.0000000000
50793  50.899  21.339  10.363 0.0000000000
50794  50.463  21.368  9.850 0.0000000000
50795  50.124  21.046  10.443 0.0000000000
50796  49.381  20.700  10.453 0.0000000000
50797  49.827  20.635  11.001 0.0000000000
50798  54.391  19.730  14.700 0.0000000000
50799  53.929  20.018  14.329 0.0000000000
50800  53.756  19.285  14.412 0.0000000000
50801  49.915  15.283  10.310 0.0000000000
50802  49.779  15.911  11.243 0.0000000000
50803  49.224  15.345  10.305 0.0000000000
50804  48.520  15.531  10.322 0.0000000000
50805  48.695  14.952  9.438 0.0000000000
50806  48.093  14.675  8.682 0.0000000000
50807  48.788  14.500  8.556 0.0000000000
50808  49.905  12.687  3.991 0.0000000000
50809  49.139  12.739  4.170 0.0000000000
50810  49.129  12.375  3.559 0.0000000000
50812  49.091  11.965  3.084 0.0000000000
50813  49.808  15.092  19.966 0.0000000000
50814  50.301  15.509  19.644 0.0000000000
50815  50.178  14.859  19.208 0.0000000000
50816  51.100  12.835  12.866 0.0000000000
50817  51.381  13.400  13.504 0.0000000000
50818  51.555  12.988  12.498 0.0000000000
50819  52.053  13.136  12.274 0.0000000000
50820  51.686  12.634  11.493 0.0000000000
55170  52.922  21.881  18.688 0.0000000000
55171  53.581  21.398  18.636 0.0000000000
55172  52.997  21.144  18.773 0.0000000000
55173  52.241  19.395  18.696 0.0000000000
55174  52.907  19.642  18.666 0.0000000000
55175  52.812  18.897  18.558 0.0000000000
55176  53.356  18.432  18.410 0.0000000000
55177  52.702  18.174  18.526 0.0000000000
56955  43.642  19.026  8.838 0.0000000000
56956  43.093  18.799  8.829 0.0000000000
56957  43.423  18.424  8.568 0.0000000000
56958  43.290  16.870  7.821 0.0000000000
56959  42.971  17.231  8.023 0.0000000000
56960  42.727  16.562  7.798 0.0000000000
56961  42.178  16.191  8.037 0.0000000000
56962  42.489  15.946  7.743 0.0000000000
56964  42.882  15.652  7.507 0.0000000000
56965  44.254  15.338  7.122 0.0000000000
56966  43.699  15.066  6.994 0.0000000000
56967  44.143  14.771  6.799 0.0000000000
56968  44.055  14.213  6.490 0.0000000000
56969  44.593  14.502  6.538 0.0000000000
60393  53.850  22.511  10.607 0.0000000000
60394  53.555  22.520  9.918 0.0000000000
60395  53.242  22.176  10.446 0.0000000000
60396  52.453  21.852  10.383 0.0000000000
60397  52.891  21.844  11.056 0.0000000000
60398  54.137  16.920  13.564 0.0000000000
60399  53.620  17.141  13.463 0.0000000000
60400  53.616  16.464  12.792 0.0000000000
60401  52.619  15.076  10.229 0.0000000000
60402  52.513  15.543  11.129 0.0000000000
60403  51.974  15.161  10.255 0.0000000000
60404  51.276  15.210  10.299 0.0000000000
60405  51.471  14.802  9.364 0.0000000000
60406  50.907  14.464  8.368 0.0000000000
60407  51.612  14.459  8.310 0.0000000000
60408  52.356  13.834  6.510 0.0000000000
60409  51.767  13.914  6.501 0.0000000000
60410  51.810  13.624  5.731 0.0000000000
60411  51.287  13.345  5.129 0.0000000000
60412  51.841  13.311  5.049 0.0000000000
64162  44.222  20.867  9.065 0.0000000000
64163  44.006  20.221  9.077 0.0000000000
64164  44.568  20.522  8.974 0.0000000000
64165  45.814  20.074  8.801 0.0000000000
64166  45.302  19.761  8.817 0.0000000000
64167  45.638  19.418  8.899 0.0000000000
64168  45.375  18.766  8.941 0.0000000000
64169  45.896  19.124  9.131 0.0000000000
67590  54.593  23.662  14.615 0.0000000000
67591  54.754  23.266  14.280 0.0000000000
67592  54.747  23.086  15.074 0.0000000000
67593  55.123  21.496  16.302 0.0000000000
67594  55.039  21.762  15.712 0.0000000000
67595  55.169  21.064  15.917 0.0000000000
67596  55.086  20.582  15.532 0.0000000000
67597  55.268  20.315  15.990 0.0000000000
67598  54.579  20.430  18.189 0.0000000000
67599  54.899  20.690  17.795 0.0000000000
67600  54.940  19.970  17.791 0.0000000000
67601  55.364  18.257  16.541 0.0000000000
67602  55.370  19.011  16.678 0.0000000000
67603  55.389  18.525  16.105 0.0000000000
67604  55.348  18.811  15.739 0.0000000000
67605  55.280  18.134  15.500 0.0000000000
67606  55.019  17.744  14.891 0.0000000000
67607  55.174  17.476  15.177 0.0000000000
67608  54.871  15.976  14.395 0.0000000000
67609  54.880  16.205  14.094 0.0000000000
67610  54.808  15.623  13.469 0.0000000000
67611  54.619  15.276  12.532 0.0000000000
67612  54.597  15.017  12.763 0.0000000000
72993  47.460  16.401  19.982 0.0000000000
72994  47.979  16.770  19.816 0.0000000000
72995  48.143  16.153  20.251 0.0000000000
72996  48.743  15.854  20.311 0.0000000000
72997  48.297  15.504  20.573 0.0000000000
72999  45.934  15.390  20.600 0.0000000000
73004  48.520  14.050  20.271 0.0000000000
77021  53.745  24.542  15.370 0.0000000000
77023  53.916  23.892  16.556 0.0000000000
77033  52.726  23.095  18.548 0.0000000000
77034  52.185  23.384  18.781 0.0000000000
77038  50.461  21.797  18.613 0.0000000000
83260  51.523  22.408  8.414 0.0000000000
83261  49.623  21.489  8.812 0.0000000000
83262  49.917  21.895  8.335 0.0000000000
83263  49.193  21.642  8.364 0.0000000000
83264  48.679  21.898  8.165 0.0000000000
83265  48.433  21.377  8.522 0.0000000000
83266  47.744  21.073  8.619 0.0000000000
83267  48.160  20.922  8.978 0.0000000000
83268  47.796  19.755  10.360 0.0000000000
83269  47.486  19.897  9.893 0.0000000000
83270  47.090  19.243  10.182 0.0000000000
83271  46.446  18.676  9.891 0.0000000000
83272  46.680  18.419  10.311 0.0000000000
83273  54.624  22.333  13.689 0.0000000000
83274  54.503  22.400  12.918 0.0000000000
83275  54.306  21.944  13.371 0.0000000000
83276  53.017  20.561  13.474 0.0000000000
83277  53.240  21.174  13.034 0.0000000000
83278  52.550  20.837  12.921 0.0000000000
83279  52.118  21.088  12.282 0.0000000000
83280  51.779  20.468  12.811 0.0000000000
83281  52.405  17.576  13.399 0.0000000000
83282  52.450  18.394  13.833 0.0000000000
83283  51.748  17.832  13.351 0.0000000000
83284  49.719  17.832  12.646 0.0000000000
83285  50.472  18.469  13.053 0.0000000000
83286  49.948  18.837  12.751 0.0000000000
83287  50.260  19.650  12.513 0.0000000000
83288  49.458  19.175  12.399 0.0000000000
83289  49.032  19.342  11.855 0.0000000000
83290  48.696  18.403  12.015 0.0000000000
83291  47.184  16.023  10.279 0.0000000000
83292  47.230  16.920  10.867 0.0000000000
83293  46.680  16.393  10.114 0.0000000000
83294  46.216  16.771  9.900 0.0000000000
83295  46.205  16.072  9.342 0.0000000000
83296  45.726  15.905  8.589 0.0000000000
83297  46.217  15.538  8.664 0.0000000000
83298  46.826  14.313  7.330 0.0000000000
83299  46.259  14.609  7.394 0.0000000000
83300  46.280  14.198  6.808 0.0000000000
83301  45.677  14.033  6.253 0.0000000000
83302  46.259  13.819  6.202 0.0000000000
83303  49.708  13.873  6.885 0.0000000000
83304  48.971  13.842  6.994 0.0000000000
83305  49.009  13.607  6.309 0.0000000000
83306  47.590  12.855  4.705 0.0000000000
83307  47.620  13.153  5.324 0.0000000000
83308  46.897  12.959  4.926 0.0000000000
83318  49.509  18.021  19.067 0.0000000000
83319  50.129  18.365  18.873 0.0000000000
83320  50.145  17.694  19.116 0.0000000000
83321  51.421  16.147  19.126 0.0000000000
83322  51.380  16.843  19.075 0.0000000000
83323  51.989  16.477  18.811 0.0000000000
83324  52.593  16.760  18.569 0.0000000000
83325  52.472  16.148  18.263 0.0000000000
83326  50.369  14.090  16.638 0.0000000000
83327  50.700  14.558  17.396 0.0000000000
83328  50.913  14.395  16.406 0.0000000000
83329  52.202  14.602  15.021 0.0000000000
83330  52.059  14.918  16.015 0.0000000000
83331  52.678  15.104  15.804 0.0000000000
83332  53.090  15.598  16.529 0.0000000000
83333  53.302  15.239  15.526 0.0000000000
83334  53.860  15.372  15.243 0.0000000000
83335  53.479  14.858  14.522 0.0000000000
83336  53.164  13.449  11.768 0.0000000000
83337  53.638  13.976  12.521 0.0000000000
83338  53.630  13.608  11.450 0.0000000000
83339  53.962  13.815  11.174 0.0000000000
83340  53.601  13.323  10.365 0.0000000000
83364  53.350  13.199  7.032 0.0000000000
83365  53.125  12.825  6.272 0.0000000000
93006  51.629  21.249  18.680 0.0000000000
93007  52.308  20.850  18.737 0.0000000000
93008  51.617  20.554  18.698 0.0000000000
93009  51.566  19.824  18.681 0.0000000000
93010  51.498  19.072  18.667 0.0000000000
94077  44.298  18.280  8.539 0.0000000000
94078  43.753  18.061  8.413 0.0000000000
94079  44.076  17.715  8.273 0.0000000000
94080  43.848  17.143  7.957 0.0000000000
94081  43.619  16.557  7.655 0.0000000000
94082  43.428  15.975  7.432 0.0000000000
94083  44.014  16.254  7.555 0.0000000000
94084  44.404  15.886  7.492 0.0000000000
94085  44.805  15.552  7.418 0.0000000000
96141  54.287  22.903  10.855 0.0000000000
96142  54.066  22.490  11.369 0.0000000000
96143  54.125  15.662  12.122 0.0000000000
96144  53.656  15.846  12.038 0.0000000000
96145  53.671  15.257  11.201 0.0000000000
96146  53.241  14.988  10.269 0.0000000000
96147  52.756  14.721  9.276 0.0000000000
96148  52.260  14.451  8.286 0.0000000000
96149  52.837  14.361  8.284 0.0000000000
96150  52.867  14.024  7.416 0.0000000000
96151  52.840  13.681  6.657 0.0000000000
98402  45.111  20.823  8.811 0.0000000000
98403  45.695  21.117  8.651 0.0000000000
98404  46.017  20.739  8.657 0.0000000000
98405  46.352  20.376  8.721 0.0000000000
100458  54.515  23.231  16.115 0.0000000000
100459  54.751  22.840  15.772 0.0000000000
100460  54.718  22.551  16.414 0.0000000000
100461  54.932  21.886  16.665 0.0000000000
100462  55.142  21.204  16.860 0.0000000000
100463  54.551  18.932  18.030 0.0000000000
100464  54.930  19.191  17.670 0.0000000000
100465  54.897  18.452  17.545 0.0000000000
100466  55.161  18.007  17.012 0.0000000000
100467  55.257  17.595  16.288 0.0000000000
100468  55.188  17.210  15.529 0.0000000000
100469  55.052  16.991  15.871 0.0000000000
100470  54.897  16.372  15.365 0.0000000000
100471  54.711  15.791  14.702 0.0000000000
103700  46.744  17.331  19.320 0.0000000000
103701  46.836  16.675  19.730 0.0000000000
103702  46.933  16.049  20.211 0.0000000000
109859  51.661  21.906  9.234 0.0000000000
109860  51.211  22.004  8.818 0.0000000000
109861  50.837  21.670  9.300 0.0000000000
109862  50.039  21.409  9.316 0.0000000000
109863  49.308  21.139  9.361 0.0000000000
109864  48.554  20.824  9.404 0.0000000000
109865  48.966  20.765  9.907 0.0000000000
109866  48.580  20.287  10.462 0.0000000000
109867  48.158  19.625  10.848 0.0000000000
109868  54.516  21.106  14.485 0.0000000000
109869  54.189  21.334  13.814 0.0000000000
109870  54.073  20.694  14.131 0.0000000000
109871  53.462  20.299  13.955 0.0000000000
109872  52.766  19.894  13.742 0.0000000000
109873  51.036  16.383  12.060 0.0000000000
109874  51.043  17.189  12.818 0.0000000000
109875  50.383  16.562  12.123 0.0000000000
109876  49.704  16.765  12.091 0.0000000000
109877  49.062  17.066  11.961 0.0000000000
109878  48.433  17.315  11.790 0.0000000000
109879  48.393  16.293  11.276 0.0000000000
109880  47.819  15.775  10.328 0.0000000000
109881  47.297  15.390  9.453 0.0000000000
109882  46.773  15.154  8.679 0.0000000000
109883  47.387  14.896  8.712 0.0000000000
109884  47.446  14.482  7.986 0.0000000000
109885  47.496  14.120  7.285 0.0000000000
109886  49.869  13.379  5.395 0.0000000000
109887  49.101  13.351  5.592 0.0000000000
109888  49.146  13.063  4.863 0.0000000000
109889  48.345  12.808  4.444 0.0000000000
109895  49.632  16.603  19.752 0.0000000000
109896  50.178  16.958  19.439 0.0000000000
109897  50.277  16.226  19.710 0.0000000000
109898  50.863  15.846  19.423 0.0000000000
109899  51.314  15.539  18.752 0.0000000000
109900  50.767  13.556  14.755 0.0000000000
109901  51.097  14.148  15.452 0.0000000000
109902  51.252  13.791  14.496 0.0000000000
109903  51.760  14.038  14.212 0.0000000000
109904  52.362  14.138  13.959 0.0000000000
109905  53.009  14.299  13.752 0.0000000000
109906  52.507  13.690  12.984 0.0000000000
109907  52.600  13.287  12.021 0.0000000000
109908  52.692  12.921  10.999 0.0000000000
115577  47.196  22.834  8.124 0.0000000000
117174  53.863  22.340  18.299 0.0000000000
117175  54.399  21.816  18.029 0.0000000000
117176  54.063  21.633  18.407 0.0000000000
117177  54.179  20.888  18.458 0.0000000000
117178  54.158  20.189  18.470 0.0000000000
117179  52.962  20.405  18.764 0.0000000000
117180  53.554  19.918  18.615 0.0000000000
117181  54.118  19.426  18.367 0.0000000000
117182  54.029  18.682  18.275 0.0000000000
117183  53.905  17.983  18.191 0.0000000000
117184  53.786  17.292  18.000 0.0000000000
119677  42.291  17.899  8.614 0.0000000000
119678  43.200  17.840  8.289 0.0000000000
119679  42.634  17.553  8.330 0.0000000000
119680  42.056  17.204  8.433 0.0000000000
119681  41.829  16.503  8.303 0.0000000000
119682  41.694  15.774  8.308 0.0000000000
119683  41.615  15.098  8.311 0.0000000000
119688  43.281  15.384  7.242 0.0000000000
119689  43.194  14.767  7.097 0.0000000000
119692  43.981  13.654  6.198 0.0000000000
124486  52.796  22.607  8.902 0.0000000000
124488  53.205  22.502  9.352 0.0000000000
124489  52.476  22.192  9.280 0.0000000000
124490  52.082  21.860  9.782 0.0000000000
124491  51.691  21.593  10.373 0.0000000000
124492  51.342  21.327  10.973 0.0000000000
124493  54.237  18.281  14.446 0.0000000000
124494  53.693  18.536  14.292 0.0000000000
124495  53.654  17.844  13.981 0.0000000000
124496  53.046  17.375  13.434 0.0000000000
124497  52.394  16.821  12.790 0.0000000000
124498  53.067  15.993  12.024 0.0000000000
124499  52.427  16.131  12.006 0.0000000000
124500  51.732  16.241  12.050 0.0000000000
124501  51.116  15.727  11.202 0.0000000000
124502  50.576  15.236  10.293 0.0000000000
124503  50.053  14.818  9.361 0.0000000000
124504  49.469  14.453  8.470 0.0000000000
124505  50.183  14.450  8.428 0.0000000000
124506  50.316  14.148  7.551 0.0000000000
124507  50.453  13.913  6.764 0.0000000000
124508  51.720  14.198  7.372 0.0000000000
124509  51.143  13.945  6.662 0.0000000000
124510  50.527  13.656  5.991 0.0000000000
124511  50.603  13.361  5.248 0.0000000000
124512  50.645  13.019  4.546 0.0000000000
124513  50.544  12.605  3.826 0.0000000000
124514  49.425  13.941  18.672 0.0000000000
124515  49.925  14.314  18.525 0.0000000000
124517  49.864  13.752  16.825 0.0000000000
124518  50.097  13.561  15.864 0.0000000000
124521  50.306  13.248  14.996 0.0000000000
124522  50.468  12.896  14.060 0.0000000000
129658  43.803  19.586  9.026 0.0000000000
129659  44.180  19.260  8.857 0.0000000000
129660  44.921  20.161  8.890 0.0000000000
129661  44.737  19.510  8.875 0.0000000000
129662  44.527  18.878  8.726 0.0000000000
129663  44.851  18.474  8.681 0.0000000000
129664  45.118  18.151  8.788 0.0000000000
129665  45.389  17.830  8.967 0.0000000000
134000  54.734  23.374  13.566 0.0000000000
134001  54.771  22.819  13.977 0.0000000000
134002  54.737  22.210  14.463 0.0000000000
134003  54.893  22.441  15.417 0.0000000000
134004  54.882  22.027  15.107 0.0000000000
134005  54.776  21.551  14.831 0.0000000000
134006  54.813  20.855  15.027 0.0000000000
134007  54.824  20.135  15.065 0.0000000000
134008  54.852  19.428  15.038 0.0000000000
134009  54.769  21.332  17.727 0.0000000000
134010  55.076  20.915  17.332 0.0000000000
134011  55.305  20.484  16.963 0.0000000000
134012  55.213  19.487  17.285 0.0000000000
134013  55.378  19.846  16.816 0.0000000000
134014  55.358  20.025  16.450 0.0000000000
134015  55.314  19.524  15.982 0.0000000000
134016  55.181  19.145  15.364 0.0000000000
134017  54.798  18.712  14.893 0.0000000000
134018  54.697  18.001  14.630 0.0000000000
134019  54.623  17.340  14.230 0.0000000000
134020  54.577  16.709  13.690 0.0000000000
134021  55.042  16.828  14.709 0.0000000000
134022  54.802  16.481  13.836 0.0000000000
134023  54.532  16.080  13.018 0.0000000000
134024  54.473  15.453  12.265 0.0000000000
134025  54.293  14.858  11.525 0.0000000000
134026  54.112  14.337  10.710 0.0000000000
140733  48.954  18.337  18.878 0.0000000000
140734  48.963  17.610  19.286 0.0000000000
140735  47.877  17.427  19.380 0.0000000000
140736  48.477  17.176  19.563 0.0000000000
140737  49.077  16.889  19.727 0.0000000000
140738  49.187  16.209  20.035 0.0000000000
140739  49.277  15.484  20.201 0.0000000000
140740  49.306  14.762  20.036 0.0000000000
140741  45.796  15.941  20.205 0.0000000000
140742  46.388  15.745  20.453 0.0000000000
140743  47.080  15.455  20.602 0.0000000000
140746  47.788  15.166  20.742 0.0000000000
140747  48.435  14.795  20.616 0.0000000000
140748  48.917  14.400  20.181 0.0000000000
140749  49.243  14.111  19.498 0.0000000000
145640  54.385  23.987  14.948 0.0000000000
145641  53.841  24.680  14.633 0.0000000000
145642  54.099  24.286  15.181 0.0000000000
145643  54.355  23.854  15.697 0.0000000000
145644  54.270  23.551  16.339 0.0000000000
145645  54.164  23.313  16.937 0.0000000000
145646  53.985  23.129  17.521 0.0000000000
145655  53.683  22.945  18.015 0.0000000000
145656  53.288  22.727  18.421 0.0000000000
145657  52.812  22.486  18.615 0.0000000000
145658  52.273  22.221  18.703 0.0000000000
145659  51.668  23.108  18.852 0.0000000000
145660  51.683  22.519  18.753 0.0000000000
145661  51.664  21.862  18.690 0.0000000000
145662  51.020  21.517  18.652 0.0000000000
145663  50.346  21.128  18.562 0.0000000000
145664  49.648  20.812  18.457 0.0000000000
153154  47.886  23.116  8.047 0.0000000000
153155  47.694  22.538  8.097 0.0000000000
153159  50.687  22.182  8.402 0.0000000000
153160  50.182  22.429  8.130 0.0000000000
153163  48.195  22.220  8.113 0.0000000000
153164  47.500  21.969  8.188 0.0000000000
153165  47.289  21.347  8.408 0.0000000000
153166  47.046  20.746  8.692 0.0000000000
153167  46.795  20.178  9.016 0.0000000000
153168  47.849  20.454  9.461 0.0000000000
153169  47.173  20.048  9.430 0.0000000000
153170  46.535  19.615  9.329 0.0000000000
153171  46.186  18.899  9.534 0.0000000000
153172  45.868  18.186  9.489 0.0000000000
153173  45.616  17.499  9.278 0.0000000000
153175  54.303  22.476  12.100 0.0000000000
153176  53.779  22.125  11.951 0.0000000000
153177  53.816  21.544  13.145 0.0000000000
153178  53.489  21.737  12.460 0.0000000000
153179  53.190  21.805  11.798 0.0000000000
153180  52.527  21.513  11.754 0.0000000000
153181  51.759  21.205  11.649 0.0000000000
153182  50.951  20.862  11.559 0.0000000000
153183  53.109  18.803  14.084 0.0000000000
153184  52.505  19.156  13.838 0.0000000000
153185  51.990  19.507  13.573 0.0000000000
153186  51.093  18.126  13.322 0.0000000000
153187  51.255  19.050  13.413 0.0000000000
153188  51.487  19.789  13.220 0.0000000000
153189  51.071  20.101  12.669 0.0000000000
153190  50.597  20.309  12.069 0.0000000000
153191  50.183  20.490  11.502 0.0000000000
153192  49.407  20.079  11.436 0.0000000000
153193  48.562  19.485  11.325 0.0000000000
153194  47.767  18.817  11.131 0.0000000000
153195  47.900  17.601  11.527 0.0000000000
153196  47.443  17.895  11.157 0.0000000000
153197  47.013  18.158  10.810 0.0000000000
153198  46.374  17.570  10.230 0.0000000000
153199  45.858  17.137  9.613 0.0000000000
153200  45.420  16.850  8.924 0.0000000000
153201  45.291  16.268  8.470 0.0000000000
153202  45.250  15.715  7.947 0.0000000000
153203  45.193  15.221  7.418 0.0000000000
153204  46.221  15.062  8.002 0.0000000000
153205  45.683  14.907  7.399 0.0000000000
153206  45.159  14.742  6.907 0.0000000000
153207  45.118  14.272  6.383 0.0000000000
153208  45.058  13.805  5.875 0.0000000000
153210  48.834  14.135  7.706 0.0000000000
153211  48.230  13.955  7.178 0.0000000000
153212  47.571  13.789  6.639 0.0000000000
153213  48.319  13.363  5.789 0.0000000000
153214  47.606  13.456  5.975 0.0000000000
153215  46.889  13.628  6.125 0.0000000000
153216  46.279  13.432  5.649 0.0000000000
153228  50.154  19.105  18.700 0.0000000000
153229  50.787  18.727  18.746 0.0000000000
153230  51.411  18.321  18.743 0.0000000000
153231  50.757  17.272  19.137 0.0000000000
153232  51.368  17.566  18.893 0.0000000000
153233  52.070  17.901  18.704 0.0000000000
153234  52.660  17.452  18.623 0.0000000000
153235  53.181  17.051  18.266 0.0000000000
153236  53.600  16.700  17.659 0.0000000000
153237  50.469  14.684  18.334 0.0000000000
153238  51.048  15.025  18.125 0.0000000000
153239  51.690  15.325  17.972 0.0000000000
153240  51.479  14.670  16.218 0.0000000000
153241  51.885  15.139  16.987 0.0000000000
153242  52.240  15.612  17.689 0.0000000000
153243  52.821  15.860  17.436 0.0000000000
153244  53.380  16.122  17.156 0.0000000000
153245  53.898  16.323  16.808 0.0000000000
153246  54.166  15.927  15.899 0.0000000000
153247  54.331  15.554  14.953 0.0000000000
153248  54.432  15.147  13.931 0.0000000000
153249  53.650  14.450  13.528 0.0000000000
153250  54.066  14.530  13.221 0.0000000000
153251  54.428  14.755  12.993 0.0000000000
153252  54.298  14.385  11.993 0.0000000000
153253  54.100  14.051  10.918 0.0000000000
153254  53.951  13.846  9.867 0.0000000000
153278  53.208  12.877  9.627 0.0000000000
153279  53.550  13.139  9.335 0.0000000000
153281  53.764  13.690  8.781 0.0000000000
153282  53.510  13.588  7.788 0.0000000000
153283  53.172  13.447  6.764 0.0000000000
153284  52.745  13.294  5.904 0.0000000000
153285  52.800  12.722  5.313 0.0000000000
153286  52.561  12.977  5.200 0.0000000000
153287  52.239  13.135  5.112 0.0000000000
153288  51.686  12.850  4.345 0.0000000000
153289  51.098  12.485  3.687 0.0000000000
153290  50.435  12.177  3.203 0.0000000000
153297  50.903  11.646  2.648 0.0000000000
153298  50.384  11.758  2.754 0.0000000000
153299  49.765  11.870  2.934 0.0000000000
