#!ascii label  , from subject fsaverage vox2ras=TkReg
572
542  12.936  -42.408  33.301 0.0000000000
1195  6.514  -35.589  38.494 0.0000000000
1196  9.043  -39.124  37.586 0.0000000000
1197  9.311  -38.672  33.828 0.0000000000
1198  9.354  -43.687  31.144 0.0000000000
2268  15.369  -47.177  33.304 0.0000000000
2269  12.127  -47.832  30.652 0.0000000000
2270  8.069  -49.096  29.162 0.0000000000
3116  8.296  -36.631  35.896 0.0000000000
3118  7.909  -39.208  32.705 0.0000000000
5028  11.507  -40.503  35.464 0.0000000000
5029  10.573  -41.220  37.445 0.0000000000
5030  13.264  -42.521  35.227 0.0000000000
5031  14.796  -44.884  35.218 0.0000000000
5032  14.393  -44.736  33.172 0.0000000000
5033  14.115  -47.290  31.636 0.0000000000
5034  13.007  -45.080  31.667 0.0000000000
5035  6.925  -44.495  30.867 0.0000000000
5036  8.435  -46.814  30.642 0.0000000000
5037  6.039  -47.646  30.308 0.0000000000
5038  6.719  -49.345  27.658 0.0000000000
6761  7.733  -37.228  37.856 0.0000000000
6762  9.828  -38.570  35.635 0.0000000000
6763  11.121  -40.507  33.524 0.0000000000
6764  11.541  -42.875  31.860 0.0000000000
6765  9.741  -41.048  32.334 0.0000000000
6766  7.767  -41.648  31.580 0.0000000000
7702  5.457  -33.754  38.971 0.0000000000
9366  15.324  -49.628  33.650 0.0000000000
9367  14.369  -49.569  31.782 0.0000000000
9368  12.924  -49.734  30.419 0.0000000000
9369  11.385  -50.071  29.183 0.0000000000
9370  10.820  -45.770  30.830 0.0000000000
9371  9.943  -48.543  30.065 0.0000000000
9372  10.043  -50.374  27.880 0.0000000000
9373  8.956  -50.618  26.406 0.0000000000
12708  12.441  -41.415  34.349 0.0000000000
12709  12.428  -41.459  35.365 0.0000000000
12710  13.254  -42.398  34.226 0.0000000000
12711  14.076  -43.506  34.181 0.0000000000
12712  13.755  -43.494  33.228 0.0000000000
12713  13.801  -44.861  32.355 0.0000000000
12714  13.142  -43.681  32.414 0.0000000000
12716  6.430  -46.070  30.735 0.0000000000
12717  5.466  -46.439  30.396 0.0000000000
15106  6.630  -36.761  39.130 0.0000000000
15107  7.095  -36.434  38.148 0.0000000000
15108  8.862  -37.533  34.769 0.0000000000
15109  8.978  -37.602  35.760 0.0000000000
15110  9.689  -38.547  34.683 0.0000000000
15111  10.591  -39.490  34.555 0.0000000000
15112  10.175  -39.663  33.670 0.0000000000
15113  10.503  -40.714  32.866 0.0000000000
15114  9.559  -39.857  33.045 0.0000000000
15116  7.975  -40.451  32.139 0.0000000000
15117  7.002  -40.738  31.738 0.0000000000
15118  6.751  -41.941  31.267 0.0000000000
16917  5.111  -32.709  39.161 0.0000000000
16918  5.676  -33.376  37.924 0.0000000000
20853  15.303  -45.941  34.267 0.0000000000
20854  15.348  -46.051  35.328 0.0000000000
20855  15.653  -47.204  34.356 0.0000000000
20856  15.776  -48.460  34.512 0.0000000000
20857  15.523  -48.433  33.444 0.0000000000
20858  14.962  -49.568  32.713 0.0000000000
20859  15.001  -48.387  32.482 0.0000000000
20860  13.157  -47.505  31.064 0.0000000000
20861  13.599  -48.540  30.972 0.0000000000
20862  12.613  -48.721  30.479 0.0000000000
20863  12.184  -49.902  29.813 0.0000000000
20864  11.626  -48.972  30.029 0.0000000000
20865  10.502  -43.267  31.411 0.0000000000
20866  11.314  -44.313  31.255 0.0000000000
20867  10.099  -44.701  30.954 0.0000000000
20868  8.031  -48.201  30.320 0.0000000000
20869  9.270  -47.727  30.441 0.0000000000
20870  8.975  -48.818  29.712 0.0000000000
20871  9.854  -49.435  29.027 0.0000000000
20872  9.102  -49.620  28.436 0.0000000000
20873  9.473  -50.519  27.161 0.0000000000
20874  8.464  -49.828  27.767 0.0000000000
20876  7.239  -49.979  26.124 0.0000000000
24039  6.796  -35.206  37.455 0.0000000000
24040  7.410  -36.035  37.183 0.0000000000
24042  8.158  -36.576  34.908 0.0000000000
24043  8.511  -37.666  33.938 0.0000000000
24044  8.658  -38.921  33.160 0.0000000000
27482  10.372  -39.776  36.568 0.0000000000
27483  9.826  -40.157  37.533 0.0000000000
27484  11.213  -40.799  36.509 0.0000000000
27485  12.155  -41.783  36.386 0.0000000000
27486  12.979  -42.758  36.249 0.0000000000
27487  13.801  -43.963  36.183 0.0000000000
27488  14.091  -43.657  35.165 0.0000000000
27489  14.747  -44.695  34.173 0.0000000000
27490  14.977  -45.960  33.232 0.0000000000
27491  14.866  -47.186  32.391 0.0000000000
27492  14.386  -46.052  32.373 0.0000000000
27493  13.605  -46.205  31.628 0.0000000000
27494  12.588  -46.498  31.087 0.0000000000
27495  8.092  -44.119  30.988 0.0000000000
27496  8.880  -45.222  30.813 0.0000000000
27497  7.651  -45.673  30.799 0.0000000000
27498  7.197  -47.271  30.625 0.0000000000
27499  6.967  -48.538  29.914 0.0000000000
27500  7.298  -49.305  28.376 0.0000000000
27501  6.207  -48.688  29.106 0.0000000000
27502  5.628  -48.755  28.245 0.0000000000
31135  8.322  -38.116  37.633 0.0000000000
31136  8.114  -36.862  36.895 0.0000000000
31137  8.797  -37.777  36.715 0.0000000000
31138  9.626  -38.731  36.572 0.0000000000
31139  10.666  -39.543  35.566 0.0000000000
31140  11.484  -40.381  34.420 0.0000000000
31141  12.088  -41.468  33.409 0.0000000000
31142  12.342  -42.565  32.504 0.0000000000
31143  11.471  -41.632  32.644 0.0000000000
31144  10.650  -41.929  32.084 0.0000000000
31145  9.662  -42.288  31.683 0.0000000000
31146  8.829  -40.138  32.551 0.0000000000
31147  8.784  -41.386  31.953 0.0000000000
31148  8.514  -42.692  31.380 0.0000000000
31149  7.390  -43.032  31.123 0.0000000000
33524  5.992  -34.696  38.780 0.0000000000
33525  6.228  -34.356  37.714 0.0000000000
38335  14.532  -45.140  36.262 0.0000000000
38343  13.685  -50.752  31.245 0.0000000000
38344  14.361  -48.411  31.650 0.0000000000
38345  13.732  -49.686  31.038 0.0000000000
38346  13.086  -50.846  30.465 0.0000000000
38347  12.439  -50.952  29.786 0.0000000000
38348  11.813  -51.072  29.033 0.0000000000
38349  11.271  -51.176  28.317 0.0000000000
38350  12.320  -43.955  31.742 0.0000000000
38351  11.972  -45.401  31.126 0.0000000000
38352  11.491  -46.842  30.764 0.0000000000
38353  9.631  -46.308  30.676 0.0000000000
38354  10.384  -47.285  30.583 0.0000000000
38355  11.043  -48.136  30.367 0.0000000000
38356  10.733  -49.244  29.556 0.0000000000
38357  10.710  -50.192  28.534 0.0000000000
38358  10.715  -51.324  27.596 0.0000000000
38360  9.730  -51.491  26.053 0.0000000000
38362  7.842  -49.937  26.947 0.0000000000
43428  12.741  -41.905  33.799 0.0000000000
43429  12.851  -41.882  34.283 0.0000000000
43430  13.133  -42.379  33.740 0.0000000000
43431  13.534  -42.896  33.703 0.0000000000
43432  13.357  -42.925  33.269 0.0000000000
43433  13.476  -43.559  32.812 0.0000000000
43434  13.078  -43.014  32.855 0.0000000000
45826  6.619  -36.214  38.826 0.0000000000
45827  6.807  -36.020  38.307 0.0000000000
45828  9.104  -38.067  34.299 0.0000000000
45829  9.252  -38.054  34.753 0.0000000000
45830  9.520  -38.596  34.273 0.0000000000
45831  9.946  -39.100  34.150 0.0000000000
45832  9.733  -39.192  33.742 0.0000000000
45833  9.871  -39.760  33.317 0.0000000000
45834  9.433  -39.279  33.428 0.0000000000
45836  7.022  -40.141  32.013 0.0000000000
47638  5.198  -32.504  38.623 0.0000000000
51563  8.372  -38.836  38.028 0.0000000000
51565  8.726  -39.357  38.013 0.0000000000
51573  15.436  -46.585  33.772 0.0000000000
51574  15.517  -46.581  34.297 0.0000000000
51575  15.566  -47.209  33.818 0.0000000000
51576  15.646  -47.801  33.900 0.0000000000
51577  15.473  -47.804  33.365 0.0000000000
51578  15.278  -48.405  32.956 0.0000000000
51579  15.223  -47.777  32.872 0.0000000000
51580  12.672  -47.668  30.836 0.0000000000
51581  12.899  -48.141  30.753 0.0000000000
51582  12.393  -48.283  30.563 0.0000000000
51583  12.120  -48.865  30.243 0.0000000000
51584  11.887  -48.417  30.364 0.0000000000
51585  9.934  -43.479  31.254 0.0000000000
51586  10.360  -43.980  31.132 0.0000000000
51587  9.739  -44.187  31.035 0.0000000000
51588  7.995  -48.704  29.812 0.0000000000
51589  8.505  -48.525  30.056 0.0000000000
51590  8.494  -48.961  29.478 0.0000000000
51591  8.970  -49.215  29.105 0.0000000000
51592  8.591  -49.337  28.803 0.0000000000
51593  8.762  -49.733  28.106 0.0000000000
51594  8.238  -49.442  28.473 0.0000000000
55431  8.373  -37.058  34.426 0.0000000000
61163  10.925  -40.091  36.027 0.0000000000
61164  10.770  -40.275  36.537 0.0000000000
61165  11.400  -40.626  36.024 0.0000000000
61166  12.843  -41.985  35.284 0.0000000000
61167  12.323  -41.617  35.881 0.0000000000
61168  12.737  -42.111  35.799 0.0000000000
61169  12.580  -42.262  36.313 0.0000000000
61170  13.161  -42.631  35.737 0.0000000000
61171  13.573  -43.198  35.702 0.0000000000
61172  13.690  -43.071  35.191 0.0000000000
61173  14.283  -44.100  33.667 0.0000000000
61174  14.436  -44.101  34.170 0.0000000000
61175  14.595  -44.710  33.660 0.0000000000
61176  14.905  -45.308  33.701 0.0000000000
61177  14.691  -45.348  33.200 0.0000000000
61178  14.725  -45.998  32.777 0.0000000000
61179  14.450  -45.398  32.740 0.0000000000
61180  13.431  -44.975  31.982 0.0000000000
61181  13.738  -45.557  31.988 0.0000000000
61182  13.341  -45.634  31.657 0.0000000000
61183  13.118  -46.332  31.351 0.0000000000
61184  12.830  -45.784  31.366 0.0000000000
61185  7.486  -44.320  30.927 0.0000000000
61186  7.861  -44.887  30.869 0.0000000000
61187  7.221  -45.102  30.831 0.0000000000
61188  6.231  -46.886  30.577 0.0000000000
61189  6.793  -46.714  30.694 0.0000000000
61190  6.592  -47.481  30.501 0.0000000000
61191  7.031  -47.955  30.398 0.0000000000
68358  7.171  -37.013  38.479 0.0000000000
68360  7.481  -37.418  38.267 0.0000000000
68361  7.680  -37.856  38.113 0.0000000000
68362  8.007  -37.657  37.722 0.0000000000
68363  7.856  -36.283  36.523 0.0000000000
68364  7.751  -36.440  37.039 0.0000000000
68365  8.207  -36.737  36.406 0.0000000000
68366  9.395  -38.084  35.679 0.0000000000
68367  8.937  -37.672  36.227 0.0000000000
68368  9.312  -38.147  36.165 0.0000000000
68369  9.175  -38.243  36.652 0.0000000000
68370  9.761  -38.626  36.134 0.0000000000
68371  10.171  -39.131  36.119 0.0000000000
68372  10.251  -39.046  35.618 0.0000000000
68373  10.866  -39.988  34.020 0.0000000000
68374  11.013  -39.941  34.451 0.0000000000
68375  11.349  -40.436  33.942 0.0000000000
68376  11.878  -40.909  33.925 0.0000000000
68377  11.615  -40.981  33.472 0.0000000000
68378  11.791  -41.528  33.003 0.0000000000
68379  11.317  -41.052  33.089 0.0000000000
68380  10.133  -40.857  32.592 0.0000000000
68381  10.594  -41.306  32.469 0.0000000000
68382  10.166  -41.503  32.184 0.0000000000
68383  10.170  -42.110  31.858 0.0000000000
68384  9.720  -41.665  31.994 0.0000000000
68385  8.280  -39.046  32.928 0.0000000000
68386  8.726  -39.521  32.868 0.0000000000
68387  8.325  -39.669  32.620 0.0000000000
68388  7.891  -41.054  31.845 0.0000000000
68389  8.358  -40.941  32.047 0.0000000000
68390  8.271  -41.517  31.765 0.0000000000
68391  8.690  -42.010  31.665 0.0000000000
68392  8.136  -42.160  31.488 0.0000000000
68393  7.922  -42.859  31.226 0.0000000000
68394  7.595  -42.315  31.323 0.0000000000
73790  5.315  -33.949  39.645 0.0000000000
73791  5.594  -34.436  39.508 0.0000000000
73792  5.703  -34.242  38.876 0.0000000000
73793  6.113  -34.523  38.249 0.0000000000
73794  5.817  -34.075  38.326 0.0000000000
73796  6.024  -33.707  37.281 0.0000000000
85576  10.213  -40.691  37.480 0.0000000000
85577  9.481  -40.400  37.948 0.0000000000
85578  9.813  -40.917  37.900 0.0000000000
85598  14.399  -44.426  35.664 0.0000000000
85599  14.188  -44.558  36.201 0.0000000000
85600  14.701  -45.007  35.773 0.0000000000
85601  15.518  -46.727  35.389 0.0000000000
85608  15.607  -49.055  34.068 0.0000000000
85609  15.717  -49.079  34.625 0.0000000000
85610  15.459  -49.650  34.173 0.0000000000
85612  15.128  -50.190  33.768 0.0000000000
85614  14.983  -50.180  33.284 0.0000000000
85615  14.697  -49.575  32.248 0.0000000000
85616  14.597  -50.125  32.384 0.0000000000
85617  14.353  -50.108  31.908 0.0000000000
85618  13.965  -50.691  31.646 0.0000000000
85619  14.036  -50.155  31.504 0.0000000000
85620  14.486  -47.225  31.997 0.0000000000
85621  14.625  -47.796  32.003 0.0000000000
85622  14.267  -47.831  31.611 0.0000000000
85623  13.280  -49.149  30.701 0.0000000000
85624  13.684  -49.121  30.985 0.0000000000
85625  13.326  -49.720  30.698 0.0000000000
85626  13.393  -50.261  30.743 0.0000000000
85627  13.014  -50.297  30.418 0.0000000000
85628  12.775  -50.887  30.148 0.0000000000
85629  12.690  -50.372  30.095 0.0000000000
85630  11.757  -50.004  29.515 0.0000000000
85631  11.985  -50.487  29.419 0.0000000000
85632  11.635  -50.577  29.065 0.0000000000
85633  11.522  -51.150  28.675 0.0000000000
85634  11.309  -50.623  28.730 0.0000000000
85635  11.950  -42.706  32.162 0.0000000000
85636  12.345  -43.252  32.099 0.0000000000
85637  11.915  -43.377  31.799 0.0000000000
85638  11.073  -45.038  31.010 0.0000000000
85639  11.651  -44.837  31.160 0.0000000000
85640  11.401  -45.570  30.948 0.0000000000
85641  11.730  -46.120  30.937 0.0000000000
85642  11.167  -46.306  30.795 0.0000000000
85643  8.645  -46.009  30.729 0.0000000000
85644  9.266  -45.779  30.737 0.0000000000
85645  9.043  -46.540  30.655 0.0000000000
85646  9.604  -48.147  30.273 0.0000000000
85647  9.841  -47.515  30.527 0.0000000000
85648  10.145  -47.966  30.382 0.0000000000
85649  10.702  -47.747  30.488 0.0000000000
85650  10.502  -48.338  30.216 0.0000000000
85651  10.856  -48.702  30.017 0.0000000000
85652  10.355  -48.863  29.839 0.0000000000
85653  9.944  -49.882  28.451 0.0000000000
85654  10.312  -49.796  28.755 0.0000000000
85655  10.369  -50.276  28.213 0.0000000000
85656  10.731  -50.734  28.048 0.0000000000
85657  10.399  -50.836  27.717 0.0000000000
85659  10.096  -50.905  27.324 0.0000000000
85660  9.200  -50.595  26.792 0.0000000000
85661  9.614  -51.003  26.595 0.0000000000
85662  9.364  -51.020  26.215 0.0000000000
85663  9.495  -51.481  25.653 0.0000000000
85664  9.116  -51.023  25.835 0.0000000000
85665  6.982  -49.339  28.007 0.0000000000
85666  7.561  -49.617  27.667 0.0000000000
85667  7.245  -49.685  27.260 0.0000000000
96602  12.016  -40.925  34.912 0.0000000000
96603  11.998  -40.974  35.454 0.0000000000
96604  12.474  -41.419  34.850 0.0000000000
96605  12.904  -41.919  34.788 0.0000000000
96606  13.326  -42.466  34.728 0.0000000000
96607  13.746  -42.987  34.684 0.0000000000
96608  13.662  -42.933  34.191 0.0000000000
96609  13.934  -43.494  33.685 0.0000000000
96610  14.102  -44.118  33.179 0.0000000000
96611  14.146  -44.777  32.747 0.0000000000
96612  13.826  -44.163  32.774 0.0000000000
96613  13.492  -44.255  32.378 0.0000000000
96614  13.128  -44.392  31.985 0.0000000000
96616  6.670  -45.279  30.811 0.0000000000
96617  6.128  -45.442  30.726 0.0000000000
96618  5.905  -46.236  30.608 0.0000000000
96619  5.715  -47.053  30.394 0.0000000000
96621  5.366  -47.158  30.055 0.0000000000
100919  6.416  -36.387  39.376 0.0000000000
100920  6.876  -36.610  38.659 0.0000000000
100921  7.402  -36.839  38.036 0.0000000000
100922  8.601  -37.082  35.312 0.0000000000
100923  8.614  -37.161  35.811 0.0000000000
100924  8.958  -37.563  35.245 0.0000000000
100925  9.369  -38.056  35.175 0.0000000000
100926  9.843  -38.553  35.130 0.0000000000
100927  10.256  -39.016  35.107 0.0000000000
100928  10.138  -39.022  34.611 0.0000000000
100929  10.409  -39.548  34.104 0.0000000000
100930  10.646  -40.065  33.618 0.0000000000
100931  10.857  -40.602  33.169 0.0000000000
100932  10.375  -40.176  33.244 0.0000000000
100933  10.036  -40.296  32.954 0.0000000000
100934  9.711  -40.439  32.702 0.0000000000
100936  7.941  -39.840  32.396 0.0000000000
100937  7.503  -39.995  32.210 0.0000000000
100938  7.494  -40.594  31.930 0.0000000000
100939  7.416  -41.186  31.638 0.0000000000
100940  7.254  -41.781  31.416 0.0000000000
100941  6.885  -41.292  31.491 0.0000000000
104179  5.303  -33.211  39.050 0.0000000000
104180  5.596  -33.549  38.415 0.0000000000
104181  5.391  -33.033  38.521 0.0000000000
111250  11.042  -41.702  37.350 0.0000000000
111251  10.188  -41.440  37.838 0.0000000000
111263  15.095  -45.381  34.734 0.0000000000
111264  15.118  -45.469  35.255 0.0000000000
111265  15.345  -45.982  34.785 0.0000000000
111266  15.556  -46.607  34.836 0.0000000000
111267  15.711  -47.245  34.893 0.0000000000
111268  15.758  -47.872  34.987 0.0000000000
111269  15.735  -47.823  34.437 0.0000000000
111270  15.670  -48.431  33.972 0.0000000000
111271  15.491  -49.034  33.542 0.0000000000
111272  15.158  -49.587  33.182 0.0000000000
111273  15.259  -48.998  33.071 0.0000000000
111274  15.009  -48.996  32.591 0.0000000000
111275  14.735  -49.002  32.129 0.0000000000
111276  13.650  -47.354  31.332 0.0000000000
111277  13.838  -47.897  31.279 0.0000000000
111278  13.392  -48.001  31.013 0.0000000000
111279  13.128  -48.630  30.718 0.0000000000
111280  12.842  -49.172  30.434 0.0000000000
111281  12.570  -49.817  30.123 0.0000000000
111282  12.371  -49.317  30.172 0.0000000000
111283  11.899  -49.450  29.901 0.0000000000
111284  11.472  -49.554  29.643 0.0000000000
111285  11.027  -43.069  31.599 0.0000000000
111286  11.455  -43.583  31.535 0.0000000000
111287  10.917  -43.786  31.310 0.0000000000
111288  10.730  -44.507  31.077 0.0000000000
111289  10.477  -45.235  30.888 0.0000000000
111290  8.247  -47.547  30.518 0.0000000000
111291  8.876  -47.309  30.547 0.0000000000
111292  8.668  -47.960  30.364 0.0000000000
111293  9.077  -48.323  30.172 0.0000000000
111294  9.471  -48.669  29.878 0.0000000000
111295  9.862  -48.994  29.597 0.0000000000
111296  9.427  -49.103  29.353 0.0000000000
111297  9.465  -49.532  28.752 0.0000000000
111298  9.637  -49.944  28.114 0.0000000000
111299  9.754  -50.443  27.523 0.0000000000
111300  9.288  -50.055  27.790 0.0000000000
111301  8.980  -50.170  27.426 0.0000000000
111302  8.723  -50.224  27.042 0.0000000000
111304  6.958  -49.684  26.870 0.0000000000
111305  6.670  -49.743  26.410 0.0000000000
111306  6.993  -50.043  25.669 0.0000000000
117531  6.687  -35.393  37.984 0.0000000000
117532  6.976  -35.811  37.829 0.0000000000
117533  7.090  -35.626  37.319 0.0000000000
117535  7.918  -36.175  36.025 0.0000000000
117537  7.854  -36.113  35.524 0.0000000000
117538  8.271  -36.591  35.376 0.0000000000
117539  8.523  -37.057  34.839 0.0000000000
117540  8.726  -37.544  34.324 0.0000000000
117541  8.866  -38.165  33.871 0.0000000000
117542  8.996  -38.789  33.480 0.0000000000
117543  8.590  -38.282  33.525 0.0000000000
117544  8.291  -38.383  33.217 0.0000000000
117545  7.893  -38.539  32.995 0.0000000000
125564  9.734  -39.452  37.082 0.0000000000
125565  9.428  -39.632  37.569 0.0000000000
125566  10.133  -39.951  37.067 0.0000000000
125567  10.531  -40.472  37.006 0.0000000000
125568  10.945  -40.973  36.982 0.0000000000
125569  11.880  -41.131  35.962 0.0000000000
125570  11.688  -41.292  36.465 0.0000000000
125571  11.416  -41.468  36.933 0.0000000000
125572  11.895  -41.955  36.830 0.0000000000
125573  12.314  -42.441  36.763 0.0000000000
125574  12.706  -42.953  36.728 0.0000000000
125575  13.124  -43.519  36.683 0.0000000000
125576  13.382  -43.333  36.204 0.0000000000
125577  13.988  -43.799  35.674 0.0000000000
125578  14.458  -44.284  35.183 0.0000000000
125579  14.136  -43.561  34.665 0.0000000000
125580  14.487  -44.163  34.670 0.0000000000
125581  14.794  -44.783  34.694 0.0000000000
125582  15.030  -45.310  34.207 0.0000000000
125583  15.213  -45.943  33.746 0.0000000000
125584  15.227  -46.561  33.248 0.0000000000
125585  15.119  -47.169  32.821 0.0000000000
125586  14.952  -46.575  32.792 0.0000000000
125587  14.623  -46.610  32.382 0.0000000000
125588  14.278  -46.674  31.997 0.0000000000
125589  14.121  -45.476  32.361 0.0000000000
125590  14.024  -46.132  31.990 0.0000000000
125591  13.880  -46.757  31.631 0.0000000000
125592  13.385  -46.878  31.346 0.0000000000
125593  12.888  -47.021  31.095 0.0000000000
125594  12.352  -47.206  30.891 0.0000000000
125595  8.721  -43.928  31.050 0.0000000000
125596  9.133  -44.423  30.954 0.0000000000
125597  8.467  -44.657  30.896 0.0000000000
125598  8.274  -45.446  30.814 0.0000000000
125599  8.039  -46.259  30.728 0.0000000000
125600  7.018  -45.881  30.782 0.0000000000
125601  7.408  -46.504  30.724 0.0000000000
125602  7.809  -47.076  30.641 0.0000000000
125603  7.627  -47.753  30.511 0.0000000000
125604  7.503  -48.372  30.129 0.0000000000
125605  7.523  -48.872  29.514 0.0000000000
125606  7.647  -49.225  28.794 0.0000000000
125607  7.074  -48.965  29.152 0.0000000000
125608  6.722  -49.011  28.764 0.0000000000
125609  6.421  -49.038  28.383 0.0000000000
125611  5.895  -48.726  28.700 0.0000000000
125612  6.148  -49.059  27.979 0.0000000000
134976  8.025  -38.329  38.052 0.0000000000
134977  8.696  -38.601  37.592 0.0000000000
134978  7.280  -36.218  37.692 0.0000000000
134979  7.627  -36.629  37.532 0.0000000000
134980  7.942  -37.039  37.409 0.0000000000
134981  8.571  -37.211  36.303 0.0000000000
134982  8.472  -37.316  36.776 0.0000000000
134983  8.248  -37.467  37.306 0.0000000000
134984  8.580  -37.927  37.197 0.0000000000
134985  8.974  -38.405  37.121 0.0000000000
134986  9.356  -38.924  37.091 0.0000000000
134987  9.998  -39.286  36.584 0.0000000000
134988  10.565  -39.635  36.081 0.0000000000
134989  11.066  -40.028  35.503 0.0000000000
134990  10.675  -39.490  35.049 0.0000000000
134991  11.094  -39.962  34.979 0.0000000000
134992  11.522  -40.420  34.932 0.0000000000
134993  11.974  -40.880  34.394 0.0000000000
134994  12.336  -41.431  33.872 0.0000000000
134995  12.534  -41.951  33.326 0.0000000000
134996  12.667  -42.491  32.885 0.0000000000
134997  12.248  -42.008  32.923 0.0000000000
134998  11.933  -42.096  32.558 0.0000000000
134999  11.569  -42.236  32.230 0.0000000000
135000  10.984  -41.167  32.753 0.0000000000
135001  11.081  -41.766  32.350 0.0000000000
135002  11.125  -42.395  31.961 0.0000000000
135003  10.622  -42.573  31.727 0.0000000000
135004  10.090  -42.771  31.540 0.0000000000
135005  9.513  -42.973  31.398 0.0000000000
135006  9.105  -39.397  33.138 0.0000000000
135007  9.218  -39.978  32.798 0.0000000000
135008  9.304  -40.598  32.456 0.0000000000
135009  8.400  -40.295  32.322 0.0000000000
135010  8.857  -40.764  32.242 0.0000000000
135011  9.290  -41.210  32.146 0.0000000000
135012  9.231  -41.829  31.834 0.0000000000
135013  9.102  -42.479  31.539 0.0000000000
135014  8.913  -43.214  31.271 0.0000000000
135015  8.309  -43.425  31.142 0.0000000000
135016  7.725  -43.582  31.066 0.0000000000
135017  7.169  -43.756  30.989 0.0000000000
135018  7.076  -42.470  31.184 0.0000000000
135019  6.865  -43.187  31.018 0.0000000000
141710  6.229  -35.163  38.640 0.0000000000
141711  6.398  -34.964  38.125 0.0000000000
141712  6.501  -34.792  37.610 0.0000000000
141714  5.955  -33.889  37.816 0.0000000000
155938  9.117  -39.865  37.985 0.0000000000
155965  13.564  -44.122  36.642 0.0000000000
155966  13.965  -44.688  36.666 0.0000000000
155968  15.000  -45.602  35.798 0.0000000000
155977  15.761  -48.524  35.080 0.0000000000
155992  14.946  -47.773  32.402 0.0000000000
155993  14.699  -48.389  32.028 0.0000000000
155994  14.391  -48.997  31.708 0.0000000000
155995  13.985  -48.463  31.275 0.0000000000
155996  14.074  -49.044  31.334 0.0000000000
155997  14.055  -49.603  31.389 0.0000000000
155998  13.756  -50.220  31.138 0.0000000000
156001  12.755  -51.410  30.235 0.0000000000
156002  12.493  -51.489  29.850 0.0000000000
156003  12.193  -51.544  29.472 0.0000000000
156004  12.334  -50.425  29.768 0.0000000000
156005  12.122  -50.995  29.402 0.0000000000
156006  11.916  -51.584  29.064 0.0000000000
156007  11.678  -51.676  28.666 0.0000000000
156008  11.410  -51.742  28.317 0.0000000000
156010  12.759  -43.123  32.461 0.0000000000
156011  12.747  -43.836  32.045 0.0000000000
156012  12.673  -44.511  31.695 0.0000000000
156013  11.859  -44.105  31.475 0.0000000000
156014  12.215  -44.638  31.416 0.0000000000
156015  12.508  -45.232  31.385 0.0000000000
156016  12.292  -45.964  31.114 0.0000000000
156017  12.037  -46.680  30.919 0.0000000000
156018  11.778  -47.374  30.719 0.0000000000
156019  9.495  -44.973  30.866 0.0000000000
156020  9.862  -45.508  30.799 0.0000000000
156021  10.233  -46.031  30.745 0.0000000000
156022  9.452  -47.049  30.596 0.0000000000
156023  10.039  -46.795  30.646 0.0000000000
156024  10.616  -46.534  30.704 0.0000000000
156025  10.955  -47.052  30.655 0.0000000000
156026  11.246  -47.536  30.576 0.0000000000
156027  11.568  -47.983  30.482 0.0000000000
156028  11.344  -48.526  30.189 0.0000000000
156029  11.178  -49.111  29.775 0.0000000000
156030  11.081  -49.640  29.343 0.0000000000
156031  10.266  -49.336  29.313 0.0000000000
156032  10.727  -49.710  29.030 0.0000000000
156033  11.042  -50.127  28.839 0.0000000000
156034  11.046  -50.643  28.357 0.0000000000
156035  10.975  -51.241  27.946 0.0000000000
156040  9.841  -50.959  26.970 0.0000000000
156046  7.905  -49.537  28.089 0.0000000000
156047  8.174  -49.871  27.376 0.0000000000
156048  8.421  -50.249  26.657 0.0000000000
156049  7.522  -49.958  26.551 0.0000000000
156050  8.101  -50.246  26.244 0.0000000000
156051  8.663  -50.621  26.023 0.0000000000
