#!ascii label  , from subject fsaverage vox2ras=TkReg
294
516  37.880  25.574  -16.709 0.0000000000
1130  29.672  31.676  -9.131 0.0000000000
1131  33.705  28.424  -16.951 0.0000000000
1132  35.776  31.130  -13.493 0.0000000000
3050  30.842  33.535  -7.766 0.0000000000
3051  32.694  31.706  -10.805 0.0000000000
3052  33.954  32.886  -9.327 0.0000000000
4832  29.157  27.780  -16.765 0.0000000000
4833  36.131  27.175  -17.397 0.0000000000
4834  34.397  25.766  -18.526 0.0000000000
6642  28.622  29.976  -10.922 0.0000000000
6643  30.671  28.993  -15.174 0.0000000000
6644  31.893  30.071  -13.068 0.0000000000
6645  34.903  29.966  -15.147 0.0000000000
6646  37.542  28.425  -16.283 0.0000000000
9127  31.911  27.138  -18.515 0.0000000000
9151  37.602  31.237  -12.038 0.0000000000
9152  39.272  28.671  -14.990 0.0000000000
10729  30.109  34.770  -6.984 0.0000000000
10731  32.401  33.296  -8.382 0.0000000000
12513  37.190  26.366  -17.292 0.0000000000
12514  36.247  25.756  -17.810 0.0000000000
14906  28.681  32.832  -8.063 0.0000000000
14908  28.067  31.884  -8.740 0.0000000000
14910  29.167  30.764  -10.002 0.0000000000
14911  30.257  29.978  -11.844 0.0000000000
14912  30.756  30.778  -10.833 0.0000000000
14913  34.207  31.580  -12.063 0.0000000000
14914  33.862  30.887  -13.056 0.0000000000
14915  35.333  30.684  -14.236 0.0000000000
14916  36.213  29.514  -15.928 0.0000000000
14917  36.764  29.902  -15.182 0.0000000000
20258  32.183  28.788  -16.281 0.0000000000
20259  31.338  28.317  -17.126 0.0000000000
20260  32.760  27.800  -17.780 0.0000000000
20319  36.818  32.461  -10.145 0.0000000000
20320  38.627  31.535  -11.477 0.0000000000
20322  40.164  28.816  -14.242 0.0000000000
20323  40.659  27.452  -14.886 0.0000000000
20324  39.771  27.323  -15.532 0.0000000000
23921  29.291  33.834  -7.454 0.0000000000
23922  30.214  32.655  -8.404 0.0000000000
23923  31.205  31.716  -9.820 0.0000000000
23924  31.705  32.591  -9.033 0.0000000000
23925  33.197  32.408  -10.036 0.0000000000
23926  34.804  32.029  -11.258 0.0000000000
27130  29.841  26.693  -18.488 0.0000000000
27131  34.979  27.883  -17.259 0.0000000000
27132  34.092  27.142  -18.003 0.0000000000
27133  35.286  26.441  -18.002 0.0000000000
30857  26.928  30.094  -10.258 0.0000000000
30858  28.082  29.305  -11.840 0.0000000000
30859  29.067  28.797  -13.834 0.0000000000
30860  29.779  29.352  -12.886 0.0000000000
30861  31.323  29.461  -14.116 0.0000000000
30862  32.950  29.275  -15.288 0.0000000000
30863  32.351  30.869  -11.882 0.0000000000
30864  33.487  30.044  -14.213 0.0000000000
30865  34.420  29.148  -16.078 0.0000000000
30866  35.687  28.753  -16.556 0.0000000000
30867  36.907  27.855  -16.822 0.0000000000
30868  38.050  26.878  -16.772 0.0000000000
37621  29.860  28.471  -16.027 0.0000000000
37622  30.503  27.611  -17.913 0.0000000000
37623  31.219  26.265  -19.095 0.0000000000
37624  33.222  26.495  -18.736 0.0000000000
37693  35.038  33.262  -8.827 0.0000000000
37694  35.771  32.237  -10.667 0.0000000000
37695  36.605  31.177  -12.763 0.0000000000
37696  39.426  30.121  -13.011 0.0000000000
37697  38.270  30.060  -13.738 0.0000000000
37698  37.505  30.040  -14.468 0.0000000000
37699  38.389  28.624  -15.650 0.0000000000
37700  38.871  27.173  -16.157 0.0000000000
43233  37.586  25.958  -17.059 0.0000000000
43234  37.092  25.684  -17.283 0.0000000000
45626  29.167  32.236  -8.521 0.0000000000
45627  28.382  32.329  -8.395 0.0000000000
45628  28.894  31.735  -8.916 0.0000000000
45629  28.607  31.294  -9.293 0.0000000000
45630  29.424  31.210  -9.589 0.0000000000
45631  29.958  30.742  -10.388 0.0000000000
45632  30.207  31.189  -9.926 0.0000000000
45633  35.007  31.413  -12.785 0.0000000000
45634  34.789  31.216  -13.214 0.0000000000
45635  35.555  30.968  -13.882 0.0000000000
45636  36.075  30.426  -14.835 0.0000000000
45637  36.302  30.577  -14.417 0.0000000000
50978  32.945  28.602  -16.669 0.0000000000
50979  32.530  28.335  -17.140 0.0000000000
50980  33.261  28.108  -17.366 0.0000000000
51044  40.743  26.805  -14.968 0.0000000000
55226  30.449  34.119  -7.273 0.0000000000
55227  29.672  34.313  -7.219 0.0000000000
55228  30.048  33.681  -7.562 0.0000000000
55229  29.691  33.232  -7.828 0.0000000000
55230  30.502  33.094  -8.080 0.0000000000
55231  30.967  32.610  -8.696 0.0000000000
55232  31.239  33.046  -8.353 0.0000000000
55233  33.177  33.121  -8.814 0.0000000000
55234  32.815  32.840  -9.172 0.0000000000
55235  33.574  32.685  -9.654 0.0000000000
55236  33.982  32.250  -10.607 0.0000000000
55237  34.384  32.419  -10.275 0.0000000000
60577  29.486  27.315  -17.709 0.0000000000
60578  35.572  27.531  -17.361 0.0000000000
60579  35.145  27.132  -17.693 0.0000000000
60580  35.735  26.820  -17.708 0.0000000000
67766  28.065  30.435  -10.074 0.0000000000
67768  27.780  30.026  -10.544 0.0000000000
67769  27.483  29.639  -10.966 0.0000000000
67770  28.341  29.623  -11.372 0.0000000000
67771  28.946  29.339  -12.320 0.0000000000
67772  29.181  29.626  -11.841 0.0000000000
67773  31.098  30.034  -12.463 0.0000000000
67774  30.810  29.702  -12.961 0.0000000000
67775  31.643  29.751  -13.615 0.0000000000
67776  32.145  29.391  -14.748 0.0000000000
67777  32.439  29.689  -14.221 0.0000000000
67778  31.964  31.716  -10.299 0.0000000000
67779  31.802  31.240  -10.803 0.0000000000
67780  32.551  31.293  -11.298 0.0000000000
67781  34.415  30.463  -14.174 0.0000000000
67782  33.681  30.469  -13.601 0.0000000000
67783  34.202  30.069  -14.685 0.0000000000
67784  34.013  29.592  -15.227 0.0000000000
67785  34.673  29.564  -15.625 0.0000000000
67786  35.052  29.022  -16.347 0.0000000000
67787  35.310  29.468  -15.982 0.0000000000
67788  36.884  29.034  -16.124 0.0000000000
67789  36.626  28.691  -16.440 0.0000000000
67790  37.243  28.184  -16.575 0.0000000000
67791  37.516  27.376  -16.822 0.0000000000
67792  37.872  27.648  -16.602 0.0000000000
83813  29.848  28.898  -14.510 0.0000000000
83814  29.490  28.640  -15.010 0.0000000000
83815  30.281  28.737  -15.673 0.0000000000
83816  31.618  27.773  -17.877 0.0000000000
83817  30.898  27.996  -17.493 0.0000000000
83818  31.215  27.412  -18.229 0.0000000000
83819  30.903  26.942  -18.623 0.0000000000
83820  31.555  26.738  -18.843 0.0000000000
83821  34.301  26.459  -18.335 0.0000000000
83822  33.677  26.807  -18.375 0.0000000000
83823  33.870  26.133  -18.637 0.0000000000
83996  37.180  31.830  -11.096 0.0000000000
83997  36.315  32.309  -10.417 0.0000000000
83998  36.651  31.791  -11.375 0.0000000000
83999  36.156  31.721  -11.678 0.0000000000
84000  37.058  31.214  -12.352 0.0000000000
84004  39.730  28.715  -14.659 0.0000000000
84005  39.234  29.436  -14.096 0.0000000000
84006  38.801  29.384  -14.510 0.0000000000
84007  37.858  30.089  -14.080 0.0000000000
84008  38.388  29.365  -14.813 0.0000000000
84009  37.986  29.328  -15.153 0.0000000000
84010  38.849  28.654  -15.374 0.0000000000
84011  39.818  26.652  -15.580 0.0000000000
84012  39.297  27.265  -15.884 0.0000000000
84013  39.363  26.572  -15.944 0.0000000000
84014  38.966  26.441  -16.286 0.0000000000
93041  30.912  34.547  -7.014 0.0000000000
93042  31.262  33.938  -7.463 0.0000000000
93043  31.617  33.433  -8.024 0.0000000000
93044  32.030  33.778  -7.710 0.0000000000
93045  32.782  33.600  -8.028 0.0000000000
93046  33.555  33.388  -8.447 0.0000000000
96250  28.726  28.004  -15.702 0.0000000000
96251  36.674  26.751  -17.409 0.0000000000
96252  36.256  26.439  -17.682 0.0000000000
96253  36.712  26.053  -17.546 0.0000000000
100560  27.920  32.970  -8.070 0.0000000000
100565  28.320  30.849  -9.673 0.0000000000
100566  28.914  30.331  -10.464 0.0000000000
100567  29.439  29.954  -11.352 0.0000000000
100568  29.710  30.325  -10.853 0.0000000000
100569  30.505  30.367  -11.319 0.0000000000
100570  31.313  30.425  -11.886 0.0000000000
100571  33.440  31.670  -11.407 0.0000000000
100572  33.269  31.326  -11.840 0.0000000000
100573  33.983  31.292  -12.482 0.0000000000
100574  34.595  30.832  -13.652 0.0000000000
100575  35.115  30.340  -14.658 0.0000000000
100576  35.569  29.781  -15.567 0.0000000000
100577  35.806  30.121  -15.162 0.0000000000
100578  36.488  29.746  -15.544 0.0000000000
100579  37.168  29.219  -15.798 0.0000000000
110192  31.434  28.931  -15.799 0.0000000000
110193  31.047  28.719  -16.260 0.0000000000
110194  31.785  28.575  -16.757 0.0000000000
110195  32.058  28.072  -17.514 0.0000000000
110196  32.313  27.491  -18.192 0.0000000000
110301  36.484  33.061  -9.253 0.0000000000
110302  37.354  32.651  -9.938 0.0000000000
110303  37.697  31.963  -10.873 0.0000000000
110304  38.120  31.269  -11.753 0.0000000000
110306  40.640  28.916  -13.878 0.0000000000
110307  40.918  28.225  -14.265 0.0000000000
110308  40.474  28.103  -14.643 0.0000000000
110309  40.038  28.029  -14.987 0.0000000000
110310  39.610  27.976  -15.335 0.0000000000
110311  40.235  27.362  -15.205 0.0000000000
110312  40.323  26.685  -15.238 0.0000000000
110313  40.213  26.129  -15.193 0.0000000000
117253  29.329  34.971  -7.039 0.0000000000
117256  28.959  33.347  -7.751 0.0000000000
117257  29.428  32.748  -8.152 0.0000000000
117258  29.945  32.180  -8.746 0.0000000000
117259  30.437  31.701  -9.420 0.0000000000
117260  30.704  32.164  -9.038 0.0000000000
117261  31.448  32.165  -9.422 0.0000000000
117262  32.178  32.131  -9.888 0.0000000000
117263  32.022  32.961  -8.724 0.0000000000
117264  32.439  32.524  -9.514 0.0000000000
117265  32.915  32.077  -10.408 0.0000000000
117266  33.680  31.998  -10.993 0.0000000000
117267  34.475  31.818  -11.655 0.0000000000
117268  35.263  31.559  -12.378 0.0000000000
124743  29.549  26.184  -18.787 0.0000000000
124744  30.223  25.972  -19.103 0.0000000000
124745  34.349  28.218  -17.102 0.0000000000
124746  33.923  27.832  -17.511 0.0000000000
124747  34.537  27.509  -17.607 0.0000000000
124748  34.701  26.778  -18.009 0.0000000000
124749  34.836  26.078  -18.298 0.0000000000
124750  35.823  26.111  -17.955 0.0000000000
124751  35.359  25.748  -18.207 0.0000000000
134228  28.617  29.035  -12.758 0.0000000000
134229  29.413  29.081  -13.370 0.0000000000
134230  30.208  29.158  -13.998 0.0000000000
134231  29.996  29.654  -12.367 0.0000000000
134232  30.514  29.414  -13.454 0.0000000000
134233  31.008  29.201  -14.655 0.0000000000
134234  31.789  29.161  -15.308 0.0000000000
134235  32.550  29.022  -15.786 0.0000000000
134236  33.321  28.878  -16.213 0.0000000000
134237  30.995  31.230  -10.283 0.0000000000
134238  31.556  30.828  -11.332 0.0000000000
134239  32.105  30.479  -12.458 0.0000000000
134240  33.119  30.897  -12.415 0.0000000000
134241  32.909  30.476  -13.024 0.0000000000
134242  32.664  30.079  -13.638 0.0000000000
134243  33.262  29.627  -14.761 0.0000000000
134244  33.745  29.185  -15.744 0.0000000000
134245  34.064  28.769  -16.530 0.0000000000
134246  34.766  28.633  -16.740 0.0000000000
134247  35.383  28.349  -16.880 0.0000000000
134248  35.970  27.955  -17.014 0.0000000000
134249  35.982  29.137  -16.238 0.0000000000
134250  36.320  28.336  -16.721 0.0000000000
134251  36.546  27.512  -17.088 0.0000000000
134252  37.113  27.069  -17.088 0.0000000000
134253  37.666  26.648  -17.014 0.0000000000
134254  38.049  26.178  -16.858 0.0000000000
153823  28.703  28.493  -14.294 0.0000000000
153824  29.098  28.332  -15.356 0.0000000000
153825  29.496  28.131  -16.399 0.0000000000
153826  30.607  28.501  -16.637 0.0000000000
153827  30.201  28.125  -17.000 0.0000000000
153828  29.888  27.747  -17.399 0.0000000000
153829  30.201  27.144  -18.240 0.0000000000
153830  30.563  26.460  -18.902 0.0000000000
153831  30.895  25.767  -19.321 0.0000000000
153832  33.445  27.496  -17.932 0.0000000000
153833  32.998  27.150  -18.346 0.0000000000
153834  32.583  26.812  -18.706 0.0000000000
153836  32.824  26.164  -19.040 0.0000000000
153837  32.236  26.406  -19.066 0.0000000000
153838  31.872  26.015  -19.248 0.0000000000
154041  34.407  33.071  -9.027 0.0000000000
154042  35.938  32.866  -9.475 0.0000000000
154043  35.413  32.698  -9.725 0.0000000000
154044  34.865  32.555  -9.992 0.0000000000
154045  35.268  32.121  -10.965 0.0000000000
154046  35.690  31.685  -12.008 0.0000000000
154047  36.174  31.174  -13.131 0.0000000000
154048  39.558  31.020  -11.989 0.0000000000
154049  39.070  30.760  -12.290 0.0000000000
154050  38.499  30.652  -12.609 0.0000000000
154051  39.821  29.495  -13.701 0.0000000000
154052  38.817  30.051  -13.415 0.0000000000
154053  37.933  30.661  -12.899 0.0000000000
154054  37.405  30.672  -13.222 0.0000000000
154055  37.045  30.680  -13.700 0.0000000000
154056  36.688  30.631  -14.074 0.0000000000
154057  37.160  29.979  -14.830 0.0000000000
154058  37.571  29.275  -15.473 0.0000000000
154059  37.954  28.512  -15.998 0.0000000000
154060  39.132  27.977  -15.681 0.0000000000
154061  38.691  27.912  -15.950 0.0000000000
154062  38.257  27.774  -16.285 0.0000000000
154063  38.511  27.005  -16.526 0.0000000000
154064  38.520  26.314  -16.581 0.0000000000
154065  38.391  25.702  -16.432 0.0000000000
