#!ascii label  , from subject fsaverage vox2ras=TkReg
1083
20  42.947  -27.636  37.624 0.0000000000
307  46.967  -23.376  38.332 0.0000000000
308  53.469  -26.826  38.326 0.0000000000
309  50.175  -32.004  41.623 0.0000000000
788  47.934  -28.563  37.902 0.0000000000
789  46.308  -30.445  38.704 0.0000000000
1283  54.924  -18.786  31.822 0.0000000000
1284  52.631  -21.048  32.981 0.0000000000
1285  56.269  -28.363  42.614 0.0000000000
1286  57.943  -26.348  39.072 0.0000000000
1706  50.572  -23.486  34.550 0.0000000000
1707  49.469  -26.054  36.471 0.0000000000
1708  51.888  -29.619  40.510 0.0000000000
1709  54.092  -31.911  44.515 0.0000000000
2376  54.528  -24.992  35.265 0.0000000000
2708  45.659  -28.034  37.663 0.0000000000
2709  44.592  -29.063  37.644 0.0000000000
3203  53.052  -19.007  33.695 0.0000000000
3204  51.789  -19.806  34.215 0.0000000000
3802  48.221  -22.460  38.321 0.0000000000
3803  48.633  -23.391  36.143 0.0000000000
3804  47.723  -24.633  36.662 0.0000000000
3805  48.985  -30.487  39.728 0.0000000000
3806  49.798  -29.373  39.204 0.0000000000
3807  51.140  -30.852  41.080 0.0000000000
3808  53.208  -30.526  42.559 0.0000000000
3809  52.204  -32.272  43.144 0.0000000000
5290  54.777  -21.209  31.485 0.0000000000
5291  55.685  -19.857  30.763 0.0000000000
5295  52.014  -25.459  36.325 0.0000000000
5296  52.439  -24.476  34.848 0.0000000000
5297  54.042  -25.547  36.872 0.0000000000
5299  58.373  -26.005  37.098 0.0000000000
5311  45.323  -33.374  41.371 0.0000000000
6025  45.967  -24.427  38.212 0.0000000000
6026  46.978  -25.767  36.934 0.0000000000
6027  46.309  -27.036  37.239 0.0000000000
6028  47.139  -29.527  38.400 0.0000000000
6029  48.115  -31.376  40.056 0.0000000000
6919  53.764  -19.962  32.369 0.0000000000
6920  53.984  -22.405  32.325 0.0000000000
6921  55.009  -27.934  40.310 0.0000000000
6922  55.637  -26.447  39.002 0.0000000000
6923  57.313  -27.190  40.956 0.0000000000
7820  50.354  -20.842  34.761 0.0000000000
7821  49.384  -21.951  35.438 0.0000000000
7822  50.065  -24.684  35.662 0.0000000000
7823  51.464  -26.773  37.392 0.0000000000
7824  48.743  -27.315  37.185 0.0000000000
7825  50.614  -28.061  38.286 0.0000000000
7826  52.787  -28.349  39.304 0.0000000000
7827  54.101  -29.119  41.777 0.0000000000
7828  55.250  -29.840  43.697 0.0000000000
8411  43.282  -30.245  37.790 0.0000000000
8412  42.139  -31.229  38.083 0.0000000000
9678  56.112  -17.490  31.229 0.0000000000
9684  51.385  -22.283  33.656 0.0000000000
9685  53.151  -23.370  33.416 0.0000000000
9686  55.102  -24.396  33.509 0.0000000000
9687  56.216  -25.865  37.289 0.0000000000
9688  56.583  -25.495  35.385 0.0000000000
9702  45.033  -31.481  39.026 0.0000000000
9703  46.958  -32.466  40.674 0.0000000000
9704  48.907  -33.197  42.429 0.0000000000
9706  49.049  -34.737  45.018 0.0000000000
9707  50.724  -33.841  44.269 0.0000000000
9708  52.700  -34.061  45.791 0.0000000000
10387  43.508  -27.080  37.720 0.0000000000
10388  44.287  -27.774  37.481 0.0000000000
10389  43.740  -28.333  37.422 0.0000000000
11482  47.543  -22.926  38.334 0.0000000000
11483  47.747  -23.393  37.253 0.0000000000
11484  47.224  -23.936  37.369 0.0000000000
11485  49.582  -31.240  40.600 0.0000000000
11486  50.045  -30.741  40.346 0.0000000000
11487  50.690  -31.476  41.318 0.0000000000
11488  51.716  -31.471  42.058 0.0000000000
11489  51.176  -32.189  42.384 0.0000000000
12970  55.074  -22.554  31.645 0.0000000000
12971  55.421  -21.878  31.232 0.0000000000
12975  52.785  -26.168  37.404 0.0000000000
12976  53.010  -25.521  36.621 0.0000000000
12977  53.792  -26.057  37.697 0.0000000000
13882  45.469  -24.975  38.247 0.0000000000
13883  45.971  -25.656  37.427 0.0000000000
13885  45.973  -29.367  38.050 0.0000000000
13886  46.420  -28.840  37.869 0.0000000000
13887  46.774  -29.962  38.522 0.0000000000
13888  47.566  -30.530  39.138 0.0000000000
13889  47.184  -30.963  39.389 0.0000000000
15370  52.755  -19.910  33.243 0.0000000000
15371  53.326  -19.462  32.951 0.0000000000
15372  53.166  -20.522  32.642 0.0000000000
15373  53.702  -21.164  32.154 0.0000000000
15374  53.251  -21.658  32.497 0.0000000000
15375  55.729  -28.193  41.636 0.0000000000
15376  56.216  -27.548  40.866 0.0000000000
15377  56.789  -27.829  41.778 0.0000000000
17168  49.661  -20.861  36.135 0.0000000000
17169  49.229  -21.456  36.496 0.0000000000
17170  48.866  -24.713  36.020 0.0000000000
17171  49.177  -24.028  35.660 0.0000000000
17172  49.745  -25.365  36.094 0.0000000000
17173  50.761  -25.822  36.507 0.0000000000
17174  50.446  -26.486  36.899 0.0000000000
17175  47.426  -27.295  37.132 0.0000000000
17176  47.771  -26.646  36.887 0.0000000000
17177  48.334  -27.936  37.552 0.0000000000
17178  50.838  -29.548  39.807 0.0000000000
17179  50.224  -28.707  38.779 0.0000000000
17180  51.254  -28.875  39.355 0.0000000000
17181  51.685  -28.244  38.778 0.0000000000
17182  52.285  -28.957  39.935 0.0000000000
17183  53.444  -28.883  40.533 0.0000000000
17184  52.949  -29.456  41.161 0.0000000000
17185  53.637  -31.110  43.439 0.0000000000
17186  54.185  -30.174  43.091 0.0000000000
17187  54.647  -30.895  44.067 0.0000000000
17188  55.661  -30.566  44.549 0.0000000000
17189  55.113  -31.684  45.073 0.0000000000
18517  41.136  -29.314  37.682 0.0000000000
18518  41.910  -30.009  37.658 0.0000000000
21630  55.288  -17.830  32.248 0.0000000000
21631  55.948  -17.211  32.034 0.0000000000
21632  55.511  -18.168  31.506 0.0000000000
21645  50.281  -22.154  34.400 0.0000000000
21646  50.765  -21.520  34.037 0.0000000000
21647  50.933  -22.895  34.047 0.0000000000
21648  53.485  -24.786  35.059 0.0000000000
21649  52.748  -24.013  34.119 0.0000000000
21650  53.772  -24.317  34.259 0.0000000000
21651  54.115  -23.888  33.481 0.0000000000
21652  54.803  -24.760  34.378 0.0000000000
21653  56.806  -26.373  39.209 0.0000000000
21654  55.947  -26.039  38.183 0.0000000000
21655  57.085  -26.090  38.197 0.0000000000
21657  57.519  -25.746  36.209 0.0000000000
21658  57.593  -25.604  35.169 0.0000000000
21690  43.443  -31.462  38.624 0.0000000000
21691  44.158  -30.871  38.283 0.0000000000
21694  46.188  -32.913  40.997 0.0000000000
21695  47.104  -33.282  41.894 0.0000000000
21696  47.964  -32.901  41.517 0.0000000000
21697  48.044  -33.629  42.869 0.0000000000
21703  49.929  -35.097  45.778 0.0000000000
21704  49.883  -34.310  44.724 0.0000000000
21705  50.865  -34.582  45.568 0.0000000000
21706  51.676  -34.008  45.067 0.0000000000
21707  51.833  -34.743  46.230 0.0000000000
23308  45.128  -28.598  37.674 0.0000000000
23309  45.437  -29.784  38.119 0.0000000000
24199  52.437  -19.368  33.949 0.0000000000
24200  52.173  -20.429  33.556 0.0000000000
24201  56.846  -28.802  43.487 0.0000000000
24202  57.363  -28.166  42.661 0.0000000000
25277  48.787  -22.142  36.822 0.0000000000
25278  48.310  -22.783  37.099 0.0000000000
25279  48.184  -24.054  36.440 0.0000000000
25280  48.502  -25.427  36.351 0.0000000000
25281  48.431  -29.594  38.804 0.0000000000
25282  48.871  -29.015  38.526 0.0000000000
25283  49.396  -29.987  39.435 0.0000000000
25284  50.414  -30.200  40.175 0.0000000000
25285  51.513  -30.228  40.840 0.0000000000
25286  52.574  -30.092  41.585 0.0000000000
25287  52.169  -30.772  41.811 0.0000000000
25288  52.699  -31.355  42.751 0.0000000000
25289  53.099  -32.142  43.847 0.0000000000
27954  54.739  -19.925  31.544 0.0000000000
27955  55.262  -19.249  31.239 0.0000000000
27956  55.227  -20.509  31.143 0.0000000000
27963  51.182  -24.663  35.265 0.0000000000
27964  51.486  -24.065  34.638 0.0000000000
27965  52.203  -24.937  35.563 0.0000000000
27966  53.241  -25.080  35.865 0.0000000000
27967  54.289  -25.204  36.091 0.0000000000
27968  58.917  -26.408  38.807 0.0000000000
27969  58.211  -26.164  38.099 0.0000000000
29419  46.466  -23.864  38.286 0.0000000000
29420  46.822  -24.466  37.381 0.0000000000
29421  46.406  -25.008  37.411 0.0000000000
29422  46.636  -26.421  37.046 0.0000000000
29423  47.004  -27.816  37.400 0.0000000000
29424  45.982  -27.544  37.524 0.0000000000
29425  46.721  -28.339  37.675 0.0000000000
29426  47.518  -29.022  38.160 0.0000000000
29427  48.026  -30.026  39.019 0.0000000000
29428  48.537  -30.927  39.783 0.0000000000
29429  49.160  -31.770  40.850 0.0000000000
31502  54.619  -18.451  32.504 0.0000000000
31504  53.953  -18.978  32.679 0.0000000000
31505  54.350  -19.406  32.049 0.0000000000
31506  54.217  -20.605  31.845 0.0000000000
31507  54.339  -21.872  31.828 0.0000000000
31508  54.742  -23.112  32.184 0.0000000000
31509  54.186  -27.437  39.217 0.0000000000
31510  54.536  -26.637  38.729 0.0000000000
31511  55.362  -27.131  39.737 0.0000000000
31512  56.480  -26.886  40.048 0.0000000000
31513  57.643  -26.663  40.040 0.0000000000
31514  57.959  -27.564  41.782 0.0000000000
31515  58.424  -26.944  40.863 0.0000000000
31516  58.723  -26.615  39.942 0.0000000000
33843  50.227  -20.375  35.795 0.0000000000
33844  49.800  -21.358  35.039 0.0000000000
33845  49.832  -22.633  34.751 0.0000000000
33846  48.961  -22.613  35.809 0.0000000000
33847  49.508  -23.323  35.212 0.0000000000
33848  50.289  -24.028  35.117 0.0000000000
33849  50.990  -25.176  35.925 0.0000000000
33850  51.776  -26.103  36.981 0.0000000000
33851  52.466  -26.891  37.872 0.0000000000
33852  47.324  -25.174  36.846 0.0000000000
33853  48.140  -26.005  36.682 0.0000000000
33854  49.124  -26.705  36.845 0.0000000000
33855  49.265  -28.419  38.156 0.0000000000
33856  49.707  -27.777  37.711 0.0000000000
33857  50.115  -27.173  37.317 0.0000000000
33858  51.091  -27.449  37.806 0.0000000000
33859  52.109  -27.613  38.293 0.0000000000
33860  53.155  -27.629  38.769 0.0000000000
33861  53.896  -28.190  39.767 0.0000000000
33862  54.637  -28.558  41.053 0.0000000000
33863  55.190  -28.779  42.319 0.0000000000
33864  53.639  -29.801  42.210 0.0000000000
33865  54.730  -29.411  42.842 0.0000000000
33866  55.753  -29.025  43.267 0.0000000000
35512  42.296  -28.162  37.596 0.0000000000
35513  43.052  -28.961  37.429 0.0000000000
35514  42.472  -29.474  37.533 0.0000000000
35515  42.731  -30.730  38.009 0.0000000000
39273  55.819  -18.604  30.906 0.0000000000
39274  56.349  -17.955  30.497 0.0000000000
39288  51.020  -20.271  34.535 0.0000000000
39289  51.366  -21.051  33.774 0.0000000000
39290  52.007  -21.683  33.356 0.0000000000
39291  51.788  -23.468  34.005 0.0000000000
39292  52.201  -22.917  33.474 0.0000000000
39293  52.677  -22.203  32.981 0.0000000000
39294  53.566  -22.840  32.870 0.0000000000
39295  54.428  -23.509  32.793 0.0000000000
39296  55.376  -24.082  32.707 0.0000000000
39297  54.853  -26.005  37.927 0.0000000000
39298  55.086  -25.660  37.120 0.0000000000
39299  55.348  -25.447  36.242 0.0000000000
39300  57.284  -25.927  37.256 0.0000000000
39301  56.394  -25.630  36.353 0.0000000000
39302  55.565  -25.269  35.349 0.0000000000
39303  55.812  -25.055  34.404 0.0000000000
39304  56.062  -24.710  33.407 0.0000000000
39342  43.947  -29.619  37.648 0.0000000000
39343  44.884  -30.334  38.149 0.0000000000
39344  45.674  -30.921  38.845 0.0000000000
39346  45.976  -32.024  39.838 0.0000000000
39347  46.632  -31.509  39.642 0.0000000000
39348  47.616  -31.948  40.358 0.0000000000
39349  48.594  -32.341  41.141 0.0000000000
39350  49.569  -32.632  42.024 0.0000000000
39356  48.100  -34.291  44.162 0.0000000000
39357  48.921  -33.913  43.812 0.0000000000
39358  49.785  -33.510  43.419 0.0000000000
39359  50.534  -32.909  42.866 0.0000000000
39360  51.507  -33.201  43.659 0.0000000000
39361  52.501  -33.214  44.485 0.0000000000
39362  53.472  -33.089  45.137 0.0000000000
39364  53.720  -33.936  46.359 0.0000000000
39365  54.466  -32.883  45.720 0.0000000000
41107  43.229  -27.345  37.675 0.0000000000
41108  43.622  -27.688  37.514 0.0000000000
41109  43.329  -27.950  37.477 0.0000000000
42202  47.216  -23.167  38.307 0.0000000000
42203  47.309  -23.388  37.786 0.0000000000
42204  47.068  -23.619  37.769 0.0000000000
42205  49.904  -31.622  41.096 0.0000000000
42206  50.133  -31.362  40.956 0.0000000000
42207  50.454  -31.728  41.437 0.0000000000
42208  50.940  -31.806  41.844 0.0000000000
42209  50.667  -32.114  42.020 0.0000000000
43690  55.288  -23.119  31.803 0.0000000000
43691  55.511  -22.828  31.534 0.0000000000
43692  55.800  -23.330  31.633 0.0000000000
43695  53.137  -26.506  37.875 0.0000000000
43696  53.289  -26.126  37.579 0.0000000000
43697  53.634  -26.438  38.055 0.0000000000
44603  45.506  -25.554  37.802 0.0000000000
44605  46.154  -29.922  38.335 0.0000000000
44606  46.389  -29.670  38.247 0.0000000000
44607  46.558  -30.207  38.601 0.0000000000
44608  46.944  -30.478  38.890 0.0000000000
44609  46.729  -30.727  39.029 0.0000000000
46090  52.662  -20.450  33.096 0.0000000000
46091  52.949  -20.215  32.937 0.0000000000
46092  52.923  -20.771  32.825 0.0000000000
46093  53.184  -21.085  32.528 0.0000000000
46094  52.939  -21.337  32.745 0.0000000000
46095  56.005  -28.287  42.173 0.0000000000
46096  56.249  -27.996  41.734 0.0000000000
46097  56.518  -28.097  42.208 0.0000000000
47888  49.481  -20.978  36.936 0.0000000000
47889  49.256  -21.306  37.161 0.0000000000
47890  49.139  -25.389  36.200 0.0000000000
47891  49.295  -25.048  36.021 0.0000000000
47892  49.605  -25.695  36.288 0.0000000000
47893  50.095  -25.939  36.452 0.0000000000
47894  49.978  -26.287  36.668 0.0000000000
47895  47.707  -27.950  37.467 0.0000000000
47896  47.908  -27.659  37.273 0.0000000000
47897  48.129  -28.269  37.741 0.0000000000
47898  51.349  -29.600  40.192 0.0000000000
47899  51.027  -29.211  39.623 0.0000000000
47900  51.572  -29.284  39.937 0.0000000000
47901  51.766  -28.958  39.636 0.0000000000
47902  52.086  -29.296  40.254 0.0000000000
47903  52.614  -29.241  40.563 0.0000000000
47904  52.395  -29.566  40.840 0.0000000000
47905  53.853  -31.520  43.982 0.0000000000
47906  54.123  -30.996  43.739 0.0000000000
47907  54.357  -31.392  44.270 0.0000000000
47908  54.882  -31.286  44.570 0.0000000000
47909  54.593  -31.777  44.783 0.0000000000
52350  55.079  -18.279  32.002 0.0000000000
52351  55.398  -17.988  31.877 0.0000000000
52352  55.251  -18.481  31.691 0.0000000000
52365  50.383  -22.844  34.398 0.0000000000
52366  50.586  -22.532  34.206 0.0000000000
52367  50.730  -23.199  34.294 0.0000000000
52368  54.011  -24.824  35.164 0.0000000000
52369  53.614  -24.533  34.639 0.0000000000
52370  54.131  -24.678  34.749 0.0000000000
52371  54.248  -24.562  34.356 0.0000000000
52372  54.674  -24.887  34.840 0.0000000000
52373  57.401  -26.347  39.204 0.0000000000
52374  56.940  -26.210  38.696 0.0000000000
52375  57.497  -26.195  38.598 0.0000000000
52376  58.446  -25.818  35.478 0.0000000000
52377  58.025  -25.728  35.626 0.0000000000
52378  58.039  -25.641  35.076 0.0000000000
52414  46.676  -33.443  42.061 0.0000000000
52415  47.120  -33.611  42.535 0.0000000000
52416  47.566  -33.471  42.391 0.0000000000
52417  47.616  -33.791  43.084 0.0000000000
52424  50.396  -34.821  45.664 0.0000000000
52425  50.902  -34.976  46.069 0.0000000000
52426  51.323  -34.688  45.910 0.0000000000
52427  51.369  -35.100  46.403 0.0000000000
54205  44.423  -28.423  37.504 0.0000000000
54206  44.707  -28.194  37.510 0.0000000000
54207  44.865  -28.838  37.653 0.0000000000
54208  45.286  -29.218  37.865 0.0000000000
54209  45.028  -29.441  37.851 0.0000000000
55692  52.139  -19.562  34.078 0.0000000000
55693  52.330  -19.879  33.754 0.0000000000
55694  51.974  -20.096  33.860 0.0000000000
57487  48.546  -22.176  38.243 0.0000000000
57488  48.538  -22.305  37.600 0.0000000000
57489  48.269  -22.601  37.692 0.0000000000
57490  47.692  -23.989  36.908 0.0000000000
57491  47.936  -23.725  36.823 0.0000000000
57492  47.949  -24.346  36.559 0.0000000000
57493  48.277  -24.695  36.280 0.0000000000
57494  48.042  -25.044  36.396 0.0000000000
57495  48.703  -30.047  39.281 0.0000000000
57496  48.882  -29.816  39.138 0.0000000000
57497  49.191  -30.247  39.596 0.0000000000
57498  50.597  -30.831  40.744 0.0000000000
57499  50.260  -30.479  40.292 0.0000000000
57500  50.790  -30.535  40.646 0.0000000000
57501  50.978  -30.224  40.492 0.0000000000
57502  51.355  -30.529  40.991 0.0000000000
57503  51.860  -30.526  41.331 0.0000000000
57504  51.675  -30.845  41.457 0.0000000000
57505  51.980  -31.828  42.561 0.0000000000
57506  52.239  -31.425  42.402 0.0000000000
57507  52.461  -31.818  42.938 0.0000000000
57508  52.896  -31.721  43.261 0.0000000000
57509  52.666  -32.247  43.519 0.0000000000
61950  54.724  -20.563  31.475 0.0000000000
61951  54.991  -20.178  31.307 0.0000000000
61952  55.011  -20.841  31.316 0.0000000000
61965  51.587  -25.060  35.750 0.0000000000
61966  51.696  -24.790  35.382 0.0000000000
61967  52.076  -25.168  35.904 0.0000000000
61968  53.526  -25.509  36.748 0.0000000000
61969  53.132  -25.288  36.246 0.0000000000
61970  53.627  -25.327  36.350 0.0000000000
61971  53.761  -25.124  35.976 0.0000000000
61972  54.166  -25.364  36.482 0.0000000000
64687  46.211  -24.131  38.250 0.0000000000
64688  46.385  -24.353  37.775 0.0000000000
64689  46.104  -24.662  37.746 0.0000000000
64690  46.092  -26.352  37.239 0.0000000000
64691  46.298  -26.029  37.200 0.0000000000
64692  46.475  -26.744  37.126 0.0000000000
64693  46.819  -27.137  37.166 0.0000000000
64694  46.655  -27.423  37.287 0.0000000000
64695  45.417  -27.384  37.584 0.0000000000
64696  45.591  -27.134  37.530 0.0000000000
64697  45.809  -27.810  37.631 0.0000000000
64698  46.760  -29.216  38.112 0.0000000000
64699  46.572  -28.579  37.774 0.0000000000
64700  46.912  -28.971  38.022 0.0000000000
64701  47.098  -28.726  37.880 0.0000000000
64702  47.326  -29.260  38.282 0.0000000000
64703  47.763  -29.506  38.589 0.0000000000
64704  47.571  -29.775  38.693 0.0000000000
64705  47.830  -30.969  39.591 0.0000000000
64706  48.067  -30.734  39.489 0.0000000000
64707  48.340  -31.177  39.957 0.0000000000
64708  48.825  -31.360  40.325 0.0000000000
64709  48.640  -31.600  40.438 0.0000000000
69148  54.827  -18.062  32.804 0.0000000000
69149  54.473  -18.275  32.908 0.0000000000
69152  53.405  -18.780  33.583 0.0000000000
69153  53.533  -19.699  32.661 0.0000000000
69154  53.638  -19.198  32.826 0.0000000000
69155  53.835  -19.450  32.509 0.0000000000
69156  54.149  -19.181  32.363 0.0000000000
69157  54.044  -19.699  32.207 0.0000000000
69158  54.261  -19.967  31.926 0.0000000000
69159  53.993  -20.246  32.083 0.0000000000
69160  53.779  -21.778  32.155 0.0000000000
69161  53.981  -21.542  31.971 0.0000000000
69162  54.177  -22.150  32.076 0.0000000000
69163  54.519  -22.521  32.005 0.0000000000
69164  54.386  -22.779  32.255 0.0000000000
69165  54.601  -27.672  39.706 0.0000000000
69166  54.775  -27.250  39.437 0.0000000000
69167  55.194  -27.497  40.023 0.0000000000
69168  56.767  -27.346  40.907 0.0000000000
69169  56.371  -27.204  40.458 0.0000000000
69170  56.897  -27.048  40.509 0.0000000000
69171  57.054  -26.797  40.121 0.0000000000
69172  57.496  -26.911  40.513 0.0000000000
69174  57.656  -27.885  42.233 0.0000000000
69177  58.722  -27.211  41.163 0.0000000000
69178  58.880  -26.962  40.724 0.0000000000
69179  58.579  -26.725  40.431 0.0000000000
74544  50.257  -20.197  36.457 0.0000000000
74545  49.450  -21.375  35.727 0.0000000000
74546  49.684  -21.094  35.550 0.0000000000
74547  49.544  -21.651  35.212 0.0000000000
74548  49.770  -21.970  34.830 0.0000000000
74549  49.575  -22.276  35.044 0.0000000000
74550  48.649  -22.723  36.404 0.0000000000
74551  48.836  -22.342  36.280 0.0000000000
74552  48.800  -22.995  35.991 0.0000000000
74553  49.605  -24.357  35.624 0.0000000000
74554  49.344  -23.674  35.440 0.0000000000
74555  49.748  -24.023  35.375 0.0000000000
74556  49.859  -23.712  35.104 0.0000000000
74557  50.192  -24.369  35.383 0.0000000000
74558  50.625  -24.633  35.463 0.0000000000
74559  50.552  -24.992  35.738 0.0000000000
74560  51.117  -26.309  36.947 0.0000000000
74561  51.276  -25.973  36.738 0.0000000000
74562  51.637  -26.413  37.202 0.0000000000
74563  52.135  -26.499  37.441 0.0000000000
74564  51.960  -26.832  37.635 0.0000000000
74565  46.887  -25.093  37.111 0.0000000000
74566  47.053  -24.824  37.085 0.0000000000
74567  47.166  -25.467  36.884 0.0000000000
74568  48.230  -27.023  36.988 0.0000000000
74569  47.953  -26.321  36.771 0.0000000000
74570  48.421  -26.682  36.867 0.0000000000
74571  48.593  -26.371  36.717 0.0000000000
74572  48.860  -26.975  36.993 0.0000000000
74573  49.299  -29.238  38.867 0.0000000000
74574  49.067  -28.723  38.351 0.0000000000
74575  49.473  -28.901  38.674 0.0000000000
74576  50.424  -28.386  38.536 0.0000000000
74577  49.920  -28.245  38.220 0.0000000000
74578  50.129  -27.918  37.982 0.0000000000
74579  49.897  -27.479  37.525 0.0000000000
74580  50.372  -27.602  37.767 0.0000000000
74581  50.604  -27.306  37.556 0.0000000000
74582  50.852  -27.749  38.035 0.0000000000
74583  52.251  -28.302  39.062 0.0000000000
74584  51.911  -27.931  38.523 0.0000000000
74585  52.443  -28.003  38.805 0.0000000000
74586  52.604  -27.659  38.564 0.0000000000
74587  52.979  -28.010  39.000 0.0000000000
74588  53.529  -27.931  39.231 0.0000000000
74589  53.338  -28.312  39.514 0.0000000000
74590  53.791  -29.004  41.152 0.0000000000
74591  54.076  -28.725  40.800 0.0000000000
74592  54.405  -28.838  41.438 0.0000000000
74593  54.936  -28.668  41.754 0.0000000000
74594  54.688  -28.962  42.086 0.0000000000
74595  52.889  -30.306  42.097 0.0000000000
74596  53.119  -29.944  41.929 0.0000000000
74597  53.425  -30.157  42.402 0.0000000000
74598  54.707  -30.010  43.384 0.0000000000
74599  54.458  -29.774  42.979 0.0000000000
74600  54.995  -29.596  43.271 0.0000000000
74601  55.249  -29.235  43.078 0.0000000000
74602  55.552  -29.406  43.493 0.0000000000
74603  56.047  -29.258  43.686 0.0000000000
74604  55.786  -29.667  43.918 0.0000000000
74605  55.871  -30.996  44.913 0.0000000000
78592  42.007  -28.435  37.568 0.0000000000
78593  42.378  -28.806  37.484 0.0000000000
78594  42.087  -29.089  37.526 0.0000000000
78595  42.019  -30.604  37.788 0.0000000000
78596  42.282  -30.358  37.777 0.0000000000
78597  42.438  -30.958  38.049 0.0000000000
78598  42.831  -31.321  38.345 0.0000000000
87933  56.019  -17.309  31.617 0.0000000000
87934  56.263  -16.916  31.898 0.0000000000
87935  56.340  -17.025  31.496 0.0000000000
87936  56.659  -16.723  31.340 0.0000000000
87937  56.446  -17.174  31.070 0.0000000000
87938  55.460  -19.547  30.990 0.0000000000
87939  55.538  -18.941  31.060 0.0000000000
87940  55.737  -19.219  30.829 0.0000000000
87942  56.291  -18.544  30.411 0.0000000000
87975  50.537  -20.349  35.085 0.0000000000
87976  50.902  -20.044  34.976 0.0000000000
87977  50.667  -20.586  34.642 0.0000000000
87978  51.080  -21.929  33.818 0.0000000000
87979  51.074  -21.262  33.901 0.0000000000
87980  51.352  -21.643  33.683 0.0000000000
87981  51.671  -21.370  33.551 0.0000000000
87982  51.680  -21.993  33.514 0.0000000000
87983  51.948  -24.314  34.677 0.0000000000
87984  51.642  -23.773  34.325 0.0000000000
87985  52.070  -24.015  34.367 0.0000000000
87986  52.953  -23.671  33.721 0.0000000000
87987  52.459  -23.467  33.726 0.0000000000
87988  52.660  -23.151  33.411 0.0000000000
87989  52.413  -22.573  33.216 0.0000000000
87990  52.874  -22.820  33.162 0.0000000000
87991  53.103  -22.503  32.925 0.0000000000
87992  53.339  -23.102  33.146 0.0000000000
87993  54.598  -24.160  33.507 0.0000000000
87994  54.291  -23.714  33.145 0.0000000000
87995  54.776  -23.987  33.147 0.0000000000
87996  54.936  -23.831  32.790 0.0000000000
87997  55.269  -24.246  33.114 0.0000000000
87998  55.095  -26.549  38.878 0.0000000000
87999  54.690  -26.260  38.328 0.0000000000
88000  55.243  -26.243  38.462 0.0000000000
88001  56.087  -25.952  37.750 0.0000000000
88002  55.506  -25.840  37.640 0.0000000000
88003  55.650  -25.795  37.244 0.0000000000
88004  55.206  -25.575  36.708 0.0000000000
88005  55.766  -25.675  36.768 0.0000000000
88006  58.280  -26.059  37.617 0.0000000000
88007  57.753  -26.039  37.693 0.0000000000
88008  57.853  -25.949  37.201 0.0000000000
88009  57.033  -25.643  35.809 0.0000000000
88010  56.940  -25.725  36.335 0.0000000000
88011  56.489  -25.573  35.890 0.0000000000
88012  55.976  -25.431  35.874 0.0000000000
88013  56.059  -25.417  35.407 0.0000000000
88014  55.692  -25.173  34.884 0.0000000000
88015  56.146  -25.289  34.856 0.0000000000
88017  56.431  -24.963  33.835 0.0000000000
88018  56.550  -24.771  33.297 0.0000000000
88019  56.205  -24.524  32.918 0.0000000000
88110  43.148  -29.604  37.524 0.0000000000
88111  43.487  -29.278  37.476 0.0000000000
88112  43.595  -29.889  37.664 0.0000000000
88113  44.589  -31.185  38.653 0.0000000000
88114  44.484  -30.511  38.169 0.0000000000
88115  44.923  -30.875  38.546 0.0000000000
88116  45.265  -30.622  38.491 0.0000000000
88117  45.360  -31.179  38.921 0.0000000000
88120  45.313  -32.936  40.712 0.0000000000
88121  46.582  -32.708  40.811 0.0000000000
88122  46.103  -32.512  40.407 0.0000000000
88123  46.458  -32.258  40.255 0.0000000000
88124  46.288  -31.765  39.746 0.0000000000
88125  46.788  -31.998  40.149 0.0000000000
88126  47.146  -31.739  39.995 0.0000000000
88127  47.320  -32.215  40.522 0.0000000000
88128  48.466  -33.063  41.961 0.0000000000
88129  48.307  -32.644  41.338 0.0000000000
88130  48.802  -32.810  41.737 0.0000000000
88131  49.063  -32.488  41.561 0.0000000000
88132  49.262  -32.936  42.223 0.0000000000
88144  49.042  -35.201  45.481 0.0000000000
88146  48.588  -34.967  45.078 0.0000000000
88147  48.153  -34.739  44.725 0.0000000000
88148  48.588  -34.506  44.568 0.0000000000
88149  48.502  -34.081  43.995 0.0000000000
88150  49.020  -34.280  44.468 0.0000000000
88151  50.320  -34.095  44.528 0.0000000000
88152  49.874  -33.935  44.052 0.0000000000
88153  50.246  -33.672  43.844 0.0000000000
88154  50.174  -33.225  43.171 0.0000000000
88155  50.645  -33.392  43.583 0.0000000000
88156  51.038  -33.086  43.258 0.0000000000
88157  51.154  -33.562  43.998 0.0000000000
88158  52.196  -34.033  45.452 0.0000000000
88159  52.139  -33.675  44.811 0.0000000000
88160  52.612  -33.652  45.158 0.0000000000
88161  52.985  -33.173  44.829 0.0000000000
88162  53.124  -33.608  45.485 0.0000000000
88169  54.121  -33.417  46.054 0.0000000000
92427  43.895  -27.422  37.544 0.0000000000
92428  44.016  -28.050  37.446 0.0000000000
92429  44.132  -28.722  37.486 0.0000000000
94396  47.882  -22.700  38.340 0.0000000000
94397  47.950  -22.899  37.770 0.0000000000
94398  47.608  -23.135  37.767 0.0000000000
94399  47.479  -23.665  37.334 0.0000000000
94400  47.454  -24.272  37.013 0.0000000000
94401  49.266  -30.865  40.107 0.0000000000
94402  49.520  -30.686  40.021 0.0000000000
94403  49.813  -30.996  40.450 0.0000000000
94404  50.359  -31.093  40.786 0.0000000000
94405  50.918  -31.177  41.196 0.0000000000
94406  51.448  -31.157  41.571 0.0000000000
94407  51.182  -31.487  41.691 0.0000000000
94408  51.442  -31.829  42.204 0.0000000000
94409  51.685  -32.212  42.726 0.0000000000
97074  54.888  -21.864  31.518 0.0000000000
97075  55.097  -21.469  31.361 0.0000000000
97076  55.269  -22.196  31.429 0.0000000000
97077  55.686  -22.466  31.278 0.0000000000
97083  52.407  -25.845  36.903 0.0000000000
97084  52.491  -25.538  36.500 0.0000000000
97085  52.919  -25.824  37.090 0.0000000000
97086  53.414  -25.783  37.174 0.0000000000
97087  53.926  -25.729  37.280 0.0000000000
98716  45.674  -24.754  38.157 0.0000000000
98717  45.893  -24.977  37.738 0.0000000000
98718  45.699  -25.276  37.761 0.0000000000
98719  45.773  -25.932  37.473 0.0000000000
98720  45.904  -26.618  37.317 0.0000000000
98721  45.815  -28.712  37.803 0.0000000000
98722  46.027  -28.463  37.744 0.0000000000
98723  46.193  -29.144  37.901 0.0000000000
98724  46.591  -29.442  38.180 0.0000000000
98725  46.958  -29.776  38.479 0.0000000000
98726  47.360  -30.041  38.784 0.0000000000
98727  47.149  -30.274  38.846 0.0000000000
98728  47.375  -30.750  39.271 0.0000000000
98729  47.628  -31.177  39.726 0.0000000000
101394  52.861  -19.448  33.420 0.0000000000
101395  53.168  -19.250  33.287 0.0000000000
101396  53.021  -19.725  33.076 0.0000000000
101397  53.215  -19.991  32.762 0.0000000000
101398  53.460  -20.252  32.499 0.0000000000
101399  53.729  -20.510  32.246 0.0000000000
101400  53.424  -20.838  32.357 0.0000000000
101401  53.468  -21.426  32.312 0.0000000000
101402  53.590  -22.026  32.368 0.0000000000
101403  55.398  -28.098  40.978 0.0000000000
101404  55.608  -27.739  40.637 0.0000000000
101405  55.949  -27.890  41.216 0.0000000000
101406  56.516  -27.681  41.314 0.0000000000
101407  57.096  -27.488  41.362 0.0000000000
104630  49.992  -20.440  36.621 0.0000000000
104631  49.744  -20.693  36.777 0.0000000000
104632  49.446  -21.152  36.298 0.0000000000
104633  49.249  -21.677  35.909 0.0000000000
104634  48.671  -24.063  36.003 0.0000000000
104635  48.866  -23.685  35.843 0.0000000000
104636  49.034  -24.359  35.843 0.0000000000
104637  49.451  -24.713  35.833 0.0000000000
104638  49.909  -25.003  35.909 0.0000000000
104639  50.402  -25.283  36.070 0.0000000000
104640  50.225  -25.601  36.255 0.0000000000
104641  50.599  -26.142  36.696 0.0000000000
104642  50.944  -26.652  37.146 0.0000000000
104643  47.176  -26.576  36.961 0.0000000000
104644  47.362  -26.242  36.863 0.0000000000
104645  47.602  -26.981  37.004 0.0000000000
104646  48.033  -27.326  37.137 0.0000000000
104647  48.548  -27.614  37.360 0.0000000000
104648  50.350  -29.499  39.550 0.0000000000
104649  50.011  -29.040  39.009 0.0000000000
104650  50.519  -29.139  39.316 0.0000000000
104651  50.734  -28.814  39.083 0.0000000000
104652  50.928  -28.490  38.819 0.0000000000
104653  51.129  -28.169  38.538 0.0000000000
104654  51.453  -28.572  39.061 0.0000000000
104655  51.978  -28.628  39.335 0.0000000000
104656  52.550  -28.659  39.625 0.0000000000
104657  53.120  -28.672  39.892 0.0000000000
104658  52.861  -28.942  40.234 0.0000000000
104659  53.200  -29.144  40.851 0.0000000000
104660  53.526  -29.309  41.446 0.0000000000
104661  53.438  -30.787  42.965 0.0000000000
104662  53.693  -30.358  42.817 0.0000000000
104663  53.924  -30.636  43.238 0.0000000000
104664  54.404  -30.490  43.528 0.0000000000
104665  54.936  -30.327  43.881 0.0000000000
104666  55.454  -30.157  44.137 0.0000000000
104667  55.164  -30.736  44.353 0.0000000000
104668  55.392  -31.166  44.791 0.0000000000
104669  55.604  -31.562  45.195 0.0000000000
107059  41.407  -29.035  37.642 0.0000000000
107060  41.786  -29.383  37.579 0.0000000000
107061  41.532  -29.663  37.640 0.0000000000
107062  41.629  -30.268  37.690 0.0000000000
107063  41.740  -30.899  37.791 0.0000000000
112664  55.605  -17.529  32.144 0.0000000000
112665  55.700  -17.671  31.745 0.0000000000
112666  55.802  -17.816  31.362 0.0000000000
112668  55.975  -19.507  30.584 0.0000000000
112689  50.254  -21.452  34.490 0.0000000000
112690  50.544  -21.148  34.376 0.0000000000
112691  50.521  -21.843  34.224 0.0000000000
112692  50.818  -22.217  33.985 0.0000000000
112693  51.192  -22.606  33.824 0.0000000000
112694  52.970  -24.637  34.970 0.0000000000
112695  52.605  -24.246  34.508 0.0000000000
112696  53.108  -24.424  34.569 0.0000000000
112697  53.269  -24.148  34.167 0.0000000000
112698  53.483  -23.852  33.786 0.0000000000
112699  53.595  -23.632  33.431 0.0000000000
112700  53.929  -24.106  33.868 0.0000000000
112701  54.428  -24.343  33.895 0.0000000000
112702  54.921  -24.595  33.913 0.0000000000
112703  56.208  -26.413  39.133 0.0000000000
112704  55.826  -26.185  38.605 0.0000000000
112705  56.376  -26.209  38.697 0.0000000000
112706  56.511  -26.078  38.239 0.0000000000
112707  56.650  -25.980  37.752 0.0000000000
112709  57.973  -25.876  36.700 0.0000000000
112710  58.022  -25.817  36.157 0.0000000000
112711  57.547  -25.691  35.677 0.0000000000
112712  57.102  -25.562  35.280 0.0000000000
112770  43.385  -30.853  38.176 0.0000000000
112771  43.721  -30.538  38.000 0.0000000000
112772  43.802  -31.172  38.446 0.0000000000
112773  44.214  -31.451  38.773 0.0000000000
112774  44.684  -31.763  39.148 0.0000000000
112776  45.725  -33.124  41.240 0.0000000000
112777  46.221  -33.294  41.673 0.0000000000
112778  46.658  -33.086  41.410 0.0000000000
112779  47.066  -32.918  41.268 0.0000000000
112780  47.495  -32.703  41.095 0.0000000000
112781  47.552  -33.117  41.716 0.0000000000
112782  48.005  -33.312  42.171 0.0000000000
112783  48.483  -33.430  42.652 0.0000000000
112792  49.489  -35.409  45.838 0.0000000000
112793  49.503  -34.958  45.438 0.0000000000
112794  49.462  -34.518  44.888 0.0000000000
112795  49.909  -34.677  45.305 0.0000000000
112796  50.369  -34.467  45.175 0.0000000000
112797  50.775  -34.235  44.948 0.0000000000
112798  51.213  -33.968  44.684 0.0000000000
112799  51.226  -34.339  45.386 0.0000000000
112800  51.753  -34.362  45.700 0.0000000000
112801  52.275  -34.402  46.046 0.0000000000
115823  45.185  -27.633  37.577 0.0000000000
115824  44.547  -27.522  37.539 0.0000000000
115825  44.929  -27.901  37.538 0.0000000000
115826  45.375  -28.313  37.684 0.0000000000
115827  45.557  -28.978  37.877 0.0000000000
115828  45.708  -29.570  38.113 0.0000000000
115829  45.851  -30.130  38.410 0.0000000000
117905  52.717  -19.203  33.814 0.0000000000
117906  52.597  -19.656  33.586 0.0000000000
117907  52.491  -20.173  33.414 0.0000000000
117908  52.339  -20.727  33.228 0.0000000000
117909  56.577  -28.559  43.091 0.0000000000
117910  56.804  -28.229  42.689 0.0000000000
117911  57.104  -28.464  43.080 0.0000000000
120419  49.033  -21.638  37.322 0.0000000000
120420  48.788  -21.988  37.467 0.0000000000
120421  48.551  -22.497  36.921 0.0000000000
120422  48.442  -23.080  36.530 0.0000000000
120423  48.023  -23.086  37.172 0.0000000000
120424  48.207  -23.403  36.687 0.0000000000
120425  48.407  -23.740  36.283 0.0000000000
120426  48.454  -24.413  36.146 0.0000000000
120427  48.698  -25.085  36.196 0.0000000000
120428  48.992  -25.779  36.374 0.0000000000
120429  48.168  -29.116  38.357 0.0000000000
120430  48.367  -28.826  38.208 0.0000000000
120431  48.563  -29.340  38.713 0.0000000000
120432  49.093  -29.542  39.002 0.0000000000
120433  49.595  -29.697  39.348 0.0000000000
120434  49.724  -30.376  39.885 0.0000000000
120435  49.921  -30.084  39.784 0.0000000000
120436  50.128  -29.795  39.682 0.0000000000
120437  50.652  -29.884  39.976 0.0000000000
120438  51.177  -29.916  40.323 0.0000000000
120439  51.696  -29.928  40.703 0.0000000000
120440  52.232  -29.895  41.040 0.0000000000
120441  52.030  -30.204  41.195 0.0000000000
120442  52.352  -30.434  41.722 0.0000000000
120443  52.667  -30.662  42.197 0.0000000000
120444  51.963  -31.119  41.928 0.0000000000
120445  52.451  -31.031  42.281 0.0000000000
120446  52.960  -30.917  42.631 0.0000000000
120447  53.168  -31.237  43.108 0.0000000000
120448  53.359  -31.612  43.622 0.0000000000
120449  53.568  -32.038  44.170 0.0000000000
126666  54.815  -19.327  31.669 0.0000000000
126667  55.106  -18.998  31.531 0.0000000000
126668  55.020  -19.574  31.400 0.0000000000
126669  55.206  -19.859  31.139 0.0000000000
126670  55.458  -20.180  30.966 0.0000000000
126671  55.279  -21.199  31.180 0.0000000000
126687  50.861  -24.087  34.865 0.0000000000
126688  51.007  -23.807  34.570 0.0000000000
126689  51.328  -24.357  34.938 0.0000000000
126690  51.821  -24.551  35.044 0.0000000000
126691  52.320  -24.712  35.210 0.0000000000
126692  52.583  -25.265  36.087 0.0000000000
126693  52.724  -25.039  35.738 0.0000000000
126694  52.820  -24.811  35.348 0.0000000000
126695  53.354  -24.914  35.472 0.0000000000
126696  53.886  -24.986  35.580 0.0000000000
126697  54.410  -25.113  35.718 0.0000000000
126698  58.437  -26.352  38.982 0.0000000000
126699  58.089  -26.248  38.576 0.0000000000
126700  58.599  -26.261  38.460 0.0000000000
126702  58.746  -26.120  37.408 0.0000000000
130321  46.732  -23.619  38.316 0.0000000000
130322  46.832  -23.863  37.738 0.0000000000
130323  46.593  -24.116  37.745 0.0000000000
130324  46.624  -24.733  37.397 0.0000000000
130325  46.690  -25.403  37.129 0.0000000000
130326  46.168  -25.309  37.421 0.0000000000
130327  46.497  -25.682  37.173 0.0000000000
130328  46.796  -26.092  36.991 0.0000000000
130329  47.005  -26.853  37.059 0.0000000000
130330  47.236  -27.557  37.278 0.0000000000
130331  47.472  -28.202  37.607 0.0000000000
130333  45.792  -26.873  37.439 0.0000000000
130334  46.146  -27.280  37.380 0.0000000000
130335  46.198  -28.206  37.683 0.0000000000
130336  46.355  -27.925  37.552 0.0000000000
130337  46.519  -27.705  37.427 0.0000000000
130338  46.864  -28.090  37.553 0.0000000000
130339  47.251  -28.452  37.721 0.0000000000
130340  47.714  -28.809  38.037 0.0000000000
130341  47.979  -29.349  38.491 0.0000000000
130342  48.232  -29.807  38.905 0.0000000000
130343  48.503  -30.279  39.385 0.0000000000
130344  47.845  -30.279  39.126 0.0000000000
130345  48.298  -30.500  39.422 0.0000000000
130346  48.777  -30.717  39.797 0.0000000000
130347  49.025  -31.105  40.210 0.0000000000
130348  49.357  -31.497  40.704 0.0000000000
130349  49.677  -31.892  41.231 0.0000000000
135972  55.202  -17.760  32.671 0.0000000000
135973  54.949  -18.154  32.380 0.0000000000
135974  54.723  -18.584  32.136 0.0000000000
135978  53.515  -18.993  33.168 0.0000000000
135979  53.805  -18.792  33.045 0.0000000000
135980  54.133  -18.528  32.971 0.0000000000
135981  54.286  -18.707  32.608 0.0000000000
135982  54.459  -18.894  32.217 0.0000000000
135983  54.621  -19.093  31.939 0.0000000000
135984  54.530  -19.661  31.782 0.0000000000
135985  54.452  -20.282  31.683 0.0000000000
135986  54.476  -20.934  31.655 0.0000000000
135987  53.942  -20.899  32.000 0.0000000000
135988  54.232  -21.254  31.815 0.0000000000
135989  54.541  -21.606  31.661 0.0000000000
135990  54.690  -22.228  31.754 0.0000000000
135991  54.869  -22.840  31.918 0.0000000000
135992  55.092  -23.386  32.082 0.0000000000
135993  53.808  -27.138  38.768 0.0000000000
135994  53.983  -26.731  38.556 0.0000000000
135995  54.357  -27.024  39.001 0.0000000000
135996  54.961  -26.937  39.264 0.0000000000
135997  55.503  -26.783  39.390 0.0000000000
135998  55.796  -27.346  40.306 0.0000000000
135999  55.929  -26.992  39.909 0.0000000000
136000  56.046  -26.679  39.534 0.0000000000
136001  56.610  -26.616  39.658 0.0000000000
136002  57.249  -26.556  39.708 0.0000000000
136003  57.807  -26.492  39.613 0.0000000000
136004  57.076  -27.958  42.269 0.0000000000
136005  57.372  -27.661  41.855 0.0000000000
136006  57.661  -27.347  41.417 0.0000000000
136007  58.489  -27.518  41.622 0.0000000000
136008  58.220  -27.237  41.321 0.0000000000
136009  57.932  -27.032  40.940 0.0000000000
136010  58.055  -26.778  40.434 0.0000000000
136011  58.200  -26.609  39.989 0.0000000000
136012  58.333  -26.482  39.524 0.0000000000
136013  58.797  -26.502  39.379 0.0000000000
142631  50.263  -20.570  35.226 0.0000000000
142632  49.927  -20.616  35.970 0.0000000000
142633  49.968  -20.832  35.386 0.0000000000
142634  50.074  -21.088  34.890 0.0000000000
142635  49.996  -21.733  34.651 0.0000000000
142636  50.050  -22.404  34.567 0.0000000000
142637  50.172  -23.101  34.586 0.0000000000
142638  49.014  -21.789  36.685 0.0000000000
142639  49.020  -21.961  36.095 0.0000000000
142640  49.157  -22.272  35.621 0.0000000000
142641  49.020  -23.306  35.664 0.0000000000
142642  49.188  -22.954  35.457 0.0000000000
142643  49.397  -22.618  35.263 0.0000000000
142644  49.663  -22.982  34.987 0.0000000000
142645  49.987  -23.400  34.824 0.0000000000
142646  50.417  -23.728  34.808 0.0000000000
142647  50.730  -24.338  35.159 0.0000000000
142648  51.044  -24.898  35.556 0.0000000000
142649  51.491  -25.347  36.117 0.0000000000
142650  50.904  -25.499  36.247 0.0000000000
142651  51.398  -25.665  36.486 0.0000000000
142652  51.901  -25.787  36.692 0.0000000000
142653  52.279  -26.150  37.211 0.0000000000
142654  52.638  -26.526  37.654 0.0000000000
142655  52.977  -26.895  38.090 0.0000000000
142656  47.012  -24.219  37.366 0.0000000000
142657  47.238  -24.558  37.060 0.0000000000
142658  47.513  -24.934  36.804 0.0000000000
142659  47.528  -25.909  36.773 0.0000000000
142660  47.701  -25.621  36.685 0.0000000000
142661  47.871  -25.343  36.561 0.0000000000
142662  48.296  -25.742  36.505 0.0000000000
142663  48.792  -26.106  36.546 0.0000000000
142664  49.318  -26.399  36.661 0.0000000000
142665  48.597  -28.509  38.041 0.0000000000
142666  48.813  -28.186  37.837 0.0000000000
142667  49.025  -27.886  37.645 0.0000000000
142668  49.728  -28.576  38.471 0.0000000000
142669  49.487  -28.101  37.940 0.0000000000
142670  49.216  -27.566  37.442 0.0000000000
142671  49.421  -27.270  37.263 0.0000000000
142672  49.627  -26.987  37.092 0.0000000000
142673  49.830  -26.679  36.877 0.0000000000
142674  50.301  -26.836  37.106 0.0000000000
142675  50.765  -26.996  37.349 0.0000000000
142676  51.298  -27.144  37.602 0.0000000000
142677  51.383  -27.843  38.262 0.0000000000
142678  51.602  -27.552  38.041 0.0000000000
142679  51.785  -27.190  37.830 0.0000000000
142680  52.275  -27.239  38.081 0.0000000000
142681  52.781  -27.283  38.321 0.0000000000
142682  53.317  -27.213  38.544 0.0000000000
142683  53.686  -27.541  38.992 0.0000000000
142684  54.091  -27.832  39.457 0.0000000000
142685  54.443  -28.065  40.018 0.0000000000
142686  53.677  -28.558  40.156 0.0000000000
142687  54.272  -28.415  40.378 0.0000000000
142688  54.827  -28.261  40.664 0.0000000000
142689  55.189  -28.383  41.369 0.0000000000
142690  55.460  -28.485  42.001 0.0000000000
142691  55.711  -28.575  42.522 0.0000000000
142692  52.771  -29.763  41.398 0.0000000000
142693  53.297  -29.632  41.706 0.0000000000
142694  53.864  -29.458  42.006 0.0000000000
142695  53.928  -29.942  42.674 0.0000000000
142696  54.193  -29.592  42.552 0.0000000000
142697  54.440  -29.265  42.351 0.0000000000
142698  54.977  -29.085  42.629 0.0000000000
142699  55.482  -28.893  42.825 0.0000000000
142700  56.025  -28.662  42.978 0.0000000000
142701  56.311  -28.891  43.412 0.0000000000
142702  56.556  -29.149  43.848 0.0000000000
147538  42.598  -27.918  37.582 0.0000000000
147539  42.972  -28.298  37.463 0.0000000000
147540  42.670  -28.555  37.466 0.0000000000
147541  42.763  -29.192  37.443 0.0000000000
147542  42.860  -29.888  37.604 0.0000000000
147543  42.179  -29.746  37.604 0.0000000000
147544  42.568  -30.134  37.693 0.0000000000
147545  42.997  -30.498  37.924 0.0000000000
147546  43.108  -31.089  38.285 0.0000000000
147547  43.139  -31.690  38.680 0.0000000000
151661  46.695  -23.378  38.904 0.0000000000
151662  46.395  -23.642  38.854 0.0000000000
151663  46.144  -23.912  38.807 0.0000000000
151666  45.882  -24.182  38.762 0.0000000000
151667  45.619  -24.443  38.743 0.0000000000
151668  45.354  -24.703  38.741 0.0000000000
151687  42.938  -26.998  37.978 0.0000000000
151930  42.540  -27.335  37.898 0.0000000000
151931  42.207  -27.610  37.861 0.0000000000
158775  55.374  -18.674  31.335 0.0000000000
158776  55.629  -18.364  31.127 0.0000000000
158777  55.907  -18.015  31.023 0.0000000000
158778  56.050  -18.858  30.650 0.0000000000
158779  56.093  -18.261  30.723 0.0000000000
158780  56.238  -17.699  30.856 0.0000000000
158781  56.528  -17.384  30.650 0.0000000000
158821  51.263  -19.778  34.840 0.0000000000
158822  51.376  -20.090  34.369 0.0000000000
158823  50.834  -20.866  34.250 0.0000000000
158824  51.173  -20.636  34.115 0.0000000000
158825  51.554  -20.423  33.977 0.0000000000
158826  51.773  -20.734  33.667 0.0000000000
158827  52.033  -21.036  33.413 0.0000000000
158828  52.327  -21.369  33.171 0.0000000000
158829  51.184  -23.497  34.318 0.0000000000
158830  51.385  -23.194  34.014 0.0000000000
158831  51.558  -22.911  33.751 0.0000000000
158832  52.258  -23.742  34.050 0.0000000000
158833  51.988  -23.199  33.717 0.0000000000
158834  51.764  -22.630  33.538 0.0000000000
158835  52.049  -22.312  33.364 0.0000000000
158836  52.338  -21.991  33.157 0.0000000000
158837  52.652  -21.641  32.960 0.0000000000
158838  53.010  -21.890  32.786 0.0000000000
158839  53.350  -22.252  32.641 0.0000000000
158840  53.757  -22.641  32.570 0.0000000000
158841  53.848  -23.414  33.137 0.0000000000
158842  54.015  -23.198  32.831 0.0000000000
158843  54.169  -22.986  32.529 0.0000000000
158844  54.603  -23.336  32.477 0.0000000000
158845  55.023  -23.686  32.408 0.0000000000
158846  55.471  -23.863  32.317 0.0000000000
158847  54.148  -26.329  38.187 0.0000000000
158848  54.310  -26.003  37.796 0.0000000000
158849  54.475  -25.769  37.422 0.0000000000
158850  55.394  -26.010  38.052 0.0000000000
158851  54.980  -25.798  37.528 0.0000000000
158852  54.621  -25.592  37.048 0.0000000000
158853  54.696  -25.424  36.600 0.0000000000
158854  54.816  -25.337  36.213 0.0000000000
158855  54.930  -25.248  35.777 0.0000000000
158856  57.670  -26.121  38.168 0.0000000000
158857  57.226  -26.003  37.743 0.0000000000
158858  56.761  -25.879  37.298 0.0000000000
158859  57.439  -25.813  36.750 0.0000000000
158860  56.844  -25.801  36.832 0.0000000000
158861  56.312  -25.734  36.804 0.0000000000
158862  55.870  -25.543  36.304 0.0000000000
158863  55.434  -25.377  35.809 0.0000000000
158864  55.043  -25.153  35.319 0.0000000000
158865  55.199  -25.030  34.858 0.0000000000
158866  55.336  -24.928  34.418 0.0000000000
158867  55.470  -24.783  33.968 0.0000000000
158868  56.292  -25.132  34.352 0.0000000000
158869  55.944  -24.868  33.922 0.0000000000
158870  55.587  -24.621  33.485 0.0000000000
158871  55.720  -24.440  33.005 0.0000000000
158872  55.847  -24.241  32.592 0.0000000000
158982  43.391  -28.615  37.408 0.0000000000
158983  43.837  -29.006  37.485 0.0000000000
158984  44.266  -29.347  37.651 0.0000000000
158985  44.049  -30.218  37.892 0.0000000000
158986  44.392  -29.950  37.871 0.0000000000
158987  44.734  -29.700  37.868 0.0000000000
158988  45.166  -30.073  38.135 0.0000000000
158989  45.547  -30.362  38.439 0.0000000000
158990  45.986  -30.687  38.803 0.0000000000
158993  45.128  -32.023  39.523 0.0000000000
158994  45.702  -32.709  40.545 0.0000000000
158996  45.502  -31.755  39.413 0.0000000000
158997  45.814  -31.476  39.300 0.0000000000
158998  46.128  -31.229  39.245 0.0000000000
158999  46.464  -30.982  39.192 0.0000000000
159000  46.938  -31.231  39.515 0.0000000000
159001  47.407  -31.453  39.865 0.0000000000
159002  47.857  -31.653  40.195 0.0000000000
159003  47.821  -32.463  40.915 0.0000000000
159004  48.101  -32.181  40.784 0.0000000000
159005  48.378  -31.842  40.536 0.0000000000
159006  48.875  -32.039  40.968 0.0000000000
159007  49.394  -32.217  41.417 0.0000000000
159008  49.889  -32.343  41.822 0.0000000000
159025  47.710  -34.537  44.292 0.0000000000
159026  47.664  -34.122  43.708 0.0000000000
159027  48.060  -33.935  43.555 0.0000000000
159028  48.481  -33.757  43.343 0.0000000000
159029  48.916  -33.571  43.139 0.0000000000
159030  49.383  -34.136  44.236 0.0000000000
159031  49.355  -33.741  43.619 0.0000000000
159032  49.342  -33.358  42.934 0.0000000000
159033  49.711  -33.076  42.730 0.0000000000
159034  50.054  -32.768  42.452 0.0000000000
159035  50.353  -32.456  42.240 0.0000000000
159036  50.844  -32.596  42.633 0.0000000000
159037  51.368  -32.680  42.962 0.0000000000
159038  51.827  -32.736  43.346 0.0000000000
159039  51.618  -33.637  44.390 0.0000000000
159040  51.986  -33.220  44.066 0.0000000000
159041  52.339  -32.757  43.778 0.0000000000
159042  52.817  -32.735  44.169 0.0000000000
159043  53.310  -32.645  44.504 0.0000000000
159044  53.793  -32.516  44.821 0.0000000000
159046  52.353  -34.799  46.538 0.0000000000
159047  52.787  -34.436  46.340 0.0000000000
159050  53.217  -34.017  46.098 0.0000000000
159051  53.636  -33.525  45.791 0.0000000000
159052  53.959  -32.978  45.426 0.0000000000
159053  54.321  -32.400  45.148 0.0000000000
159054  54.781  -32.303  45.388 0.0000000000
159055  55.307  -32.221  45.566 0.0000000000
